0 0 144 0 
288 0 432 0 
576 0 720 0 
864 0 112 0 
256 0 400 0 
544 0 688 0 
832 0 976 0 
224 0 368 0 
512 0 656 0 
800 0 944 0 
80 0 336 0 
480 0 624 0 
768 0 912 0 
48 0 192 0 
448 0 592 0 
736 0 880 0 
16 0 160 0 
304 0 560 0 
704 0 848 0 
992 0 128 0 
272 0 416 0 
672 0 816 0 
960 0 96 0 
240 0 384 0 
528 0 784 0 
928 0 64 0 
208 0 352 0 
496 0 640 0 
896 0 32 0 
176 0 320 0 
464 0 608 0 
752 0 63 0 
207 0 351 0 
495 0 639 0 
783 0 927 0 
175 0 319 0 
463 0 607 0 
751 0 895 0 
31 0 287 0 
431 0 575 0 
719 0 863 0 
1007 0 143 0 
399 0 543 0 
687 0 831 0 
975 0 111 0 
255 0 511 0 
655 0 799 0 
943 0 79 0 
223 0 367 0 
623 0 767 0 
911 0 47 0 
191 0 335 0 
479 0 735 0 
879 0 15 0 
159 0 303 0 
447 0 591 0 
847 0 991 0 
127 0 271 0 
415 0 559 0 
703 0 959 0 
95 0 239 0 
383 0 527 0 
671 0 815 0 
126 0 270 0 
414 0 558 0 
702 0 846 0 
990 0 238 0 
382 0 526 0 
670 0 814 0 
958 0 94 0 
350 0 494 0 
638 0 782 0 
926 0 62 0 
206 0 462 0 
606 0 750 0 
894 0 30 0 
174 0 318 0 
574 0 718 0 
862 0 1006 0 
142 0 286 0 
430 0 686 0 
830 0 974 0 
110 0 254 0 
398 0 542 0 
798 0 942 0 
78 0 222 0 
366 0 510 0 
654 0 910 0 
46 0 190 0 
334 0 478 0 
622 0 766 0 
14 0 158 0 
302 0 446 0 
590 0 734 0 
878 0 189 0 
333 0 477 0 
621 0 765 0 
909 0 45 0 
301 0 445 0 
589 0 733 0 
877 0 13 0 
157 0 413 0 
557 0 701 0 
845 0 989 0 
125 0 269 0 
525 0 669 0 
813 0 957 0 
93 0 237 0 
381 0 637 0 
781 0 925 0 
61 0 205 0 
349 0 493 0 
749 0 893 0 
29 0 173 0 
317 0 461 0 
605 0 861 0 
1005 0 141 0 
285 0 429 0 
573 0 717 0 
973 0 109 0 
253 0 397 0 
541 0 685 0 
829 0 77 0 
221 0 365 0 
509 0 653 0 
797 0 941 0 
252 0 396 0 
540 0 684 0 
828 0 972 0 
108 0 364 0 
508 0 652 0 
796 0 940 0 
76 0 220 0 
476 0 620 0 
764 0 908 0 
44 0 188 0 
332 0 588 0 
732 0 876 0 
12 0 156 0 
300 0 444 0 
700 0 844 0 
988 0 124 0 
268 0 412 0 
556 0 812 0 
956 0 92 0 
236 0 380 0 
524 0 668 0 
924 0 60 0 
204 0 348 0 
492 0 636 0 
780 0 28 0 
172 0 316 0 
460 0 604 0 
748 0 892 0 
140 0 284 0 
428 0 572 0 
716 0 860 0 
1004 0 315 0 
459 0 603 0 
747 0 891 0 
27 0 171 0 
427 0 571 0 
715 0 859 0 
1003 0 139 0 
283 0 539 0 
683 0 827 0 
971 0 107 0 
251 0 395 0 
651 0 795 0 
939 0 75 0 
219 0 363 0 
507 0 763 0 
907 0 43 0 
187 0 331 0 
475 0 619 0 
875 0 11 0 
155 0 299 0 
443 0 587 0 
731 0 987 0 
123 0 267 0 
411 0 555 0 
699 0 843 0 
91 0 235 0 
379 0 523 0 
667 0 811 0 
955 0 203 0 
347 0 491 0 
635 0 779 0 
923 0 59 0 
378 0 522 0 
666 0 810 0 
954 0 90 0 
234 0 490 0 
634 0 778 0 
922 0 58 0 
202 0 346 0 
602 0 746 0 
890 0 26 0 
170 0 314 0 
458 0 714 0 
858 0 1002 0 
138 0 282 0 
426 0 570 0 
826 0 970 0 
106 0 250 0 
394 0 538 0 
682 0 938 0 
74 0 218 0 
362 0 506 0 
650 0 794 0 
42 0 186 0 
330 0 474 0 
618 0 762 0 
906 0 154 0 
298 0 442 0 
586 0 730 0 
874 0 10 0 
266 0 410 0 
554 0 698 0 
842 0 986 0 
122 0 441 0 
585 0 729 0 
873 0 9 0 
153 0 297 0 
553 0 697 0 
841 0 985 0 
121 0 265 0 
409 0 665 0 
809 0 953 0 
89 0 233 0 
377 0 521 0 
777 0 921 0 
57 0 201 0 
345 0 489 0 
633 0 889 0 
25 0 169 0 
313 0 457 0 
601 0 745 0 
1001 0 137 0 
281 0 425 0 
569 0 713 0 
857 0 105 0 
249 0 393 0 
537 0 681 0 
825 0 969 0 
217 0 361 0 
505 0 649 0 
793 0 937 0 
73 0 329 0 
473 0 617 0 
761 0 905 0 
41 0 185 0 
504 0 648 0 
792 0 936 0 
72 0 216 0 
360 0 616 0 
760 0 904 0 
40 0 184 0 
328 0 472 0 
728 0 872 0 
8 0 152 0 
296 0 440 0 
584 0 840 0 
984 0 120 0 
264 0 408 0 
552 0 696 0 
952 0 88 0 
232 0 376 0 
520 0 664 0 
808 0 56 0 
200 0 344 0 
488 0 632 0 
776 0 920 0 
168 0 312 0 
456 0 600 0 
744 0 888 0 
24 0 280 0 
424 0 568 0 
712 0 856 0 
1000 0 136 0 
392 0 536 0 
680 0 824 0 
968 0 104 0 
248 0 567 0 
711 0 855 0 
999 0 135 0 
279 0 423 0 
679 0 823 0 
967 0 103 0 
247 0 391 0 
535 0 791 0 
935 0 71 0 
215 0 359 0 
503 0 647 0 
903 0 39 0 
183 0 327 0 
471 0 615 0 
759 0 7 0 
151 0 295 0 
439 0 583 0 
727 0 871 0 
119 0 263 0 
407 0 551 0 
695 0 839 0 
983 0 231 0 
375 0 519 0 
663 0 807 0 
951 0 87 0 
343 0 487 0 
631 0 775 0 
919 0 55 0 
199 0 455 0 
599 0 743 0 
887 0 23 0 
167 0 311 0 
630 0 774 0 
918 0 54 0 
198 0 342 0 
486 0 742 0 
886 0 22 0 
166 0 310 0 
454 0 598 0 
854 0 998 0 
134 0 278 0 
422 0 566 0 
710 0 966 0 
102 0 246 0 
390 0 534 0 
678 0 822 0 
70 0 214 0 
358 0 502 0 
646 0 790 0 
934 0 182 0 
326 0 470 0 
614 0 758 0 
902 0 38 0 
294 0 438 0 
582 0 726 0 
870 0 6 0 
150 0 406 0 
550 0 694 0 
838 0 982 0 
118 0 262 0 
518 0 662 0 
806 0 950 0 
86 0 230 0 
374 0 693 0 
837 0 981 0 
117 0 261 0 
405 0 549 0 
805 0 949 0 
85 0 229 0 
373 0 517 0 
661 0 917 0 
53 0 197 0 
341 0 485 0 
629 0 773 0 
21 0 165 0 
309 0 453 0 
597 0 741 0 
885 0 133 0 
277 0 421 0 
565 0 709 0 
853 0 997 0 
245 0 389 0 
533 0 677 0 
821 0 965 0 
101 0 357 0 
501 0 645 0 
789 0 933 0 
69 0 213 0 
469 0 613 0 
757 0 901 0 
37 0 181 0 
325 0 581 0 
725 0 869 0 
5 0 149 0 
293 0 437 0 
756 0 900 0 
36 0 180 0 
324 0 468 0 
612 0 868 0 
4 0 148 0 
292 0 436 0 
580 0 724 0 
980 0 116 0 
260 0 404 0 
548 0 692 0 
836 0 84 0 
228 0 372 0 
516 0 660 0 
804 0 948 0 
196 0 340 0 
484 0 628 0 
772 0 916 0 
52 0 308 0 
452 0 596 0 
740 0 884 0 
20 0 164 0 
420 0 564 0 
708 0 852 0 
996 0 132 0 
276 0 532 0 
676 0 820 0 
964 0 100 0 
244 0 388 0 
644 0 788 0 
932 0 68 0 
212 0 356 0 
500 0 819 0 
963 0 99 0 
243 0 387 0 
531 0 675 0 
931 0 67 0 
211 0 355 0 
499 0 643 0 
787 0 35 0 
179 0 323 0 
467 0 611 0 
755 0 899 0 
147 0 291 0 
435 0 579 0 
723 0 867 0 
3 0 259 0 
403 0 547 0 
691 0 835 0 
979 0 115 0 
371 0 515 0 
659 0 803 0 
947 0 83 0 
227 0 483 0 
627 0 771 0 
915 0 51 0 
195 0 339 0 
595 0 739 0 
883 0 19 0 
163 0 307 0 
451 0 707 0 
851 0 995 0 
131 0 275 0 
419 0 563 0 
882 0 18 0 
162 0 306 0 
450 0 594 0 
738 0 994 0 
130 0 274 0 
418 0 562 0 
706 0 850 0 
98 0 242 0 
386 0 530 0 
674 0 818 0 
962 0 210 0 
354 0 498 0 
642 0 786 0 
930 0 66 0 
322 0 466 0 
610 0 754 0 
898 0 34 0 
178 0 434 0 
578 0 722 0 
866 0 2 0 
146 0 290 0 
546 0 690 0 
834 0 978 0 
114 0 258 0 
402 0 658 0 
802 0 946 0 
82 0 226 0 
370 0 514 0 
770 0 914 0 
50 0 194 0 
338 0 482 0 
626 0 945 0 
81 0 225 0 
369 0 513 0 
657 0 801 0 
49 0 193 0 
337 0 481 0 
625 0 769 0 
913 0 161 0 
305 0 449 0 
593 0 737 0 
881 0 17 0 
273 0 417 0 
561 0 705 0 
849 0 993 0 
129 0 385 0 
529 0 673 0 
817 0 961 0 
97 0 241 0 
497 0 641 0 
785 0 929 0 
65 0 209 0 
353 0 609 0 
753 0 897 0 
33 0 177 0 
321 0 465 0 
721 0 865 0 
1 0 145 0 
289 0 433 0 
577 0 833 0 
977 0 113 0 
257 0 401 0 
545 0 689 0 
0 0 144 0 
288 0 432 0 
576 0 720 0 
864 0 112 0 
256 0 400 0 
544 0 688 0 
832 0 976 0 
224 0 368 0 
512 0 656 0 
800 0 944 0 
80 0 336 0 
480 0 624 0 
768 0 912 0 
48 0 192 0 
448 0 592 0 
736 0 880 0 
16 0 160 0 
304 0 560 0 
704 0 848 0 
992 0 128 0 
272 0 416 0 
672 0 816 0 
960 0 96 0 
240 0 384 0 
528 0 784 0 
928 0 64 0 
208 0 352 0 
496 0 640 0 
896 0 32 0 
176 0 320 0 
464 0 608 0 
752 0 63 0 
207 0 351 0 
495 0 639 0 
783 0 927 0 
175 0 319 0 
463 0 607 0 
751 0 895 0 
31 0 287 0 
431 0 575 0 
719 0 863 0 
1007 0 143 0 
399 0 543 0 
687 0 831 0 
975 0 111 0 
255 0 511 0 
655 0 799 0 
943 0 79 0 
223 0 367 0 
623 0 767 0 
911 0 47 0 
191 0 335 0 
479 0 735 0 
879 0 15 0 
159 0 303 0 
447 0 591 0 
847 0 991 0 
127 0 271 0 
415 0 559 0 
703 0 959 0 
95 0 239 0 
383 0 527 0 
671 0 815 0 
126 0 270 0 
414 0 558 0 
702 0 846 0 
990 0 238 0 
382 0 526 0 
670 0 814 0 
958 0 94 0 
350 0 494 0 
638 0 782 0 
926 0 62 0 
206 0 462 0 
606 0 750 0 
894 0 30 0 
174 0 318 0 
574 0 718 0 
862 0 1006 0 
142 0 286 0 
430 0 686 0 
830 0 974 0 
110 0 254 0 
398 0 542 0 
798 0 942 0 
78 0 222 0 
366 0 510 0 
654 0 910 0 
46 0 190 0 
334 0 478 0 
622 0 766 0 
14 0 158 0 
302 0 446 0 
590 0 734 0 
878 0 189 0 
333 0 477 0 
621 0 765 0 
909 0 45 0 
301 0 445 0 
589 0 733 0 
877 0 13 0 
157 0 413 0 
557 0 701 0 
845 0 989 0 
125 0 269 0 
525 0 669 0 
813 0 957 0 
93 0 237 0 
381 0 637 0 
781 0 925 0 
61 0 205 0 
349 0 493 0 
749 0 893 0 
29 0 173 0 
317 0 461 0 
605 0 861 0 
1005 0 141 0 
285 0 429 0 
573 0 717 0 
973 0 109 0 
253 0 397 0 
541 0 685 0 
829 0 77 0 
221 0 365 0 
509 0 653 0 
797 0 941 0 
252 0 396 0 
540 0 684 0 
828 0 972 0 
108 0 364 0 
508 0 652 0 
796 0 940 0 
76 0 220 0 
476 0 620 0 
764 0 908 0 
44 0 188 0 
332 0 588 0 
732 0 876 0 
12 0 156 0 
300 0 444 0 
700 0 844 0 
988 0 124 0 
268 0 412 0 
556 0 812 0 
956 0 92 0 
236 0 380 0 
524 0 668 0 
924 0 60 0 
204 0 348 0 
492 0 636 0 
780 0 28 0 
172 0 316 0 
460 0 604 0 
748 0 892 0 
140 0 284 0 
428 0 572 0 
716 0 860 0 
1004 0 315 0 
459 0 603 0 
747 0 891 0 
27 0 171 0 
427 0 571 0 
715 0 859 0 
1003 0 139 0 
283 0 539 0 
683 0 827 0 
971 0 107 0 
251 0 395 0 
651 0 795 0 
939 0 75 0 
219 0 363 0 
507 0 763 0 
907 0 43 0 
187 0 331 0 
475 0 619 0 
875 0 11 0 
155 0 299 0 
443 0 587 0 
731 0 987 0 
123 0 267 0 
411 0 555 0 
699 0 843 0 
91 0 235 0 
379 0 523 0 
667 0 811 0 
955 0 203 0 
347 0 491 0 
635 0 779 0 
923 0 59 0 
378 0 522 0 
666 0 810 0 
954 0 90 0 
234 0 490 0 
634 0 778 0 
922 0 58 0 
202 0 346 0 
602 0 746 0 
890 0 26 0 
170 0 314 0 
458 0 714 0 
858 0 1002 0 
138 0 282 0 
426 0 570 0 
826 0 970 0 
106 0 250 0 
394 0 538 0 
682 0 938 0 
74 0 218 0 
362 0 506 0 
650 0 794 0 
42 0 186 0 
330 0 474 0 
618 0 762 0 
906 0 154 0 
298 0 442 0 
586 0 730 0 
874 0 10 0 
266 0 410 0 
554 0 698 0 
842 0 986 0 
122 0 441 0 
585 0 729 0 
873 0 9 0 
153 0 297 0 
553 0 697 0 
841 0 985 0 
121 0 265 0 
409 0 665 0 
809 0 953 0 
89 0 233 0 
377 0 521 0 
777 0 921 0 
57 0 201 0 
345 0 489 0 
633 0 889 0 
25 0 169 0 
313 0 457 0 
601 0 745 0 
1001 0 137 0 
281 0 425 0 
569 0 713 0 
857 0 105 0 
249 0 393 0 
537 0 681 0 
825 0 969 0 
217 0 361 0 
505 0 649 0 
793 0 937 0 
73 0 329 0 
473 0 617 0 
761 0 905 0 
41 0 185 0 
504 0 648 0 
792 0 936 0 
72 0 216 0 
360 0 616 0 
760 0 904 0 
40 0 184 0 
328 0 472 0 
728 0 872 0 
8 0 152 0 
296 0 440 0 
584 0 840 0 
984 0 120 0 
264 0 408 0 
552 0 696 0 
952 0 88 0 
232 0 376 0 
520 0 664 0 
808 0 56 0 
200 0 344 0 
488 0 632 0 
776 0 920 0 
168 0 312 0 
456 0 600 0 
744 0 888 0 
24 0 280 0 
424 0 568 0 
712 0 856 0 
1000 0 136 0 
392 0 536 0 
680 0 824 0 
968 0 104 0 
248 0 567 0 
711 0 855 0 
999 0 135 0 
279 0 423 0 
679 0 823 0 
967 0 103 0 
247 0 391 0 
535 0 791 0 
935 0 71 0 
215 0 359 0 
503 0 647 0 
903 0 39 0 
183 0 327 0 
471 0 615 0 
759 0 7 0 
151 0 295 0 
439 0 583 0 
727 0 871 0 
119 0 263 0 
407 0 551 0 
695 0 839 0 
983 0 231 0 
375 0 519 0 
663 0 807 0 
951 0 87 0 
343 0 487 0 
631 0 775 0 
919 0 55 0 
199 0 455 0 
599 0 743 0 
887 0 23 0 
167 0 311 0 
630 0 774 0 
918 0 54 0 
198 0 342 0 
486 0 742 0 
886 0 22 0 
166 0 310 0 
454 0 598 0 
854 0 998 0 
134 0 278 0 
422 0 566 0 
710 0 966 0 
102 0 246 0 
390 0 534 0 
678 0 822 0 
70 0 214 0 
358 0 502 0 
646 0 790 0 
934 0 182 0 
326 0 470 0 
614 0 758 0 
902 0 38 0 
294 0 438 0 
582 0 726 0 
870 0 6 0 
150 0 406 0 
550 0 694 0 
838 0 982 0 
118 0 262 0 
518 0 662 0 
806 0 950 0 
86 0 230 0 
374 0 693 0 
837 0 981 0 
117 0 261 0 
405 0 549 0 
805 0 949 0 
85 0 229 0 
373 0 517 0 
661 0 917 0 
53 0 197 0 
341 0 485 0 
629 0 773 0 
21 0 165 0 
309 0 453 0 
597 0 741 0 
885 0 133 0 
277 0 421 0 
565 0 709 0 
853 0 997 0 
245 0 389 0 
533 0 677 0 
821 0 965 0 
101 0 357 0 
501 0 645 0 
789 0 933 0 
69 0 213 0 
469 0 613 0 
757 0 901 0 
37 0 181 0 
325 0 581 0 
725 0 869 0 
5 0 149 0 
293 0 437 0 
756 0 900 0 
36 0 180 0 
324 0 468 0 
612 0 868 0 
4 0 148 0 
292 0 436 0 
580 0 724 0 
980 0 116 0 
260 0 404 0 
548 0 692 0 
836 0 84 0 
228 0 372 0 
516 0 660 0 
804 0 948 0 
196 0 340 0 
484 0 628 0 
772 0 916 0 
52 0 308 0 
452 0 596 0 
740 0 884 0 
20 0 164 0 
420 0 564 0 
708 0 852 0 
996 0 132 0 
276 0 532 0 
676 0 820 0 
964 0 100 0 
244 0 388 0 
644 0 788 0 
932 0 68 0 
212 0 356 0 
500 0 819 0 
963 0 99 0 
243 0 387 0 
531 0 675 0 
931 0 67 0 
211 0 355 0 
499 0 643 0 
787 0 35 0 
179 0 323 0 
467 0 611 0 
755 0 899 0 
147 0 291 0 
435 0 579 0 
723 0 867 0 
3 0 259 0 
403 0 547 0 
691 0 835 0 
979 0 115 0 
371 0 515 0 
659 0 803 0 
947 0 83 0 
227 0 483 0 
627 0 771 0 
915 0 51 0 
195 0 339 0 
595 0 739 0 
883 0 19 0 
163 0 307 0 
451 0 707 0 
851 0 995 0 
131 0 275 0 
419 0 563 0 
882 0 18 0 
162 0 306 0 
450 0 594 0 
738 0 994 0 
130 0 274 0 
418 0 562 0 
706 0 850 0 
98 0 242 0 
386 0 530 0 
674 0 818 0 
962 0 210 0 
354 0 498 0 
642 0 786 0 
930 0 66 0 
322 0 466 0 
610 0 754 0 
898 0 34 0 
178 0 434 0 
578 0 722 0 
866 0 2 0 
146 0 290 0 
546 0 690 0 
834 0 978 0 
114 0 258 0 
402 0 658 0 
802 0 946 0 
82 0 226 0 
370 0 514 0 
770 0 914 0 
50 0 194 0 
338 0 482 0 
626 0 945 0 
81 0 225 0 
369 0 513 0 
657 0 801 0 
49 0 193 0 
337 0 481 0 
625 0 769 0 
913 0 161 0 
305 0 449 0 
593 0 737 0 
881 0 17 0 
273 0 417 0 
561 0 705 0 
849 0 993 0 
129 0 385 0 
529 0 673 0 
817 0 961 0 
97 0 241 0 
497 0 641 0 
785 0 929 0 
65 0 209 0 
353 0 609 0 
753 0 897 0 
33 0 177 0 
321 0 465 0 
721 0 865 0 
1 0 145 0 
289 0 433 0 
577 0 833 0 
977 0 113 0 
257 0 401 0 
545 0 689 0 
0 0 144 0 
288 0 432 0 
576 0 720 0 
864 0 112 0 
256 0 400 0 
544 0 688 0 
832 0 976 0 
224 0 368 0 
512 0 656 0 
800 0 944 0 
80 0 336 0 
480 0 624 0 
768 0 912 0 
48 0 192 0 
448 0 592 0 
736 0 880 0 
16 0 160 0 
304 0 560 0 
704 0 848 0 
992 0 128 0 
272 0 416 0 
672 0 816 0 
960 0 96 0 
240 0 384 0 
528 0 784 0 
928 0 64 0 
208 0 352 0 
496 0 640 0 
896 0 32 0 
176 0 320 0 
464 0 608 0 
752 0 63 0 
207 0 351 0 
495 0 639 0 
783 0 927 0 
175 0 319 0 
463 0 607 0 
751 0 895 0 
31 0 287 0 
431 0 575 0 
719 0 863 0 
1007 0 143 0 
399 0 543 0 
687 0 831 0 
975 0 111 0 
255 0 511 0 
655 0 799 0 
943 0 79 0 
223 0 367 0 
623 0 767 0 
911 0 47 0 
191 0 335 0 
479 0 735 0 
879 0 15 0 
159 0 303 0 
447 0 591 0 
847 0 991 0 
127 0 271 0 
415 0 559 0 
703 0 959 0 
95 0 239 0 
383 0 527 0 
671 0 815 0 
126 0 270 0 
414 0 558 0 
702 0 846 0 
990 0 238 0 
382 0 526 0 
670 0 814 0 
958 0 94 0 
350 0 494 0 
638 0 782 0 
926 0 62 0 
206 0 462 0 
606 0 750 0 
894 0 30 0 
174 0 318 0 
574 0 718 0 
862 0 1006 0 
142 0 286 0 
430 0 686 0 
830 0 974 0 
110 0 254 0 
398 0 542 0 
798 0 942 0 
78 0 222 0 
366 0 510 0 
654 0 910 0 
46 0 190 0 
334 0 478 0 
622 0 766 0 
14 0 158 0 
302 0 446 0 
590 0 734 0 
878 0 189 0 
333 0 477 0 
621 0 765 0 
909 0 45 0 
301 0 445 0 
589 0 733 0 
877 0 13 0 
157 0 413 0 
557 0 701 0 
845 0 989 0 
125 0 269 0 
525 0 669 0 
813 0 957 0 
93 0 237 0 
381 0 637 0 
781 0 925 0 
61 0 205 0 
349 0 493 0 
749 0 893 0 
29 0 173 0 
317 0 461 0 
605 0 861 0 
1005 0 141 0 
285 0 429 0 
573 0 717 0 
973 0 109 0 
253 0 397 0 
541 0 685 0 
829 0 77 0 
221 0 365 0 
509 0 653 0 
797 0 941 0 
252 0 396 0 
540 0 684 0 
828 0 972 0 
108 0 364 0 
508 0 652 0 
796 0 940 0 
76 0 220 0 
476 0 620 0 
764 0 908 0 
44 0 188 0 
332 0 588 0 
732 0 876 0 
12 0 156 0 
300 0 444 0 
700 0 844 0 
988 0 124 0 
268 0 412 0 
556 0 812 0 
956 0 92 0 
236 0 380 0 
524 0 668 0 
924 0 60 0 
204 0 348 0 
492 0 636 0 
780 0 28 0 
172 0 316 0 
460 0 604 0 
748 0 892 0 
140 0 284 0 
428 0 572 0 
716 0 860 0 
1004 0 315 0 
459 0 603 0 
747 0 891 0 
27 0 171 0 
427 0 571 0 
715 0 859 0 
1003 0 139 0 
283 0 539 0 
683 0 827 0 
971 0 107 0 
251 0 395 0 
651 0 795 0 
939 0 75 0 
219 0 363 0 
507 0 763 0 
907 0 43 0 
187 0 331 0 
475 0 619 0 
875 0 11 0 
155 0 299 0 
443 0 587 0 
731 0 987 0 
123 0 267 0 
411 0 555 0 
699 0 843 0 
91 0 235 0 
379 0 523 0 
667 0 811 0 
955 0 203 0 
347 0 491 0 
635 0 779 0 
923 0 59 0 
378 0 522 0 
666 0 810 0 
954 0 90 0 
234 0 490 0 
634 0 778 0 
922 0 58 0 
202 0 346 0 
602 0 746 0 
890 0 26 0 
170 0 314 0 
458 0 714 0 
858 0 1002 0 
138 0 282 0 
426 0 570 0 
826 0 970 0 
106 0 250 0 
394 0 538 0 
682 0 938 0 
74 0 218 0 
362 0 506 0 
650 0 794 0 
42 0 186 0 
330 0 474 0 
618 0 762 0 
906 0 154 0 
298 0 442 0 
586 0 730 0 
874 0 10 0 
266 0 410 0 
554 0 698 0 
842 0 986 0 
122 0 441 0 
585 0 729 0 
873 0 9 0 
153 0 297 0 
553 0 697 0 
841 0 985 0 
121 0 265 0 
409 0 665 0 
809 0 953 0 
89 0 233 0 
377 0 521 0 
777 0 921 0 
57 0 201 0 
345 0 489 0 
633 0 889 0 
25 0 169 0 
313 0 457 0 
601 0 745 0 
1001 0 137 0 
281 0 425 0 
569 0 713 0 
857 0 105 0 
249 0 393 0 
537 0 681 0 
825 0 969 0 
217 0 361 0 
505 0 649 0 
793 0 937 0 
73 0 329 0 
473 0 617 0 
761 0 905 0 
41 0 185 0 
504 0 648 0 
792 0 936 0 
72 0 216 0 
360 0 616 0 
760 0 904 0 
40 0 184 0 
328 0 472 0 
728 0 872 0 
8 0 152 0 
296 0 440 0 
584 0 840 0 
984 0 120 0 
264 0 408 0 
552 0 696 0 
952 0 88 0 
232 0 376 0 
520 0 664 0 
808 0 56 0 
200 0 344 0 
488 0 632 0 
776 0 920 0 
168 0 312 0 
456 0 600 0 
744 0 888 0 
24 0 280 0 
424 0 568 0 
712 0 856 0 
1000 0 136 0 
392 0 536 0 
680 0 824 0 
968 0 104 0 
248 0 567 0 
711 0 855 0 
999 0 135 0 
279 0 423 0 
679 0 823 0 
967 0 103 0 
247 0 391 0 
535 0 791 0 
935 0 71 0 
215 0 359 0 
503 0 647 0 
903 0 39 0 
183 0 327 0 
471 0 615 0 
759 0 7 0 
151 0 295 0 
439 0 583 0 
727 0 871 0 
119 0 263 0 
407 0 551 0 
695 0 839 0 
983 0 231 0 
375 0 519 0 
663 0 807 0 
951 0 87 0 
343 0 487 0 
631 0 775 0 
919 0 55 0 
199 0 455 0 
599 0 743 0 
887 0 23 0 
167 0 311 0 
630 0 774 0 
918 0 54 0 
198 0 342 0 
486 0 742 0 
886 0 22 0 
166 0 310 0 
454 0 598 0 
854 0 998 0 
134 0 278 0 
422 0 566 0 
710 0 966 0 
102 0 246 0 
390 0 534 0 
678 0 822 0 
70 0 214 0 
358 0 502 0 
646 0 790 0 
934 0 182 0 
326 0 470 0 
614 0 758 0 
902 0 38 0 
294 0 438 0 
582 0 726 0 
870 0 6 0 
150 0 406 0 
550 0 694 0 
838 0 982 0 
118 0 262 0 
518 0 662 0 
806 0 950 0 
86 0 230 0 
374 0 693 0 
837 0 981 0 
117 0 261 0 
405 0 549 0 
805 0 949 0 
85 0 229 0 
373 0 517 0 
661 0 917 0 
53 0 197 0 
341 0 485 0 
629 0 773 0 
21 0 165 0 
309 0 453 0 
597 0 741 0 
885 0 133 0 
277 0 421 0 
565 0 709 0 
853 0 997 0 
245 0 389 0 
533 0 677 0 
821 0 965 0 
101 0 357 0 
501 0 645 0 
789 0 933 0 
69 0 213 0 
469 0 613 0 
757 0 901 0 
37 0 181 0 
325 0 581 0 
725 0 869 0 
5 0 149 0 
293 0 437 0 
756 0 900 0 
36 0 180 0 
324 0 468 0 
612 0 868 0 
4 0 148 0 
292 0 436 0 
580 0 724 0 
980 0 116 0 
260 0 404 0 
548 0 692 0 
836 0 84 0 
228 0 372 0 
516 0 660 0 
804 0 948 0 
196 0 340 0 
484 0 628 0 
772 0 916 0 
52 0 308 0 
452 0 596 0 
740 0 884 0 
20 0 164 0 
420 0 564 0 
708 0 852 0 
996 0 132 0 
276 0 532 0 
676 0 820 0 
964 0 100 0 
244 0 388 0 
644 0 788 0 
932 0 68 0 
212 0 356 0 
500 0 819 0 
963 0 99 0 
243 0 387 0 
531 0 675 0 
931 0 67 0 
211 0 355 0 
499 0 643 0 
787 0 35 0 
179 0 323 0 
467 0 611 0 
755 0 899 0 
147 0 291 0 
435 0 579 0 
723 0 867 0 
3 0 259 0 
403 0 547 0 
691 0 835 0 
979 0 115 0 
371 0 515 0 
659 0 803 0 
947 0 83 0 
227 0 483 0 
627 0 771 0 
915 0 51 0 
195 0 339 0 
595 0 739 0 
883 0 19 0 
163 0 307 0 
451 0 707 0 
851 0 995 0 
131 0 275 0 
419 0 563 0 
882 0 18 0 
162 0 306 0 
450 0 594 0 
738 0 994 0 
130 0 274 0 
418 0 562 0 
706 0 850 0 
98 0 242 0 
386 0 530 0 
674 0 818 0 
962 0 210 0 
354 0 498 0 
642 0 786 0 
930 0 66 0 
322 0 466 0 
610 0 754 0 
898 0 34 0 
178 0 434 0 
578 0 722 0 
866 0 2 0 
146 0 290 0 
546 0 690 0 
834 0 978 0 
114 0 258 0 
402 0 658 0 
802 0 946 0 
82 0 226 0 
370 0 514 0 
770 0 914 0 
50 0 194 0 
338 0 482 0 
626 0 945 0 
81 0 225 0 
369 0 513 0 
657 0 801 0 
49 0 193 0 
337 0 481 0 
625 0 769 0 
913 0 161 0 
305 0 449 0 
593 0 737 0 
881 0 17 0 
273 0 417 0 
561 0 705 0 
849 0 993 0 
129 0 385 0 
529 0 673 0 
817 0 961 0 
97 0 241 0 
497 0 641 0 
785 0 929 0 
65 0 209 0 
353 0 609 0 
753 0 897 0 
33 0 177 0 
321 0 465 0 
721 0 865 0 
1 0 145 0 
289 0 433 0 
577 0 833 0 
977 0 113 0 
257 0 401 0 
545 0 689 0 
0 0 144 0 
288 0 432 0 
576 0 720 0 
864 0 112 0 
256 0 400 0 
544 0 688 0 
832 0 976 0 
224 0 368 0 
512 0 656 0 
800 0 944 0 
80 0 336 0 
480 0 624 0 
768 0 912 0 
48 0 192 0 
448 0 592 0 
736 0 880 0 
16 0 160 0 
304 0 560 0 
704 0 848 0 
992 0 128 0 
272 0 416 0 
672 0 816 0 
960 0 96 0 
240 0 384 0 
528 0 784 0 
928 0 64 0 
208 0 352 0 
496 0 640 0 
896 0 32 0 
176 0 320 0 
464 0 608 0 
752 0 63 0 
207 0 351 0 
495 0 639 0 
783 0 927 0 
175 0 319 0 
463 0 607 0 
751 0 895 0 
31 0 287 0 
431 0 575 0 
719 0 863 0 
1007 0 143 0 
399 0 543 0 
687 0 831 0 
975 0 111 0 
255 0 511 0 
655 0 799 0 
943 0 79 0 
223 0 367 0 
623 0 767 0 
911 0 47 0 
191 0 335 0 
479 0 735 0 
879 0 15 0 
159 0 303 0 
447 0 591 0 
847 0 991 0 
127 0 271 0 
415 0 559 0 
703 0 959 0 
95 0 239 0 
383 0 527 0 
671 0 815 0 
126 0 270 0 
414 0 558 0 
702 0 846 0 
990 0 238 0 
382 0 526 0 
670 0 814 0 
958 0 94 0 
350 0 494 0 
638 0 782 0 
926 0 62 0 
206 0 462 0 
606 0 750 0 
894 0 30 0 
174 0 318 0 
574 0 718 0 
862 0 1006 0 
142 0 286 0 
430 0 686 0 
830 0 974 0 
110 0 254 0 
398 0 542 0 
798 0 942 0 
78 0 222 0 
366 0 510 0 
654 0 910 0 
46 0 190 0 
334 0 478 0 
622 0 766 0 
14 0 158 0 
302 0 446 0 
590 0 734 0 
878 0 189 0 
333 0 477 0 
621 0 765 0 
909 0 45 0 
301 0 445 0 
589 0 733 0 
877 0 13 0 
157 0 413 0 
557 0 701 0 
845 0 989 0 
125 0 269 0 
525 0 669 0 
813 0 957 0 
93 0 237 0 
381 0 637 0 
781 0 925 0 
61 0 205 0 
349 0 493 0 
749 0 893 0 
29 0 173 0 
317 0 461 0 
605 0 861 0 
1005 0 141 0 
285 0 429 0 
573 0 717 0 
973 0 109 0 
253 0 397 0 
541 0 685 0 
829 0 77 0 
221 0 365 0 
509 0 653 0 
797 0 941 0 
252 0 396 0 
540 0 684 0 
828 0 972 0 
108 0 364 0 
508 0 652 0 
796 0 940 0 
76 0 220 0 
476 0 620 0 
764 0 908 0 
44 0 188 0 
332 0 588 0 
732 0 876 0 
12 0 156 0 
300 0 444 0 
700 0 844 0 
988 0 124 0 
268 0 412 0 
556 0 812 0 
956 0 92 0 
236 0 380 0 
524 0 668 0 
924 0 60 0 
204 0 348 0 
492 0 636 0 
780 0 28 0 
172 0 316 0 
460 0 604 0 
748 0 892 0 
140 0 284 0 
428 0 572 0 
716 0 860 0 
1004 0 315 0 
459 0 603 0 
747 0 891 0 
27 0 171 0 
427 0 571 0 
715 0 859 0 
1003 0 139 0 
283 0 539 0 
683 0 827 0 
971 0 107 0 
251 0 395 0 
651 0 795 0 
939 0 75 0 
219 0 363 0 
507 0 763 0 
907 0 43 0 
187 0 331 0 
475 0 619 0 
875 0 11 0 
155 0 299 0 
443 0 587 0 
731 0 987 0 
123 0 267 0 
411 0 555 0 
699 0 843 0 
91 0 235 0 
379 0 523 0 
667 0 811 0 
955 0 203 0 
347 0 491 0 
635 0 779 0 
923 0 59 0 
378 0 522 0 
666 0 810 0 
954 0 90 0 
234 0 490 0 
634 0 778 0 
922 0 58 0 
202 0 346 0 
602 0 746 0 
890 0 26 0 
170 0 314 0 
458 0 714 0 
858 0 1002 0 
138 0 282 0 
426 0 570 0 
826 0 970 0 
106 0 250 0 
394 0 538 0 
682 0 938 0 
74 0 218 0 
362 0 506 0 
650 0 794 0 
42 0 186 0 
330 0 474 0 
618 0 762 0 
906 0 154 0 
298 0 442 0 
586 0 730 0 
874 0 10 0 
266 0 410 0 
554 0 698 0 
842 0 986 0 
122 0 441 0 
585 0 729 0 
873 0 9 0 
153 0 297 0 
553 0 697 0 
841 0 985 0 
121 0 265 0 
409 0 665 0 
809 0 953 0 
89 0 233 0 
377 0 521 0 
777 0 921 0 
57 0 201 0 
345 0 489 0 
633 0 889 0 
25 0 169 0 
313 0 457 0 
601 0 745 0 
1001 0 137 0 
281 0 425 0 
569 0 713 0 
857 0 105 0 
249 0 393 0 
537 0 681 0 
825 0 969 0 
217 0 361 0 
505 0 649 0 
793 0 937 0 
73 0 329 0 
473 0 617 0 
761 0 905 0 
41 0 185 0 
504 0 648 0 
792 0 936 0 
72 0 216 0 
360 0 616 0 
760 0 904 0 
40 0 184 0 
328 0 472 0 
728 0 872 0 
8 0 152 0 
296 0 440 0 
584 0 840 0 
984 0 120 0 
264 0 408 0 
552 0 696 0 
952 0 88 0 
232 0 376 0 
520 0 664 0 
808 0 56 0 
200 0 344 0 
488 0 632 0 
776 0 920 0 
168 0 312 0 
456 0 600 0 
744 0 888 0 
24 0 280 0 
424 0 568 0 
712 0 856 0 
1000 0 136 0 
392 0 536 0 
680 0 824 0 
968 0 104 0 
248 0 567 0 
711 0 855 0 
999 0 135 0 
279 0 423 0 
679 0 823 0 
967 0 103 0 
247 0 391 0 
535 0 791 0 
935 0 71 0 
215 0 359 0 
503 0 647 0 
903 0 39 0 
183 0 327 0 
471 0 615 0 
759 0 7 0 
151 0 295 0 
439 0 583 0 
727 0 871 0 
119 0 263 0 
407 0 551 0 
695 0 839 0 
983 0 231 0 
375 0 519 0 
663 0 807 0 
951 0 87 0 
343 0 487 0 
631 0 775 0 
919 0 55 0 
199 0 455 0 
599 0 743 0 
887 0 23 0 
167 0 311 0 
630 0 774 0 
918 0 54 0 
198 0 342 0 
486 0 742 0 
886 0 22 0 
166 0 310 0 
454 0 598 0 
854 0 998 0 
134 0 278 0 
422 0 566 0 
710 0 966 0 
102 0 246 0 
390 0 534 0 
678 0 822 0 
70 0 214 0 
358 0 502 0 
646 0 790 0 
934 0 182 0 
326 0 470 0 
614 0 758 0 
902 0 38 0 
294 0 438 0 
582 0 726 0 
870 0 6 0 
150 0 406 0 
550 0 694 0 
838 0 982 0 
118 0 262 0 
518 0 662 0 
806 0 950 0 
86 0 230 0 
374 0 693 0 
837 0 981 0 
117 0 261 0 
405 0 549 0 
805 0 949 0 
85 0 229 0 
373 0 517 0 
661 0 917 0 
53 0 197 0 
341 0 485 0 
629 0 773 0 
21 0 165 0 
309 0 453 0 
597 0 741 0 
885 0 133 0 
277 0 421 0 
565 0 709 0 
853 0 997 0 
245 0 389 0 
533 0 677 0 
821 0 965 0 
101 0 357 0 
501 0 645 0 
789 0 933 0 
69 0 213 0 
469 0 613 0 
757 0 901 0 
37 0 181 0 
325 0 581 0 
725 0 869 0 
5 0 149 0 
293 0 437 0 
756 0 900 0 
36 0 180 0 
324 0 468 0 
612 0 868 0 
4 0 148 0 
292 0 436 0 
580 0 724 0 
980 0 116 0 
260 0 404 0 
548 0 692 0 
836 0 84 0 
228 0 372 0 
516 0 660 0 
804 0 948 0 
196 0 340 0 
484 0 628 0 
772 0 916 0 
52 0 308 0 
452 0 596 0 
740 0 884 0 
20 0 164 0 
420 0 564 0 
708 0 852 0 
996 0 132 0 
276 0 532 0 
676 0 820 0 
964 0 100 0 
244 0 388 0 
644 0 788 0 
932 0 68 0 
212 0 356 0 
500 0 819 0 
963 0 99 0 
243 0 387 0 
531 0 675 0 
931 0 67 0 
211 0 355 0 
499 0 643 0 
787 0 35 0 
179 0 323 0 
467 0 611 0 
755 0 899 0 
147 0 291 0 
435 0 579 0 
723 0 867 0 
3 0 259 0 
403 0 547 0 
691 0 835 0 
979 0 115 0 
371 0 515 0 
659 0 803 0 
947 0 83 0 
227 0 483 0 
627 0 771 0 
915 0 51 0 
195 0 339 0 
595 0 739 0 
883 0 19 0 
163 0 307 0 
451 0 707 0 
851 0 995 0 
131 0 275 0 
419 0 563 0 
882 0 18 0 
162 0 306 0 
450 0 594 0 
738 0 994 0 
130 0 274 0 
418 0 562 0 
706 0 850 0 
98 0 242 0 
386 0 530 0 
674 0 818 0 
962 0 210 0 
354 0 498 0 
642 0 786 0 
930 0 66 0 
322 0 466 0 
610 0 754 0 
898 0 34 0 
178 0 434 0 
578 0 722 0 
866 0 2 0 
146 0 290 0 
546 0 690 0 
834 0 978 0 
114 0 258 0 
402 0 658 0 
802 0 946 0 
82 0 226 0 
370 0 514 0 
770 0 914 0 
50 0 194 0 
338 0 482 0 
626 0 945 0 
81 0 225 0 
369 0 513 0 
657 0 801 0 
49 0 193 0 
337 0 481 0 
625 0 769 0 
913 0 161 0 
305 0 449 0 
593 0 737 0 
881 0 17 0 
273 0 417 0 
561 0 705 0 
849 0 993 0 
129 0 385 0 
529 0 673 0 
817 0 961 0 
97 0 241 0 
497 0 641 0 
785 0 929 0 
65 0 209 0 
353 0 609 0 
753 0 897 0 
33 0 177 0 
321 0 465 0 
721 0 865 0 
1 0 145 0 
289 0 433 0 
577 0 833 0 
977 0 113 0 
257 0 401 0 
545 0 689 0 
0 0 144 0 
288 0 432 0 
576 0 720 0 
864 0 112 0 
256 0 400 0 
544 0 688 0 
832 0 976 0 
224 0 368 0 
512 0 656 0 
800 0 944 0 
80 0 336 0 
480 0 624 0 
768 0 912 0 
48 0 192 0 
448 0 592 0 
736 0 880 0 
16 0 160 0 
304 0 560 0 
704 0 848 0 
992 0 128 0 
272 0 416 0 
672 0 816 0 
960 0 96 0 
240 0 384 0 
528 0 784 0 
928 0 64 0 
208 0 352 0 
496 0 640 0 
896 0 32 0 
176 0 320 0 
464 0 608 0 
752 0 63 0 
207 0 351 0 
495 0 639 0 
783 0 927 0 
175 0 319 0 
463 0 607 0 
751 0 895 0 
31 0 287 0 
431 0 575 0 
719 0 863 0 
1007 0 143 0 
399 0 543 0 
687 0 831 0 
975 0 111 0 
255 0 511 0 
655 0 799 0 
943 0 79 0 
223 0 367 0 
623 0 767 0 
911 0 47 0 
191 0 335 0 
479 0 735 0 
879 0 15 0 
159 0 303 0 
447 0 591 0 
847 0 991 0 
127 0 271 0 
415 0 559 0 
703 0 959 0 
95 0 239 0 
383 0 527 0 
671 0 815 0 
126 0 270 0 
414 0 558 0 
702 0 846 0 
990 0 238 0 
382 0 526 0 
670 0 814 0 
958 0 94 0 
350 0 494 0 
638 0 782 0 
926 0 62 0 
206 0 462 0 
606 0 750 0 
894 0 30 0 
174 0 318 0 
574 0 718 0 
862 0 1006 0 
142 0 286 0 
430 0 686 0 
830 0 974 0 
110 0 254 0 
398 0 542 0 
798 0 942 0 
78 0 222 0 
366 0 510 0 
654 0 910 0 
46 0 190 0 
334 0 478 0 
622 0 766 0 
14 0 158 0 
302 0 446 0 
590 0 734 0 
878 0 189 0 
333 0 477 0 
621 0 765 0 
909 0 45 0 
301 0 445 0 
589 0 733 0 
877 0 13 0 
157 0 413 0 
557 0 701 0 
845 0 989 0 
125 0 269 0 
525 0 669 0 
813 0 957 0 
93 0 237 0 
381 0 637 0 
781 0 925 0 
61 0 205 0 
349 0 493 0 
749 0 893 0 
29 0 173 0 
317 0 461 0 
605 0 861 0 
1005 0 141 0 
285 0 429 0 
573 0 717 0 
973 0 109 0 
253 0 397 0 
541 0 685 0 
829 0 77 0 
221 0 365 0 
509 0 653 0 
797 0 941 0 
252 0 396 0 
540 0 684 0 
828 0 972 0 
108 0 364 0 
508 0 652 0 
796 0 940 0 
76 0 220 0 
476 0 620 0 
764 0 908 0 
44 0 188 0 
332 0 588 0 
732 0 876 0 
12 0 156 0 
300 0 444 0 
700 0 844 0 
988 0 124 0 
268 0 412 0 
556 0 812 0 
956 0 92 0 
236 0 380 0 
524 0 668 0 
924 0 60 0 
204 0 348 0 
492 0 636 0 
780 0 28 0 
172 0 316 0 
460 0 604 0 
748 0 892 0 
140 0 284 0 
428 0 572 0 
716 0 860 0 
1004 0 315 0 
459 0 603 0 
747 0 891 0 
27 0 171 0 
427 0 571 0 
715 0 859 0 
1003 0 139 0 
283 0 539 0 
683 0 827 0 
971 0 107 0 
251 0 395 0 
651 0 795 0 
939 0 75 0 
219 0 363 0 
507 0 763 0 
907 0 43 0 
187 0 331 0 
475 0 619 0 
875 0 11 0 
155 0 299 0 
443 0 587 0 
731 0 987 0 
123 0 267 0 
411 0 555 0 
699 0 843 0 
91 0 235 0 
379 0 523 0 
667 0 811 0 
955 0 203 0 
347 0 491 0 
635 0 779 0 
923 0 59 0 
378 0 522 0 
666 0 810 0 
954 0 90 0 
234 0 490 0 
634 0 778 0 
922 0 58 0 
202 0 346 0 
602 0 746 0 
890 0 26 0 
170 0 314 0 
458 0 714 0 
858 0 1002 0 
138 0 282 0 
426 0 570 0 
826 0 970 0 
106 0 250 0 
394 0 538 0 
682 0 938 0 
74 0 218 0 
362 0 506 0 
650 0 794 0 
42 0 186 0 
330 0 474 0 
618 0 762 0 
906 0 154 0 
298 0 442 0 
586 0 730 0 
874 0 10 0 
266 0 410 0 
554 0 698 0 
842 0 986 0 
122 0 441 0 
585 0 729 0 
873 0 9 0 
153 0 297 0 
553 0 697 0 
841 0 985 0 
121 0 265 0 
409 0 665 0 
809 0 953 0 
89 0 233 0 
377 0 521 0 
777 0 921 0 
57 0 201 0 
345 0 489 0 
633 0 889 0 
25 0 169 0 
313 0 457 0 
601 0 745 0 
1001 0 137 0 
281 0 425 0 
569 0 713 0 
857 0 105 0 
249 0 393 0 
537 0 681 0 
825 0 969 0 
217 0 361 0 
505 0 649 0 
793 0 937 0 
73 0 329 0 
473 0 617 0 
761 0 905 0 
41 0 185 0 
504 0 648 0 
792 0 936 0 
72 0 216 0 
360 0 616 0 
760 0 904 0 
40 0 184 0 
328 0 472 0 
728 0 872 0 
8 0 152 0 
296 0 440 0 
584 0 840 0 
984 0 120 0 
264 0 408 0 
552 0 696 0 
952 0 88 0 
232 0 376 0 
520 0 664 0 
808 0 56 0 
200 0 344 0 
488 0 632 0 
776 0 920 0 
168 0 312 0 
456 0 600 0 
744 0 888 0 
24 0 280 0 
424 0 568 0 
712 0 856 0 
1000 0 136 0 
392 0 536 0 
680 0 824 0 
968 0 104 0 
248 0 567 0 
711 0 855 0 
999 0 135 0 
279 0 423 0 
679 0 823 0 
967 0 103 0 
247 0 391 0 
535 0 791 0 
935 0 71 0 
215 0 359 0 
503 0 647 0 
903 0 39 0 
183 0 327 0 
471 0 615 0 
759 0 7 0 
151 0 295 0 
439 0 583 0 
727 0 871 0 
119 0 263 0 
407 0 551 0 
695 0 839 0 
983 0 231 0 
375 0 519 0 
663 0 807 0 
951 0 87 0 
343 0 487 0 
631 0 775 0 
919 0 55 0 
199 0 455 0 
599 0 743 0 
887 0 23 0 
167 0 311 0 
630 0 774 0 
918 0 54 0 
198 0 342 0 
486 0 742 0 
886 0 22 0 
166 0 310 0 
454 0 598 0 
854 0 998 0 
134 0 278 0 
422 0 566 0 
710 0 966 0 
102 0 246 0 
390 0 534 0 
678 0 822 0 
70 0 214 0 
358 0 502 0 
646 0 790 0 
934 0 182 0 
326 0 470 0 
614 0 758 0 
902 0 38 0 
294 0 438 0 
582 0 726 0 
870 0 6 0 
150 0 406 0 
550 0 694 0 
838 0 982 0 
118 0 262 0 
518 0 662 0 
806 0 950 0 
86 0 230 0 
374 0 693 0 
837 0 981 0 
117 0 261 0 
405 0 549 0 
805 0 949 0 
85 0 229 0 
373 0 517 0 
661 0 917 0 
53 0 197 0 
341 0 485 0 
629 0 773 0 
21 0 165 0 
309 0 453 0 
597 0 741 0 
885 0 133 0 
277 0 421 0 
565 0 709 0 
853 0 997 0 
245 0 389 0 
533 0 677 0 
821 0 965 0 
101 0 357 0 
501 0 645 0 
789 0 933 0 
69 0 213 0 
469 0 613 0 
757 0 901 0 
37 0 181 0 
325 0 581 0 
725 0 869 0 
5 0 149 0 
293 0 437 0 
756 0 900 0 
36 0 180 0 
324 0 468 0 
612 0 868 0 
4 0 148 0 
292 0 436 0 
580 0 724 0 
980 0 116 0 
260 0 404 0 
548 0 692 0 
836 0 84 0 
228 0 372 0 
516 0 660 0 
804 0 948 0 
196 0 340 0 
484 0 628 0 
772 0 916 0 
52 0 308 0 
452 0 596 0 
740 0 884 0 
20 0 164 0 
420 0 564 0 
708 0 852 0 
996 0 132 0 
276 0 532 0 
676 0 820 0 
964 0 100 0 
244 0 388 0 
644 0 788 0 
932 0 68 0 
212 0 356 0 
500 0 819 0 
963 0 99 0 
243 0 387 0 
531 0 675 0 
931 0 67 0 
211 0 355 0 
499 0 643 0 
787 0 35 0 
179 0 323 0 
467 0 611 0 
755 0 899 0 
147 0 291 0 
435 0 579 0 
723 0 867 0 
3 0 259 0 
403 0 547 0 
691 0 835 0 
979 0 115 0 
371 0 515 0 
659 0 803 0 
947 0 83 0 
227 0 483 0 
627 0 771 0 
915 0 51 0 
195 0 339 0 
595 0 739 0 
883 0 19 0 
163 0 307 0 
451 0 707 0 
851 0 995 0 
131 0 275 0 
419 0 563 0 
882 0 18 0 
162 0 306 0 
450 0 594 0 
738 0 994 0 
130 0 274 0 
418 0 562 0 
706 0 850 0 
98 0 242 0 
386 0 530 0 
674 0 818 0 
962 0 210 0 
354 0 498 0 
642 0 786 0 
930 0 66 0 
322 0 466 0 
610 0 754 0 
898 0 34 0 
178 0 434 0 
578 0 722 0 
866 0 2 0 
146 0 290 0 
546 0 690 0 
834 0 978 0 
114 0 258 0 
402 0 658 0 
802 0 946 0 
82 0 226 0 
370 0 514 0 
770 0 914 0 
50 0 194 0 
338 0 482 0 
626 0 945 0 
81 0 225 0 
369 0 513 0 
657 0 801 0 
49 0 193 0 
337 0 481 0 
625 0 769 0 
913 0 161 0 
305 0 449 0 
593 0 737 0 
881 0 17 0 
273 0 417 0 
561 0 705 0 
849 0 993 0 
129 0 385 0 
529 0 673 0 
817 0 961 0 
97 0 241 0 
497 0 641 0 
785 0 929 0 
65 0 209 0 
353 0 609 0 
753 0 897 0 
33 0 177 0 
321 0 465 0 
721 0 865 0 
1 0 145 0 
289 0 433 0 
577 0 833 0 
977 0 113 0 
257 0 401 0 
545 0 689 0 
0 0 144 0 
288 0 432 0 
576 0 720 0 
864 0 112 0 
256 0 400 0 
544 0 688 0 
832 0 976 0 
224 0 368 0 
512 0 656 0 
800 0 944 0 
80 0 336 0 
480 0 624 0 
768 0 912 0 
48 0 192 0 
448 0 592 0 
736 0 880 0 
16 0 160 0 
304 0 560 0 
704 0 848 0 
992 0 128 0 
272 0 416 0 
672 0 816 0 
960 0 96 0 
240 0 384 0 
528 0 784 0 
928 0 64 0 
208 0 352 0 
496 0 640 0 
896 0 32 0 
176 0 320 0 
464 0 608 0 
752 0 63 0 
207 0 351 0 
495 0 639 0 
783 0 927 0 
175 0 319 0 
463 0 607 0 
751 0 895 0 
31 0 287 0 
431 0 575 0 
719 0 863 0 
1007 0 143 0 
399 0 543 0 
687 0 831 0 
975 0 111 0 
255 0 511 0 
655 0 799 0 
943 0 79 0 
223 0 367 0 
623 0 767 0 
911 0 47 0 
191 0 335 0 
479 0 735 0 
879 0 15 0 
159 0 303 0 
447 0 591 0 
847 0 991 0 
127 0 271 0 
415 0 559 0 
703 0 959 0 
95 0 239 0 
383 0 527 0 
671 0 815 0 
126 0 270 0 
414 0 558 0 
702 0 846 0 
990 0 238 0 
382 0 526 0 
670 0 814 0 
958 0 94 0 
350 0 494 0 
638 0 782 0 
926 0 62 0 
206 0 462 0 
606 0 750 0 
894 0 30 0 
174 0 318 0 
574 0 718 0 
862 0 1006 0 
142 0 286 0 
430 0 686 0 
830 0 974 0 
110 0 254 0 
398 0 542 0 
798 0 942 0 
78 0 222 0 
366 0 510 0 
654 0 910 0 
46 0 190 0 
334 0 478 0 
622 0 766 0 
14 0 158 0 
302 0 446 0 
590 0 734 0 
878 0 189 0 
333 0 477 0 
621 0 765 0 
909 0 45 0 
301 0 445 0 
589 0 733 0 
877 0 13 0 
157 0 413 0 
557 0 701 0 
845 0 989 0 
125 0 269 0 
525 0 669 0 
813 0 957 0 
93 0 237 0 
381 0 637 0 
781 0 925 0 
61 0 205 0 
349 0 493 0 
749 0 893 0 
29 0 173 0 
317 0 461 0 
605 0 861 0 
1005 0 141 0 
285 0 429 0 
573 0 717 0 
973 0 109 0 
253 0 397 0 
541 0 685 0 
829 0 77 0 
221 0 365 0 
509 0 653 0 
797 0 941 0 
252 0 396 0 
540 0 684 0 
828 0 972 0 
108 0 364 0 
508 0 652 0 
796 0 940 0 
76 0 220 0 
476 0 620 0 
764 0 908 0 
44 0 188 0 
332 0 588 0 
732 0 876 0 
12 0 156 0 
300 0 444 0 
700 0 844 0 
988 0 124 0 
268 0 412 0 
556 0 812 0 
956 0 92 0 
236 0 380 0 
524 0 668 0 
924 0 60 0 
204 0 348 0 
492 0 636 0 
780 0 28 0 
172 0 316 0 
460 0 604 0 
748 0 892 0 
140 0 284 0 
428 0 572 0 
716 0 860 0 
1004 0 315 0 
459 0 603 0 
747 0 891 0 
27 0 171 0 
427 0 571 0 
715 0 859 0 
1003 0 139 0 
283 0 539 0 
683 0 827 0 
971 0 107 0 
251 0 395 0 
651 0 795 0 
939 0 75 0 
219 0 363 0 
507 0 763 0 
907 0 43 0 
187 0 331 0 
475 0 619 0 
875 0 11 0 
155 0 299 0 
443 0 587 0 
731 0 987 0 
123 0 267 0 
411 0 555 0 
699 0 843 0 
91 0 235 0 
379 0 523 0 
667 0 811 0 
955 0 203 0 
347 0 491 0 
635 0 779 0 
923 0 59 0 
378 0 522 0 
666 0 810 0 
954 0 90 0 
234 0 490 0 
634 0 778 0 
922 0 58 0 
202 0 346 0 
602 0 746 0 
890 0 26 0 
170 0 314 0 
458 0 714 0 
858 0 1002 0 
138 0 282 0 
426 0 570 0 
826 0 970 0 
106 0 250 0 
394 0 538 0 
682 0 938 0 
74 0 218 0 
362 0 506 0 
650 0 794 0 
42 0 186 0 
330 0 474 0 
618 0 762 0 
906 0 154 0 
298 0 442 0 
586 0 730 0 
874 0 10 0 
266 0 410 0 
554 0 698 0 
842 0 986 0 
122 0 441 0 
585 0 729 0 
873 0 9 0 
153 0 297 0 
553 0 697 0 
841 0 985 0 
121 0 265 0 
409 0 665 0 
809 0 953 0 
89 0 233 0 
377 0 521 0 
777 0 921 0 
57 0 201 0 
345 0 489 0 
633 0 889 0 
25 0 169 0 
313 0 457 0 
601 0 745 0 
1001 0 137 0 
281 0 425 0 
569 0 713 0 
857 0 105 0 
249 0 393 0 
537 0 681 0 
825 0 969 0 
217 0 361 0 
505 0 649 0 
793 0 937 0 
73 0 329 0 
473 0 617 0 
761 0 905 0 
41 0 185 0 
504 0 648 0 
792 0 936 0 
72 0 216 0 
360 0 616 0 
760 0 904 0 
40 0 184 0 
328 0 472 0 
728 0 872 0 
8 0 152 0 
296 0 440 0 
584 0 840 0 
984 0 120 0 
264 0 408 0 
552 0 696 0 
952 0 88 0 
232 0 376 0 
520 0 664 0 
808 0 56 0 
200 0 344 0 
488 0 632 0 
776 0 920 0 
168 0 312 0 
456 0 600 0 
744 0 888 0 
24 0 280 0 
424 0 568 0 
712 0 856 0 
1000 0 136 0 
392 0 536 0 
680 0 824 0 
968 0 104 0 
248 0 567 0 
711 0 855 0 
999 0 135 0 
279 0 423 0 
679 0 823 0 
967 0 103 0 
247 0 391 0 
535 0 791 0 
935 0 71 0 
215 0 359 0 
503 0 647 0 
903 0 39 0 
183 0 327 0 
471 0 615 0 
759 0 7 0 
151 0 295 0 
439 0 583 0 
727 0 871 0 
119 0 263 0 
407 0 551 0 
695 0 839 0 
983 0 231 0 
375 0 519 0 
663 0 807 0 
951 0 87 0 
343 0 487 0 
631 0 775 0 
919 0 55 0 
199 0 455 0 
599 0 743 0 
887 0 23 0 
167 0 311 0 
630 0 774 0 
918 0 54 0 
198 0 342 0 
486 0 742 0 
886 0 22 0 
166 0 310 0 
454 0 598 0 
854 0 998 0 
134 0 278 0 
422 0 566 0 
710 0 966 0 
102 0 246 0 
390 0 534 0 
678 0 822 0 
70 0 214 0 
358 0 502 0 
646 0 790 0 
934 0 182 0 
326 0 470 0 
614 0 758 0 
902 0 38 0 
294 0 438 0 
582 0 726 0 
870 0 6 0 
150 0 406 0 
550 0 694 0 
838 0 982 0 
118 0 262 0 
518 0 662 0 
806 0 950 0 
86 0 230 0 
374 0 693 0 
837 0 981 0 
117 0 261 0 
405 0 549 0 
805 0 949 0 
85 0 229 0 
373 0 517 0 
661 0 917 0 
53 0 197 0 
341 0 485 0 
629 0 773 0 
21 0 165 0 
309 0 453 0 
597 0 741 0 
885 0 133 0 
277 0 421 0 
565 0 709 0 
853 0 997 0 
245 0 389 0 
533 0 677 0 
821 0 965 0 
101 0 357 0 
501 0 645 0 
789 0 933 0 
69 0 213 0 
469 0 613 0 
757 0 901 0 
37 0 181 0 
325 0 581 0 
725 0 869 0 
5 0 149 0 
293 0 437 0 
756 0 900 0 
36 0 180 0 
324 0 468 0 
612 0 868 0 
4 0 148 0 
292 0 436 0 
580 0 724 0 
980 0 116 0 
260 0 404 0 
548 0 692 0 
836 0 84 0 
228 0 372 0 
516 0 660 0 
804 0 948 0 
196 0 340 0 
484 0 628 0 
772 0 916 0 
52 0 308 0 
452 0 596 0 
740 0 884 0 
20 0 164 0 
420 0 564 0 
708 0 852 0 
996 0 132 0 
276 0 532 0 
676 0 820 0 
964 0 100 0 
244 0 388 0 
644 0 788 0 
932 0 68 0 
212 0 356 0 
500 0 819 0 
963 0 99 0 
243 0 387 0 
531 0 675 0 
931 0 67 0 
211 0 355 0 
499 0 643 0 
787 0 35 0 
179 0 323 0 
467 0 611 0 
755 0 899 0 
147 0 291 0 
435 0 579 0 
723 0 867 0 
3 0 259 0 
403 0 547 0 
691 0 835 0 
979 0 115 0 
371 0 515 0 
659 0 803 0 
947 0 83 0 
227 0 483 0 
627 0 771 0 
915 0 51 0 
195 0 339 0 
595 0 739 0 
883 0 19 0 
163 0 307 0 
451 0 707 0 
851 0 995 0 
131 0 275 0 
419 0 563 0 
882 0 18 0 
162 0 306 0 
450 0 594 0 
738 0 994 0 
130 0 274 0 
418 0 562 0 
706 0 850 0 
98 0 242 0 
386 0 530 0 
674 0 818 0 
962 0 210 0 
354 0 498 0 
642 0 786 0 
930 0 66 0 
322 0 466 0 
610 0 754 0 
898 0 34 0 
178 0 434 0 
578 0 722 0 
866 0 2 0 
146 0 290 0 
546 0 690 0 
834 0 978 0 
114 0 258 0 
402 0 658 0 
802 0 946 0 
82 0 226 0 
370 0 514 0 
770 0 914 0 
50 0 194 0 
338 0 482 0 
626 0 945 0 
81 0 225 0 
369 0 513 0 
657 0 801 0 
49 0 193 0 
337 0 481 0 
625 0 769 0 
913 0 161 0 
305 0 449 0 
593 0 737 0 
881 0 17 0 
273 0 417 0 
561 0 705 0 
849 0 993 0 
129 0 385 0 
529 0 673 0 
817 0 961 0 
97 0 241 0 
497 0 641 0 
785 0 929 0 
65 0 209 0 
353 0 609 0 
753 0 897 0 
33 0 177 0 
321 0 465 0 
721 0 865 0 
1 0 145 0 
289 0 433 0 
577 0 833 0 
977 0 113 0 
257 0 401 0 
545 0 689 0 
0 0 144 0 
288 0 432 0 
576 0 720 0 
864 0 112 0 
256 0 400 0 
544 0 688 0 
832 0 976 0 
224 0 368 0 
512 0 656 0 
800 0 944 0 
80 0 336 0 
480 0 624 0 
768 0 912 0 
48 0 192 0 
448 0 592 0 
736 0 880 0 
16 0 160 0 
304 0 560 0 
704 0 848 0 
992 0 128 0 
272 0 416 0 
672 0 816 0 
960 0 96 0 
240 0 384 0 
528 0 784 0 
928 0 64 0 
208 0 352 0 
496 0 640 0 
896 0 32 0 
176 0 320 0 
464 0 608 0 
752 0 63 0 
207 0 351 0 
495 0 639 0 
783 0 927 0 
175 0 319 0 
463 0 607 0 
751 0 895 0 
31 0 287 0 
431 0 575 0 
719 0 863 0 
1007 0 143 0 
399 0 543 0 
687 0 831 0 
975 0 111 0 
255 0 511 0 
655 0 799 0 
943 0 79 0 
223 0 367 0 
623 0 767 0 
911 0 47 0 
191 0 335 0 
479 0 735 0 
879 0 15 0 
159 0 303 0 
447 0 591 0 
847 0 991 0 
127 0 271 0 
415 0 559 0 
703 0 959 0 
95 0 239 0 
383 0 527 0 
671 0 815 0 
126 0 270 0 
414 0 558 0 
702 0 846 0 
990 0 238 0 
382 0 526 0 
670 0 814 0 
958 0 94 0 
350 0 494 0 
638 0 782 0 
926 0 62 0 
206 0 462 0 
606 0 750 0 
894 0 30 0 
174 0 318 0 
574 0 718 0 
862 0 1006 0 
142 0 286 0 
430 0 686 0 
830 0 974 0 
110 0 254 0 
398 0 542 0 
798 0 942 0 
78 0 222 0 
366 0 510 0 
654 0 910 0 
46 0 190 0 
334 0 478 0 
622 0 766 0 
14 0 158 0 
302 0 446 0 
590 0 734 0 
878 0 189 0 
333 0 477 0 
621 0 765 0 
909 0 45 0 
301 0 445 0 
589 0 733 0 
877 0 13 0 
157 0 413 0 
557 0 701 0 
845 0 989 0 
125 0 269 0 
525 0 669 0 
813 0 957 0 
93 0 237 0 
381 0 637 0 
781 0 925 0 
61 0 205 0 
349 0 493 0 
749 0 893 0 
29 0 173 0 
317 0 461 0 
605 0 861 0 
1005 0 141 0 
285 0 429 0 
573 0 717 0 
973 0 109 0 
253 0 397 0 
541 0 685 0 
829 0 77 0 
221 0 365 0 
509 0 653 0 
797 0 941 0 
252 0 396 0 
540 0 684 0 
828 0 972 0 
108 0 364 0 
508 0 652 0 
796 0 940 0 
76 0 220 0 
476 0 620 0 
764 0 908 0 
44 0 188 0 
332 0 588 0 
732 0 876 0 
12 0 156 0 
300 0 444 0 
700 0 844 0 
988 0 124 0 
268 0 412 0 
556 0 812 0 
956 0 92 0 
236 0 380 0 
524 0 668 0 
924 0 60 0 
204 0 348 0 
492 0 636 0 
780 0 28 0 
172 0 316 0 
460 0 604 0 
748 0 892 0 
140 0 284 0 
428 0 572 0 
716 0 860 0 
1004 0 315 0 
459 0 603 0 
747 0 891 0 
27 0 171 0 
427 0 571 0 
715 0 859 0 
1003 0 139 0 
283 0 539 0 
683 0 827 0 
971 0 107 0 
251 0 395 0 
651 0 795 0 
939 0 75 0 
219 0 363 0 
507 0 763 0 
907 0 43 0 
187 0 331 0 
475 0 619 0 
875 0 11 0 
155 0 299 0 
443 0 587 0 
731 0 987 0 
123 0 267 0 
411 0 555 0 
699 0 843 0 
91 0 235 0 
379 0 523 0 
667 0 811 0 
955 0 203 0 
347 0 491 0 
635 0 779 0 
923 0 59 0 
378 0 522 0 
666 0 810 0 
954 0 90 0 
234 0 490 0 
634 0 778 0 
922 0 58 0 
202 0 346 0 
602 0 746 0 
890 0 26 0 
170 0 314 0 
458 0 714 0 
858 0 1002 0 
138 0 282 0 
426 0 570 0 
826 0 970 0 
106 0 250 0 
394 0 538 0 
682 0 938 0 
74 0 218 0 
362 0 506 0 
650 0 794 0 
42 0 186 0 
330 0 474 0 
618 0 762 0 
906 0 154 0 
298 0 442 0 
586 0 730 0 
874 0 10 0 
266 0 410 0 
554 0 698 0 
842 0 986 0 
122 0 441 0 
585 0 729 0 
873 0 9 0 
153 0 297 0 
553 0 697 0 
841 0 985 0 
121 0 265 0 
409 0 665 0 
809 0 953 0 
89 0 233 0 
377 0 521 0 
777 0 921 0 
57 0 201 0 
345 0 489 0 
633 0 889 0 
25 0 169 0 
313 0 457 0 
601 0 745 0 
1001 0 137 0 
281 0 425 0 
569 0 713 0 
857 0 105 0 
249 0 393 0 
537 0 681 0 
825 0 969 0 
217 0 361 0 
505 0 649 0 
793 0 937 0 
73 0 329 0 
473 0 617 0 
761 0 905 0 
41 0 185 0 
504 0 648 0 
792 0 936 0 
72 0 216 0 
360 0 616 0 
760 0 904 0 
40 0 184 0 
328 0 472 0 
728 0 872 0 
8 0 152 0 
296 0 440 0 
584 0 840 0 
984 0 120 0 
264 0 408 0 
552 0 696 0 
952 0 88 0 
232 0 376 0 
520 0 664 0 
808 0 56 0 
200 0 344 0 
488 0 632 0 
776 0 920 0 
168 0 312 0 
456 0 600 0 
744 0 888 0 
24 0 280 0 
424 0 568 0 
712 0 856 0 
1000 0 136 0 
392 0 536 0 
680 0 824 0 
968 0 104 0 
248 0 567 0 
711 0 855 0 
999 0 135 0 
279 0 423 0 
679 0 823 0 
967 0 103 0 
247 0 391 0 
535 0 791 0 
935 0 71 0 
215 0 359 0 
503 0 647 0 
903 0 39 0 
183 0 327 0 
471 0 615 0 
759 0 7 0 
151 0 295 0 
439 0 583 0 
727 0 871 0 
119 0 263 0 
407 0 551 0 
695 0 839 0 
983 0 231 0 
375 0 519 0 
663 0 807 0 
951 0 87 0 
343 0 487 0 
631 0 775 0 
919 0 55 0 
199 0 455 0 
599 0 743 0 
887 0 23 0 
167 0 311 0 
630 0 774 0 
918 0 54 0 
198 0 342 0 
486 0 742 0 
886 0 22 0 
166 0 310 0 
454 0 598 0 
854 0 998 0 
134 0 278 0 
422 0 566 0 
710 0 966 0 
102 0 246 0 
390 0 534 0 
678 0 822 0 
70 0 214 0 
358 0 502 0 
646 0 790 0 
934 0 182 0 
326 0 470 0 
614 0 758 0 
902 0 38 0 
294 0 438 0 
582 0 726 0 
870 0 6 0 
150 0 406 0 
550 0 694 0 
838 0 982 0 
118 0 262 0 
518 0 662 0 
806 0 950 0 
86 0 230 0 
374 0 693 0 
837 0 981 0 
117 0 261 0 
405 0 549 0 
805 0 949 0 
85 0 229 0 
373 0 517 0 
661 0 917 0 
53 0 197 0 
341 0 485 0 
629 0 773 0 
21 0 165 0 
309 0 453 0 
597 0 741 0 
885 0 133 0 
277 0 421 0 
565 0 709 0 
853 0 997 0 
245 0 389 0 
533 0 677 0 
821 0 965 0 
101 0 357 0 
501 0 645 0 
789 0 933 0 
69 0 213 0 
469 0 613 0 
757 0 901 0 
37 0 181 0 
325 0 581 0 
725 0 869 0 
5 0 149 0 
293 0 437 0 
756 0 900 0 
36 0 180 0 
324 0 468 0 
612 0 868 0 
4 0 148 0 
292 0 436 0 
580 0 724 0 
980 0 116 0 
260 0 404 0 
548 0 692 0 
836 0 84 0 
228 0 372 0 
516 0 660 0 
804 0 948 0 
196 0 340 0 
484 0 628 0 
772 0 916 0 
52 0 308 0 
452 0 596 0 
740 0 884 0 
20 0 164 0 
420 0 564 0 
708 0 852 0 
996 0 132 0 
276 0 532 0 
676 0 820 0 
964 0 100 0 
244 0 388 0 
644 0 788 0 
932 0 68 0 
212 0 356 0 
500 0 819 0 
963 0 99 0 
243 0 387 0 
531 0 675 0 
931 0 67 0 
211 0 355 0 
499 0 643 0 
787 0 35 0 
179 0 323 0 
467 0 611 0 
755 0 899 0 
147 0 291 0 
435 0 579 0 
723 0 867 0 
3 0 259 0 
403 0 547 0 
691 0 835 0 
979 0 115 0 
371 0 515 0 
659 0 803 0 
947 0 83 0 
227 0 483 0 
627 0 771 0 
915 0 51 0 
195 0 339 0 
595 0 739 0 
883 0 19 0 
163 0 307 0 
451 0 707 0 
851 0 995 0 
131 0 275 0 
419 0 563 0 
882 0 18 0 
162 0 306 0 
450 0 594 0 
738 0 994 0 
130 0 274 0 
418 0 562 0 
706 0 850 0 
98 0 242 0 
386 0 530 0 
674 0 818 0 
962 0 210 0 
354 0 498 0 
642 0 786 0 
930 0 66 0 
322 0 466 0 
610 0 754 0 
898 0 34 0 
178 0 434 0 
578 0 722 0 
866 0 2 0 
146 0 290 0 
546 0 690 0 
834 0 978 0 
114 0 258 0 
402 0 658 0 
802 0 946 0 
82 0 226 0 
370 0 514 0 
770 0 914 0 
50 0 194 0 
338 0 482 0 
626 0 945 0 
81 0 225 0 
369 0 513 0 
657 0 801 0 
49 0 193 0 
337 0 481 0 
625 0 769 0 
913 0 161 0 
305 0 449 0 
593 0 737 0 
881 0 17 0 
273 0 417 0 
561 0 705 0 
849 0 993 0 
129 0 385 0 
529 0 673 0 
817 0 961 0 
97 0 241 0 
497 0 641 0 
785 0 929 0 
65 0 209 0 
353 0 609 0 
753 0 897 0 
33 0 177 0 
321 0 465 0 
721 0 865 0 
1 0 145 0 
289 0 433 0 
577 0 833 0 
977 0 113 0 
257 0 401 0 
545 0 689 0 
0 0 144 0 
288 0 432 0 
576 0 720 0 
864 0 112 0 
256 0 400 0 
544 0 688 0 
832 0 976 0 
224 0 368 0 
512 0 656 0 
800 0 944 0 
80 0 336 0 
480 0 624 0 
768 0 912 0 
48 0 192 0 
448 0 592 0 
736 0 880 0 
16 0 160 0 
304 0 560 0 
704 0 848 0 
992 0 128 0 
272 0 416 0 
672 0 816 0 
960 0 96 0 
240 0 384 0 
528 0 784 0 
928 0 64 0 
208 0 352 0 
496 0 640 0 
896 0 32 0 
176 0 320 0 
464 0 608 0 
752 0 63 0 
207 0 351 0 
495 0 639 0 
783 0 927 0 
175 0 319 0 
463 0 607 0 
751 0 895 0 
31 0 287 0 
431 0 575 0 
719 0 863 0 
1007 0 143 0 
399 0 543 0 
687 0 831 0 
975 0 111 0 
255 0 511 0 
655 0 799 0 
943 0 79 0 
223 0 367 0 
623 0 767 0 
911 0 47 0 
191 0 335 0 
479 0 735 0 
879 0 15 0 
159 0 303 0 
447 0 591 0 
847 0 991 0 
127 0 271 0 
415 0 559 0 
703 0 959 0 
95 0 239 0 
383 0 527 0 
671 0 815 0 
126 0 270 0 
414 0 558 0 
702 0 846 0 
990 0 238 0 
382 0 526 0 
670 0 814 0 
958 0 94 0 
350 0 494 0 
638 0 782 0 
926 0 62 0 
206 0 462 0 
606 0 750 0 
894 0 30 0 
174 0 318 0 
574 0 718 0 
862 0 1006 0 
142 0 286 0 
430 0 686 0 
830 0 974 0 
110 0 254 0 
398 0 542 0 
798 0 942 0 
78 0 222 0 
366 0 510 0 
654 0 910 0 
46 0 190 0 
334 0 478 0 
622 0 766 0 
14 0 158 0 
302 0 446 0 
590 0 734 0 
878 0 189 0 
333 0 477 0 
621 0 765 0 
909 0 45 0 
301 0 445 0 
589 0 733 0 
877 0 13 0 
157 0 413 0 
557 0 701 0 
845 0 989 0 
125 0 269 0 
525 0 669 0 
813 0 957 0 
93 0 237 0 
381 0 637 0 
781 0 925 0 
61 0 205 0 
349 0 493 0 
749 0 893 0 
29 0 173 0 
317 0 461 0 
605 0 861 0 
1005 0 141 0 
285 0 429 0 
573 0 717 0 
973 0 109 0 
253 0 397 0 
541 0 685 0 
829 0 77 0 
221 0 365 0 
509 0 653 0 
797 0 941 0 
252 0 396 0 
540 0 684 0 
828 0 972 0 
108 0 364 0 
508 0 652 0 
796 0 940 0 
76 0 220 0 
476 0 620 0 
764 0 908 0 
44 0 188 0 
332 0 588 0 
732 0 876 0 
12 0 156 0 
300 0 444 0 
700 0 844 0 
988 0 124 0 
268 0 412 0 
556 0 812 0 
956 0 92 0 
236 0 380 0 
524 0 668 0 
924 0 60 0 
204 0 348 0 
492 0 636 0 
780 0 28 0 
172 0 316 0 
460 0 604 0 
748 0 892 0 
140 0 284 0 
428 0 572 0 
716 0 860 0 
1004 0 315 0 
459 0 603 0 
747 0 891 0 
27 0 171 0 
427 0 571 0 
715 0 859 0 
1003 0 139 0 
283 0 539 0 
683 0 827 0 
971 0 107 0 
251 0 395 0 
651 0 795 0 
939 0 75 0 
219 0 363 0 
507 0 763 0 
907 0 43 0 
187 0 331 0 
475 0 619 0 
875 0 11 0 
155 0 299 0 
443 0 587 0 
731 0 987 0 
123 0 267 0 
411 0 555 0 
699 0 843 0 
91 0 235 0 
379 0 523 0 
667 0 811 0 
955 0 203 0 
347 0 491 0 
635 0 779 0 
923 0 59 0 
378 0 522 0 
666 0 810 0 
954 0 90 0 
234 0 490 0 
634 0 778 0 
922 0 58 0 
202 0 346 0 
602 0 746 0 
890 0 26 0 
170 0 314 0 
458 0 714 0 
858 0 1002 0 
138 0 282 0 
426 0 570 0 
826 0 970 0 
106 0 250 0 
394 0 538 0 
682 0 938 0 
74 0 218 0 
362 0 506 0 
650 0 794 0 
42 0 186 0 
330 0 474 0 
618 0 762 0 
906 0 154 0 
298 0 442 0 
586 0 730 0 
874 0 10 0 
266 0 410 0 
554 0 698 0 
842 0 986 0 
122 0 441 0 
585 0 729 0 
873 0 9 0 
153 0 297 0 
553 0 697 0 
841 0 985 0 
121 0 265 0 
409 0 665 0 
809 0 953 0 
89 0 233 0 
377 0 521 0 
777 0 921 0 
57 0 201 0 
345 0 489 0 
633 0 889 0 
25 0 169 0 
313 0 457 0 
601 0 745 0 
1001 0 137 0 
281 0 425 0 
569 0 713 0 
857 0 105 0 
249 0 393 0 
537 0 681 0 
825 0 969 0 
217 0 361 0 
505 0 649 0 
793 0 937 0 
73 0 329 0 
473 0 617 0 
761 0 905 0 
41 0 185 0 
504 0 648 0 
792 0 936 0 
72 0 216 0 
360 0 616 0 
760 0 904 0 
40 0 184 0 
328 0 472 0 
728 0 872 0 
8 0 152 0 
296 0 440 0 
584 0 840 0 
984 0 120 0 
264 0 408 0 
552 0 696 0 
952 0 88 0 
232 0 376 0 
520 0 664 0 
808 0 56 0 
200 0 344 0 
488 0 632 0 
776 0 920 0 
168 0 312 0 
456 0 600 0 
744 0 888 0 
24 0 280 0 
424 0 568 0 
712 0 856 0 
1000 0 136 0 
392 0 536 0 
680 0 824 0 
968 0 104 0 
248 0 567 0 
711 0 855 0 
999 0 135 0 
279 0 423 0 
679 0 823 0 
967 0 103 0 
247 0 391 0 
535 0 791 0 
935 0 71 0 
215 0 359 0 
503 0 647 0 
903 0 39 0 
183 0 327 0 
471 0 615 0 
759 0 7 0 
151 0 295 0 
439 0 583 0 
727 0 871 0 
119 0 263 0 
407 0 551 0 
695 0 839 0 
983 0 231 0 
375 0 519 0 
663 0 807 0 
951 0 87 0 
343 0 487 0 
631 0 775 0 
919 0 55 0 
199 0 455 0 
599 0 743 0 
887 0 23 0 
167 0 311 0 
630 0 774 0 
918 0 54 0 
198 0 342 0 
486 0 742 0 
886 0 22 0 
166 0 310 0 
454 0 598 0 
854 0 998 0 
134 0 278 0 
422 0 566 0 
710 0 966 0 
102 0 246 0 
390 0 534 0 
678 0 822 0 
70 0 214 0 
358 0 502 0 
646 0 790 0 
934 0 182 0 
326 0 470 0 
614 0 758 0 
902 0 38 0 
294 0 438 0 
582 0 726 0 
870 0 6 0 
150 0 406 0 
550 0 694 0 
838 0 982 0 
118 0 262 0 
518 0 662 0 
806 0 950 0 
86 0 230 0 
374 0 693 0 
837 0 981 0 
117 0 261 0 
405 0 549 0 
805 0 949 0 
85 0 229 0 
373 0 517 0 
661 0 917 0 
53 0 197 0 
341 0 485 0 
629 0 773 0 
21 0 165 0 
309 0 453 0 
597 0 741 0 
885 0 133 0 
277 0 421 0 
565 0 709 0 
853 0 997 0 
245 0 389 0 
533 0 677 0 
821 0 965 0 
101 0 357 0 
501 0 645 0 
789 0 933 0 
69 0 213 0 
469 0 613 0 
757 0 901 0 
37 0 181 0 
325 0 581 0 
725 0 869 0 
5 0 149 0 
293 0 437 0 
756 0 900 0 
36 0 180 0 
324 0 468 0 
612 0 868 0 
4 0 148 0 
292 0 436 0 
580 0 724 0 
980 0 116 0 
260 0 404 0 
548 0 692 0 
836 0 84 0 
228 0 372 0 
516 0 660 0 
804 0 948 0 
196 0 340 0 
484 0 628 0 
772 0 916 0 
52 0 308 0 
452 0 596 0 
740 0 884 0 
20 0 164 0 
420 0 564 0 
708 0 852 0 
996 0 132 0 
276 0 532 0 
676 0 820 0 
964 0 100 0 
244 0 388 0 
644 0 788 0 
932 0 68 0 
212 0 356 0 
500 0 819 0 
963 0 99 0 
243 0 387 0 
531 0 675 0 
931 0 67 0 
211 0 355 0 
499 0 643 0 
787 0 35 0 
179 0 323 0 
467 0 611 0 
755 0 899 0 
147 0 291 0 
435 0 579 0 
723 0 867 0 
3 0 259 0 
403 0 547 0 
691 0 835 0 
979 0 115 0 
371 0 515 0 
659 0 803 0 
947 0 83 0 
227 0 483 0 
627 0 771 0 
915 0 51 0 
195 0 339 0 
595 0 739 0 
883 0 19 0 
163 0 307 0 
451 0 707 0 
851 0 995 0 
131 0 275 0 
419 0 563 0 
882 0 18 0 
162 0 306 0 
450 0 594 0 
738 0 994 0 
130 0 274 0 
418 0 562 0 
706 0 850 0 
98 0 242 0 
386 0 530 0 
674 0 818 0 
962 0 210 0 
354 0 498 0 
642 0 786 0 
930 0 66 0 
322 0 466 0 
610 0 754 0 
898 0 34 0 
178 0 434 0 
578 0 722 0 
866 0 2 0 
146 0 290 0 
546 0 690 0 
834 0 978 0 
114 0 258 0 
402 0 658 0 
802 0 946 0 
82 0 226 0 
370 0 514 0 
770 0 914 0 
50 0 194 0 
338 0 482 0 
626 0 945 0 
81 0 225 0 
369 0 513 0 
657 0 801 0 
49 0 193 0 
337 0 481 0 
625 0 769 0 
913 0 161 0 
305 0 449 0 
593 0 737 0 
881 0 17 0 
273 0 417 0 
561 0 705 0 
849 0 993 0 
129 0 385 0 
529 0 673 0 
817 0 961 0 
97 0 241 0 
497 0 641 0 
785 0 929 0 
65 0 209 0 
353 0 609 0 
753 0 897 0 
33 0 177 0 
321 0 465 0 
721 0 865 0 
1 0 145 0 
289 0 433 0 
577 0 833 0 
977 0 113 0 
257 0 401 0 
545 0 689 0 
