-0.057769775 -0.070251465 0.105133057 0.069244385 0.113128662 -0.013641357 0.005889893 0.071533203
-0.067504883 0.080993652 -0.098785400 -0.045196533 -0.174957275 -0.065155029 -0.113067627 0.066314697
-0.075256348 -0.082885742 -0.050964355 -0.024047852 0.104614258 -0.136505127 0.180633545 0.062988281
-0.049743652 0.034973145 0.015869141 0.152709961 -0.024505615 -0.065277100 0.053741455 0.143310547
-0.017517090 0.192596436 0.052215576 0.022583008 0.158569336 -0.037658691 0.157897949 -0.005218506
-0.075836182 -0.053405762 0.071258545 0.030944824 -0.166046143 0.197509766 -0.093566895 -0.040344238
-0.134368896 0.108459473 0.077972412 -0.091918945 -0.037139893 -0.096221924 0.124816895 0.037872314
-0.021606445 -0.055938721 0.014862061 0.128021240 -0.121765137 0.035797119 -0.026031494 -0.103057861
-0.092956543 0.057708740 -0.030761719 -0.000549316 -0.043182373 -0.108215332 0.052917480 -0.262023926
-0.104278564 0.020629883 -0.061035156 0.042480469 -0.024597168 -0.004394531 -0.165374756 0.059204102
0.040161133 0.075042725 -0.028686523 0.040985107 0.003631592 -0.169799805 0.025177002 -0.126495361
0.070190430 0.043792725 0.082672119 0.061096191 0.082458496 -0.015106201 -0.131896973 -0.115203857
-0.043701172 0.077362061 0.159973145 0.011474609 -0.049682617 -0.045379639 -0.002532959 -0.056610107
0.052581787 0.100402832 -0.056610107 -0.100952148 -0.131408691 -0.051177979 0.023040771 0.008148193
0.053710938 -0.018035889 -0.047637939 -0.054199219 -0.179718018 0.028198242 0.017791748 0.000000000
-0.013793945 -0.010803223 0.054504395 -0.000671387 0.037902832 -0.054992676 -0.113067627 0.043945312
-0.108123779 0.030639648 0.098968506 -0.019958496 0.051757812 0.007659912 -0.011474609 -0.001647949
-0.045166016 0.069976807 0.080017090 -0.072174072 0.038543701 0.084136963 -0.021820068 0.021667480
0.033569336 0.008270264 0.129302979 -0.179992676 -0.096618652 -0.032012939 0.149627686 -0.003082275
0.039794922 -0.082427979 0.057495117 -0.004577637 0.015716553 -0.162414551 -0.184387207 -0.034240723
0.005645752 -0.031707764 0.038574219 0.043243408 0.018798828 -0.107116699 -0.051879883 -0.011596680
0.037628174 -0.132232666 0.115692139 -0.138061523 -0.055511475 -0.109863281 -0.052978516 0.035156250
-0.093444824 -0.010620117 -0.159027100 0.074401855 0.143432617 0.005859375 -0.031066895 0.051818848
0.072631836 0.052673340 -0.029205322 -0.075103760 0.014617920 -0.023620605 -0.145690918 0.259552002
0.032531738 -0.040405273 -0.097656250 0.012176514 -0.116333008 0.064300537 -0.066009521 0.226379395
0.171813965 0.096313477 0.055450439 -0.019622803 -0.130645752 -0.016174316 -0.034881592 0.010040283
0.058502197 0.019989014 -0.130279541 -0.058532715 0.074920654 -0.046447754 0.007354736 -0.015441895
0.076019287 0.206329346 0.051666260 0.081237793 0.028015137 -0.012695312 0.070312500 0.150146484
-0.081787109 -0.066497803 0.070770264 -0.000457764 -0.071319580 -0.099914551 -0.028991699 0.117584229
0.046081543 0.089355469 0.044036865 0.062927246 0.025329590 0.021697998 0.116577148 0.027069092
0.001617432 -0.088348389 0.133056641 0.003326416 0.014282227 -0.062713623 -0.188568115 -0.157958984
-0.037811279 -0.148254395 0.150115967 0.017730713 0.059112549 0.083160400 -0.063232422 -0.012237549
0.062957764 -0.046569824 -0.092895508 -0.089843750 -0.125518799 0.071990967 -0.155548096 0.001068115
0.095092773 0.035644531 -0.028228760 0.123291016 -0.090148926 -0.120605469 0.108184814 -0.011718750
0.131713867 0.017181396 0.062225342 0.010345459 0.013916016 0.027618408 -0.035644531 0.102111816
0.014160156 0.020996094 -0.084167480 -0.049804688 -0.039337158 0.039367676 0.039886475 -0.051544189
-0.070587158 -0.031005859 -0.182434082 0.035766602 -0.148193359 0.090148926 0.019134521 -0.065399170
-0.209991455 0.068206787 -0.147705078 -0.057830811 0.048919678 -0.014068604 0.123931885 -0.026763916
-0.085296631 -0.055236816 0.020080566 0.052368164 -0.055114746 -0.029754639 -0.001129150 -0.115417480
0.019378662 -0.032073975 -0.073272705 -0.150634766 0.068878174 -0.019378662 0.145019531 -0.094299316
-0.159332275 0.111877441 -0.023773193 0.052154541 0.065979004 -0.085510254 0.096832275 0.112640381
0.015869141 -0.149353027 -0.038665771 0.064239502 0.067352295 0.012298584 0.145080566 0.018554688
-0.042053223 0.094360352 -0.005340576 0.096923828 -0.122406006 0.038269043 -0.093658447 -0.137115479
0.039062500 -0.016387939 0.017913818 0.076202393 0.041351318 0.006683350 -0.099822998 0.075286865
-0.051910400 0.045745850 0.068084717 -0.086517334 -0.031951904 0.058441162 0.047393799 0.036865234
0.012542725 0.008758545 -0.033203125 0.059844971 -0.146301270 0.119232178 0.041564941 0.064575195
0.009399414 -0.054412842 0.113098145 -0.169555664 0.009979248 0.054565430 0.133209229 0.049774170
0.044433594 -0.058624268 -0.035339355 0.084014893 -0.052215576 0.098846436 -0.153015137 -0.054473877
0.008605957 0.067810059 0.012817383 0.012023926 -0.044494629 0.069549561 -0.046112061 -0.125793457
0.165252686 0.046569824 0.097961426 -0.017242432 -0.160491943 0.033782959 0.087982178 0.010192871
-0.032409668 0.140106201 0.042022705 0.069854736 -0.032104492 -0.023040771 0.100830078 -0.160705566
-0.074707031 -0.047698975 -0.046600342 0.036468506 0.036407471 0.041564941 0.072906494 -0.046051025
0.042510986 0.125305176 0.108795166 -0.250854492 0.028442383 -0.041534424 0.214996338 -0.040344238
0.211029053 0.065155029 0.010192871 0.009368896 -0.123626709 0.023895264 0.000366211 0.074951172
0.024841309 0.098693848 0.066955566 -0.055145264 -0.125061035 -0.087677002 0.234039307 -0.086944580
-0.023162842 -0.052520752 -0.002319336 0.002349854 0.072967529 -0.056457520 -0.128479004 -0.060882568
-0.004913330 0.217590332 0.021484375 0.016113281 0.043609619 0.030792236 0.124755859 0.069763184
-0.243469238 -0.063629150 0.017211914 -0.145324707 -0.024414062 0.046478271 0.060150146 0.009704590
-0.012939453 0.064697266 0.129486084 0.137481689 0.016967773 0.057189941 0.059661865 0.060882568
-0.035308838 -0.126647949 0.153900146 0.046051025 0.018554688 -0.147094727 0.029174805 0.018920898
0.022430420 -0.023925781 -0.055053711 0.145843506 -0.073272705 -0.088287354 0.029541016 0.092742920
0.086914062 0.100524902 0.011657715 0.054382324 0.030609131 -0.093048096 0.033813477 -0.089721680
-0.010162354 0.045715332 0.010498047 -0.127532959 0.096923828 -0.085235596 0.088562012 -0.020538330
0.088989258 0.018585205 -0.031829834 -0.246490479 -0.032440186 0.085205078 -0.008300781 -0.116088867
0.018585205 0.019927979 -0.035522461 0.017303467 -0.049957275 0.036621094 -0.160156250 0.034576416
0.045043945 0.188446045 -0.011383057 -0.054290771 0.183074951 0.044097900 0.151977539 -0.082214355
-0.022705078 -0.011566162 -0.006958008 0.036560059 0.045471191 -0.061218262 -0.016693115 -0.013122559
-0.028015137 0.021667480 -0.027465820 0.062988281 -0.052459717 -0.144561768 0.101776123 -0.104949951
0.035705566 -0.097717285 -0.011535645 -0.003692627 0.011596680 -0.182891846 0.052215576 0.083068848
0.118194580 0.039428711 0.059722900 -0.118957520 0.009216309 0.019287109 0.023559570 -0.038299561
-0.061584473 -0.078582764 -0.004394531 -0.172851562 0.004882812 -0.031616211 0.019683838 -0.014801025
-0.029083252 -0.009613037 0.027008057 -0.168548584 0.008087158 0.108551025 -0.013366699 -0.037933350
0.037414551 0.054321289 -0.028869629 0.002349854 -0.058074951 -0.091461182 -0.174285889 -0.106231689
0.119384766 -0.062164307 0.108032227 0.127136230 0.006011963 0.007263184 -0.004211426 -0.167175293
-0.041900635 -0.131500244 -0.080352783 0.001770020 -0.062042236 -0.052490234 0.040740967 -0.043884277
0.048767090 0.075225830 -0.065460205 -0.119720459 -0.044769287 0.177276611 -0.099365234 -0.077880859
0.131378174 0.041107178 0.045013428 -0.244201660 -0.082092285 -0.030151367 -0.000091553 0.014404297
0.061645508 -0.098144531 0.011993408 -0.107238770 0.013671875 0.160583496 -0.080474854 -0.051849365
-0.095153809 -0.008087158 -0.014923096 0.085876465 -0.083526611 0.025878906 0.038635254 -0.061279297
-0.041198730 -0.031311035 -0.112487793 -0.100433350 -0.013641357 -0.025207520 0.035827637 0.125915527
-0.042358398 -0.120635986 0.046508789 -0.086639404 0.049377441 0.009307861 -0.052124023 0.089996338
0.078979492 0.042053223 0.001464844 -0.013824463 -0.045440674 -0.021026611 0.043853760 0.132080078
0.080352783 -0.006530762 0.102783203 0.079650879 -0.057922363 0.039825439 0.082519531 -0.089660645
0.077667236 -0.186798096 -0.041778564 0.180969238 -0.016754150 -0.062652588 0.028564453 -0.034576416
0.007049561 -0.048583984 0.042694092 0.042816162 0.126434326 0.025909424 -0.105926514 0.094421387
-0.210113525 -0.163574219 0.039520264 -0.037017822 0.053100586 -0.043151855 0.074432373 -0.097534180
-0.028930664 0.059753418 0.008666992 -0.118347168 0.027099609 -0.011596680 0.102844238 0.022766113
0.099243164 0.039276123 -0.102996826 0.023345947 -0.139892578 -0.025360107 0.145690918 -0.033660889
0.024414062 0.009216309 0.010284424 -0.039581299 0.016571045 -0.051361084 0.132110596 -0.040771484
-0.095275879 -0.077239990 -0.063171387 0.053436279 -0.060485840 -0.017822266 -0.047180176 0.011901855
-0.134704590 -0.107635498 -0.101196289 0.148925781 -0.076507568 -0.181427002 0.116302490 0.030151367
0.113250732 0.164947510 -0.101837158 0.066497803 -0.007690430 -0.090454102 -0.191436768 -0.010803223
-0.046844482 -0.002075195 0.140502930 0.057617188 0.002258301 -0.023223877 -0.101104736 -0.051696777
0.051513672 -0.040100098 0.051513672 0.040283203 0.063659668 -0.028839111 -0.054901123 -0.127929688
-0.082641602 0.202819824 0.116577148 -0.043609619 -0.085052490 -0.120147705 0.012054443 0.027191162
0.010253906 -0.005859375 0.251770020 0.034088135 -0.126647949 0.028930664 -0.016937256 -0.056884766
0.056793213 0.030334473 -0.032653809 -0.053924561 -0.089508057 0.059020996 -0.243316650 0.050231934
0.094482422 -0.064880371 0.005004883 -0.106140137 0.013519287 -0.101745605 0.072692871 -0.058288574
0.007598877 0.230285645 0.163452148 -0.055023193 0.051422119 -0.010772705 0.094696045 -0.022247314
0.060119629 0.010925293 -0.137603760 0.009094238 -0.071502686 -0.041503906 0.071105957 -0.107055664
0.031494141 -0.050384521 -0.008239746 -0.043029785 -0.028045654 0.125915527 0.105590820 -0.027618408
0.056823730 0.201019287 -0.076812744 0.018157959 0.007568359 -0.062591553 -0.126861572 -0.025207520
-0.078918457 0.057189941 -0.108886719 -0.002441406 -0.129455566 0.052947998 -0.161071777 -0.133941650
-0.016540527 0.033416748 -0.153167725 0.022430420 -0.130218506 -0.080780029 -0.012298584 0.083404541
-0.130798340 0.122985840 0.039978027 0.130767822 0.075805664 -0.029846191 0.046447754 0.013427734
-0.150970459 0.127380371 0.005371094 -0.085723877 0.284973145 0.289093018 -0.029418945 -0.045928955
0.150665283 0.075012207 -0.025238037 -0.230590820 -0.079803467 -0.033996582 -0.088470459 -0.023590088
0.099884033 0.032653809 -0.027313232 0.119140625 -0.102172852 -0.142456055 0.177490234 -0.113830566
-0.015014648 -0.102752686 -0.007232666 -0.046875000 0.081970215 0.010864258 0.144439697 0.055450439
-0.003356934 0.008270264 0.186187744 -0.046051025 -0.043395996 0.009674072 -0.106445312 0.081481934
-0.036560059 0.039916992 0.263275146 -0.222351074 -0.126373291 -0.044006348 0.041687012 0.082763672
-0.150207520 -0.160430908 0.025848389 0.038635254 0.118377686 -0.138763428 0.205169678 -0.132690430
-0.068817139 0.014739990 0.060302734 -0.163757324 0.038360596 -0.103790283 -0.020355225 -0.126495361
-0.062042236 0.091857910 -0.006713867 -0.158721924 0.035064697 -0.048889160 -0.046813965 -0.052825928
0.002319336 -0.084045410 0.178527832 -0.025482178 -0.217834473 -0.010742188 0.013824463 0.115264893
-0.100555420 -0.027343750 0.058227539 -0.075469971 -0.074249268 0.048492432 0.006988525 -0.033294678
-0.166625977 -0.057250977 0.133331299 -0.106048584 0.116851807 -0.005035400 -0.012023926 0.096435547
-0.145324707 0.004455566 -0.075836182 -0.045623779 0.126342773 -0.103179932 -0.073486328 -0.070251465
0.095916748 0.141967773 -0.039184570 0.076812744 0.004730225 -0.049316406 -0.076202393 0.276824951
0.296264648 0.120208740 0.009246826 -0.132415771 0.157409668 -0.130828857 0.016265869 0.105468750
0.081359863 -0.051544189 0.134613037 -0.006896973 -0.036773682 -0.000305176 -0.090515137 0.039245605
-0.040435791 -0.058441162 -0.101440430 0.176574707 -0.029022217 -0.015197754 0.025238037 -0.085021973
-0.062805176 0.000457764 -0.029479980 0.003326416 -0.001037598 -0.128051758 0.003234863 0.057403564
-0.135375977 -0.080932617 0.014709473 0.003204346 -0.097778320 0.104095459 0.033447266 -0.115631104
-0.043426514 -0.030120850 0.052246094 -0.085510254 0.015136719 -0.025421143 0.101440430 0.035949707
-0.080413818 -0.141510010 0.033020020 0.005401611 0.147552490 -0.063629150 0.030120850 0.037475586
-0.125518799 0.065582275 -0.014495850 -0.059967041 -0.161926270 0.054473877 -0.071411133 0.037231445
0.187805176 -0.061828613 0.130187988 0.111480713 -0.112182617 0.120086670 0.019836426 0.113555908
-0.051147461 0.101135254 -0.020843506 0.118041992 0.073699951 0.175994873 0.062225342 -0.052093506
-0.027160645 0.009033203 0.145935059 0.122924805 -0.013244629 -0.024902344 -0.079040527 -0.152893066
-0.168884277 -0.009155273 0.117370605 0.036132812 -0.069091797 -0.009735107 0.055999756 0.103790283
0.047393799 0.108612061 0.053558350 0.046264648 -0.117126465 0.059204102 0.080017090 0.029724121
0.041595459 -0.069122314 0.018524170 0.033355713 -0.073455811 -0.092041016 -0.051239014 -0.077911377
-0.005126953 -0.054626465 -0.272857666 -0.062072754 0.002258301 -0.003326416 0.050079346 0.188690186
-0.054534912 0.033691406 -0.001434326 -0.166961670 -0.015319824 -0.085174561 -0.057708740 0.031250000
0.069152832 -0.001708984 -0.008026123 0.086975098 -0.013641357 -0.003173828 0.001525879 -0.164794922
0.103607178 -0.013732910 0.038970947 0.195343018 0.073089600 -0.170349121 -0.013824463 -0.086395264
0.068054199 0.027160645 0.015319824 0.105102539 -0.116455078 0.049438477 0.069213867 0.129821777
-0.089569092 0.056884766 -0.199768066 0.060943604 -0.105041504 -0.039062500 0.025604248 -0.126251221
0.009094238 0.016143799 0.080291748 0.039733887 -0.056610107 0.003723145 0.023468018 0.004516602
-0.267578125 -0.073852539 0.058685303 -0.055053711 0.049682617 -0.066162109 -0.028808594 -0.047882080
0.067687988 0.037322998 -0.015136719 -0.028961182 0.021270752 -0.061614990 -0.059509277 -0.113433838
0.063079834 0.048248291 0.055969238 0.132446289 0.048278809 -0.256439209 -0.065429688 -0.081939697
-0.067962646 -0.099243164 0.105712891 0.133697510 0.054870605 -0.089630127 -0.020355225 0.125030518
0.056884766 0.064178467 0.101104736 -0.061981201 -0.088348389 -0.084960938 0.176574707 0.040985107
-0.069946289 0.206756592 -0.090118408 -0.006103516 -0.083648682 0.074981689 -0.143280029 0.023376465
-0.089752197 0.025421143 0.135406494 0.038330078 -0.019561768 0.056060791 -0.024688721 -0.052856445
0.059051514 0.073852539 0.006347656 -0.056945801 -0.078338623 -0.057891846 0.051971436 -0.000762939
0.040008545 0.054168701 -0.047729492 0.041961670 -0.032409668 -0.028442383 0.037078857 0.010131836
-0.081970215 -0.036437988 -0.061126709 -0.004730225 -0.052032471 -0.014282227 0.090332031 0.096191406
-0.097290039 0.042877197 -0.043518066 -0.027343750 -0.020202637 0.060272217 0.057342529 0.089477539
-0.081787109 0.070037842 -0.180847168 0.110046387 0.017883301 0.155609131 -0.002593994 -0.089721680
0.029632568 -0.054901123 0.045928955 -0.125885010 -0.045379639 -0.021820068 0.007904053 0.070831299
-0.020660400 0.039581299 0.053619385 0.001892090 -0.001739502 0.018920898 -0.065704346 -0.057525635
0.054534912 -0.086669922 -0.034881592 0.224060059 -0.102569580 -0.129974365 -0.173370361 0.094146729
0.063262939 -0.007873535 -0.168670654 0.076049805 0.002349854 0.095397949 -0.073516846 0.097045898
0.120910645 -0.051940918 -0.081176758 -0.144622803 -0.063903809 0.088531494 -0.172790527 0.085357666
-0.013305664 -0.049011230 -0.035705566 -0.030975342 0.087921143 0.071258545 -0.148040771 -0.093383789
0.114562988 0.033386230 -0.124969482 -0.107330322 0.183685303 -0.046234131 -0.185333252 0.043579102
0.039550781 -0.003509521 0.128265381 0.182006836 -0.051422119 0.090026855 0.178375244 -0.062774658
0.024322510 0.141571045 -0.211578369 0.054992676 -0.020050049 -0.126525879 0.022216797 -0.006591797
0.033782959 -0.078826904 -0.088256836 0.077941895 -0.031280518 0.003021240 0.046966553 -0.017211914
0.008392334 0.130889893 0.057312012 -0.045410156 0.077880859 -0.105102539 0.273132324 -0.037963867
-0.069702148 -0.088806152 0.013244629 -0.049865723 -0.055084229 -0.131958008 0.067443848 0.068084717
-0.081970215 0.072875977 0.106018066 0.113189697 0.091552734 0.006835938 0.004699707 -0.099731445
0.087310791 0.034759521 -0.064392090 -0.133331299 0.018768311 -0.093841553 0.102600098 -0.061767578
0.207794189 -0.026855469 -0.227111816 -0.115997314 -0.031372070 -0.020996094 0.045898438 -0.052185059
0.080352783 0.179168701 0.020233154 0.102569580 0.085662842 -0.067108154 0.034454346 0.032836914
0.057220459 -0.150329590 -0.017181396 -0.051422119 0.074676514 -0.110076904 -0.005920410 0.021697998
-0.011199951 0.131927490 -0.006561279 -0.078857422 0.078521729 -0.015563965 -0.054687500 -0.143035889
-0.170562744 0.150665283 0.063323975 0.036346436 -0.010070801 0.028808594 0.066955566 -0.040496826
0.139129639 -0.087799072 -0.073486328 -0.153320312 0.099884033 -0.095703125 -0.022521973 0.044342041
-0.050567627 -0.048156738 -0.064422607 0.051025391 -0.035156250 0.120422363 0.035064697 -0.102783203
-0.089813232 -0.125091553 0.065032959 0.087097168 -0.060394287 0.003540039 -0.014739990 0.048736572
0.007598877 -0.097747803 -0.038085938 -0.195526123 -0.045318604 -0.158111572 0.043548584 -0.107208252
-0.053100586 0.105957031 -0.066375732 0.126770020 0.109161377 0.197204590 -0.013549805 -0.063842773
0.002319336 -0.109771729 -0.045410156 0.141174316 0.090972900 0.078948975 -0.018157959 0.062377930
0.123779297 0.147125244 -0.129760742 0.020233154 -0.102294922 0.052032471 0.094116211 0.024658203
0.059326172 -0.075195312 0.020019531 -0.121093750 -0.006286621 -0.006805420 -0.147918701 0.095794678
0.186828613 0.011566162 0.042694092 -0.045776367 0.153594971 0.077545166 0.087341309 -0.075653076
0.044708252 -0.054168701 0.157684326 0.106842041 -0.001647949 0.118255615 0.115753174 -0.149993896
0.002288818 -0.187774658 -0.000457764 0.071868896 0.057891846 -0.052703857 -0.153656006 -0.089141846
0.092071533 0.077270508 -0.142669678 0.144317627 0.142761230 -0.116821289 -0.048614502 -0.009460449
0.028717041 -0.148010254 0.205810547 -0.061248779 -0.045440674 0.001647949 0.186828613 0.003112793
-0.136871338 -0.125030518 0.226226807 0.027923584 -0.049774170 0.033569336 -0.038421631 0.035736084
-0.037933350 -0.224700928 -0.116180420 -0.011993408 -0.166534424 -0.057983398 -0.042114258 -0.078369141
-0.054077148 0.138580322 -0.167541504 0.018798828 -0.106384277 0.051544189 -0.026245117 -0.038208008
0.034637451 -0.062561035 0.002471924 0.106781006 0.063385010 -0.028839111 -0.028228760 0.052795410
0.001312256 0.151306152 0.131439209 0.049316406 0.119781494 0.071319580 0.038421631 -0.077301025
0.022552490 -0.066131592 0.058166504 -0.000396729 -0.025848389 0.065765381 0.071655273 -0.042236328
-0.025115967 0.016845703 0.021575928 0.024322510 0.031097412 0.022766113 -0.060089111 0.130889893
-0.024353027 0.148437500 0.001647949 -0.033782959 -0.014709473 0.227996826 0.047729492 0.042724609
0.103240967 0.013793945 -0.003417969 -0.007202148 0.049957275 0.203643799 0.067993164 -0.033416748
-0.044311523 0.040313721 -0.014739990 0.000335693 0.112792969 -0.091491699 -0.057220459 -0.047485352
0.022735596 -0.008087158 -0.045745850 0.049224854 0.052429199 -0.180328369 0.043762207 0.017303467
0.093444824 0.173675537 -0.026428223 -0.005401611 -0.028289795 0.115112305 -0.096160889 -0.127746582
0.018463135 -0.101257324 -0.001464844 0.010345459 -0.021057129 -0.154968262 0.092346191 0.002655029
0.078826904 -0.049438477 0.151367188 -0.106048584 -0.045013428 0.065521240 0.102294922 0.061340332
-0.150634766 0.124481201 0.016662598 -0.147827148 -0.147613525 -0.038635254 -0.058624268 -0.088348389
0.115661621 0.030426025 -0.015777588 -0.001770020 -0.104583740 -0.033996582 0.036132812 -0.026794434
-0.136627197 -0.021240234 0.002166748 -0.248168945 -0.122772217 -0.065093994 0.002655029 0.011932373
0.139892578 -0.007324219 -0.181457520 -0.103546143 -0.035369873 -0.033477783 0.150604248 -0.167877197
-0.022369385 -0.091339111 0.051666260 0.008880615 0.067230225 0.038299561 0.046630859 -0.051086426
-0.076538086 0.115692139 -0.021514893 0.087921143 -0.018280029 0.098480225 -0.015930176 0.047241211
-0.020965576 0.031097412 -0.046142578 -0.007080078 -0.000915527 -0.199157715 -0.110778809 -0.091644287
-0.084533691 0.050903320 0.021331787 -0.114257812 -0.062713623 0.166229248 -0.097412109 -0.023895264
0.049743652 -0.030090332 0.031188965 0.048004150 0.100524902 0.009246826 0.099578857 0.106689453
0.024505615 0.254180908 -0.096282959 -0.093170166 -0.020050049 0.128723145 0.006408691 -0.024963379
-0.023254395 0.062042236 0.011444092 0.070068359 -0.144287109 0.021209717 0.038055420 -0.024047852
0.075042725 -0.071166992 0.068023682 -0.153289795 0.021026611 0.075500488 -0.015930176 0.179595947
0.019592285 -0.078674316 0.092620850 0.010620117 -0.018371582 0.109832764 0.108489990 0.014282227
-0.117919922 0.034484863 0.056579590 0.005126953 -0.003479004 -0.035064697 0.007019043 -0.077972412
-0.042236328 0.024932861 -0.001770020 0.028076172 -0.060913086 -0.025451660 0.009643555 -0.049438477
0.279327393 0.058776855 0.138214111 0.015441895 -0.149322510 -0.042968750 -0.027984619 0.027099609
0.005554199 -0.052703857 0.039733887 -0.148193359 -0.053131104 -0.037353516 0.037170410 0.015411377
0.019226074 -0.074859619 -0.014678955 -0.039978027 -0.205139160 0.134643555 -0.069000244 0.050811768
-0.009246826 -0.041503906 0.118469238 -0.058837891 0.002716064 -0.019714355 0.029052734 -0.075958252
-0.048248291 -0.000915527 0.087158203 -0.000793457 0.065124512 0.006195068 0.120605469 0.048919678
0.024536133 0.124206543 0.128997803 0.095153809 -0.019165039 -0.193206787 0.047760010 -0.115020752
-0.027343750 -0.014373779 -0.064697266 0.118865967 0.051116943 0.057342529 -0.001373291 0.123748779
0.113830566 -0.086212158 -0.246063232 0.018676758 0.005340576 0.025695801 -0.081695557 0.051055908
-0.050567627 -0.015899658 0.246002197 0.184143066 -0.046661377 -0.039031982 -0.093505859 0.106292725
-0.017181396 -0.016387939 -0.016174316 0.012145996 0.027252197 0.063262939 -0.005126953 0.024169922
-0.035644531 -0.087402344 -0.018676758 -0.092376709 0.005401611 0.144317627 -0.183685303 -0.097686768
-0.015838623 -0.083007812 0.131927490 0.074798584 0.055511475 0.128753662 -0.040771484 -0.119750977
0.011718750 0.096374512 -0.004638672 0.064331055 -0.017425537 -0.064483643 0.109100342 0.110961914
-0.048980713 0.105407715 -0.154357910 -0.045806885 -0.053741455 0.103820801 0.060363770 -0.064270020
-0.034484863 0.062469482 -0.210540771 -0.056945801 -0.064666748 0.252380371 -0.095489502 0.154144287
-0.050842285 0.072967529 0.000885010 -0.169250488 -0.115936279 -0.014190674 -0.020446777 -0.065063477
0.111785889 0.054260254 -0.073059082 -0.002380371 -0.058441162 -0.112091064 0.033966064 0.147003174
0.027191162 -0.117645264 0.000000000 0.082305908 -0.128967285 -0.090606689 -0.087066650 0.213989258
-0.199737549 -0.044891357 -0.165863037 0.170410156 -0.108978271 -0.013092041 -0.095886230 0.093353271
0.010559082 0.026672363 0.078186035 0.080535889 -0.026245117 0.080078125 0.011108398 -0.200988770
-0.007110596 -0.059112549 0.052520752 0.136474609 0.009704590 -0.052947998 -0.099700928 0.015533447
-0.050018311 0.007720947 0.012115479 0.043914795 0.042114258 0.055725098 0.158325195 -0.001953125
0.090942383 -0.039916992 0.172363281 -0.198120117 -0.049377441 -0.024536133 -0.054809570 0.000457764
0.138977051 -0.082611084 0.120971680 0.136352539 -0.061340332 0.037933350 0.010375977 -0.089080811
-0.165985107 -0.191406250 -0.152862549 -0.163269043 -0.076171875 0.084503174 0.070953369 0.048492432
-0.005493164 0.035156250 -0.062774658 0.003997803 -0.219360352 0.020202637 -0.042236328 -0.096221924
0.098571777 -0.000457764 -0.003997803 -0.040130615 0.050109863 0.080108643 -0.049224854 -0.038146973
-0.092285156 0.100280762 0.024902344 0.091888428 0.044219971 -0.050628662 0.008239746 0.116455078
-0.046569824 -0.047851562 0.048614502 0.031250000 -0.174865723 0.022094727 -0.035705566 -0.072448730
0.062774658 -0.038757324 0.041687012 -0.056884766 -0.097381592 -0.030670166 -0.060394287 0.062225342
-0.008911133 -0.017395020 -0.095062256 -0.057159424 -0.175384521 -0.062347412 0.027343750 -0.106079102
0.071228027 0.170196533 -0.058563232 0.193572998 0.004180908 -0.095794678 0.019226074 0.093017578
0.009613037 -0.005950928 -0.046051025 0.075195312 -0.230438232 -0.188385010 -0.039947510 -0.012969971
0.010681152 -0.001739502 0.171875000 0.077392578 -0.128204346 0.046234131 0.083221436 0.035125732
-0.047424316 -0.122131348 0.082122803 -0.095550537 0.033477783 0.016784668 -0.022369385 -0.033935547
0.076202393 -0.023406982 0.064270020 -0.158294678 -0.106292725 -0.120971680 -0.003112793 0.108489990
0.063476562 0.031677246 0.057373047 -0.029449463 -0.063446045 -0.023437500 0.233154297 -0.245330811
-0.115234375 0.018066406 -0.073699951 0.256988525 0.248779297 0.057281494 0.055999756 0.095458984
-0.050262451 -0.091003418 -0.020385742 0.106018066 0.162536621 0.165435791 -0.013458252 -0.164154053
0.076171875 0.057189941 -0.115875244 -0.100585938 0.097808838 -0.188659668 -0.031219482 0.011901855
-0.006591797 0.095855713 -0.195617676 0.126770020 -0.105133057 -0.011932373 0.143646240 0.076019287
-0.021118164 0.030273438 0.148315430 -0.009552002 0.036682129 0.139953613 -0.119995117 0.100830078
-0.019836426 0.073303223 -0.122039795 0.006347656 0.076904297 0.022430420 0.057434082 0.052459717
0.123321533 0.060302734 0.062347412 0.171051025 -0.088195801 0.012725830 0.033691406 0.016143799
0.028686523 -0.066589355 0.015533447 -0.171417236 -0.121704102 0.115631104 0.049530029 0.095001221
-0.065338135 0.060913086 0.020263672 -0.060607910 -0.062835693 -0.126525879 0.102294922 -0.089050293
0.106597900 -0.018096924 -0.127868652 0.032043457 0.122833252 -0.004638672 -0.001586914 -0.041687012
-0.139739990 0.004028320 0.102050781 -0.026641846 0.023864746 0.017242432 0.002990723 0.036010742
0.040435791 -0.129516602 0.012664795 0.005737305 0.034576416 0.059173584 0.061340332 -0.127136230
-0.071258545 -0.116973877 -0.102996826 0.104827881 -0.078216553 0.139404297 0.095275879 -0.061004639
0.080810547 0.048004150 -0.028381348 -0.164306641 0.014678955 0.148071289 -0.123291016 0.086364746
0.124694824 0.030303955 0.006958008 0.096771240 0.024291992 -0.002105713 -0.016815186 0.104583740
-0.098907471 -0.029052734 0.082763672 0.025177002 -0.181610107 -0.014251709 0.048431396 -0.046417236
-0.115661621 -0.078277588 -0.087554932 -0.046478271 -0.088043213 -0.062438965 -0.123352051 -0.162963867
-0.089599609 -0.148529053 0.141082764 -0.060699463 -0.125244141 -0.078460693 -0.043670654 -0.164550781
0.043060303 -0.091705322 0.085418701 0.001892090 0.070892334 -0.031555176 0.028564453 -0.210693359
-0.048614502 0.040222168 0.023620605 -0.135009766 0.162445068 0.160217285 0.011199951 0.066284180
0.029998779 -0.032226562 0.033477783 -0.128601074 0.114227295 -0.156921387 0.083709717 0.027984619
-0.093414307 0.002136230 0.095611572 0.034973145 -0.081237793 -0.032958984 -0.047882080 0.149078369
0.002960205 -0.069152832 -0.015838623 -0.090515137 -0.111267090 0.022155762 -0.006195068 0.130126953
0.041931152 0.102264404 -0.063629150 -0.029876709 -0.017333984 0.030609131 0.036315918 -0.164001465
-0.091278076 0.032470703 -0.056182861 -0.128112793 -0.011688232 -0.021148682 0.030731201 -0.098785400
-0.033020020 -0.077880859 0.044830322 -0.181823730 0.050537109 -0.028594971 0.060791016 -0.009246826
0.093933105 -0.034515381 -0.156951904 0.009552002 0.021362305 0.016540527 -0.227050781 -0.021575928
-0.081390381 -0.008392334 -0.228424072 0.126251221 0.029785156 0.076385498 -0.107788086 -0.154663086
0.127044678 -0.060485840 0.008789062 -0.058410645 0.196075439 0.004882812 0.065826416 -0.224060059
-0.059753418 -0.100677490 0.076629639 0.021942139 0.045501709 -0.056762695 0.054260254 0.105499268
-0.100524902 -0.174591064 -0.038208008 0.069580078 -0.001586914 0.045196533 -0.068023682 0.039978027
-0.051239014 -0.020416260 0.101501465 0.027740479 -0.056121826 -0.072662354 -0.010955811 0.089477539
0.024902344 0.017120361 0.069183350 0.152587891 -0.067962646 0.074310303 -0.127441406 0.177917480
-0.005981445 0.078735352 -0.100402832 -0.013916016 0.097229004 0.103424072 0.086761475 0.027740479
-0.198364258 -0.046875000 -0.051483154 0.026824951 -0.048858643 -0.103759766 0.058837891 -0.033508301
-0.146118164 0.047821045 0.069152832 0.028930664 -0.024444580 0.189147949 0.137237549 0.138305664
0.040557861 0.008758545 0.098205566 -0.016326904 0.040100098 0.020690918 0.032257080 0.002807617
0.130004883 0.001281738 -0.102172852 -0.079101562 0.033172607 0.110412598 0.058227539 0.116271973
-0.072143555 -0.031341553 0.013977051 0.010192871 -0.105102539 -0.180664062 -0.056396484 0.049316406
0.042205811 0.025451660 -0.052825928 -0.170013428 0.059265137 -0.034881592 0.037231445 0.013458252
0.158233643 0.079742432 0.169158936 -0.142852783 0.130187988 0.017822266 0.029846191 0.091064453
-0.064971924 -0.121002197 0.050476074 -0.010528564 0.213897705 0.030426025 0.035034180 0.021362305
0.158050537 0.039978027 -0.114440918 -0.144561768 -0.130554199 -0.040710449 -0.011230469 -0.067443848
0.155761719 -0.165893555 -0.112030029 0.151214600 -0.067962646 -0.051788330 0.188812256 -0.038696289
0.088073730 0.063995361 0.024841309 0.139160156 -0.037078857 0.049072266 0.201568604 0.046875000
-0.041412354 -0.008758545 -0.043487549 -0.023925781 0.007324219 0.007110596 -0.046295166 -0.056243896
-0.032684326 -0.051055908 0.130493164 -0.119903564 -0.101806641 -0.051086426 0.059570312 0.140838623
-0.159057617 0.056854248 0.097351074 0.038024902 0.139709473 0.134429932 0.039886475 -0.094055176
-0.191558838 0.181915283 0.035797119 -0.214904785 -0.004333496 0.007476807 0.183349609 0.051788330
-0.017364502 -0.036407471 0.198577881 0.081329346 -0.076232910 0.046966553 0.098510742 -0.129272461
0.213653564 0.048065186 -0.061645508 -0.028594971 -0.025848389 -0.013397217 0.130767822 -0.066864014
-0.014434814 0.018188477 -0.005126953 0.034423828 -0.077056885 0.007995605 -0.125000000 0.238372803
0.015502930 0.069732666 0.039611816 -0.003875732 0.075469971 -0.000091553 0.008666992 -0.008361816
-0.003814697 -0.008636475 -0.017639160 -0.045379639 -0.029663086 0.111633301 -0.088439941 0.097442627
-0.028289795 0.044311523 -0.036163330 0.101531982 -0.010040283 0.030090332 0.090179443 0.012298584
0.056365967 0.004119873 -0.044250488 -0.116760254 -0.104309082 -0.037200928 0.049255371 -0.196594238
-0.064819336 0.177612305 0.111236572 0.049652100 -0.012725830 0.072235107 -0.016662598 0.123291016
0.082336426 0.014343262 0.017547607 0.101959229 -0.100677490 0.089202881 -0.074920654 -0.129913330
-0.001129150 -0.029693604 -0.025543213 -0.007751465 0.036743164 -0.068786621 0.024078369 0.096130371
-0.046417236 0.069183350 0.243835449 -0.115173340 -0.057952881 0.248321533 0.048034668 0.010589600
-0.042541504 -0.040008545 -0.000366211 0.026062012 0.053649902 0.029296875 -0.050079346 0.185638428
-0.014678955 -0.081634521 0.107086182 0.143218994 -0.090545654 0.023864746 0.218475342 -0.204376221
-0.082275391 -0.133453369 -0.039031982 -0.033569336 0.005767822 0.022064209 -0.027374268 0.048278809
-0.072174072 0.070068359 0.120269775 0.085754395 0.030944824 -0.043090820 0.089538574 -0.029876709
0.059082031 0.115570068 0.104675293 -0.016967773 -0.018524170 0.021331787 -0.053192139 -0.078826904
-0.036254883 0.036071777 0.069580078 -0.004730225 0.146057129 0.154632568 0.020202637 0.163726807
0.014495850 -0.205902100 0.101379395 -0.092559814 -0.033569336 0.070770264 0.038116455 -0.086273193
-0.003753662 -0.065795898 0.039398193 0.080291748 -0.011749268 0.020782471 -0.078918457 0.065093994
0.098968506 -0.024780273 -0.215240479 -0.038055420 -0.016082764 0.066467285 -0.021392822 -0.042083740
0.087677002 -0.192108154 0.000335693 -0.114288330 0.057556152 0.051300049 -0.046020508 -0.081420898
-0.083343506 0.079528809 0.118438721 -0.052978516 0.032684326 -0.042694092 0.142333984 0.014404297
0.039215088 0.017761230 0.024658203 0.078186035 -0.179290771 -0.039550781 -0.033538818 0.038208008
0.067718506 0.112060547 0.012207031 -0.059661865 0.010284424 -0.011383057 -0.012512207 0.023895264
0.048583984 0.014526367 0.148437500 -0.020050049 0.012481689 -0.141723633 0.011688232 -0.106994629
0.154663086 -0.020019531 -0.111694336 0.136749268 -0.036254883 -0.028564453 0.061798096 -0.011230469
-0.115234375 0.058563232 -0.085906982 0.202758789 0.046875000 -0.032623291 0.030334473 0.143218994
0.041778564 -0.088195801 -0.151489258 -0.055847168 0.006408691 -0.083099365 -0.038970947 -0.048614502
-0.158782959 -0.137634277 0.000640869 -0.056854248 0.037017822 -0.090087891 0.150909424 -0.038330078
0.059265137 -0.024536133 -0.155517578 0.064147949 -0.074676514 -0.073028564 0.081573486 -0.014190674
-0.061553955 -0.150787354 0.090911865 -0.074493408 0.088378906 0.061126709 -0.002593994 -0.069549561
-0.018493652 -0.131011963 0.043487549 -0.029998779 -0.031890869 -0.023803711 -0.039825439 -0.000610352
-0.074920654 0.077941895 0.022979736 0.073852539 0.121215820 -0.052764893 0.024993896 0.043457031
0.003082275 -0.131439209 -0.271575928 -0.086456299 0.122344971 0.043395996 0.124725342 0.163269043
0.004913330 -0.051818848 0.092803955 0.015930176 0.168945312 -0.063446045 0.197357178 0.052520752
-0.127593994 -0.075073242 0.018463135 0.006256104 -0.235778809 0.022064209 -0.107910156 0.014160156
0.075073242 -0.088531494 0.055480957 0.096313477 -0.069458008 0.062133789 0.087615967 -0.081634521
0.119964600 -0.006164551 -0.015228271 0.012390137 0.097015381 -0.000396729 -0.050872803 0.020660400
-0.026000977 -0.080505371 0.177154541 0.096679688 -0.267395020 0.035980225 -0.058502197 0.015533447
0.162994385 -0.161987305 0.006317139 0.012420654 0.010009766 -0.030059814 -0.037078857 -0.068450928
0.108978271 -0.002777100 0.169891357 0.108032227 0.055419922 0.032104492 0.131866455 0.119171143
-0.028961182 0.042541504 0.125122070 -0.057464600 -0.074584961 -0.053009033 0.166015625 -0.010284424
0.086181641 0.157012939 -0.073120117 0.133514404 0.004638672 -0.003540039 -0.028381348 0.081665039
-0.160278320 -0.114410400 0.160125732 0.053588867 0.062683105 -0.023681641 -0.008422852 -0.076049805
0.067596436 -0.024139404 -0.028900146 0.034423828 0.037597656 0.094390869 0.141235352 -0.029541016
-0.222625732 0.016021729 -0.043823242 0.051666260 0.152984619 0.071197510 -0.058715820 0.123870850
-0.109252930 -0.092773438 -0.032043457 0.198486328 -0.013671875 -0.097656250 -0.180816650 -0.084106445
-0.062622070 -0.096923828 0.149108887 0.059173584 -0.036560059 -0.079833984 0.135742188 -0.017211914
-0.003967285 -0.048370361 -0.066650391 -0.064056396 -0.055786133 -0.069458008 0.125610352 0.049987793
0.000793457 -0.032836914 0.069061279 -0.074157715 0.111999512 0.191864014 0.143127441 0.037048340
-0.096984863 -0.011901855 0.065917969 -0.062774658 -0.126953125 -0.034759521 0.089294434 -0.158294678
0.178253174 0.083648682 0.221343994 0.010498047 0.030395508 -0.069549561 -0.084777832 0.244903564
-0.126892090 0.018524170 -0.093200684 -0.056365967 0.135772705 0.085205078 0.025024414 0.114501953
-0.086791992 -0.048919678 -0.090087891 0.036132812 0.006774902 -0.062500000 -0.033050537 0.032073975
-0.008453369 0.116729736 -0.220733643 0.033172607 -0.049865723 -0.207946777 -0.045623779 0.098693848
-0.058319092 -0.039123535 -0.091796875 -0.059234619 -0.199462891 0.033935547 -0.259765625 -0.004669189
0.070861816 0.097442627 0.018402100 -0.058776855 -0.001251221 0.081512451 -0.089904785 -0.178558350
0.156311035 -0.042297363 -0.069488525 -0.027008057 -0.051330566 -0.043334961 0.044830322 -0.124877930
0.034790039 0.141815186 -0.083160400 0.073577881 -0.042205811 0.038909912 -0.051361084 -0.015502930
0.005187988 -0.091918945 0.053955078 -0.051025391 0.024627686 -0.001403809 -0.024261475 -0.076171875
0.182189941 0.087158203 -0.107513428 0.086059570 0.054626465 0.077423096 -0.001129150 -0.129486084
-0.018005371 0.090179443 -0.076232910 -0.099304199 -0.005004883 -0.094085693 0.020477295 0.113739014
0.090820312 0.152740479 -0.001800537 -0.100402832 -0.118377686 0.089599609 -0.066680908 0.017578125
-0.044586182 0.080718994 -0.059997559 0.009216309 -0.149169922 -0.001586914 0.056030273 0.188598633
0.078063965 0.058593750 0.100189209 -0.097930908 0.162078857 -0.013946533 0.081237793 -0.084838867
0.183410645 -0.132110596 -0.126586914 -0.107666016 -0.005279541 0.085968018 0.100860596 -0.002807617
0.099761963 0.000000000 0.120178223 0.090820312 -0.060028076 0.145690918 0.019439697 -0.126434326
-0.052978516 -0.053436279 -0.093261719 -0.024322510 0.075256348 -0.000518799 -0.030517578 0.074615479
0.027282715 -0.081024170 -0.111450195 -0.100158691 -0.206573486 0.138580322 -0.000823975 0.015716553
-0.057861328 -0.001159668 0.141632080 0.059082031 -0.081146240 -0.094909668 -0.135284424 0.048339844
0.084777832 0.062957764 -0.030639648 -0.063629150 -0.010589600 0.037933350 -0.103912354 -0.135375977
-0.013061523 -0.124023438 0.036773682 -0.009277344 -0.092407227 0.135223389 0.082061768 -0.023345947
-0.139099121 -0.008483887 -0.064697266 0.120025635 -0.131927490 0.057556152 0.079895020 0.028381348
0.064300537 -0.137268066 -0.070343018 -0.074249268 -0.059020996 -0.057586670 -0.215698242 0.054046631
0.050506592 0.000213623 -0.084014893 -0.038360596 -0.083801270 -0.052551270 -0.085144043 -0.033782959
-0.222167969 -0.074066162 -0.118194580 -0.078491211 0.042480469 -0.057067871 0.009277344 -0.079559326
0.119476318 0.094573975 0.088073730 -0.048980713 -0.038909912 -0.082733154 0.032958984 -0.024719238
-0.110595703 0.213378906 0.039489746 0.095031738 0.000946045 0.099151611 0.053649902 0.059661865
0.075958252 0.007812500 0.135406494 -0.120666504 -0.051544189 -0.033538818 -0.158050537 -0.026855469
0.030059814 0.088043213 0.096923828 -0.059417725 0.114959717 0.011016846 0.060363770 0.028320312
0.088653564 0.096282959 -0.019104004 0.020843506 -0.096099854 -0.035247803 0.009948730 -0.141052246
0.025146484 -0.171539307 0.001037598 0.081512451 0.098724365 -0.042999268 -0.038024902 0.153686523
0.051330566 0.068359375 0.033203125 0.055145264 -0.111846924 -0.079040527 0.029022217 -0.062835693
0.020202637 0.115966797 0.103973389 0.054595947 -0.092132568 -0.151092529 0.044616699 -0.009918213
0.172027588 -0.047027588 -0.063293457 -0.021575928 0.002166748 -0.135253906 0.095825195 -0.094879150
0.018066406 -0.064422607 0.072753906 0.016418457 -0.181274414 -0.028991699 -0.109344482 0.044525146
-0.152832031 0.015655518 -0.137817383 -0.007446289 -0.067047119 -0.143035889 -0.035217285 -0.017425537
0.034820557 0.050476074 -0.046508789 0.000244141 0.005401611 0.036376953 0.034362793 -0.041198730
-0.115325928 0.016693115 -0.041290283 -0.063659668 0.177520752 -0.104675293 -0.132293701 0.080718994
0.050018311 0.098937988 -0.043853760 0.000457764 0.081024170 0.168579102 0.148742676 0.087921143
0.162811279 0.074401855 0.090148926 -0.014892578 0.025939941 -0.047607422 0.122680664 0.087066650
0.231964111 0.000854492 0.036529541 -0.202117920 -0.077392578 -0.112518311 0.125549316 -0.026672363
-0.031188965 -0.002197266 0.054656982 -0.072143555 -0.057495117 0.124053955 0.112487793 -0.069671631
0.051177979 0.005981445 0.027191162 -0.091339111 -0.022766113 0.050415039 0.125152588 -0.039581299
-0.024169922 -0.054748535 0.145721436 -0.110168457 -0.004211426 0.026153564 0.042144775 0.111785889
0.239196777 0.084777832 0.036926270 -0.035827637 0.017272949 -0.161865234 -0.167022705 -0.018737793
-0.029052734 -0.096496582 -0.082122803 -0.029968262 -0.081756592 -0.012908936 0.155578613 -0.058715820
0.026336670 0.110015869 -0.152191162 0.022155762 -0.043060303 0.017974854 0.012512207 0.091033936
-0.050354004 0.113403320 -0.075775146 -0.050537109 0.052886963 -0.002471924 -0.059417725 -0.171691895
0.043457031 -0.115936279 0.045349121 -0.015441895 -0.123229980 0.085174561 0.002502441 0.166198730
0.041564941 -0.081848145 0.138153076 0.003997803 0.058868408 -0.077209473 0.095611572 -0.013183594
-0.058898926 0.101043701 -0.027526855 0.127288818 0.126892090 0.060791016 0.033996582 -0.089721680
-0.175384521 -0.075805664 0.224853516 -0.114990234 -0.057952881 -0.130828857 0.119598389 0.009185791
0.232269287 -0.089782715 -0.215362549 -0.093933105 0.014984131 -0.073120117 0.065917969 -0.002685547
0.055145264 0.031860352 -0.040954590 0.045166016 -0.081970215 0.063842773 0.131378174 0.030792236
-0.096130371 -0.050994873 0.157257080 0.207611084 -0.034667969 0.008544922 0.031433105 -0.005523682
0.043640137 0.019439697 0.051849365 -0.057647705 0.033843994 0.005767822 -0.026550293 -0.098937988
-0.048980713 0.037017822 0.011322021 0.036651611 0.028656006 -0.032836914 -0.053314209 0.078704834
0.047973633 0.055664062 0.014495850 0.165893555 -0.064086914 0.050384521 0.132476807 -0.021301270
0.086883545 0.239013672 0.020355225 -0.112365723 -0.082855225 -0.122619629 0.175720215 0.018768311
-0.129547119 -0.052307129 -0.108245850 -0.030059814 -0.088470459 0.016052246 0.069580078 0.031341553
-0.066406250 0.116241455 -0.110382080 0.030975342 0.086425781 -0.017333984 0.036376953 0.010559082
-0.151947021 0.089294434 0.045959473 -0.023529053 -0.002777100 -0.053192139 0.189849854 0.051452637
-0.144439697 0.108642578 -0.131469727 0.033203125 -0.061553955 -0.163574219 0.215881348 0.131652832
0.060180664 0.100860596 0.155639648 0.066589355 0.034027100 -0.087158203 0.141021729 -0.066314697
0.042785645 -0.040313721 0.046661377 0.038543701 -0.131164551 0.051300049 0.052673340 0.147979736
-0.059143066 -0.017517090 0.065124512 -0.026641846 0.024291992 0.022827148 0.198242188 -0.014862061
0.018646240 0.121826172 -0.003143311 -0.059417725 0.157470703 0.075317383 -0.050689697 0.128570557
-0.104034424 0.091217041 -0.090454102 0.083435059 0.116729736 -0.038940430 0.182617188 0.024963379
-0.076934814 0.045532227 -0.101257324 0.073669434 -0.022827148 0.021118164 -0.102050781 -0.088012695
0.112762451 0.135131836 0.000457764 -0.009887695 0.077545166 0.112640381 -0.089599609 -0.096862793
-0.172485352 -0.046783447 0.137634277 -0.038818359 0.154235840 0.078338623 -0.043609619 -0.128143311
0.009643555 -0.166687012 0.113220215 -0.049255371 -0.051940918 -0.115692139 0.097778320 0.058380127
0.004302979 -0.035797119 -0.019256592 0.028472900 0.210510254 0.009399414 0.015930176 -0.016998291
0.116088867 0.109069824 -0.101715088 0.046783447 0.111389160 0.104187012 -0.037322998 -0.050933838
0.018829346 0.105651855 -0.028167725 0.037048340 -0.024230957 0.073974609 -0.059295654 0.049743652
0.027130127 0.188018799 -0.070281982 0.083709717 -0.074371338 -0.028503418 -0.121398926 -0.042449951
-0.085754395 0.080627441 0.171875000 -0.075347900 0.035552979 0.112945557 0.009185791 0.038696289
-0.010681152 -0.024047852 0.072326660 0.058258057 0.123809814 -0.022033691 -0.115539551 0.030242920
0.033599854 0.111785889 0.042633057 0.028625488 -0.102722168 0.190246582 -0.125915527 0.025115967
-0.107696533 0.072113037 0.226440430 0.046051025 -0.041961670 0.036895752 -0.024108887 0.021179199
0.114624023 -0.052398682 0.012847900 0.010406494 0.157714844 -0.034912109 -0.067810059 -0.060974121
0.135925293 0.005157471 -0.089599609 0.045501709 0.041229248 -0.019287109 0.003845215 -0.139739990
-0.010009766 -0.133453369 0.140045166 0.047485352 0.025451660 0.041900635 0.091522217 -0.089874268
0.080200195 -0.112060547 -0.003906250 -0.108886719 -0.187866211 0.111877441 0.013763428 0.059692383
0.029937744 0.064056396 0.100372314 0.059020996 0.049072266 0.096374512 0.143615723 0.070495605
0.133331299 0.083221436 0.047790527 0.003356934 -0.027465820 0.088409424 0.155059814 -0.023742676
-0.012542725 0.091522217 0.071655273 -0.067291260 -0.055572510 0.046173096 -0.084625244 0.050811768
-0.062561035 -0.074371338 0.146057129 0.031616211 0.087219238 0.014160156 -0.014495850 0.034576416
0.048431396 -0.091003418 0.072753906 0.106170654 0.078765869 0.024353027 0.029235840 -0.014465332
-0.043914795 -0.002105713 -0.039459229 0.014678955 0.007263184 0.024871826 0.146301270 0.024230957
-0.028411865 -0.011016846 -0.120971680 0.030426025 0.036987305 -0.111785889 0.084197998 0.013824463
-0.043243408 -0.073516846 0.091796875 0.057434082 -0.211761475 0.051879883 0.099884033 0.117248535
0.081573486 -0.092559814 -0.012023926 0.032165527 -0.153961182 0.078338623 0.014099121 -0.091308594
-0.027679443 0.025634766 0.036346436 -0.013122559 0.031066895 0.069915771 -0.049835205 0.016998291
0.006530762 0.084411621 0.013763428 0.008239746 0.138397217 -0.108734131 0.041992188 -0.123046875
0.016937256 -0.001586914 -0.018188477 -0.033111572 -0.031555176 -0.035064697 0.072204590 0.052856445
0.074310303 0.105133057 0.097625732 0.131500244 -0.116088867 0.058593750 0.020782471 0.112487793
0.161071777 0.068878174 -0.112487793 0.026641846 0.063232422 -0.156433105 -0.071044922 -0.047515869
-0.201263428 0.072326660 0.015594482 -0.053039551 -0.036407471 -0.167755127 -0.004119873 -0.146118164
-0.127288818 0.039611816 0.035308838 -0.046844482 0.084564209 0.019531250 -0.084228516 0.014190674
0.042419434 0.035888672 0.004608154 -0.136688232 0.083312988 0.111846924 0.090637207 0.139434814
0.040985107 0.065795898 0.044830322 -0.184112549 -0.000091553 -0.169433594 -0.074188232 -0.023559570
0.077819824 -0.007934570 0.013153076 0.111999512 -0.055969238 -0.058929443 0.098358154 -0.012695312
-0.014312744 -0.114959717 -0.030242920 -0.140472412 -0.111541748 -0.093597412 -0.018005371 -0.204254150
0.053649902 0.101867676 0.016754150 0.021270752 0.025817871 -0.026550293 -0.066101074 0.160919189
-0.089202881 -0.160003662 0.015533447 0.130218506 0.009948730 0.193450928 0.047485352 0.071777344
-0.159393311 0.065521240 -0.013092041 -0.063690186 0.141815186 -0.070037842 -0.134155273 0.053405762
0.161865234 0.093719482 0.038726807 0.161956787 0.127288818 0.254455566 0.127075195 0.057739258
-0.001617432 -0.104339600 0.107940674 -0.180786133 -0.084747314 -0.113250732 -0.041168213 -0.087127686
0.039001465 0.055877686 -0.013336182 0.016662598 0.103363037 0.006072998 -0.025848389 -0.011993408
0.069091797 -0.032470703 -0.006683350 0.037445068 0.062164307 -0.079162598 0.147247314 -0.105194092
0.006042480 0.082061768 0.032196045 -0.091766357 -0.139373779 0.069610596 0.073364258 -0.086822510
-0.086364746 -0.098480225 0.062103271 -0.056091309 0.082519531 0.019836426 -0.059448242 -0.000335693
0.045349121 -0.017456055 0.135375977 -0.054443359 -0.103668213 -0.093414307 -0.112579346 0.185638428
-0.138061523 -0.056549072 -0.203094482 0.122100830 0.034423828 -0.060211182 -0.078826904 0.060913086
0.017547607 -0.005554199 0.093383789 -0.017395020 0.207092285 -0.127746582 -0.091613770 -0.106781006
-0.051055908 0.041870117 -0.078857422 -0.079498291 0.089111328 0.094604492 0.059936523 -0.021362305
-0.016479492 0.009368896 0.022247314 0.039031982 0.084228516 -0.041778564 -0.074981689 0.055267334
0.166107178 0.016693115 0.026397705 0.074493408 -0.123809814 0.110015869 -0.026275635 -0.170715332
-0.013092041 -0.031646729 0.002563477 0.033538818 -0.023681641 0.011505127 0.022583008 0.061950684
0.021453857 0.018524170 -0.019042969 -0.192810059 0.307678223 0.012054443 0.107452393 0.038421631
-0.087890625 0.138854980 -0.114562988 -0.035308838 0.034332275 0.081298828 -0.004913330 -0.115325928
0.022155762 0.043182373 0.133148193 -0.133026123 0.105560303 -0.016113281 0.036376953 -0.162963867
0.054260254 -0.225524902 -0.078521729 0.090850830 -0.116821289 0.152893066 -0.053497314 0.030395508
-0.010498047 -0.215026855 -0.063415527 -0.048767090 -0.006713867 -0.044586182 0.012512207 -0.146942139
0.007110596 -0.169342041 -0.036560059 -0.004058838 -0.007385254 -0.227508545 -0.010437012 -0.035400391
-0.108795166 0.121948242 0.058532715 0.138732910 0.017303467 -0.056457520 0.113159180 -0.006011963
0.035644531 -0.046417236 0.126037598 0.084564209 0.080535889 0.038421631 0.038146973 -0.005554199
0.081726074 0.035034180 -0.011322021 0.031982422 0.024047852 -0.025970459 0.130798340 0.072296143
0.109649658 0.133331299 -0.010711670 -0.032501221 -0.077423096 0.038757324 0.064392090 0.128906250
0.024414062 -0.074859619 0.033172607 0.086486816 -0.062072754 0.058990479 0.085144043 0.034423828
-0.071899414 0.175079346 0.080444336 0.013092041 0.183532715 0.139038086 0.191040039 0.049560547
-0.144134521 0.091003418 -0.177795410 -0.058166504 -0.017303467 -0.058105469 -0.022491455 0.095611572
-0.146362305 0.039672852 0.024902344 -0.031616211 0.073455811 0.190216064 -0.087921143 0.147857666
-0.045867920 -0.001373291 -0.044982910 -0.038787842 -0.020294189 0.110809326 -0.102752686 -0.049865723
-0.169036865 0.078430176 -0.098754883 -0.026153564 0.041931152 -0.033630371 -0.020843506 0.018798828
0.075958252 -0.006225586 0.003723145 0.058654785 0.017333984 -0.020904541 0.114044189 -0.010345459
-0.109893799 -0.115509033 0.009521484 0.001281738 0.043518066 0.065093994 -0.017486572 -0.094085693
0.154846191 0.135009766 0.103057861 0.101715088 -0.018310547 -0.097259521 0.002868652 0.119293213
-0.022094727 -0.067626953 -0.050689697 0.064697266 0.006866455 -0.038269043 -0.043823242 0.009063721
-0.167602539 0.145935059 0.106109619 0.117950439 -0.088958740 0.003143311 -0.040802002 -0.022186279
0.025177002 -0.009460449 0.113800049 0.090972900 -0.210632324 0.067352295 -0.105285645 -0.065429688
0.022735596 -0.025695801 -0.077209473 -0.093841553 -0.041290283 -0.016693115 0.014129639 0.084533691
-0.057464600 -0.207702637 0.003967285 -0.065643311 0.085937500 -0.058563232 -0.075469971 -0.144927979
0.200958252 0.015014648 -0.132110596 -0.082733154 0.207946777 -0.043334961 0.050079346 -0.166778564
0.003936768 0.101654053 -0.025299072 -0.117126465 0.130432129 -0.040893555 0.277221680 -0.071472168
0.069671631 0.038421631 -0.020446777 -0.093627930 -0.142303467 -0.086975098 0.073791504 -0.019500732
-0.012542725 -0.053771973 0.091674805 -0.045440674 -0.110717773 0.013031006 0.012878418 0.014923096
0.066619873 -0.094268799 -0.106628418 -0.010009766 0.107696533 0.107238770 -0.052307129 -0.052185059
-0.108489990 -0.107147217 -0.067840576 0.122528076 -0.153930664 0.044982910 -0.136596680 -0.079040527
0.070587158 0.048034668 0.049865723 -0.061889648 -0.051086426 -0.032226562 0.110198975 0.170989990
0.069763184 0.113525391 0.007720947 -0.121765137 -0.117950439 0.068389893 -0.001434326 0.008636475
-0.081909180 0.044281006 0.018066406 -0.046752930 0.122711182 0.021179199 0.075897217 0.128479004
-0.032684326 -0.037689209 -0.051666260 -0.033386230 0.012786865 0.049804688 -0.112243652 0.030487061
-0.049438477 -0.042480469 -0.028900146 0.041961670 0.005798340 -0.045227051 -0.029235840 0.139953613
-0.126586914 0.019836426 -0.026336670 0.178192139 -0.009887695 0.069610596 -0.088104248 0.026031494
-0.018310547 0.009429932 -0.005432129 0.015441895 0.045349121 -0.015716553 -0.065063477 0.023132324
-0.019989014 0.059997559 -0.113922119 -0.121490479 0.198059082 -0.018554688 0.002288818 -0.018463135
0.034606934 0.091430664 -0.039855957 -0.093109131 0.000213623 0.003906250 -0.077575684 -0.068176270
-0.020507812 -0.020538330 -0.064544678 -0.056701660 -0.031707764 -0.142059326 -0.008880615 0.004028320
-0.089141846 -0.047607422 -0.121002197 -0.049316406 0.156341553 -0.257812500 -0.072601318 -0.016326904
-0.219055176 -0.015716553 0.083404541 -0.106353760 -0.037506104 0.009979248 0.039703369 0.011535645
