  720899   786460
       0        0
       0        0
       0        0
       0 269746176
       0        0
       0        0
       0        0
100663303 620769792
       0        0
       0        0
       0        0
1174406656       10
       0        0
       0        0
       0        0
    2564  1966118
       0        0
       0        0
       0        0
   10240        0
       0        0
       0        0
       0        0
1107296256  4653056
       0        0
       0        0
       0        0
754984192 50344704
       0        0
       0        0
       0        0
    1845 1040189184
       0        0
       0        0
       0        0
      15     3874
       0        0
       0        0
       0        0
553652789  1643264
       0        0
       0        0
       0        0
386532375  1118976
       0        0
       0        0
       0        0
    7680  1119515
       0        0
       0        0
       0        0
  919560  2555950
       0        0
       0        0
       0        0
       0       70
       0        0
       0        0
       0        0
       8        0
       0        0
       0        0
       0        0
       0        0
       0        0
       0        0
       0        0
       0        0
       0        0
       0        0
       0        0
       0        0
       0        0
       0        0
       0        0
       0        0
       0        0
       0        0
       0        0
       0        0
       0        0
       0        0
       0        0
       0        0
       0        0
       0        0
       0        0
       0        0
       0        0
       0        0
       0        0
       0        0
       0        0
       0        0
       0        0
       0        0
       0        0
       0        0
       0        0
       0        0
       0        0
       0        0
       0        0
       0        0
       0        0
       0        0
       0        0
       0        0
       0        0
       0        0
       0        0
       0        0
       0        0
       0        0
       0        0
       0        0
       0        0
       0        0
       0        0
       0        0
       0        0
       0        0
       0        0
       0        0
       0        0
       0        0
       0        0
