2415853568
1148038559
-1002385242
-1035812146
-1005968128
1145910848
1140396981
-1026094460
1144088972
1092781857
-999539948
1133375186
1130311477
1141027334
-1003235032
1146966562
-1016553483
-1038837064
-1017698317
1148662199
-1007023837
1141836556
1147313711
-1040841792
-1047371222
-1003194729
1133844953
1133769318
1139891376
1143603045
1148818907
1134224183
1139621700
1147489382
1131895267
-1005835763
-1002023030
1141616406
1134495640
-1003155895
-1016885891
1127592406
1135303817
-999690104
-1012399942
1138162050
1136827973
1085507673
1147982618
1136840119
-1014476110
-1026643184
1115881306
1145640647
1147919871
1132499126
1137743736
-1006334482
-1015825963
-1006893051
1145969227
-1008643954
-1000034848
-1030288004
-1038248907
-1014902898
1135126086
-1027386747
-998825807
-1001994472
-1011421831
1129803775
1138244863
1148064880
-1016645715
-1000595512
1147645624
-1023614391
1112499756
1142880378
-1003991196
-1006472789
-1034582202
1142163834
-1006403135
1105638178
-1002864159
1145687527
-1011774257
-1017251804
-999318997
1142373127
1148783278
1144023213
1120059138
-1005766030
1112260512
-1104184041
-1075773090
-1090589441
-1085181932
-1082049724
1067444854
1058256910
1058603180
-1085211116
-1083873980
1069058216
1069239200
1065100661
1071086928
1071157994
1058414045
-1074162167
-1075284346
1058826807
-1093978793
-1077770793
-1089867749
1060558556
-1092525207
-1083452089
1072355586
-1074341378
1068941792
1036808213
1051052896
1067455488
1073392170
-1095736950
-1077012290
-1088540968
1058224311
-1098250421
1044293395
-1074681741
-1077880002
-1079004105
1036274131
-1087795850
-1098752055
-1079638777
1067175772
-1079374316
1065459399
-1081913074
-1089484044
-1077816747
1068200555
-1094593090
-1086090300
1066562994
-1076933826
-1079320690
1049228466
-1073818423
1064102302
1053626211
-1098552165
1067650268
1053705695
-1075115633
1071071189
1071349380
1058202622
-1092312727
-1087442643
-1086468905
1068457189
1066668585
-1075314556
1070617931
1059788586
1071883312
1063665290
-1084268712
-1075800369
1063914251
-1079440530
1069201521
-1086694183
1069079923
1065368778
-1092190488
1070914890
1058013385
1048209876
-1077302094
1069161964
1066361194
-1087618115
-1081874235
1069308932
1147568255
1134041951
1133183314
1147285257
1133614432
1130240113
1134209781
1143496129
1101853337
1125765375
1121836223
1141036240
1112352083
1147545992
1139419117
1142541747
1128836353
1143862959
1103090985
1117586920
1147414542
1129778353
1140140403
1141032778
1127833199
1142120402
1132635085
1143205478
1132502602
1138245699
1140482367
TLAST
1100682930
2415853569
1141981696
-1003431050
-1015670185
-1013309399
1140368242
1147471744
-1003083519
1145795452
1137405215
1122210253
-1003439698
1124687812
1147285681
-1026243561
1122321653
1144813131
1127891961
1133798392
-1005221499
1144156452
-1038413362
1130024017
-1002639510
-1015429173
-1008497038
1116249159
-1008542168
1125750503
-1007596865
1129813420
-1013891546
-1007755405
1143900976
-1003965850
-1001763857
1140159269
-1009923190
1118867956
1138159114
-1007093567
-999167631
-998769072
-999711499
1144302113
1133631010
-1024209185
-1030382364
1137962440
1140481631
-1013352065
-1013561942
1138239146
-999807330
1135700526
1141147542
-1011936404
-999996241
1144089790
-1004348202
-1007000759
1143187607
-1014786761
-1013192040
1103539075
-999462065
-1003485109
1142612028
1147595513
-1000019115
-1010506248
1145123781
1080621826
1142270258
-999094438
1145845897
1144331151
-1000623604
1143203740
1147166502
1128930629
-1000427138
-1005156739
-1003124635
-1032796879
1126910666
1147281038
-1006165380
1108671787
-1020175842
-1023364768
1136362623
-1000710984
1141447975
-999951520
-1001609209
-1016142852
-1106034785
1071949759
-1104216972
-1078314106
-1109764861
-1087582037
-1103758097
1054903885
-1114041925
1054966380
1053215338
-1081556022
-1084165554
-1075278306
1068903164
1048380961
-1084113111
1049512035
1070404836
-1083482724
1064644196
-1100968540
-1098001078
1061646785
-1075561072
-1108982038
1059571463
1059605617
-1097628401
-1091001357
-1086279122
1055581667
-1082805044
1072267111
-1084786747
-1077284846
1049747734
1058729901
1071582089
1056067350
-1084911825
1068489746
1043950322
-1079176898
1045841933
1051505018
1070986823
-1080774972
1055000911
-1078994097
1059744910
1018044314
-1084574869
1067335328
1070980809
1065335787
1072273679
1072633104
-1084140455
1032913240
1054719555
-1105733519
-1088134190
-1082535075
1068053029
-1075388310
1064786771
1056174480
-1078886126
1033642489
1066274772
-1082618619
1064724770
-1086324876
-1084222405
-1102192498
-1078375668
1071412055
-1077688837
-1087162842
-1090044619
-1076604614
1068047339
1069981989
-1089267288
-1079761788
-1102622220
1070961155
1059535852
1068568899
1067944051
-1088903914
1070733696
1071943759
1070317888
-1102052143
1121537667
1118888522
1138831192
1141268860
1148465533
1135376641
1127406328
1148308567
1141237373
1148234241
1135598277
1117056293
1138950432
1148500479
1116673407
1139665189
1146368786
1129512088
1145440829
1115770148
1134386154
1126870121
1148425847
1142404763
1133213124
1147576011
1141536734
1135741119
1144073736
1143521103
1148227461
TLAST
1114955797
2415853570
-1001096253
1139807640
-1021324045
-1002973894
-1000691528
1144446219
-1010900756
1121795672
-1040043658
1143613570
1088967439
-1021251079
-1001296718
-1010267603
1143489769
1146027362
-1003431475
-1005474938
1128705598
1146287445
-1001752912
1144435799
-999577128
-1006430498
-1012589891
1146208857
-1029092021
1143133822
-1000561559
1142095119
-1015283685
1146806184
1139294963
-1015706276
1136327893
1142772987
1137750679
1136602550
-1046790640
1136324722
-1003418313
-1012506643
-999609276
-1020617262
-1022466035
-1016729254
1131779918
-1019065193
-1006396041
1130968214
1140949429
1143268777
1145258688
1143192518
-1002415064
1139056179
1130621930
-1021485741
1092144904
-999768616
-1031154784
-1034426601
1146923173
-1011314312
-1008654868
1143512811
-1006950908
-1045861847
-1001755514
-998770352
1134824432
-1019794174
-1005207871
-1009209596
-1000028609
1118267447
1143021597
1107793182
1143630255
1129455803
1148486545
-1001513166
1136531256
-999096512
1133412308
-1013552734
1109410501
-1003209667
1128975954
-1003635124
1129418859
-999142478
1144306442
-1002559383
-1007238245
-1003847486
-1075008675
-1074167746
1070441359
1064480718
1059962981
-1101856663
-1093089918
1068854647
-1088921990
1068575015
1066448100
1062581282
-1084132748
-1155645936
1041511560
-1088732145
-1077495978
-1075831439
1071321350
-1074569992
1070691977
1062687186
-1086673471
-1113967988
-1112963507
-1081392350
-1091430896
1064096629
-1110503632
1033966396
-1099046374
-1089959945
-1089177951
1061754446
1024884482
-1076769006
-1108151397
1052558139
1049728181
1064024403
-1082126555
-1098403380
1058462119
-1085606932
-1074446002
1057509073
-1077887967
1058287223
-1096078124
-1075870108
-1074467241
-1079467691
1068754459
1064883741
-1080940516
1073271246
1038081894
1051304273
1026079694
-1090758064
-1074942301
-1118140610
1056057132
-1088577582
1059311666
1067044595
-1075202705
1063528649
1053393877
-1082777578
-1078901129
-1080365398
1070758557
-1078333265
1044467186
-1087535729
-1073815186
-1083489293
-1086135212
-1077983604
1058144017
1027202852
1067781920
1073535848
1073526641
1067339521
-1076259485
-1089968212
-1093289393
-1108176027
-1082985199
-1074945752
-1076360616
-1079039476
-1099996442
-1087312591
1146834896
1143141815
1125747576
1137429845
1113816528
1146724526
1120431975
1130055478
1144073089
1144929660
1129908366
1125860558
1103717690
1117767043
1146918543
1127423804
1137297949
1145078340
1148568832
1146757318
1147580913
1146093467
1135504742
1142901492
1144050333
1137600011
1142347624
1148368742
1134776145
1147543962
1148638564
TLAST
1142078664
2415853571
1145633596
-1023102242
1115330539
1146113549
-1002019118
-1004543908
-1002089614
1143116784
-1000237312
1135396999
1137971042
1144885289
1129205138
1145467029
1146028855
1092732802
1146430640
-1022795562
1135900897
1132296399
1145660624
1141189129
1145728062
-1004762133
1125255652
1145273500
1133549649
1146469532
-1000240462
1105999172
1146192599
1133629801
1140885103
-1046456239
-1004309562
-1007082803
-1014342123
1134144997
-1009152935
-999584989
-1005653430
1129442660
-1067350925
-1008367619
1148577767
-1023273017
1142927561
1137556411
1145199775
1138885374
1133618504
1147067341
-1007260606
-1015420346
1144419463
1145195543
-1005555790
-1020702285
-1053583220
1134217268
1144861314
-1005770851
1143042735
1146817186
-1005294220
-1005790168
1143222439
1139385164
-1004104415
-1003513051
-998695782
1102593145
1134163707
1145363333
-1007752216
1143879698
-1015208237
1128226884
1145628775
-1012662345
-1012141917
-1006351303
1140905323
-1045747828
-1009850406
-998836486
-1007415592
1141041783
-1004917643
1127785399
-1034811443
-1009680815
1132650049
1140796162
1146180398
-1007221617
-1081425729
1053514356
-1092100398
-1096313081
1071907247
-1088196254
-1087517754
1058727953
-1078455983
-1100132438
-1093857415
1059991419
1055549429
1069873749
-1080676390
-1076393205
1038162375
-1089217344
-1085125560
1055549281
-1084082216
1068782854
1071845631
-1080210315
1061923478
1067534874
1055640814
-1077860093
1071784910
-1084495279
1064004234
-1086995557
1068786428
1073287159
1033250461
-1080186259
1072350771
-1075366772
-1091139006
-1105036488
-1103076051
1068676597
1064412073
1070300641
-1097959787
-1075258392
1068482239
1065553454
1068581122
-1075904088
1068698574
1039491532
1056997320
-1086108801
-1075088224
-1076225960
1073114052
1065671826
1068138835
1071325118
1065833069
-1092324712
1070376724
1049643410
1060783024
1065879359
-1127986306
-1076164084
-1078358772
-1090056738
-1076938487
-1077630272
1073044116
-1083563377
-1079347250
-1074234316
1072835517
-1081848046
-1101635318
1069004449
-1080393138
1063928975
1041918873
-1102758077
1068917710
-1082261845
-1094717975
1073436671
1065684617
-1078670600
-1081972221
1049700929
-1075775744
1069491454
-1076622175
-1076828939
1147454234
1144646318
1144237943
1122126369
1144689140
1127412926
1144864829
1114578599
1146814868
1127933862
1146522066
1147134343
1120722874
1122478184
1148438232
1148587482
1119917372
1142882453
1136174451
1114367092
1146417530
1143334217
1114779726
1138927655
1137403476
1148600206
1148756809
1130535770
1144964371
1143320352
1138305385
TLAST
1141895557
