2415853568
-3.111655578613281250e+02
-9.061103515625000000e+02
-9.567448120117187500e+02
-1.993968811035156250e+02
-6.241782836914062500e+02
7.001452636718750000e+02
9.273862304687500000e+02
-4.255074462890625000e+02
4.317795715332031250e+02
-2.670256042480468750e+02
7.265105590820312500e+02
-1.138924331665039062e+02
8.793432006835937500e+02
3.178087463378906250e+02
-7.861751098632812500e+02
-7.457698364257812500e+02
-1.794745788574218750e+02
1.495534820556640625e+02
4.306678390502929688e+01
7.253056030273437500e+02
-9.897343139648437500e+02
-7.593338623046875000e+02
-3.575140686035156250e+02
6.998162841796875000e+02
-9.920221557617187500e+02
6.668446350097656250e+01
-9.981963500976562500e+02
8.119586944580078125e+01
-4.137142562866210938e+01
-7.373447875976562500e+02
1.690105743408203125e+02
2.402713775634765625e+02
4.329573669433593750e+02
5.694458618164062500e+02
1.775061950683593750e+02
-3.671551513671875000e+02
7.947045898437500000e+02
-4.603973083496093750e+02
3.070104675292968750e+02
2.967732543945312500e+02
2.790762329101562500e+02
9.569242095947265625e+01
4.659332885742187500e+02
8.093816528320312500e+02
-8.884812622070312500e+02
5.467230834960937500e+02
-1.125573577880859375e+02
-1.302284240722656250e+02
4.581262817382812500e+02
-6.701958618164062500e+02
-7.331010742187500000e+02
3.823802795410156250e+02
4.928863525390625000e+02
-7.899634399414062500e+02
5.931605834960937500e+02
3.776380157470703125e+01
-3.973069000244140625e+01
5.401141357421875000e+02
6.901885375976562500e+02
2.840858459472656250e+02
4.563817138671875000e+02
-1.012056121826171875e+02
5.733057022094726562e+01
3.561236877441406250e+02
2.684198303222656250e+02
1.524545593261718750e+02
9.298040161132812500e+02
7.966100463867187500e+02
-4.841832885742187500e+02
-2.077750396728515625e+02
4.753941955566406250e+02
9.172572631835937500e+02
6.095336303710937500e+02
-7.901808471679687500e+02
-3.077757873535156250e+02
-8.410893554687500000e+02
-7.346618041992187500e+02
-2.458727264404296875e+01
-8.105065917968750000e+02
-6.359072265625000000e+02
9.778710937500000000e+02
4.218143920898437500e+02
-4.196794433593750000e+02
7.012368774414062500e+02
4.307024841308593750e+02
1.026698150634765625e+02
3.522684936523437500e+02
1.610702209472656250e+02
-6.378971557617187500e+02
7.994602050781250000e+02
5.629650268554687500e+02
-3.219223022460937500e+02
-5.267775268554687500e+02
6.440128784179687500e+02
5.484742431640625000e+02
-6.577052612304687500e+02
3.118805959820747375e-02
-1.650324225425720215e+00
1.819520711898803711e+00
9.636002779006958008e-01
-1.800966143608093262e+00
1.247639060020446777e+00
-9.666060209274291992e-01
3.999841213226318359e-02
1.563254475593566895e+00
-1.049062132835388184e+00
1.722630023956298828e+00
-1.979926109313964844e+00
1.204397082328796387e+00
-1.745324015617370605e+00
-1.896597295999526978e-01
-3.112682998180389404e-01
-1.938082218170166016e+00
-7.807543873786926270e-02
1.389814257621765137e+00
4.189300239086151123e-01
-7.992824316024780273e-01
1.897967219352722168e+00
1.900707125663757324e+00
-8.649482131004333496e-01
1.918258309364318848e+00
-4.141062498092651367e-01
-5.649102330207824707e-01
5.102339759469032288e-02
7.740297317504882812e-01
1.908718466758728027e+00
-8.770927190780639648e-01
-1.626542329788208008e+00
3.554372787475585938e-01
-1.862840890884399414e+00
1.919737458229064941e+00
-1.629277467727661133e+00
-1.676682233810424805e+00
-1.959555268287658691e+00
-2.841601371765136719e-01
-8.815201520919799805e-01
-2.989559471607208252e-01
-1.332858949899673462e-01
1.841546773910522461e+00
-1.363536953926086426e+00
-9.800608754158020020e-01
-5.786159634590148926e-01
-8.162097930908203125e-01
-6.724438667297363281e-01
-5.283470153808593750e-01
1.485620856285095215e+00
-1.328116059303283691e+00
-2.975752055644989014e-01
-1.505893468856811523e+00
5.865739583969116211e-01
9.452399611473083496e-01
-1.251158833503723145e+00
-1.948962688446044922e+00
-1.009078264236450195e+00
5.942358374595642090e-01
-6.269162148237228394e-02
-4.867250025272369385e-01
1.756331324577331543e+00
1.811933279037475586e+00
-6.194513440132141113e-01
1.113708972930908203e+00
-5.692830681800842285e-01
7.189395278692245483e-02
-5.283136963844299316e-01
9.254654496908187866e-02
4.051738381385803223e-01
6.192102283239364624e-02
1.439986586570739746e+00
1.209203124046325684e+00
8.537548184394836426e-01
1.088497757911682129e+00
-8.198590278625488281e-01
1.409999847412109375e+00
-1.881342649459838867e+00
1.755518078804016113e+00
-1.157508611679077148e+00
1.133105874061584473e+00
1.518388152122497559e+00
-1.055805921554565430e+00
-1.851112723350524902e+00
-1.805618524551391602e+00
1.810988426208496094e+00
-1.838642477989196777e+00
2.629045546054840088e-01
1.116339802742004395e+00
1.804323792457580566e+00
9.566460847854614258e-01
1.947458833456039429e-01
-4.694860577583312988e-01
-1.040508821606636047e-01
-3.985176980495452881e-01
-1.088376879692077637e+00
9.609069824218750000e+01
1.621834411621093750e+02
6.942391357421875000e+02
1.397635040283203125e+02
2.666258850097656250e+02
8.031758422851562500e+02
3.006117858886718750e+02
5.970165405273437500e+02
5.728123168945312500e+02
2.654434814453125000e+02
2.487342834472656250e+02
2.896754760742187500e+02
8.759400634765625000e+02
1.875814628601074219e+01
9.163641357421875000e+01
3.412099609375000000e+02
2.203016510009765625e+02
5.628574218750000000e+02
5.394611206054687500e+02
4.953619995117187500e+02
3.007530822753906250e+02
5.114487304687500000e+02
7.862285156250000000e+02
8.125055541992187500e+02
5.328408813476562500e+02
8.063352050781250000e+02
3.427547836303710938e+01
1.540661163330078125e+02
7.481849975585937500e+02
3.848699035644531250e+02
3.178984985351562500e+02
TLAST
5.720087890625000000e+02
2415853569
-9.455693054199218750e+01
5.954771118164062500e+02
-8.798945922851562500e+02
-3.466617431640625000e+02
-3.955991744995117188e+01
-3.412988281250000000e+02
-7.581018066406250000e+02
-7.707286987304687500e+02
5.477147827148437500e+02
-4.658297119140625000e+02
3.268621826171875000e+02
6.933313598632812500e+02
-4.163515625000000000e+02
-6.264936523437500000e+02
1.466094970703125000e+02
6.018028564453125000e+02
-2.961419372558593750e+02
6.757178344726562500e+02
9.605759887695312500e+02
3.078478088378906250e+02
7.880319213867187500e+02
-8.165329589843750000e+02
-2.421466369628906250e+02
7.316738281250000000e+02
4.595686950683593750e+02
-8.041790161132812500e+02
-5.360233154296875000e+02
-3.366533508300781250e+02
2.531504516601562500e+02
4.949744262695312500e+02
-3.484991455078125000e+01
-9.458359985351562500e+02
5.496848754882812500e+02
-3.830451660156250000e+02
-8.697587890625000000e+02
-9.695971069335937500e+02
-6.716554565429687500e+02
-6.584674072265625000e+02
6.425231323242187500e+02
1.341766204833984375e+02
2.497695465087890625e+02
1.553460955619812012e+00
7.242650146484375000e+02
-9.765620727539062500e+02
-2.084108276367187500e+02
-2.230099487304687500e+02
-8.849773559570312500e+02
-9.803478393554687500e+02
-2.623679199218750000e+02
-6.607545776367187500e+02
-5.333332519531250000e+02
5.049576416015625000e+02
-7.216970825195312500e+02
3.617633056640625000e+02
4.236989498138427734e+00
-1.330341186523437500e+02
-2.416986083984375000e+02
-8.693835449218750000e+02
8.454198608398437500e+02
4.441794128417968750e+02
-6.336462402343750000e+02
-4.657862243652343750e+02
-7.736945800781250000e+02
7.204661865234375000e+02
-2.505055389404296875e+02
7.999207153320312500e+02
1.882072753906250000e+02
-8.983811378479003906e+00
-4.684287109375000000e+02
-3.135566406250000000e+02
8.172313232421875000e+02
-8.023478393554687500e+02
4.260478820800781250e+02
9.320614624023437500e+02
-4.865854644775390625e+01
1.365452270507812500e+02
-4.306621704101562500e+02
-8.721358032226562500e+02
1.579882659912109375e+02
4.196600341796875000e+02
5.682217407226562500e+02
7.943570709228515625e+01
-4.996964111328125000e+02
-6.776637573242187500e+02
-8.637698364257812500e+02
6.830787353515625000e+02
-9.793550491333007812e+00
8.410910034179687500e+02
1.010293273925781250e+02
-3.433945922851562500e+02
7.029121704101562500e+02
-2.017288208007812500e+01
-6.127354125976562500e+02
1.897187232971191406e+01
-3.540002441406250000e+01
8.559682617187500000e+02
-8.290941715240478516e-01
1.298799753189086914e+00
1.294651269912719727e+00
1.177008628845214844e+00
-4.654408097267150879e-01
-3.441259562969207764e-01
-1.565177679061889648e+00
1.284215807914733887e+00
-7.675237059593200684e-01
9.857466220855712891e-01
8.431722223758697510e-02
1.550999045372009277e+00
-6.474257707595825195e-01
2.194019258022308350e-01
-7.298074662685394287e-02
5.492070317268371582e-02
2.242204397916793823e-01
-1.185774922370910645e+00
6.906292438507080078e-01
1.135303020477294922e+00
-9.694941043853759766e-01
7.509554028511047363e-01
1.185552954673767090e+00
3.277701735496520996e-01
-4.200555980205535889e-01
-5.981862545013427734e-01
1.438694477081298828e+00
-1.851497292518615723e+00
1.201732516288757324e+00
1.729831397533416748e-01
-1.091855883598327637e+00
7.364524006843566895e-01
1.121568083763122559e+00
8.517446368932723999e-02
-1.763644069433212280e-01
-6.236134767532348633e-01
1.470344215631484985e-01
5.268852710723876953e-01
1.509111467748880386e-02
-1.265497207641601562e+00
-8.305873870849609375e-01
8.602055907249450684e-01
3.115072250366210938e-01
2.538441494107246399e-02
-1.655789732933044434e+00
1.094125509262084961e+00
-1.682291626930236816e+00
-8.122720122337341309e-01
-4.108985662460327148e-01
-1.858853578567504883e+00
-8.128366470336914062e-01
1.556994557380676270e+00
3.821689188480377197e-01
-1.943083643913269043e+00
-8.663350939750671387e-01
-6.592475771903991699e-01
1.342806816101074219e+00
-9.837420582771301270e-01
-9.992267489433288574e-01
3.094088435173034668e-01
-1.872156023979187012e+00
1.517933487892150879e+00
6.927040219306945801e-01
5.630201697349548340e-01
-6.881946921348571777e-01
-1.751513719558715820e+00
-7.930690646171569824e-01
-5.137702226638793945e-01
1.133122920989990234e+00
1.211804628372192383e+00
1.348038196563720703e+00
1.098072886466979980e+00
-1.644511818885803223e+00
-1.668753921985626221e-01
-3.737209737300872803e-01
-1.626035928726196289e+00
-4.436748847365379333e-02
7.657961249351501465e-01
3.679575622081756592e-01
-2.208968698978424072e-01
-2.232342399656772614e-02
5.010948330163955688e-02
-1.188086271286010742e+00
-1.658096790313720703e+00
-1.545026421546936035e+00
1.714175790548324585e-01
-1.827948927879333496e+00
8.195180296897888184e-01
1.709150910377502441e+00
-3.852082043886184692e-02
-2.415945380926132202e-01
-9.445437192916870117e-01
8.801247477531433105e-01
9.610973298549652100e-02
-7.585744261741638184e-01
5.110049843788146973e-01
3.724205017089843750e+02
9.095299072265625000e+02
3.869712219238281250e+02
8.362492065429687500e+02
6.017637329101562500e+02
9.120187988281250000e+02
4.840535888671875000e+02
9.585140380859375000e+02
5.767096557617187500e+02
2.774429893493652344e+01
7.388708496093750000e+02
8.614008178710937500e+02
9.855001068115234375e+01
9.634430541992187500e+02
5.634260253906250000e+02
7.407019042968750000e+02
2.240013122558593750e+02
9.411824951171875000e+02
6.433284301757812500e+02
5.433186645507812500e+02
9.613901977539062500e+02
5.569687500000000000e+02
5.316683959960937500e+02
4.476696395874023438e+01
5.463889770507812500e+02
7.443609008789062500e+02
3.684032287597656250e+02
6.793259887695312500e+02
5.641077880859375000e+02
2.079750213623046875e+02
5.468139038085937500e+02
TLAST
4.759887390136718750e+02
2415853570
7.450735473632812500e+02
8.626320800781250000e+02
-2.779444274902343750e+02
6.198019409179687500e+02
4.405687713623046875e+01
-4.692683029174804688e+01
8.683969116210937500e+02
-9.838259887695312500e+02
-1.640873565673828125e+02
-5.286549072265625000e+02
-6.355377578735351562e+01
-6.331938171386718750e+01
-6.145411376953125000e+02
1.535189056396484375e+02
-2.191363525390625000e+02
8.718308105468750000e+02
8.722298583984375000e+02
-2.354152221679687500e+02
5.108484497070312500e+02
2.450024414062500000e+02
-2.562627868652343750e+02
-4.747379760742187500e+02
8.452723388671875000e+02
-6.215827636718750000e+02
5.795027465820312500e+02
5.084737243652343750e+02
-5.835427246093750000e+02
-2.541201171875000000e+02
-1.059119110107421875e+02
1.020472124218940735e-01
2.005271453857421875e+02
-3.000542602539062500e+02
-9.744636840820312500e+02
-2.719325866699218750e+02
-5.634444580078125000e+02
-5.985780029296875000e+02
-7.065933837890625000e+02
6.272968750000000000e+02
-3.084955444335937500e+02
-8.813045501708984375e+01
1.735090484619140625e+02
-4.032473144531250000e+02
9.263709259033203125e+01
-8.975430297851562500e+02
-3.693507690429687500e+02
1.614377136230468750e+02
7.910102539062500000e+02
9.400968627929687500e+02
-2.540028381347656250e+02
-2.518491363525390625e+01
9.047635498046875000e+02
-1.308190002441406250e+02
-5.301650238037109375e+01
3.353225708007812500e+02
1.742994232177734375e+02
-6.521019897460937500e+02
8.680686035156250000e+02
-7.548273315429687500e+02
6.280648803710937500e+02
-1.965211868286132812e+01
9.181327514648437500e+02
-1.885808105468750000e+02
3.063828430175781250e+02
9.555964355468750000e+02
8.469983520507812500e+02
-5.274796752929687500e+02
3.232950592041015625e+01
7.245416870117187500e+02
8.079879760742187500e+02
-8.573842773437500000e+02
-2.339739799499511719e+00
9.087755126953125000e+02
-4.759700317382812500e+02
7.628630981445312500e+02
9.813622436523437500e+02
-9.938290405273437500e+02
9.274720001220703125e+01
-5.727326660156250000e+02
-6.515217895507812500e+02
2.822817077636718750e+02
-7.605109863281250000e+02
-6.002962646484375000e+02
-1.781966857910156250e+02
-1.047548065185546875e+02
3.785729064941406250e+02
5.452923583984375000e+02
-5.819238891601562500e+02
1.918205413818359375e+02
4.779350585937500000e+02
1.804757232666015625e+02
9.019887084960937500e+02
-7.821861572265625000e+02
9.351071777343750000e+02
5.732287979125976562e+01
-9.310363159179687500e+02
-8.675953979492187500e+02
-9.680258035659790039e-01
-1.499097943305969238e+00
3.096492290496826172e-01
-2.345909327268600464e-01
-1.330994009971618652e+00
-1.076706051826477051e+00
9.717533737421035767e-02
-9.211933612823486328e-01
1.356250047683715820e+00
-8.695843815803527832e-02
-2.352049350738525391e-01
1.637364745140075684e+00
6.899155974388122559e-01
2.088913470506668091e-01
-7.944649457931518555e-01
-1.483864188194274902e+00
-1.973311066627502441e+00
-9.177892208099365234e-01
-9.868545532226562500e-01
1.246483325958251953e+00
-1.290632724761962891e+00
5.661350488662719727e-01
9.701680541038513184e-01
1.132696986198425293e+00
-1.113967657089233398e+00
-5.135316252708435059e-01
2.708517611026763916e-01
1.927758812904357910e+00
5.784859061241149902e-01
-7.746526002883911133e-01
1.980382680892944336e+00
-1.758718967437744141e+00
1.909121870994567871e+00
3.324663266539573669e-02
-1.025287032127380371e+00
1.938602805137634277e+00
1.657662540674209595e-01
6.560425758361816406e-01
6.591729521751403809e-01
-8.282576203346252441e-01
1.229007005691528320e+00
-1.496831536293029785e+00
-1.214809179306030273e+00
9.824868440628051758e-01
9.524065256118774414e-01
-6.678483486175537109e-01
4.680858850479125977e-01
-1.405383110046386719e+00
-1.771510839462280273e+00
2.799156010150909424e-01
3.960459530353546143e-01
1.902523636817932129e-01
-1.200545191764831543e+00
-5.631125569343566895e-01
1.004130467772483826e-01
3.374997377395629883e-01
1.290951967239379883e-01
-1.602902531623840332e+00
-1.309306740760803223e+00
1.456539511680603027e+00
-7.811024785041809082e-01
-1.516792654991149902e+00
-1.449349761009216309e+00
1.309515476226806641e+00
-5.873541831970214844e-01
-1.199595332145690918e+00
1.128765583038330078e+00
-1.676030397415161133e+00
-9.641995429992675781e-01
-2.493662685155868530e-01
1.874122142791748047e+00
-9.028410315513610840e-01
-3.830592036247253418e-01
-4.794651865959167480e-01
1.904236197471618652e+00
1.885505437850952148e+00
-1.107914373278617859e-01
1.698265552520751953e+00
1.903358221054077148e+00
1.152174949645996094e+00
-1.178986504673957825e-01
3.475135564804077148e-01
4.723504185676574707e-01
6.984962821006774902e-01
-6.892504096031188965e-01
-1.428947210311889648e+00
1.166627883911132812e+00
1.975647211074829102e+00
6.128368973731994629e-01
-3.352603316307067871e-01
-7.494460940361022949e-01
-1.004302263259887695e+00
1.714015364646911621e+00
-6.007141470909118652e-01
1.803888320922851562e+00
3.168520033359527588e-01
3.377196350097656250e+02
6.626351928710937500e+02
6.115377044677734375e+01
3.727714233398437500e+02
4.341093444824218750e+02
9.738676147460937500e+02
6.981993408203125000e+02
6.257886352539062500e+02
1.559445190429687500e+02
4.350924377441406250e+02
3.712351074218750000e+02
9.403975219726562500e+02
4.528176269531250000e+02
8.550999755859375000e+02
6.536118774414062500e+02
8.792869262695312500e+02
3.335444688796997070e+00
9.247882080078125000e+02
9.512937622070312500e+02
1.549355163574218750e+02
6.571067810058593750e+01
3.172833557128906250e+02
5.855554199218750000e+02
5.241313476562500000e+02
4.351226196289062500e+02
9.126771240234375000e+02
5.699766235351562500e+02
9.341367187500000000e+02
5.761543579101562500e+02
1.851801910400390625e+02
9.820787353515625000e+02
TLAST
9.985032348632812500e+02
2415853571
1.966325683593750000e+02
-1.243959732055664062e+02
9.004656982421875000e+02
3.844729309082031250e+02
4.201237106323242188e+01
1.261264038085937500e+02
-7.823003540039062500e+02
-4.489871215820312500e+02
4.115991516113281250e+02
9.692587890625000000e+02
-3.942088012695312500e+02
9.815231323242187500e+02
-2.955626831054687500e+02
-9.235276794433593750e+01
9.488258666992187500e+02
6.521987915039062500e+02
5.448524475097656250e+01
9.652537841796875000e+02
9.735951538085937500e+02
-6.869674682617187500e+02
5.741475830078125000e+02
-4.575865783691406250e+02
-3.932405090332031250e+02
-1.355536041259765625e+02
-4.596161651611328125e+01
-7.292088012695312500e+02
5.277839355468750000e+02
-9.342261352539062500e+02
9.218778076171875000e+02
-4.659834594726562500e+02
4.130752258300781250e+02
6.578395080566406250e+01
-3.196909141540527344e+01
-2.464377441406250000e+02
2.401474914550781250e+02
6.568576049804687500e+02
7.020975494384765625e+01
9.740758056640625000e+02
-9.094696044921875000e+02
9.148976440429687500e+02
-5.704292678833007812e+01
5.253688354492187500e+02
-4.899626159667968750e+02
6.027116699218750000e+02
2.605559692382812500e+02
5.884443359375000000e+02
4.579223632812500000e+02
-5.711565017700195312e+01
2.179573364257812500e+02
7.448227539062500000e+02
1.119329910278320312e+02
8.963004760742187500e+02
2.355613250732421875e+02
-8.480571289062500000e+02
-2.520916595458984375e+02
4.230584106445312500e+02
-8.580951538085937500e+02
9.179812622070312500e+02
7.314697265625000000e+02
-4.637985534667968750e+02
-2.692031555175781250e+02
-5.741613159179687500e+02
-8.103311157226562500e+02
-6.159549560546875000e+02
-9.162423095703125000e+02
-3.946660766601562500e+02
-3.198764953613281250e+02
-1.822803955078125000e+02
-9.225587768554687500e+02
7.667841186523437500e+02
-5.456179809570312500e+02
2.431021270751953125e+02
4.059976806640625000e+02
9.624728393554687500e+02
1.148810882568359375e+02
5.617067871093750000e+02
-7.209497680664062500e+02
9.754589843750000000e+02
5.423319091796875000e+02
-8.299405670166015625e+01
-3.753636779785156250e+02
3.628796997070312500e+02
5.453768310546875000e+02
-5.706482543945312500e+02
2.371332855224609375e+02
-7.771186065673828125e+01
6.526074218750000000e+02
4.677085876464843750e+02
9.540538940429687500e+02
-7.996574707031250000e+02
-3.234151611328125000e+02
-2.767898254394531250e+02
-4.830144958496093750e+02
1.168578338623046875e+01
-7.055143432617187500e+02
-1.490523071289062500e+02
8.980899453163146973e-01
-4.386681914329528809e-01
2.351336330175399780e-01
1.230760574340820312e+00
1.366589069366455078e+00
-1.920226216316223145e+00
-9.305704236030578613e-01
4.769606292247772217e-01
1.843632698059082031e+00
5.781184136867523193e-02
-5.954710245132446289e-01
-5.158638358116149902e-01
2.503559887409210205e-01
9.890797138214111328e-01
5.387749671936035156e-01
7.661896347999572754e-01
-7.402581721544265747e-02
-1.858632564544677734e-01
6.818643808364868164e-01
-1.866228103637695312e+00
-1.082436800003051758e+00
1.890480518341064453e+00
-1.740258336067199707e+00
3.554305434226989746e-01
-1.536924839019775391e+00
-1.340875625610351562e-01
-6.295557022094726562e-01
8.340498208999633789e-01
1.265719294548034668e+00
-8.200837969779968262e-01
5.489702820777893066e-01
-1.749390363693237305e+00
5.639147162437438965e-01
-1.355206608772277832e+00
-9.774777293205261230e-01
1.073935031890869141e+00
1.685055531561374664e-02
4.659456312656402588e-01
-3.217561841011047363e-01
5.011463165283203125e-01
1.310892224311828613e+00
1.000647425651550293e+00
-1.996177077293395996e+00
1.573330402374267578e+00
1.169501423835754395e+00
1.054746031761169434e+00
-2.579530477523803711e-01
-2.053001224994659424e-01
8.733413219451904297e-01
1.483238101005554199e+00
-1.215606570243835449e+00
-3.079840354621410370e-02
-1.338445782661437988e+00
-8.794898390769958496e-01
9.370169043540954590e-01
-6.357604265213012695e-01
6.701490283012390137e-01
-1.903589606285095215e+00
-1.395261287689208984e+00
-7.984399795532226562e-01
-2.447602301836013794e-01
-1.150027871131896973e+00
4.752421379089355469e-01
1.341502070426940918e+00
-9.133221507072448730e-01
1.748714089393615723e+00
1.987450867891311646e-01
1.522255539894104004e+00
-2.942206561565399170e-01
4.133334755897521973e-01
-1.367098093032836914e+00
7.660660892724990845e-02
7.183372974395751953e-01
1.786685228347778320e+00
2.471187114715576172e-01
7.710005640983581543e-01
-2.231446653604507446e-01
-6.998780965805053711e-01
-3.626537322998046875e-01
4.926601052284240723e-01
4.386831820011138916e-02
-4.098955094814300537e-01
-1.120030045509338379e+00
1.539107710123062134e-01
-1.018340706825256348e+00
1.537090897560119629e+00
1.622846841812133789e+00
-1.306028008460998535e+00
-1.608026981353759766e+00
1.280171155929565430e+00
1.782688498497009277e+00
-2.680942714214324951e-01
-1.394656896591186523e+00
2.131104618310928345e-01
-4.175467789173126221e-01
-4.828888177871704102e-01
4.464681091308593750e+02
7.624305419921875000e+02
6.365634155273437500e+02
1.852439727783203125e+02
5.792019653320312500e+02
6.542419433593750000e+02
5.937403564453125000e+02
5.414766235351562500e+02
5.918790893554687500e+02
7.089911499023437500e+02
7.709779663085937500e+02
8.905019378662109375e+01
9.134954833984375000e+02
4.496250000000000000e+02
6.966210937500000000e+02
3.876390380859375000e+02
5.105714797973632812e+01
6.636412353515625000e+02
3.656605529785156250e+02
5.527799682617187500e+02
2.665898437500000000e+02
2.038760833740234375e+02
2.962049560546875000e+02
8.418676147460937500e+02
9.240151977539062500e+02
9.785835571289062500e+02
4.143309326171875000e+02
7.731865844726562500e+02
1.680531158447265625e+02
7.442559204101562500e+02
4.242063293457031250e+02
TLAST
8.440921020507812500e+02
