1136273374
1145045994
3287431107
1126383270
1124382514
1146332109
3283153604
3291782548
3292941007
3285788662
3294217862
3284235312
1125993526
3268867281
1133583003
1111799024
1140899253
3267410535
1141422518
3260250003
1138845095
1141489927
1144049092
3291051508
1138769345
3295945790
3276218077
1124315402
3295384377
3295051174
3288473159
3281018666
1144053229
3295847384
3232529940
3278870896
3266468076
1138490575
1146811000
3274310288
1140736786
3259009000
3276564284
1122156537
1146743139
1134367532
1145976861
3278615580
1127287197
3293708993
3293957203
1142589673
1148619837
3289023415
3290664421
3290751491
1131067051
1141270793
1143657948
1137461080
3286868070
1148359521
3270000642
1137361001
1086410403
1147087569
1140706166
1137090836
1132454964
1143065941
3295736762
1134945611
1144958384
3291164788
1144857855
3292555509
1141291470
1115686691
1148140778
3264369198
1133217906
3290789490
3289149360
1141699617
3278625867
1120310524
3263176054
3287443789
1136617743
1120484891
1148718567
3286488613
1132160871
3279475304
1132250625
1121969705
3206321241
1055917225
1065404003
1047301461
3207080603
1059992099
3215870285
1072117050
3205058200
3199500323
3209898720
1057685886
1051070149
1061591080
3200721048
1064411089
1066569045
3216396324
3207771308
3206009325
3218607113
1063339670
3218735492
1046962441
1072339381
1072086360
1065817952
1050978856
3212198558
1069179758
1067076489
1065771383
1057611895
3196163961
3217060226
3209822519
3217857022
1070587588
3164710954
1061459500
3201499936
3219749832
3215633607
3216238255
3211134246
3216707890
1057540606
3220500101
3214058079
1071670700
3215655163
1069418450
1051069856
3218653301
3218504197
1072601400
3208390036
1050466660
3213252955
1049480372
3206372629
3201780711
1072073328
1064919442
3199750465
3192869010
3215812184
3202302100
1063101513
3212066067
1065997314
1064364557
1043739211
1070308674
1069983419
3215211338
3214285366
3217180270
1068767332
3184735474
1053145940
1069795890
3211404638
3213866632
3217067005
3196076190
3213760134
3215575684
1065089740
1071354872
3217701593
3207646325
1063076384
1033832185
3218243360
3205841713
1133675257
1141048392
1135759336
1110882115
1148570066
1138535790
1140588558
1134675274
1132584788
1136751080
1146093845
1144532944
1136499444
1095780099
1145526763
1132900804
1142008789
1103915092
1143311598
1136771840
1140361586
1137669106
1135570842
1141489302
1148402249
1122078060
1134338327
1109864667
1144560022
1143234763
1129751232
1137729649
3275342347
1144970139
3291350796
3277938536
1144546618
1128336273
1138802533
1143647867
1112001646
3292264574
3283122230
3286942543
3291272615
1129480731
3289330868
1144300933
3266510615
1142388090
1143804603
1134552020
1142892960
1141915953
1126081063
3282937145
3274751461
3284379951
3254834442
3275792549
3282496776
3292697740
3274478663
3291779148
1148395194
1147915037
3284817166
1148362930
1131114152
3281952986
1144853883
3293221061
3287935806
1140852884
1128517985
1140813470
3283805105
1147792697
1124242291
1148528383
3293640506
1147994825
3278878638
1143311578
1147798921
3295261180
1141523857
3276693306
3271578729
3286844409
1137714997
1094438789
3287905046
1141334570
3277410357
1134388450
1138261735
3292279267
3274696768
1140416319
3290063085
3282040269
1145630431
3288929923
3265056049
3289089616
1142905252
3290714506
3292978962
3284139289
1140356269
3296104154
3291262465
1141873262
1147442917
1145385418
3290276188
3289615020
1146444469
3289003341
3272010779
3291101831
1118182855
3290068302
1134684105
1130531208
3255305526
3288708449
3217738361
1072265233
3214010208
1061131364
3210310537
3215999484
3201265244
1069307252
3196473888
1071968200
1060490155
1055305480
3218877773
3197188286
3183854915
3212185600
1051809994
1059896298
3205984907
3208509760
3215689455
3221416704
1028922572
3218535795
3214998739
1070377115
3181669593
1073119212
1067081716
3219517694
1057820264
3217377991
1069225515
3219664106
3220300740
1059932929
1072872095
1065236336
1065480672
1033825794
1059525019
1073073270
1070434603
1068425023
3213971415
3214864052
3212572373
3206516695
3217513174
3203886221
1053144632
1070342919
3189258924
1061187613
3196068992
1031339432
3199862312
1073424513
3218662174
1051199105
1072654274
3220272640
3209680752
3217368509
3208367304
3192612087
1064939069
3216190464
1072413346
3213557633
1049851234
3218761616
1048224361
3214611664
3217072058
1036184706
1074300175
3202925208
1069852680
3215579765
1056954218
1068148714
3210779595
3196665550
1061660589
1047742057
3216354625
3208231059
3208627899
3185157886
1072319510
1064020978
1062789547
1059689101
1064719664
1066148393
1143307760
1133355295
1128847268
1136798406
1147632052
1141805453
1147481532
1143967977
1140497333
1140656925
1130025503
1083521940
1137765130
1141692434
1146823670
1143563630
1146262865
1147636307
1147881322
1145831738
1124295941
1135431844
1129349283
1146673259
1145443618
1135509558
1141786878
1145653355
1146112594
1129171758
1144433544
1145625218
3286924256
3294077335
3288119536
3275674198
3295102901
3277882595
3288351676
1148508371
3290694417
1143748657
3290841736
1126064572
1134460674
1116707560
1147115217
3271950437
1133941271
1144595945
3288665511
1118261454
1148297847
1141011799
1137654942
3277504773
1143993263
1143607881
3271087835
1125062314
1135821935
1141899166
3269213933
3282555749
1133072108
3269643346
3292945868
3267199503
3293958070
1143235740
3287035098
3292060980
1143102696
1146595350
1140206364
3296176549
3250452592
3289595040
3293127625
3275917732
3292698902
3293469898
3294601550
1140654937
3276087333
1142389221
3294790314
3244167299
3295105633
1145431188
3288504184
1132894119
1143218153
3285775780
1137212583
1122894897
1148742187
3286189325
1147524625
3223346988
1128305951
1130889234
1145466683
1126496071
3292113827
1138229672
3288788742
3262373368
1122052903
1119410643
3295763078
3295313599
3262271698
1148564914
3292423401
3286548770
1140942232
1116646220
1128859731
3292889445
3277543809
1130309862
3293413199
3272480029
1137232030
3280494384
3275315895
1140415599
1071779167
1058415355
3209688774
1066725405
1066371977
3206235472
1053619692
3216356850
1066579844
3168712555
3211184805
3204560737
3215498829
1073023007
1068499857
1071277773
3204568634
1059600371
3181762448
3201607156
3222162365
3213047400
1069042502
3222006267
1067208341
3185596509
3200138108
1072116570
3173210815
3219663083
3214229620
1065754781
1066506202
3217350854
1069789898
3216872993
1070027673
1049218152
1050102342
1067983429
3214071091
1057549276
1067722265
3199827438
3218913013
3207486653
1071423031
3220544205
1073771840
3216997977
3199922141
3216239631
1066553747
3219243447
3205821219
1057002602
1069765323
3219647268
1071176015
1051085592
3204170170
3210923227
3219316760
1054081187
1069923461
1068215539
3221850432
1029676056
1070590115
3209940750
3218286706
3210768677
3215778894
3209303010
1059888288
3204477336
3214758802
3196179746
1015923491
3192647890
3209799805
3205289182
3211271628
1071686978
3212483131
1063768880
1067388971
1060411076
3220476692
1072411675
1057794821
3199793128
3221485091
3172041186
3213218801
1071669655
1110308211
1131908358
1147914989
1141585677
1135788629
1092039868
1132301403
1132345864
1126870911
1135377775
1128965672
1115396909
1120136121
1140350239
1116426809
1147783636
1129191679
1139284782
1137661321
1133620026
1134674854
1129552123
1133257303
1122645447
1143754783
1143021997
1134281667
1146884898
1136734232
1142474167
1141033686
1134724933
1144653505
1146570883
3280654656
1142613071
1110107982
3258975135
1146691487
3296079826
3273833258
3288608635
3263113195
3262560867
3290003066
1125759569
3277581898
1146721844
1146720363
3278656832
1140780617
1131823034
3279996630
3287094783
1146326917
3290111182
1141938402
1140718312
3289502054
3279696190
3268586167
3207344094
1128956397
3281446928
3295880062
3280466718
3289194000
3289721068
3291519838
1142750461
3281644302
3266439900
1127136497
3284819776
1119279158
3294634976
3283628798
1126221078
1145429661
1147841601
3279930940
3251060080
1147292215
3271729398
3260603970
1135042870
1127114332
3290624237
1146686631
3292339081
1142730843
3247542412
1147491969
3275626749
1134065533
1148140027
1146329678
3288607609
1107678533
1144305511
1145684358
3293997198
3203294576
1147336666
3287166258
1144952973
1148571918
3296197731
1119438295
3289301556
3290589076
1133361033
3292407872
3289775288
3274815854
3268418773
1136455964
1141372738
3289460855
1128385491
1139754529
1127490549
1147227984
3292777520
1147810958
1113777023
3295170272
3294155220
3213174449
3219344603
1052407280
3201850869
3215324783
3213827345
3194880482
3206769600
1068566045
1032324938
3198627233
1070940305
1063280856
1042316642
3209085717
3217646932
3222127689
3207844849
3213744695
1067050430
3214595558
1060308471
1059805884
1067938124
3214176038
3206366362
1052484107
1073684764
1059017109
3210377363
1072921203
3218919297
1074989699
1025164302
3209467868
1074313002
1053612406
1057215744
1060240225
3210158780
1066438574
3216430300
3215163516
1066829000
1066169762
3208406882
1048973021
3217694047
3219538951
1051677020
1035552209
1049048398
3215108553
3207225130
1037019429
1058111855
3184707169
3215583067
3216013750
1068849937
3212886636
3216912770
3217173079
1065709257
3206309009
3213388261
1066708068
3219956379
3214609890
1018170696
1072812064
3213963533
3197155986
3208721118
1069013919
1074310421
3190106460
1072502827
1073941304
1067125105
1037147148
1057412529
1055953657
1060475983
3209729542
3217605462
1068250735
1073157876
1058008732
3202839039
3213677071
3207036159
1069585547
3206812071
1074286593
1057317638
1135139869
1143318695
1114938742
1136288446
1138298367
1148417927
1143901378
1142715001
1125904844
1138330581
1136238104
1147869553
1138911400
1146472038
1143170857
1146868317
1079343085
1147613810
1148048077
1125838718
1115909086
1134470213
1142055820
1141049448
1138331570
1147415382
1141800577
1147766976
1141901793
1127820833
1148552458
1148821557
1144644785
3293796538
3283987884
1141383814
3295092439
1126194511
3289071390
1116571282
3291782860
3281225494
3280921684
3275859509
1147943074
3291889614
3286389719
1135548097
3281059029
1146265188
3279803732
1147663251
3290194990
3263186826
1113065260
1125417298
3276454817
1117461493
3288540109
3287667761
3293871097
1117769644
3250167617
1147803760
3294940259
3295168229
1146966893
3289518921
1147328658
3295228021
1100353422
3288337790
3295471539
3273992394
3270435462
3280230277
3287252308
1136108386
1118011062
1143184547
3263017604
1136095691
3288637195
1143813446
1122690170
3283877925
3292695714
3280950837
3294921874
1146406977
1141462316
1121601575
1146376984
3287951862
3275513006
1148316080
1146435778
1133306818
3289408128
3293038001
1148149005
1147652487
3282950638
1144331950
3286243540
1134556223
3292855896
1132521837
1125268284
3289398805
3285713992
3275181098
1142658971
1141288458
1137527997
1145592776
3286300828
3290842414
1120411970
1142872072
3290015131
3294999350
1140719103
1147518466
1142664703
1095763515
1144763857
1135611318
3195083426
1070774523
1061186202
1057111479
3218082789
1051296382
3187517342
3216972511
1052891762
3213940949
3210282180
1067573263
3214695371
1066850568
1073610452
1058388280
3219700884
3215429610
3180224104
3213428404
1066011280
1059904130
3206716201
1065649065
3212968569
1043232696
1046488694
1073243668
3213060523
3221287967
3210800802
1050012732
1067911888
1057150753
1060932915
1064644339
1068724227
1068292063
1068310331
3209734858
3205439063
1071416689
3205141908
3205971897
1051322065
3217997665
3217234725
3201867362
1071944013
3221518547
1048298370
3219594058
1064692382
3213887984
3205908622
1069575207
1071787617
1066939091
1062000691
3209653789
1066777014
3192409937
1072674224
1066808745
3216228216
1072710974
1073562212
1069597092
1066073545
3200079311
3188922084
3190083115
3218901634
3220688477
3215534184
1067202585
1068668457
1069444045
3219648406
1070411454
1072378766
3216731668
1034943367
3188862671
3217778555
1066426061
3217607122
1058584141
3209131083
3217272841
1068593147
1070286805
3210115240
3218182175
1070531547
3219349800
1144960802
1143924108
1143076301
1123229578
1085427820
1144677225
1118178967
1131591704
1148669586
1148290895
1147557065
1142018285
1139023283
1139223351
1135206044
1148311197
1145831089
1148713783
1133932764
1141962354
1143637080
1136644232
1142033252
1128563816
1134358305
1124528740
1142993366
1135022669
1137994506
1136543868
1112735700
1147139749
3271885227
1135192702
1144688777
3283225584
3262047110
3276173801
3292516588
3292936549
3292895777
1144701009
1145427062
3282103502
1145054338
1146888971
1140962034
3288562162
1136421843
3286843778
1144250917
1146301898
1148429735
1139494484
3288525035
1142775144
3289178299
3292547994
3291422694
3287780143
1126830324
1142619094
3287801318
1122470509
1126041189
3292374368
1117555886
3290386890
3282554473
1144299690
3276384794
3284512275
3290456054
1128920968
3288500753
3262519441
1137864297
3272918588
3264383693
3293576930
3287789269
3286146129
3292782105
3295857678
3282102392
1142337565
3289560482
1132484209
1107715397
3292459419
3294567317
3293475562
1147588153
3258177325
1142983582
3293510576
3291848330
3280788680
1141965773
1125550417
1141191743
3279473634
3279087963
3287738026
3293554845
1124893789
3293177449
1147624331
3261427136
1148576601
1135082229
3288548329
1143382751
1142923101
3293160637
1137948994
3291940770
3293335310
3290525675
3282176460
3276465899
1142787960
1144296525
3284884062
1142370523
3265734323
1121677208
1132603294
3197683875
3213372646
3216799708
3207944209
3216902518
3216322491
1063882838
3212807467
1063727050
3217809061
3177113285
3216330376
3207809219
3205616769
3204938134
1073687480
3171722285
1058897554
3221496872
3214946439
1055806758
3221671454
1066484438
1068450999
1070193749
3207674526
1070815318
3210388614
1067839538
3208908480
3218988295
3217649623
1066428835
3196042692
3207271039
3213035807
3213152128
3203068785
1067648059
3218074367
3211662917
3211822945
1059546430
3218915856
1071472317
3206912359
3194085819
1070715695
1061405758
3201723733
3213441157
1068818701
1050005398
3215680768
3201487922
3172025981
3220804880
3154869948
3206574546
1050334703
1060084189
3205510569
1067382906
3212915788
3209750137
3218802266
3217318117
1050243239
1040310250
1073282202
3204351837
3212558598
3208954812
3215656278
1050706896
1067178611
1065679143
1071427597
1044832069
3197033064
1071643409
3204661497
3208036856
3221573571
3187263099
1068143627
1071756002
1073808153
3217560495
3214716729
3215262519
1068055091
3213891854
1064631733
3198640276
1052341413
1116299271
1140212088
1147259215
1094189994
1130632196
1147229309
1142853448
1146068550
1147360206
1130020655
1144578615
1132626458
1147837334
1148144018
1126184544
1145770051
1111262410
1142282651
1139865318
1142285586
1144912586
1146716582
1140556478
1116951150
1147433189
1114841240
1145478697
1123187267
1147250801
1142856711
1134237285
1146636607
1133599200
3296220120
3232863747
3294312156
1129142952
1143066574
1095884284
1143877769
1130485422
3281556700
1144537202
3256079921
1141315049
1139866307
3268454886
1099997728
1132838878
1145213703
3290618152
1148695162
3292879010
3291751930
3295761627
3290400619
1141292647
1139027430
1145215283
1136821619
1110835316
3289624722
1141221577
1141979674
1137107522
3284694031
3289490233
1142039781
3288434588
3254893102
1137143272
3269320186
1143623896
1131996240
3290227999
1133662818
1125816474
1142982658
1136581324
1135634958
1141735035
3294392751
3279712700
3255509739
1138159513
1133289654
1136204406
1140241463
3294049723
3290132018
3292178844
3293138523
3282260051
3277783141
1146735441
3290651910
1111757061
1147939894
1136040730
1144584534
3296303138
1142494243
1142593349
1135212179
3265889916
3293195391
3281023898
3294776022
1144499991
3258794460
1138204061
3291518962
1135406081
1139421634
3238052780
3253810424
1141144134
3280867658
3286850634
3292186583
3283710091
1147562793
3296065186
1098606867
3294427990
1143692557
3285222735
1103622731
3203496625
3218777945
1073264282
1045779052
3181596572
3216513266
1069823072
3212876088
3217261912
3217020224
1063430803
3215337259
3188064522
1030185221
1069892995
1070996275
3220239590
1072390480
3192231518
1064950416
3219858892
3217581642
3204658464
1063978070
3205605846
1065790038
3214312819
3214314539
1067188261
3212035881
1068615882
1049153427
3218009530
1025841255
1041910891
3208346880
1072097749
3217829042
1059495218
3213358904
3207789250
1061400634
1063635672
3209021892
1061324178
3155620184
1063108006
1042987956
3221766840
1069372091
1056402585
3210670741
3213290339
3214044655
3168141596
1069960890
1068212882
1066990515
3196192032
1065388559
1073591289
1061380872
3222199948
1070263520
3217490532
1065899989
1052527160
3221338395
3216246268
3221957312
1072110041
3198788211
1067722344
1072457113
1054686336
1074576884
1050218868
3215147766
3207504745
1059282519
1059795087
3197512179
1061580360
3219577714
3182031383
1069052458
1059404577
1055175636
1068061484
1062335311
1072121063
1060469996
1060710099
1013323784
3218308587
3219666684
1146901212
1145168220
1132420747
1144478957
1141746294
1133133648
1144269166
1133364729
1135266026
1128950952
1141602075
1138764796
1142821862
1093153259
1137368572
1108751528
1134069450
1118603371
1141400199
1147542676
1146459827
1140170959
1135351728
1074618601
1143023376
1134625675
1136885824
1142655963
1127776535
1141655662
1138810518
1136412155
1144258940
1113022992
3292119289
1139133477
1137267310
1146022345
3293889989
1136117775
3293570118
3289847505
1146625873
1144033986
1148007624
3282542093
3273061540
1146639899
1146655154
3293097059
3295272399
3290195237
1108616082
3294264383
1140898338
1130487885
3280619024
1128125747
1146881439
3293427824
1134817393
1142119783
1146143396
3290429665
3291264558
1140867528
3266981404
3290254519
1096059846
1125878801
3285941228
3294615365
3284109083
1142486490
1134955294
1111788432
1079607050
3291196653
1137863436
1136897212
1141116319
3290914132
3283173731
3290881786
3282300739
3277512520
1146441790
3288193890
1114957584
3282105916
1132864413
3279780504
3295799029
3290875528
3296221219
3290900355
1136783854
3273826188
1144912686
3251487213
1121686516
3272130008
1146792767
1147112836
3280261429
1135259792
1141844440
1144592518
1121017090
3294678836
3292272047
1145106699
1138118238
3294889939
1144588389
1138988497
1116365742
1112498684
3287358852
3263402049
1144110497
1142362276
3293919459
1148359984
3292029065
3286232806
3294924816
3284629132
1063650357
3203618429
3214818008
3206706125
1061631075
3214449811
1059473677
3191971370
1054339037
1058340969
1071030912
3217217248
1062782187
3188480839
1066330761
3206588666
1048876488
1071331516
1069857674
3213159855
1072206539
1060581998
1062738547
3187859848
3205113392
3205865052
3220854054
1073261421
1057131361
1069896480
1050530928
3210518343
3200395202
3214784119
3182082957
3219396097
1071776661
1067371345
3218621720
3213242990
1052148415
3221643284
3199172433
3215018359
3219552433
3216212871
3220983511
1058755732
1048717337
1070066664
3219195202
3209133026
1074002743
1007438331
3219290247
1070513354
3199434118
3200516933
3204062257
3213954059
3187606607
3203869761
1069979307
1072967151
3210153756
3196838798
3194711832
3220573746
3195682808
1066121230
3203093932
3193022305
1070454363
1070878461
3216074002
1060527099
1064353682
1043293895
3201713852
3202499715
1071418141
1064911058
1065423230
1070337183
3180035409
1072170013
1069019940
1072908612
3217252123
3219850431
1066099196
1069943775
3215953443
3215817600
3208195477
3209350017
1124281988
1142705692
1129514317
1136470808
1137221592
1142693025
1148113144
1148658850
1133868945
1132741119
1144262786
1143760478
1132965263
1147960970
1145591811
1128702022
1140344451
1119393621
1141062867
1141791317
1127568869
1117071332
1127486582
1140057863
1113570264
1127090509
1128406054
1138134347
1141247435
1136116243
1143036214
1147732797
1139173676
3285821822
1134801128
1135423297
3273008645
3272240242
1144360405
3258924966
3279891769
1145548225
1137473139
3274230461
3278963665
1139442859
3293401483
3289216549
1119996755
1133412863
3283682805
1139594425
3282928065
1147444200
1147163214
1134799426
1148489910
1144288333
3292335132
3259162994
3283287175
1138627788
1138519263
3296103386
3293270368
1146725275
3271927452
1132958952
1144191075
1136910737
3292376725
1134481275
1141684287
1120623709
1143182371
1126228698
3293748203
1144850203
3290065778
3291427298
3289084747
1118619786
3295325257
3291253881
3272913877
1145137221
1135938278
1139216281
1124302460
1141262339
3289719167
1133113101
1141132348
3288889181
3265406434
1125087720
3289382908
3288333602
3274095168
3268754290
3295069354
1143824294
1109722751
3286764284
3291513553
1119126098
3285729993
1148213450
1119596240
3289598742
1134431366
3276089965
3294204662
3287652596
3296290254
3291786245
1133074438
3290922876
3285771947
1146177964
1143025200
3280728506
1138828998
1146385619
1143623050
1141068701
1144907865
3277867747
1060943624
1063638507
3220511935
1064071867
1070185184
1060160752
1060260071
3205451347
1051763733
1066108591
1070541088
3215988554
1067214073
3217831491
1034079702
3206401309
1040861262
1050125157
1040968703
3220462656
3207572112
3210665912
1070431819
3215635207
3213996898
1023924939
3213892507
1068776219
1069498526
3217013383
1061710702
1046125338
3215461808
1069488832
1067702841
3217284192
3218398142
3219626291
3184808088
1070389030
3201107239
1044788432
1069666034
3191939703
1072598936
1066887466
3210114696
3198847290
3209504033
3217177755
1066161482
3211941214
3220543286
3178659192
3200529406
1070801867
3212203994
3167764528
1066111576
3218631063
3207552252
1063400212
3218761819
1072415275
1063198144
3206223664
3205870943
3195018476
1053318076
3194746840
1063097772
3214963782
1050681656
3217051808
3213025802
3214916227
3217296670
1063780930
3221372469
3210654897
1059133852
1073668754
1068317533
1055678232
1066052891
3191804108
3208830214
1065424914
3213658582
3221037401
3179500433
1067768344
3216226730
1043225338
3220221402
3206767976
1124937371
1141377144
1132676936
1134048596
1144957581
1143784336
1145002330
1128074234
1128973002
1144876466
1123193365
1147325650
1147596437
1140626049
1143984851
1135033964
1142894957
1103637156
1130055653
1138940591
1140136948
1148612314
1148828081
1123430871
1133122526
1118120947
1135261022
1148009153
1141797398
1109381224
1140992099
1147749946
3293901337
1139743768
3273537964
3291977870
3294264648
1144442843
3284080413
1121981454
3255079664
1143636247
1090928676
3273661509
3293685007
3284699772
1143492140
1146017425
3291561257
3289521045
1128817760
1146256295
3293187573
1144449579
3295402115
3288538032
3282380117
1146191031
3265937249
1143148979
3294407393
1142096408
3279699860
1146797446
1139275960
3279209542
1136329097
1142746131
1137746792
1136614631
3248027581
1136354895
3291565375
3282469337
3295348366
3274401990
3272626832
3278203147
1131681238
3275864169
3288576733
1130853769
1140918078
1143247192
1145281715
1143208444
3292570940
1139119877
1130629094
3273459842
1092188100
3295206755
3264055899
3260554681
1146930922
3283673160
3286291460
1143532498
3288076217
3248638179
3293205334
3296212696
1134779050
3275252447
3289732484
3285805301
3294935594
1118178604
1142988972
1107552270
1143617782
1129357870
1148495889
3293453387
1136573511
3295838418
1133477003
3281374035
1108964890
3291766359
1128948597
3291334113
1129356662
3295855235
1144278789
3292430334
3287736711
3291131133
3217191784
3221928387
1071863928
1066048145
1064654325
3199344056
3197228564
1068618908
3205883975
1067343518
1066565152
1062451585
3206043341
1040598312
3163269533
3213019833
3216422202
3217998392
1071622870
3221479591
1071531694
1057927250
3201862245
3119825840
1011565102
3215698892
3205077300
1062326393
1046166072
3183519396
3192892667
3209142302
3208450652
1062581521
1033445094
3219698023
3193339056
1050991453
1045589131
1061317766
3209347470
3196287307
1062508899
3208949556
3220243356
1057995916
3217574932
1059686488
3192079151
3219473007
3221421280
3216335974
1066224780
1062823463
3212088006
1071731143
1010961168
1050558498
1013962403
3196115561
3219961057
3181387508
1047068121
3205820208
1060120832
1064260472
3218614719
1064336955
1058439988
3207831773
3216948867
3214218152
1072269465
3215188208
1051642391
3208861228
3221607375
3211897845
3212878532
3217309439
1049991190
1052281302
1067547526
1074572646
1073145789
1067736614
3218626087
3200537589
3203913692
1031223860
3212192616
3217970222
3219616279
3213915170
3193515200
3205252721
1146834896
1143141815
1125747576
1137429845
1113816528
1146724526
1120431975
1130055478
1144073089
1144929660
1129908366
1125860558
1103717690
1117767043
1146918543
1127423804
1137297949
1145078340
1148568832
1146757318
1147580913
1146093467
1135504742
1142901492
1144050333
1137600011
1142347624
1148368742
1134776145
1147543962
1148638564
1142078664
