399.6258850097656
-617.1903686523438
-209.0635528564453
811.1534423828125
-354.4764404296875
531.100341796875
170.16163635253906
-891.8803100585938
945.0496826171875
-779.5448608398438
-316.6241760253906
905.3189086914062
-514.1087646484375
900.5020751953125
322.857421875
-615.760009765625
-718.0305786132812
963.0369873046875
-101.44605255126953
461.9466857910156
-733.2791137695312
14.132473945617676
-809.4744262695312
-6.605227947235107
-981.2443237304688
-917.6273803710938
828.9896240234375
780.908935546875
545.2301635742188
57.100807189941406
-667.7052001953125
475.9972229003906
220.71026611328125
145.70497131347656
843.97509765625
263.8832702636719
-39.26589584350586
527.423828125
-532.8114624023438
600.8692016601562
-797.6763916015625
805.3819580078125
249.84205627441406
296.0699462890625
-890.5396118164062
-893.9969482421875
-653.1490478515625
-473.60333251953125
-886.1165771484375
280.871337890625
-352.6864013671875
-516.4304809570312
-860.5275268554688
278.55499267578125
-298.61358642578125
-298.038330078125
-252.85888671875
561.7711791992188
-923.0021362304688
283.5917053222656
-957.64208984375
187.30201721191406
-92.4305648803711
50.490089416503906
-118.33588409423828
-170.1754913330078
226.65264892578125
-379.0530090332031
-557.9443969726562
377.94378662109375
689.1918334960938
587.4358520507812
-934.345947265625
-642.702880859375
708.5697021484375
702.6189575195312
-595.5556030273438
-949.89892578125
-621.9989624023438
-270.0203857421875
214.85464477539062
-68.29995727539062
255.27621459960938
809.7940673828125
408.4120178222656
427.14312744140625
-631.4475708007812
-411.8222351074219
-598.1484375
410.9183349609375
431.71368408203125
-368.0525817871094
-6.030892372131348
-791.9116821289062
725.396240234375
334.21954345703125
-1.472760558128357
1.764302134513855
-1.509857177734375
0.24752533435821533
0.43605488538742065
-0.44919681549072266
-1.1205568313598633
1.7642643451690674
-0.8594620823860168
0.1057097315788269
0.0029898881912231445
1.2029094696044922
-0.585343599319458
1.6619510650634766
1.7136114835739136
-0.017397532239556313
-0.3894864022731781
-1.4076400995254517
1.9218182563781738
0.8099207878112793
1.4057568311691284
0.5557881593704224
1.762092113494873
0.997916579246521
-0.5071532726287842
-0.9497268199920654
0.6758508682250977
1.7977062463760376
0.006038408260792494
-2.02162766456604
-0.24489688873291016
-0.47099119424819946
-0.07344350218772888
-0.6756218671798706
0.15374162793159485
-1.3683892488479614
-1.7295045852661133
1.327069640159607
0.035621628165245056
-1.2693043947219849
0.38181108236312866
1.3555400371551514
0.7076258659362793
1.953589677810669
-1.225662350654602
1.749495267868042
-1.8276447057724
1.6055909395217896
-1.4914588928222656
-1.2568762302398682
-1.080174207687378
0.10623861104249954
1.8859931230545044
0.7975639700889587
-0.48339012265205383
1.0905640125274658
-0.4102885127067566
-1.6029534339904785
-1.6491472721099854
1.0388542413711548
0.15145429968833923
1.6841075420379639
-0.7171816825866699
-1.7808293104171753
0.7317343950271606
-1.4009840488433838
-1.3787931203842163
-1.879112958908081
0.8586852550506592
-1.4598931074142456
-1.918218731880188
1.3483392000198364
0.7181634306907654
-0.08671137690544128
0.7514925599098206
0.43265101313591003
-0.380003958940506
0.10372867435216904
0.6882133483886719
1.4175524711608887
1.836753487586975
-1.4240778684616089
-1.7667236328125
-1.8736810684204102
-1.430867075920105
-1.9036184549331665
-0.31348156929016113
-0.2174079567193985
1.5926278829574585
-1.4980683326721191
-1.708127498626709
1.4195791482925415
-1.67075514793396
-1.4947816133499146
-1.107492446899414
-0.10174940526485443
643.8419189453125
661.4813232421875
170.4771270751953
881.6522216796875
778.0081787109375
133.95420837402344
868.9166259765625
748.7778930664062
798.5856323242188
543.34521484375
220.83792114257812
918.4586181640625
592.0845947265625
346.2379150390625
263.7785339355469
913.9154663085938
419.7354736328125
540.1915283203125
608.442138671875
826.2498168945312
623.5631713867188
176.712158203125
591.25732421875
489.26617431640625
547.9077758789062
699.5206298828125
245.8111572265625
186.6271514892578
110.58314514160156
274.05926513671875
10.250039100646973
629.3597412109375
-273.6978759765625
-786.6453247070312
-235.37893676757812
76.7306900024414
-851.0580444335938
-486.5422668457031
-145.16319274902344
-455.20703125
127.37335205078125
622.7799072265625
565.2230834960938
-581.5112915039062
-600.8842163085938
116.63533020019531
-267.7103271484375
-907.6216430664062
-534.8084716796875
930.8306274414062
942.1170043945312
-285.0157470703125
-915.9637451171875
601.7184448242188
-440.11199951171875
-896.0953979492188
-509.3553161621094
-694.348876953125
819.3246459960938
-609.5562133789062
499.80224609375
-717.6041870117188
-849.2635498046875
-258.4886169433594
-673.5331420898438
854.9253540039062
-672.796630859375
-43.16915512084961
206.4640350341797
823.7487182617188
-204.89674377441406
-415.37017822265625
658.9297485351562
-117.21981811523438
28.60319709777832
654.6646728515625
-805.8546142578125
869.05419921875
-252.3169403076172
394.23223876953125
-303.55657958984375
-721.5370483398438
-459.7020568847656
-664.2213745117188
682.6613159179688
-966.5042114257812
678.4374389648438
-281.75628662109375
947.9697875976562
846.5150146484375
37.20435333251953
-792.2208251953125
551.0574951171875
228.7071075439453
404.47381591796875
552.6895751953125
-64.25968170166016
-281.0486145019531
-247.6405487060547
-76.31596374511719
-316.3355712890625
-17.633695602416992
-479.5544738769531
-995.9881591796875
416.5873107910156
993.5383911132812
-474.8705139160156
640.729736328125
-190.96104431152344
981.4094848632812
-935.4810791015625
538.0833740234375
-499.2181091308594
-288.18975830078125
518.8701171875
-438.5943908691406
245.35342407226562
521.7706298828125
406.4949035644531
217.98513793945312
-850.4498901367188
-454.2835693359375
-335.9256896972656
-222.56541442871094
574.2609252929688
-562.5901489257812
-46.42422103881836
55.27634048461914
-1.4169842004776
-1.6269309520721436
-1.852015495300293
1.290626049041748
0.18141475319862366
-0.1527121365070343
1.6869186162948608
-0.44861093163490295
1.1644842624664307
0.37786829471588135
-0.03240048140287399
1.5555238723754883
1.9619840383529663
0.617917001247406
-1.0603877305984497
-1.006447672843933
2.0992021560668945
1.5143696069717407
1.6616404056549072
1.4819352626800537
0.8097763657569885
1.8424242734909058
-1.3172235488891602
0.6772720217704773
1.6743190288543701
1.3503954410552979
-0.8567162156105042
0.8989010453224182
0.9777649641036987
-0.3858810067176819
-1.6278632879257202
-1.4057036638259888
1.6861363649368286
-2.230346202850342
0.00732033047825098
0.26441606879234314
1.8038933277130127
-1.2335261106491089
-1.14894700050354
2.0563814640045166
-1.102201223373413
0.8379964232444763
1.6093858480453491
0.0010985638946294785
1.1677038669586182
-1.1706534624099731
-1.1673734188079834
1.180092692375183
-1.1794523000717163
1.9299356937408447
-0.1492522954940796
0.8701640963554382
-0.03728625178337097
1.6084778308868408
-1.7906635999679565
1.737586259841919
0.7663959860801697
1.534051775932312
-1.2421529293060303
-0.5211156010627747
0.08817208558320999
-1.493395447731018
1.1105314493179321
1.5032340288162231
-0.2554551064968109
-0.6610338687896729
-1.241557002067566
1.1288105249404907
-0.7028020024299622
1.7753710746765137
0.5689723491668701
0.09465885162353516
1.845697283744812
0.5793181657791138
-1.7461131811141968
-0.5979697108268738
0.299222856760025
-0.7874021530151367
-1.5222623348236084
-1.854219675064087
0.6570447087287903
-0.015695814043283463
1.3004471063613892
0.049029599875211716
1.5678859949111938
-0.47657525539398193
1.7142404317855835
-1.880769968032837
2.198262929916382
1.969477891921997
-1.490994930267334
0.1414981484413147
-1.0976942777633667
0.8527868986129761
-0.3331913352012634
1.4075149297714233
43.12903594970703
107.1874008178711
435.0836486816406
220.8812255859375
880.6220703125
719.6875610351562
713.0072631835938
769.8596801757812
330.7470397949219
228.61024475097656
626.3439331054688
414.479248046875
936.7810668945312
642.452392578125
386.90032958984375
855.1196899414062
380.7925720214844
178.30982971191406
781.659423828125
472.2085876464844
259.48040771484375
692.3992309570312
980.485107421875
246.2535858154297
790.2437744140625
762.3352661132812
120.039794921875
838.902587890625
461.7388916015625
125.78137969970703
536.3434448242188
296.51275634765625
-719.2813110351562
443.4892578125
492.6283264160156
-615.7913818359375
715.7550048828125
-675.603759765625
655.853271484375
-740.8045654296875
285.0094299316406
41.4615364074707
-731.18359375
429.71356201171875
535.8270874023438
782.45068359375
-13.933481216430664
35.2534294128418
308.9460754394531
814.6470947265625
-237.12196350097656
355.7418212890625
184.82154846191406
-640.2727661132812
372.5940246582031
706.4991455078125
-60.39957046508789
902.8468627929688
99.40239715576172
764.8330688476562
518.7009887695312
-176.8936309814453
-384.75067138671875
-209.50550842285156
81.52556610107422
-976.705810546875
740.480224609375
-903.1132202148438
600.2637329101562
-954.046142578125
-976.5816650390625
-134.44644165039062
-786.4171752929688
-214.28074645996094
-298.45648193359375
655.0810546875
72.66546630859375
365.3109436035156
-195.10801696777344
-757.6124877929688
-990.0869750976562
-61.950191497802734
390.49139404296875
-282.7239685058594
891.33349609375
-444.17303466796875
-362.6333312988281
-645.875732421875
604.2783813476562
464.1534729003906
882.9609985351562
-19.20179557800293
-357.49871826171875
92.3502197265625
-827.8667602539062
-138.1117401123047
-187.7158660888672
-661.593505859375
136.26141357421875
925.599853515625
762.0658569335938
358.1746520996094
-630.14111328125
988.4158935546875
790.1393432617188
-672.6780395507812
-806.5316162109375
-583.1679077148438
353.69403076171875
-340.73260498046875
-338.8081970214844
-197.04620361328125
925.6974487304688
-342.9119873046875
-294.2281188964844
7.735583782196045
958.82568359375
637.4961547851562
-815.9605712890625
-273.8648681640625
-763.5975952148438
675.9151611328125
-919.9815673828125
585.9120483398438
873.073486328125
725.4310913085938
900.8994140625
979.9952392578125
1.1703855991363525
0.05540416017174721
-1.7357252836227417
-0.9546900391578674
1.2015793323516846
-1.3691374063491821
1.713616132736206
1.399217963218689
0.5936216711997986
1.9504648447036743
1.4884175062179565
-0.9754225611686707
1.1314836740493774
0.6973909735679626
1.3318368196487427
-0.6960822939872742
-0.17974914610385895
0.6943209171295166
-0.23818786442279816
-2.014298439025879
-0.8466038703918457
-1.4297921657562256
0.2446255087852478
1.263071060180664
-1.9750293493270874
1.1771845817565918
-1.5488438606262207
-1.3832528591156006
0.8256801962852478
-0.941909909248352
1.9584298133850098
-1.8169662952423096
1.6141382455825806
0.054781898856163025
-1.6198327541351318
1.6579210758209229
1.843288540840149
1.062489628791809
0.8715482354164124
-0.7760007977485657
1.4305927753448486
-1.5397309064865112
-0.7677826285362244
-1.1368513107299805
-1.6170796155929565
0.059651535004377365
1.3770747184753418
-1.5161763429641724
1.203166127204895
-0.733012318611145
-1.595689058303833
-0.31283488869667053
0.9616058468818665
2.0303142070770264
0.5317702889442444
-0.05935481935739517
-0.14928904175758362
-1.5534934997558594
-1.8773448467254639
-1.1391891241073608
1.382737398147583
0.573046863079071
-0.6305132508277893
0.4082548916339874
-0.3884481191635132
1.7890220880508423
-1.9362287521362305
-2.108588457107544
1.0316400527954102
-1.3591182231903076
0.6208515763282776
-0.4802713394165039
1.3382359743118286
-0.9326242208480835
0.29648926854133606
1.802979826927185
1.2899305820465088
-1.868077039718628
0.7937748432159424
-1.6354552507400513
0.20732560753822327
-1.8266156911849976
2.041184425354004
1.5065503120422363
-1.9501274824142456
-0.20866869390010834
-1.0735958814620972
-0.4790162742137909
-1.1324414014816284
-2.0338943004608154
1.760616421699524
-2.0799262523651123
1.3344030380249023
-1.4150044918060303
-0.5356131196022034
-0.848868727684021
929.7904052734375
848.201416015625
841.1229248046875
954.2886352539062
2.482426166534424
492.1191101074219
937.9131469726562
134.4267578125
244.994140625
505.0619201660156
678.4215087890625
332.75994873046875
306.36468505859375
775.7979125976562
32.853939056396484
785.7978515625
428.540283203125
629.0094604492188
705.5030517578125
98.4686279296875
903.84619140625
822.3124389648438
375.3814392089844
194.79432678222656
62.80543899536133
308.6089172363281
713.1919555664062
813.1817016601562
326.5882873535156
220.28988647460938
327.3941955566406
964.3668212890625
197.53065490722656
-124.83464050292969
900.7008056640625
385.7037048339844
43.37895965576172
124.2061767578125
-783.2308959960938
-448.5101623535156
413.4427795410156
969.3165893554688
-394.80426025390625
981.0072631835938
-295.31231689453125
-91.36368560791016
949.3646240234375
652.9649658203125
54.41122055053711
965.0679321289062
974.2770385742188
-688.8336791992188
573.0651245117188
-455.69610595703125
-394.98077392578125
-135.19818115234375
-47.49854278564453
-729.3428955078125
527.1543579101562
-933.39208984375
923.1435546875
-466.8035583496094
413.62420654296875
64.03456115722656
-31.405176162719727
-247.79295349121094
239.17001342773438
657.9315185546875
70.22660827636719
974.541748046875
-909.7913818359375
915.3988037109375
-55.732032775878906
526.3695068359375
-491.95880126953125
604.2849731445312
261.7254638671875
589.4990844726562
457.6643981933594
-57.32094955444336
218.83067321777344
746.3059692382812
110.7173843383789
896.2696533203125
234.22288513183594
-848.9366455078125
-251.15464782714844
422.4226379394531
-857.4249877929688
916.0776977539062
730.074462890625
-464.59698486328125
-269.4479064941406
-575.3113403320312
-809.8558959960938
-614.6134643554688
-917.1556396484375
-392.9173583984375
-319.6777648925781
-180.7581329345703
-922.85302734375
767.1974487304688
-546.985107421875
243.17872619628906
406.71600341796875
964.259521484375
115.12820434570312
562.477783203125
-721.1729125976562
974.7590942382812
541.96923828125
-82.50139617919922
-375.31982421875
362.4698181152344
544.2567749023438
-570.4943237304688
236.1149444580078
-76.17476654052734
654.2302856445312
466.4025573730469
952.4458618164062
-798.3773193359375
-321.6324768066406
-277.05792236328125
-484.4091491699219
11.898894309997559
-705.931884765625
-149.5352020263672
0.8154627084732056
-0.5234642028808594
-0.1542305201292038
0.6982107758522034
1.331680417060852
-1.916671872138977
-0.6691621541976929
0.5710874795913696
1.7713643312454224
-0.16500605642795563
-0.48045864701271057
-0.8287641406059265
0.32284635305404663
1.0036154985427856
0.15626616775989532
0.24176304042339325
-0.1181332916021347
-0.45014533400535583
0.3238397240638733
-1.719957947731018
-1.3403346538543701
1.9986662864685059
-1.6058839559555054
0.3972102105617523
-1.4834107160568237
-0.006314593367278576
-0.759707510471344
1.2024205923080444
0.8698012232780457
-0.6608592867851257
0.46343180537223816
-1.8022431135177612
0.5569547414779663
-1.2773573398590088
-0.9653891921043396
0.7800444960594177
-0.006118920631706715
0.24308349192142487
-0.07131335884332657
0.19809553027153015
1.3164788484573364
0.9270740747451782
-1.8115613460540771
1.396823525428772
1.0671545267105103
0.8923947811126709
-0.4407629370689392
-0.09848276525735855
0.8464432954788208
1.3398587703704834
-1.218901515007019
-0.3325950801372528
-1.4650870561599731
-0.5838634371757507
1.0180600881576538
-0.8093677163124084
0.8807169795036316
-2.1763863563537598
-1.607280969619751
-0.6800039410591125
-0.2391505241394043
-0.9121320843696594
0.6602608561515808
1.5143038034439087
-0.5818005204200745
1.7764570713043213
0.20874649286270142
1.4697842597961426
0.056479353457689285
0.3585059344768524
-1.2460992336273193
0.033999234437942505
0.6172891855239868
1.5439797639846802
0.17748522758483887
0.7110840678215027
-0.01206978876143694
-1.0021406412124634
-0.3971346318721771
0.5020350813865662
0.1433621346950531
-0.47191786766052246
-1.203258991241455
0.2599697411060333
-0.9873749017715454
1.4461044073104858
1.3971318006515503
-1.420356273651123
-1.8865457773208618
1.4775712490081787
1.9595500230789185
-0.22702983021736145
-1.3503273725509644
0.18628394603729248
-0.2707100510597229
-0.4309050440788269
446.4681091308594
762.4305419921875
636.5634155273438
185.2439727783203
579.2019653320312
654.241943359375
593.7403564453125
541.4766235351562
591.8790893554688
708.9911499023438
770.9779663085938
89.0501937866211
913.4954833984375
449.625
696.62109375
387.6390380859375
51.05714797973633
663.6412353515625
365.6605529785156
552.7799682617188
266.58984375
203.87608337402344
296.2049560546875
841.8676147460938
924.0151977539062
978.5835571289062
414.3309326171875
773.1865844726562
168.05311584472656
744.2559204101562
424.2063293457031
844.0921020507812
570.4003295898438
388.63525390625
-430.1091003417969
-551.260009765625
381.62945556640625
-557.7686157226562
-851.1259765625
-334.2339172363281
100.75599670410156
-599.4263916015625
-774.9160766601562
729.7291870117188
-84.02252197265625
-989.8001098632812
-503.4720764160156
-909.9434204101562
-488.9320068359375
-151.94589233398438
-714.69677734375
874.8958129882812
-75.96053314208984
720.0669555664062
645.8080444335938
-765.43115234375
-819.6331176757812
124.73881530761719
-939.0413818359375
578.6213989257812
-342.49517822265625
438.6258850097656
-615.1619262695312
-362.34197998046875
-21.470319747924805
65.18153381347656
-1.073611855506897
362.2349853515625
-618.7051391601562
-19.78827476501465
687.5066528320312
-61.622379302978516
833.1885986328125
687.0604858398438
328.96923828125
800.4647216796875
-694.3564453125
-577.14697265625
955.2953491210938
172.85293579101562
673.5154418945312
324.1504211425781
-417.794189453125
-437.23931884765625
-680.544677734375
565.96826171875
-405.8077087402344
783.7923583984375
-593.0094604492188
998.3905029296875
585.5007934570312
-423.2559509277344
404.422607421875
-331.0307312011719
8.786114692687988
-376.6748352050781
-81.34471893310547
-164.02157592773438
887.7615966796875
-725.7244262695312
693.9550170898438
769.6415405273438
259.8175048828125
983.6613159179688
-32.16773986816406
-306.0134582519531
-650.0160522460938
200.6326141357422
-990.5249633789062
800.2582397460938
977.6256713867188
594.18798828125
746.70263671875
584.1705322265625
36.966426849365234
-824.0298461914062
112.29279327392578
-373.96051025390625
-750.351318359375
896.5482788085938
-870.153564453125
804.4976196289062
844.1199951171875
397.62542724609375
-832.279541015625
-241.6666717529297
277.3714599609375
-542.1575317382812
-1.932043194770813
0.964841902256012
0.26769864559173584
1.3830446004867554
0.4033253490924835
-0.7507743835449219
0.24124285578727722
0.7841944098472595
-1.0163675546646118
0.28504952788352966
1.8085211515426636
-0.6048395037651062
-0.9415521621704102
1.9870338439941406
0.7155388593673706
0.09318121522665024
1.4894745349884033
-1.332846760749817
-1.6545898914337158
0.6516110897064209
-0.84177166223526
-0.48122602701187134
-1.7270675897598267
1.3597826957702637
-1.2773267030715942
-0.7408114075660706
-0.7363397479057312
-0.9276612401008606
-0.7749430537223816
0.734609842300415
0.5683811902999878
-1.4577070474624634
1.0119729042053223
-0.1352451741695404
0.6164724230766296
-2.05285906791687
1.1177122592926025
0.9519036412239075
0.20690393447875977
0.3829372823238373
1.4586018323898315
0.20934191346168518
1.6978939771652222
-1.6095893383026123
-0.03664778918027878
-0.10155151039361954
0.5321483612060547
-0.05076213553547859
1.5870747566223145
-1.3867394924163818
2.004246234893799
1.112985610961914
1.3483164310455322
1.3543905019760132
0.9009854793548584
1.5976289510726929
-1.7149792909622192
0.08652766793966293
-0.9412789940834045
-0.2327144891023636
-0.7648363709449768
1.8330060243606567
-1.8838410377502441
-1.7371803522109985
-0.963038980960846
1.782689094543457
-0.5571393966674805
-1.1359338760375977
-1.233181357383728
-1.3814783096313477
0.4610573947429657
-0.29959291219711304
0.3152383863925934
-0.13311892747879028
-1.6347261667251587
1.9814621210098267
2.0527219772338867
1.5048078298568726
1.5245057344436646
0.21361735463142395
0.8255437612533569
-1.5395761728286743
-0.49932417273521423
1.2631362676620483
-0.8880022764205933
1.0662431716918945
1.4209219217300415
0.5760756134986877
-0.5495755076408386
1.2060191631317139
-0.906467616558075
0.996424674987793
0.19231629371643066
-0.21644318103790283
-0.5149913430213928
-1.7942055463790894
727.4746704101562
324.033203125
898.6993408203125
675.6232299804688
991.671142578125
463.21295166015625
109.60787200927734
121.5985107421875
746.4716186523438
578.7476806640625
216.8094940185547
547.5958862304688
529.8038940429688
857.7763061523438
53.07624435424805
113.05135345458984
442.6011047363281
139.41709899902344
988.742431640625
198.25257873535156
619.6329956054688
443.656982421875
781.6743774414062
52.62957000732422
324.3950500488281
469.7726135253906
113.63392639160156
641.1773071289062
534.2146606445312
826.80859375
442.2850646972656
295.02081298828125
764.1218872070312
-71.78254699707031
-913.4808959960938
91.36581420898438
847.6429443359375
-187.92022705078125
-303.89202880859375
-31.190818786621094
78.94039154052734
-839.3138427734375
-21.702465057373047
-518.3866577148438
299.410888671875
56.5000114440918
134.99609375
587.4544677734375
50.90449523925781
-426.05010986328125
-788.7012939453125
-831.459228515625
-244.8490447998047
-335.7823181152344
-399.192138671875
495.3894348144531
194.5821075439453
887.0988159179688
-734.4551391601562
-716.870849609375
-220.27481079101562
787.914306640625
567.4517211914062
-80.56411743164062
-569.46240234375
136.3907928466797
551.8662109375
706.1294555664062
-899.5288696289062
402.9485168457031
768.5377197265625
512.1248779296875
682.769775390625
-714.1900024414062
50.199920654296875
-969.2982177734375
694.7623291015625
-921.99462890625
-722.089111328125
-800.226806640625
323.1148376464844
-850.6033935546875
-216.6864776611328
460.4310607910156
-43.095699310302734
-75.88029479980469
-373.230712890625
431.4006042480469
344.34088134765625
388.5764465332031
-543.3052978515625
264.972412109375
-297.5824279785156
-334.6554870605469
-162.11024475097656
-792.1360473632812
48.30376052856445
-916.1835327148438
-817.1602783203125
-142.8079376220703
56.19546127319336
-678.4036865234375
-137.94248962402344
-584.8026123046875
-141.11058044433594
-47.59465789794922
-166.1245880126953
-641.7186279296875
-710.313232421875
-194.00515747070312
336.3595275878906
-934.9283447265625
47.04835891723633
-208.75466918945312
406.3431091308594
-874.0160522460938
927.0421752929688
168.34994506835938
745.4654541015625
261.25286865234375
-811.2025756835938
619.9341430664062
-23.872522354125977
649.9244384765625
501.5582275390625
-375.9938659667969
-120.3572006225586
282.9523620605469
-1.8054810762405396
1.2178571224212646
-0.8795914649963379
1.0747804641723633
-0.36158719658851624
-0.8468915224075317
-1.6320903301239014
1.4432255029678345
-1.6733062267303467
-1.0784611701965332
-0.8907971978187561
1.186914086341858
0.9699386358261108
0.9820782542228699
-0.9135863780975342
0.18824326992034912
-1.700590968132019
-1.2605699300765991
-1.638805627822876
2.0126969814300537
2.059213876724243
-0.3928331434726715
1.8412411212921143
-1.3521466255187988
0.0059705814346671104
-0.19980216026306152
-1.7097584009170532
-1.2387416362762451
1.5929522514343262
1.0829998254776
-1.9051433801651
0.3585909307003021
0.08116932958364487
-0.25600510835647583
0.3990558683872223
-1.955500841140747
-1.0105332136154175
-1.7199923992156982
-0.6914660334587097
-1.707040786743164
-0.6293087005615234
1.6290093660354614
-0.8442320823669434
-1.0442004203796387
-1.7785518169403076
0.4371210038661957
0.10531647503376007
0.24194028973579407
0.7487067580223083
0.1876516193151474
0.5738704800605774
1.8277146816253662
-1.89315927028656
-0.8327738642692566
-1.8462766408920288
1.1847047805786133
0.8458358645439148
1.4743143320083618
2.134305000305176
-1.7823047637939453
-1.3554810285568237
-1.3675931692123413
-0.9286873936653137
0.10403487086296082
1.1594382524490356
-0.7521771192550659
-0.0033503095619380474
1.229230523109436
1.040122389793396
1.0147396326065063
0.9630677103996277
1.792288064956665
0.903258740901947
-1.737514615058899
1.9493621587753296
1.50452721118927
-1.6749110221862793
1.4528989791870117
-0.9931743144989014
-1.2426468133926392
1.8110884428024292
0.5544118285179138
-1.6763497591018677
0.945631206035614
-2.265376091003418
-1.6936070919036865
-1.407770037651062
0.3606225550174713
0.3523775339126587
-1.0726318359375
0.4787397086620331
0.5398216843605042
-0.9809237718582153
-0.08795945346355438
0.23168949782848358
0.2428685873746872
180.3905792236328
215.5682373046875
325.8908386230469
413.8350524902344
218.67176818847656
919.7103881835938
440.4122619628906
951.825927734375
253.25094604492188
468.55267333984375
801.601806640625
989.335205078125
449.74212646484375
470.00958251953125
940.6689453125
432.2029724121094
440.4447937011719
953.1483154296875
496.88800048828125
126.23265075683594
941.4564819335938
501.4757995605469
360.706298828125
900.6979370117188
17.140762329101562
947.6249389648438
87.5064468383789
75.49971008300781
942.25927734375
477.96600341796875
179.70570373535156
982.2646484375
-322.97137451171875
-152.42709350585938
72.01019287109375
-911.0944213867188
496.2715148925781
83.89983367919922
-956.2454833984375
-476.9720458984375
-304.0954284667969
509.7232971191406
-475.1524658203125
725.3115234375
-853.0325317382812
-829.435546875
962.0148315429688
349.3008117675781
495.8138122558594
885.5791625976562
-494.65234375
584.3963012695312
-240.58090209960938
559.7118530273438
570.7259521484375
-940.5757446289062
-730.7066650390625
-284.2641906738281
68.03318786621094
844.518798828125
-356.5469055175781
-945.5171508789062
719.3876342773438
413.4390869140625
-997.5935668945312
674.6488647460938
901.7421264648438
239.96588134765625
602.887939453125
-758.4340209960938
-633.0835571289062
321.1962585449219
-832.4198608398438
47.09382629394531
-742.930908203125
-463.3638610839844
875.5103149414062
764.6016235351562
435.2162170410156
-195.413818359375
-112.58800506591797
-278.6752624511719
-123.12457275390625
-16.175506591796875
-646.5411987304688
-738.2197875976562
-82.56934356689453
-949.9191284179688
-76.7535629272461
-491.75146484375
-4.632203578948975
-107.60779571533203
-176.0284881591797
-704.5337524414062
-295.4842529296875
552.4055786132812
154.9273223876953
593.5790405273438
-564.3456420898438
75.39933776855469
-825.8511352539062
860.504150390625
183.64892578125
-395.95513916015625
146.27206420898438
-378.10748291015625
-686.3165283203125
276.7676696777344
-862.0293579101562
303.2435607910156
-390.0306701660156
783.7958984375
-174.7041015625
318.8774108886719
233.68701171875
-281.4332275390625
-417.4305114746094
-428.8388671875
409.305908203125
-886.4573974609375
-505.1412048339844
-251.26388549804688
326.00738525390625
881.4464111328125
-481.14715576171875
-162.77569580078125
-950.0068969726562
-737.7357788085938
-0.9999210238456726
1.3270903825759888
1.3546983003616333
0.02710658498108387
-0.010023006238043308
0.5278570055961609
-0.494609534740448
1.0756165981292725
0.41871488094329834
-0.5999102592468262
-1.7243995666503906
-2.1496338844299316
-1.4331891536712646
1.8496114015579224
-2.0280895233154297
-0.20414990186691284
1.5773801803588867
-0.5665712952613831
-1.2228643894195557
1.7003512382507324
-1.6594126224517822
-0.5772049427032471
1.3771188259124756
-0.18250349164009094
-0.22456346452236176
0.19154688715934753
0.08745857328176498
1.5155603885650635
-0.22445695102214813
0.5244950652122498
-1.981455683708191
-0.5146902799606323
-0.1373642534017563
-0.14993882179260254
0.5017609000205994
0.7408087849617004
-1.8485032320022583
1.8071345090866089
-0.6026784777641296
1.5111221075057983
0.7741825580596924
1.8875243663787842
0.27763745188713074
-1.4411499500274658
0.4018268883228302
1.1854394674301147
1.5330240726470947
-0.8217160701751709
1.589235544204712
-1.1267386674880981
-0.4582638144493103
0.7146696448326111
-0.8161636590957642
1.300326943397522
1.8326666355133057
-0.9076378345489502
-1.1455405950546265
0.6139584183692932
0.3897731602191925
0.37472304701805115
-1.2270232439041138
-0.8202341794967651
0.4889526069164276
0.009036649949848652
1.7748656272888184
-1.21770179271698
-1.076764464378357
-1.6952457427978516
2.0864217281341553
-0.5307305455207825
-0.5851988196372986
1.2930161952972412
1.3582488298416138
1.9074052572250366
0.26304301619529724
1.8769361972808838
-1.0036449432373047
-1.9227254390716553
-1.1366057395935059
1.5292636156082153
1.848357081413269
-2.010066509246826
-1.6080069541931152
2.056989908218384
-1.3346747159957886
1.8482728004455566
1.3938241004943848
-1.6083365678787231
0.7127640843391418
-0.01309644989669323
0.585618257522583
-2.1341588497161865
1.682246208190918
1.4322538375854492
-0.8613482117652893
0.5761124491691589
837.7738037109375
731.0953979492188
158.13949584960938
911.6281127929688
1.9239424467086792
243.18247985839844
137.07069396972656
341.3730773925781
147.98915100097656
281.1734619140625
400.4541931152344
473.3859558105469
269.84881591796875
67.97816467285156
540.5589599609375
633.3846435546875
655.947265625
28.678752899169922
105.8626480102539
668.2634887695312
102.57003784179688
66.59066009521484
451.68670654296875
364.7414855957031
673.3428955078125
40.31134033203125
225.31178283691406
285.1853332519531
325.26812744140625
7.9339375495910645
550.8828735351562
13.001957893371582
525.8792114257812
189.86265563964844
157.9823455810547
384.5846862792969
-937.9492797851562
-110.37940979003906
-917.8179931640625
867.2545166015625
791.50390625
488.7600402832031
379.3221740722656
-128.6053924560547
208.99777221679688
356.39031982421875
-887.6017456054688
876.362548828125
648.47314453125
-863.343994140625
126.98816680908203
259.56494140625
-782.1224975585938
-695.2401123046875
741.9585571289062
-205.17230224609375
-23.409839630126953
323.10687255859375
354.1408996582031
-395.67059326171875
-206.03257751464844
-363.1062927246094
-545.1563720703125
749.52880859375
280.14044189453125
573.4122924804688
-590.4566650390625
38.13261795043945
-927.7797241210938
48.60783767700195
-670.3175048828125
952.2738647460938
751.8184204101562
-743.8508911132812
141.0543975830078
-220.9444122314453
-522.3295288085938
643.6771850585938
-608.3848876953125
298.4388732910156
995.7252807617188
-894.1373901367188
-541.6831665039062
-824.372314453125
662.6561279296875
-503.4903259277344
-240.0492706298828
925.3111572265625
609.005126953125
-851.4398803710938
978.1947631835938
-623.3680419921875
827.3583374023438
640.9573974609375
400.0799865722656
998.4072265625
734.3661499023438
935.1160888671875
-888.4440307617188
-723.9708251953125
-611.458740234375
908.7600708007812
873.1360473632812
-395.58197021484375
-244.9784393310547
-433.0080871582031
153.69969177246094
-183.27676391601562
506.5821533203125
-207.9506378173828
720.5687866210938
36.36588668823242
470.4844970703125
686.9924926757812
-852.0602416992188
-872.03515625
32.46117401123047
-172.54251098632812
-782.6698608398438
-514.8817138671875
-365.2841491699219
-706.185546875
-484.795654296875
89.01375579833984
624.617919921875
638.3968505859375
-80.76850891113281
-258.05877685546875
-0.41750049591064453
-0.03257809951901436
-0.26462069153785706
0.7787059545516968
-1.0554598569869995
-1.1676324605941772
-0.19879485666751862
-0.9556381106376648
1.5622129440307617
-1.3243958950042725
-1.0153794288635254
1.0311566591262817
-0.8156871795654297
-0.0979657992720604
-1.330475091934204
0.7936205863952637
-2.108161449432373
0.27005475759506226
-1.598944067955017
-1.0084972381591797
0.9181221127510071
0.9799225330352783
1.319509744644165
-1.187132477760315
-1.770390272140503
-1.4610868692398071
-1.1062119007110596
-0.8389619588851929
1.318002700805664
-0.5037199854850769
0.07351993769407272
-0.5091047286987305
1.3519206047058105
-1.9440165758132935
1.9843264818191528
1.3201738595962524
-1.6329708099365234
-0.616266131401062
1.0823568105697632
1.6960995197296143
1.7337087392807007
1.2623887062072754
-1.0284942388534546
1.6331737041473389
0.969197154045105
1.0004571676254272
2.1152334213256836
-2.0463974475860596
-2.0653879642486572
-1.1109342575073242
-0.7479995489120483
-0.3300146162509918
-1.051668643951416
-0.41996005177497864
1.4759869575500488
-2.0033063888549805
-1.932983636856079
-1.5390647649765015
-2.0731587409973145
0.4128730595111847
1.1717092990875244
-0.5336812734603882
-0.33614060282707214
-0.24417267739772797
-1.4883697032928467
-0.7140657305717468
1.8120241165161133
-0.3697398900985718
1.5524029731750488
-0.33238089084625244
1.7767196893692017
-1.1505545377731323
1.096962332725525
0.41368550062179565
1.7014881372451782
0.21723751723766327
-0.7033914923667908
-0.23768053948879242
-1.837416410446167
-0.4491136968135834
1.5755928754806519
1.8095582723617554
1.048062801361084
2.25315523147583
-0.08177679032087326
1.6366173028945923
-1.3543848991394043
-0.7405733466148376
-1.5895119905471802
-0.018929723650217056
-0.7623915076255798
1.9154833555221558
-0.8442121148109436
-1.7628109455108643
0.9186946749687195
0.15323029458522797
232.92269897460938
990.020263671875
333.6717834472656
598.5046997070312
358.9201354980469
680.3914794921875
853.1998291015625
792.842529296875
621.8425903320312
565.5790405273438
152.67095947265625
813.4368286132812
983.4619750976562
633.5751342773438
581.4375
148.59129333496094
276.6734313964844
360.522705078125
191.7100372314453
990.3937377929688
923.26904296875
372.07537841796875
145.15562438964844
395.573486328125
164.30447387695312
538.218994140625
178.35427856445312
49.04434585571289
614.3392333984375
381.0054931640625
683.4749145507812
522.5032348632812
-336.5674743652344
-146.43292236328125
324.6553955078125
909.5801391601562
-593.6621704101562
-450.59588623046875
907.2407836914062
-506.5675048828125
-843.6717529296875
481.2335510253906
293.8757019042969
-666.73876953125
295.32403564453125
730.8423461914062
228.20913696289062
792.3152465820312
901.1704711914062
594.1571044921875
224.82528686523438
384.9505920410156
687.4918212890625
-206.8032989501953
-733.36328125
536.231201171875
-346.2293395996094
-807.91357421875
-122.32095336914062
-314.51416015625
-498.90020751953125
-155.5657196044922
-490.4845886230469
-432.97552490234375
-207.7110137939453
59.92699432373047
513.96875
717.2343139648438
-260.3947448730469
290.939697265625
-899.079345703125
210.97726440429688
-9.62386703491211
-186.05613708496094
-850.9321899414062
-706.1481323242188
-254.42588806152344
-817.040771484375
-918.21337890625
31.840072631835938
748.7084350585938
-427.0770568847656
625.6016235351562
-253.4073486328125
816.6121826171875
75.65511322021484
-839.3887329101562
885.8843383789062
706.925537109375
254.12416076660156
601.5841674804688
984.48486328125
-783.4268188476562
-15.88282299041748
953.9342651367188
-854.9148559570312
-241.81411743164062
270.9119873046875
472.5206298828125
-438.06890869140625
76.73767852783203
-44.63782501220703
820.8635864257812
-767.8744506835938
850.9083862304688
429.6833801269531
647.1402587890625
-954.2359619140625
1000.87646484375
-107.1063003540039
-484.2223205566406
-283.2764892578125
91.77359771728516
-119.96151733398438
-924.0714111328125
611.8040161132812
-766.7590942382812
-757.6829223632812
-857.5155029296875
-657.4462890625
-950.6256103515625
-3.469607353210449
671.9943237304688
75.11421966552734
682.4251098632812
283.4737243652344
747.2150268554688
328.92401123046875
2.092637538909912
-0.8060519099235535
0.4347718358039856
-0.27755841612815857
-0.8205468058586121
-1.5732932090759277
-1.0039137601852417
-0.08886059373617172
0.42533570528030396
-0.3179025650024414
-1.3808115720748901
1.4531950950622559
0.16304387152194977
0.31071925163269043
-0.1359126716852188
0.8929527997970581
1.0560531616210938
-0.37199458479881287
-2.0549581050872803
-0.6238332390785217
-0.5669883489608765
-0.31869345903396606
0.694480836391449
1.6456061601638794
-1.763581395149231
0.02685975842177868
-0.8736072778701782
0.5687782764434814
1.1222282648086548
2.0309572219848633
0.27187293767929077
-1.5555251836776733
-0.296959787607193
-1.05486261844635
1.7483443021774292
-1.4928722381591797
1.8202872276306152
-1.6167000532150269
0.9802456498146057
-1.569244623184204
1.7064449787139893
-1.8333158493041992
2.0497207641601562
-1.3699629306793213
0.6907604932785034
-0.7719857692718506
1.6440809965133667
1.3843166828155518
0.12082181870937347
-1.8768030405044556
-1.0701186656951904
1.3554389476776123
-1.9510754346847534
0.42795485258102417
0.23766757547855377
-0.8524042367935181
-1.361083984375
0.20489780604839325
-1.6473554372787476
1.0597506761550903
-0.38573578000068665
-0.6649274826049805
1.1868715286254883
-0.20119188725948334
-0.1660929024219513
1.0565311908721924
1.3820562362670898
1.633217692375183
-0.10158655047416687
-0.835594892501831
1.4824802875518799
0.5821974873542786
-1.498337745666504
0.3909008502960205
0.26534342765808105
-0.0017394376918673515
1.2744052410125732
1.9512993097305298
1.5578477382659912
-0.056740835309028625
-0.37691783905029297
1.2129923105239868
-1.6194970607757568
-0.8469285368919373
-1.6509575843811035
1.9756706953048706
-1.4715343713760376
1.9202685356140137
0.07984964549541473
0.010360750369727612
1.6655515432357788
0.0016352792736142874
-0.2884167432785034
0.4111970067024231
1.48958420753479
-1.3794289827346802
972.7938232421875
911.8583984375
759.2627563476562
251.56394958496094
900.5556640625
297.1708068847656
877.6288452148438
41.398006439208984
56.411155700683594
803.1589965820312
106.70862579345703
439.2071838378906
343.1555480957031
277.90753173828125
362.05126953125
485.66180419921875
836.4317016601562
617.1837158203125
907.3682861328125
836.7095336914062
146.13108825683594
422.7643127441406
533.0131225585938
255.7577667236328
566.2862548828125
974.2208862304688
225.22042846679688
784.5628051757812
994.9487915039062
254.05670166015625
856.0615234375
173.9020538330078
802.841552734375
-132.30152893066406
62.19548416137695
832.8922119140625
-791.8252563476562
-640.14404296875
-789.9827270507812
650.9166259765625
-903.7974243164062
345.3348693847656
423.71966552734375
758.9329223632812
206.76083374023438
795.2979736328125
826.8768920898438
8.427277565002441
852.6831665039062
-137.9558563232422
360.1228942871094
253.9297332763672
804.6915283203125
534.065673828125
811.4652099609375
-627.4151000976562
146.83421325683594
783.2070922851562
289.6505126953125
853.4379272460938
-900.400390625
28.666963577270508
838.9639892578125
290.9259948730469
515.509765625
-18.09732437133789
-653.7356567382812
-499.5036315917969
-274.9008483886719
305.55224609375
-435.5780029296875
-942.3327026367188
-571.9736328125
211.323486328125
-2.579805612564087
-457.4726257324219
983.34521484375
-131.91209411621094
640.13525390625
412.4905090332031
778.83203125
450.2811279296875
292.6900634765625
891.55419921875
-492.34381103515625
-250.67799377441406
727.9812622070312
775.4850463867188
-575.820068359375
-168.28115844726562
-9.892671585083008
311.2760009765625
757.8463745117188
-565.0651245117188
647.3908081054688
876.4479370117188
-592.9826049804688
-562.377197265625
656.7362060546875
465.56451416015625
-667.77978515625
-702.95166015625
-998.0658569335938
21.493066787719727
309.84637451171875
786.515380859375
-479.1748046875
694.934814453125
-251.25970458984375
190.34237670898438
803.4219360351562
-326.5625
-345.0870666503906
-528.27587890625
515.4854736328125
-21.58693504333496
-412.38641357421875
-988.8511962890625
-488.4908142089844
525.6271362304688
-615.6551513671875
183.22706604003906
-53.5264778137207
-418.70330810546875
259.97882080078125
511.8293151855469
835.64306640625
-495.6676025390625
-1.2863528728485107
0.1572461873292923
-0.4530254602432251
-0.5603561997413635
2.0000057220458984
-0.46876761317253113
-0.476711243391037
0.44578835368156433
-1.0764787197113037
-0.32128626108169556
-0.5670281052589417
0.39581459760665894
0.4674938917160034
1.1992429494857788
-1.3170232772827148
-1.8462834358215332
-0.1511310189962387
-0.29440927505493164
-0.8946122527122498
0.41782286763191223
-1.157027006149292
1.2916059494018555
1.6317477226257324
-1.0778752565383911
0.7944201827049255
1.046030044555664
0.38436394929885864
-1.7941983938217163
2.072909355163574
-0.8753592371940613
0.6455872654914856
-0.7545658349990845
1.3049089908599854
1.9306081533432007
0.3523171544075012
-1.0707873106002808
1.819701910018921
-1.884045958518982
-0.44181716442108154
0.14119574427604675
-0.055432915687561035
1.3249812126159668
1.0342155694961548
1.7354780435562134
-0.6267676949501038
-2.087742567062378
1.3075207471847534
0.902428388595581
1.1831955909729004
-1.8774148225784302
1.3225749731063843
-0.24114014208316803
0.5952720642089844
-0.7897633910179138
-2.050346851348877
-1.983466386795044
2.0419018268585205
1.0805110931396484
1.3461582660675049
1.7151297330856323
0.7966067790985107
-0.23625028133392334
1.4301629066467285
0.007161663845181465
0.8980047106742859
1.133628010749817
-0.1890917718410492
-1.823988437652588
-1.1695157289505005
-0.28783220052719116
-1.3049283027648926
-1.4969993829727173
1.83612060546875
-1.2091795206069946
-1.2020066976547241
-2.091387987136841
1.907339096069336
-1.0736966133117676
-0.285088449716568
1.3723505735397339
-1.1341710090637207
1.1626173257827759
0.006203903816640377
-0.22055771946907043
1.504572868347168
-0.6773892045021057
-0.31415560841560364
1.9025959968566895
1.2013344764709473
-1.3812787532806396
-1.0206154584884644
0.4870322048664093
-1.7823485136032104
1.309718370437622
-2.1735832691192627
-1.5113937854766846
915.0484619140625
743.6668701171875
718.7416381835938
113.14478302001953
746.280517578125
178.95602416992188
757.0037231445312
59.77993392944336
876.024658203125
186.90487670898438
858.1534423828125
895.5238647460938
102.43696594238281
115.82891845703125
975.10693359375
984.2164306640625
96.29147338867188
636.0090942382812
369.2925720214844
58.97309875488281
851.7730712890625
663.5825805664062
60.54717254638672
453.3136901855469
406.7994384765625
984.9930419921875
994.5513305664062
226.60684204101562
763.0792846679688
662.736328125
434.3235168457031
575.7737426757812
