3274991868
3295015475
1140810264
1142154655
1146689920
1110048268
3294150606
1146457227
3287859736
3291995506
3291570522
1127542480
3277585182
1137664668
3293570421
3295793803
1147560248
3293349108
3281613225
3295726490
1145031052
1143854459
1127403271
3291143176
1142324678
3294128122
3265810197
3283645886
1148739045
1148133974
1143335898
3267738152
1148272876
1126875204
1119931698
3289017415
1147351191
1143359951
3289146972
3264196428
1137129935
1147059698
1137300612
1142225832
3276840387
1138504205
1120399126
1121573386
1136198686
1142054407
1110883070
3293072717
3270446431
3286874781
1147174533
1124180654
3268832207
1118903459
3266501131
3281008968
1148644390
1144967518
3288917549
3274226372
3292757337
3293943271
1137365306
3286500642
1148189166
3291437839
1138701963
3287671998
3281191262
1143044806
3285193999
1143221950
1141365767
1132082694
3286640418
3285607000
3295509462
1131659081
1143150456
1122850943
1140583889
3289469249
1131302360
1120958025
3293834464
1136093623
1143947912
3292957743
3293258253
3295218475
3293736739
1129263618
3209811571
1074050788
1063698361
1033924520
3221021647
1049442568
1040084460
1058338292
1055826500
1065359247
1032746220
3215965097
3216689709
3215770382
1073174028
1042935766
1061507249
1057726401
1073111230
3202127687
1041554426
1069204765
1071136937
3203772173
3214735996
3206104990
1070068117
3202756251
3212528617
1062357756
1068942307
3212959463
3208435322
3215259348
1040242112
1028253586
3215376689
3203987729
1049505611
1039599386
3208416630
1066555333
3213513586
3216936790
3215607767
1030541630
1073416732
3218125705
1056141872
3219412409
3213030945
3214134434
1047911648
3218571456
1067786813
3190519047
3215051259
1068359381
1071638449
3218811960
1059704096
3197613852
3214777944
1065551849
3216801493
1068744297
1022083626
1020195646
3217946671
3208335230
1064478910
1070348956
3206513472
3218348180
3212142361
3215738742
3218135016
1067317918
1067524259
3213878635
1053518500
3220724275
1064635190
3221103334
3214047975
1051355920
3215956997
1033287450
1074361828
3192763506
3215806137
3212129251
1066666732
1058274801
1036460555
1028672362
1138360153
1104111852
1141467750
1138338116
1137848084
1134897883
1129096717
1142608216
1133892556
1132816868
1142638737
1141131544
1124504695
1140876544
1127772315
1145329011
1146453611
1140268625
1146332143
1117735548
1140629376
1115853489
1138102184
1119948756
1123963368
1142239155
1130496786
1121313841
1130122852
1135536580
1139401932
1128906308
3289312742
3294399152
3283616893
1126792240
1126409157
1143317860
3277344566
3291395570
3295048693
3289856815
1146680886
3295089690
1133144596
3271474899
3290180850
1135423785
1127984470
3294157228
1134754381
3293856850
3289021888
1124893845
1138238421
1125994070
1145518328
1137238889
1147885407
3286403545
1148378239
3289979565
3290024967
3290124972
3283475780
1139610762
1116138200
1147266310
1119498315
1138655748
3295238004
1132580792
3288644628
3285581650
3290131366
3275003074
1146330344
3293815531
3289238005
3286654895
3285221234
3288685646
3293097966
3275929125
1144401524
1142409322
3260610959
3288291624
3286099051
3285812159
3293918847
1138357923
1142391572
1147256307
1137913758
3293834798
3295490600
1142407286
1146655184
1148252342
3294998656
3287091396
3295646017
3290209394
3290057639
3293782692
3289589742
3291076215
3290290061
1141537751
3293609288
3264002948
1145364473
3288431793
3280507157
1141305438
3247595116
1139237291
1145761491
3268033313
1146003796
1139175112
3280888443
3290283200
3289241972
3292880304
1127113620
1146338048
1047751493
1073866548
1060109258
3216173136
3185621249
3180336902
3189315006
1074071914
3212241156
3209650593
3208157496
1070245553
1048903557
3196477628
1068007489
3213835282
3221627028
3209681174
3219904056
3217475501
3215278170
1067758197
3204323112
1058694839
1067684703
1063129579
1065454305
3218506741
1069171564
3216544401
3198194717
3208324183
3214005749
3220485321
3217353650
1008935526
3213833013
1064004623
1054584948
1066197873
3210369295
3202487662
1061157090
3219839134
1038133626
1074500433
1057821731
3201165065
3215315839
1064266720
1060162142
3217465349
1053361079
3218333429
3211099792
1057530662
3220037922
3203808743
3215785407
3213957377
3218585652
1067686816
3188710561
1067683185
1065289357
3198313886
3222555126
1046909720
1069158551
1066392054
1067534185
1071199631
3214464092
3199501642
1054907862
1073464734
3218071108
1066007802
3213438683
1048001059
3213751130
1069158273
3214074029
3216231350
1070110983
3220909485
1066467669
3220073842
3220021968
1064339573
3209969441
1066190544
1067770564
1072154286
3217107701
1051468122
1133745678
1127958875
1119785852
1133371582
1129770148
1133432135
1139520630
1141465036
1146308413
1148657823
1111718124
1130896966
1143002094
1126266737
1146718550
1129932549
1144614995
1143161168
1145551020
1106901762
1130730228
1144006697
1118773249
1106556739
1135776070
1142125068
1112597523
1115902924
1110311223
1137021772
1143413589
1128662769
1130168216
1114920576
1143665361
3271530818
1130291476
3294393845
1140176925
1136844764
1142668717
3292914102
3264795972
1134195176
3296031332
1143975669
1142941474
1103495688
3281691549
1139052553
1145261858
3239732876
1145077158
3291494153
3282641804
1138359676
3280753162
1110747869
1134184909
1127353139
3272531464
3291720255
3274678658
3288933048
3263318918
1147005153
3293096225
3288833576
3262399739
1124360670
3292110608
1142573701
1138129327
1114981377
3260124528
3245009217
1101872654
3289025007
3276171064
3291997855
1136728694
3281052330
3271729435
3289277439
1144468304
3294839270
1106024658
1134088971
1139855627
3275032045
1133687155
3287549249
3255966278
3293979359
3293145394
1130361858
1145351268
1140642395
3295455451
1142780651
1137409848
1112455078
1147461391
3294263676
3296204234
1140969729
1147670510
1143039190
1114810557
3293482036
1137013731
3281508466
1136284553
1141653922
1140202581
1138230895
1129868421
1142484892
1108876652
3290864359
1128359822
1143162243
1120499149
3293079548
3287442868
1122642072
1144782438
1142804054
1057744081
3217373593
1063089911
3203522976
3204090768
3209399696
1062638634
3208219749
3212219008
1050670647
3203184173
1050845652
1073289896
1032198829
3220871872
3214660345
3214285787
3214431577
1070379349
1069396698
3208628955
3197548643
1048725209
1040701767
3204217610
1050957720
3213494187
3204037512
1059907012
1054799997
1072299482
3213387347
1051058187
1061217459
1069246537
3203704148
1066111237
1070450180
3206609362
1071610288
3215753680
3206590746
1070239928
3173259714
1067722988
3200150635
1048843093
3213035863
1065413394
1044888438
1053477623
1066197623
3216823382
3215849387
1071239007
1035124481
3203415472
1071413688
3213986836
3218536382
3193324303
1071290955
1072585151
3219699394
3216304616
1052631588
3217204605
3218921732
1063812527
3217966133
1059756122
1072295579
3196374323
3214581737
3164547193
1070975420
3220249537
1071327711
1072878156
1066115884
1070014431
3181427769
3208260605
1050566488
1056716465
1071020350
3217777008
1073864973
3216749549
1067703382
3205752112
1063249795
3211164846
1070053792
3219742165
3178357328
1127201125
1117682162
1128719915
1138150232
1142977524
1118749220
1144188610
1120632152
1127192925
1144149140
1146966240
1148569819
1143159307
1139727937
1118802746
1141619930
1127556725
1140890043
1142438792
1146113433
1134682131
1148663597
1148763345
1145997735
1143835075
1144482526
1146802484
1148051622
1146425556
1142963219
1116929836
1142675615
3281752371
3294818479
3295591224
3276173035
3290201772
1143953701
1147640539
3285498837
1138273250
3280341391
1144393453
3269967526
1146888972
1134430238
3292829528
3292169521
3275057572
1125480884
1110561678
1144352351
3296174630
3292355558
3283209859
1143913699
3296167590
1115982444
3296309432
1117945449
3257033660
3291995113
1126703660
1131324692
1138272266
1141761360
1127443722
3283641448
1145455049
3286707630
1134124280
1133769252
1133208446
1119821383
1139401518
1145700649
3294518662
1141410111
3269640004
3271747231
1139068041
3290901877
3291978616
1136593558
1140175027
3292878879
1142195910
1108479218
3257317367
1141294777
1143779865
1133380343
1139012239
3267814920
1114411500
1135722635
1132905547
1125638817
1147697167
1145505083
3287419805
3276758704
1139653218
1147514016
1142468491
3292878063
3281606649
3293739569
3291959326
3251879865
3293196306
3290383397
1148502085
1137945241
3285343773
1143920816
1138127564
1120990764
1135556357
1126257992
3290378745
1145589998
1141701373
3282099489
3288584143
1143011882
1141441753
3290739403
1038275641
3215963368
1073963722
1065573003
3219015730
1064992360
3215788762
1040886864
1068892163
3212337067
1069873375
3221202628
1065371981
3219576975
1031864033
3180123466
3220429205
3190457384
1068433787
1050226729
3202334108
1074434116
1073354988
3213603419
1074826969
3200947192
3196296312
3165214633
1057672632
1074333273
3211178804
3218978292
1048576824
3221198744
1072881394
3217284528
3220051255
3219837209
3197531935
3212074737
3201165951
3196325715
1071232429
3218065270
3208615900
3208660645
3210666949
3207975635
3206991284
1071439150
3213378822
3201682645
3217651708
1060891383
1060674749
3215123606
3220876176
3214313656
1053922788
3185061137
3206517837
1071845756
1071616794
3208456988
1065514481
3205409919
3189949718
3209864401
1045960452
1054951367
1036471882
1066422368
1064950180
1067194105
1066354344
3206350070
1069688570
3220616004
1073767912
3212642666
1061944416
1068289663
3211711363
3221698782
3220073012
1071850725
3220113359
1047321154
1067611506
1069893039
1063307833
1049563036
3193258486
3196469627
3205281455
3210561507
1119891056
1126313718
1143836494
1124844405
1132810269
1145621313
1133923919
1142243599
1141847037
1132771524
1131985914
1133565558
1146813482
1100353711
1119307224
1135254240
1130122553
1141683936
1141300611
1140305494
1133928549
1140832624
1145343648
1145774171
1141192145
1145673076
1107892759
1125781741
1144720343
1136684889
1134490370
1141833872
1143570589
3289672774
3295351846
3290547156
1135908060
1142724386
3291102453
1125798764
3294554500
1143189648
3293407625
3290590144
1133885654
3262422046
3286280807
1146957033
1123226501
3291044900
3273428234
1137718805
3266082703
3292833095
3290611562
3287929398
1119609726
1132885133
3258754858
3289381406
3281872559
1144625673
3288384754
1134578568
1148058849
3286972879
1145331254
3272480257
3289146832
3283112624
1143400745
3275788388
3288857006
3284182029
3288822693
1146140498
3262612458
1147214278
1144477610
1127480252
1136943984
3283733747
3243802202
3292703131
1114719609
1125276075
3271952205
3293644567
1145248516
3284126159
1148582948
3289607355
1115686791
1143400051
1095704438
3273369131
1129661912
1128905742
1125215639
3295567519
1121735950
3296129440
3294328707
3291608305
3274711485
3272592669
3296216921
3284174777
3282571775
3292025947
1148459547
1141355649
3287591617
1127697764
3289763184
3282540216
1145515027
1142687744
1143043747
3277811031
1102174783
3292784921
1144386021
1137831461
1143584754
3293032213
3286020312
3281612209
3191649372
3216468654
3208847365
1055477917
3203958968
3208332850
1065825412
1067193593
1066810509
1048237605
3217416574
3215411310
3217201053
3210811276
1071848843
3214184745
1027999413
1071586602
3216114193
1065865191
3213522038
1074138940
1074130240
1067595658
1064613959
3220342599
1053189948
3187249641
3217983250
1059804042
1060593390
3177205618
3214433795
3206769403
3201785018
1070604497
1068809562
3218407449
3217318089
1067201711
3214476063
3202393239
3220304332
1069132064
3204675492
1001005588
1037436270
1062636031
3213760211
3211996921
1069123027
1074012602
1062912695
1053155250
3203948219
3217677921
1033050188
1067670916
1059382268
3218033037
1046147719
1069270485
3208465897
3218221909
3208459338
1067032038
3190213646
3215626811
1072026104
1073092754
1058791801
3210216931
1057936460
1067657459
3217208570
3212268423
1050745034
1027597847
1065049902
1057621979
1073441041
3219257769
1060682258
1073270347
3221669415
3189308676
1066893864
3176322680
1053952006
1067036278
1037486398
1055721510
3187179252
1070187227
1071368179
3214586721
1128596784
1145879192
1116776081
1146324709
1137955600
1124908489
1134097765
1144084266
1138697338
1130972077
1131332599
1143819031
1143075135
1115665228
1145774370
1124871975
1131450482
1096709649
1140662430
1146403751
1147694892
1139255207
1120763809
1139615502
1133591209
1134211802
1131607431
1148087362
1137095814
1080341282
1140302223
1143934120
1133587227
3288901669
3289613660
3281352298
3296095867
1137400371
3292645691
3288675300
3294285977
3269196114
3286406221
1105947978
1135486880
3289984539
3282507614
1123959402
3288436760
1146047218
3295052553
3291409165
3285063806
1135928836
3293351453
1145100543
1145707318
1133678508
3278406443
3286066778
3281838055
1144935533
1115463147
1146500372
3277143348
1145256545
1120243623
1141941801
3292090127
3289206898
1139066270
1136692594
3273098506
3289393565
3295246080
3285035024
1143619376
1144698088
3260350819
3289354128
1144455018
3279467277
1143317109
3293061224
3287541979
1129554348
3295042169
1143966046
3286223355
3286894536
3285535453
3278478382
3238602798
3293401629
3289270728
1139153672
1142349209
1146018101
3290250171
1141363633
3289021143
3294812431
3285844183
1147253114
1146627030
3283218307
3283827007
1141421513
1144258692
1147922841
3271584127
1145412254
1147870758
1140664620
3276576341
3287654094
3280759290
3281290983
3295646790
1145243010
1133296554
3283346791
3290994734
1137447639
3287338261
3266338404
1148145677
1128592139
1060694773
1070776763
3217935975
3213223073
3215259681
3209194352
3218607493
1053296865
1071711628
3201910849
1071390433
3188746880
3212943243
3216715218
1074032240
1025701862
3207239368
3214302830
1054261166
1065922901
3209386124
3200580112
1068391555
3208996180
3214526628
3220340406
3205932189
1062260232
3211964019
1069837416
1072595877
3194033181
3202265822
3222394731
1051520746
1054890837
1059276306
3216731432
3215405196
1038412448
3218737780
3204723075
1073871832
1063086629
1059748742
3210791502
3218562725
3202517308
1066489424
3206203623
1036112161
1073496262
1065550571
1052443760
1068379159
3200634928
1070489999
1056615684
1069161199
3212340156
3219109752
1031872841
3212706620
1063161905
3192538635
1027791518
1070593564
1049014989
1055496303
3201939009
1063442382
3213792081
3211275726
3205310622
3183575646
1069831767
3217038742
1069457232
3207877144
3221854357
1067397932
1055345426
3203191600
3210116504
1055351330
1068416648
1040409617
1021404166
3205482837
3219715087
1057537992
1070747793
3212031457
1062298788
3209727817
3193206756
1134424626
1131128424
1147748111
1145548188
1135327913
1138813628
1120548946
1142118476
1144404484
1130623978
1138557431
1143518783
1138578015
1141482217
1128454505
1145487330
1121663407
1139497852
1133612765
1121109916
1146479296
1128804932
1139450439
1142501522
1132908125
1139791090
1141153282
1138649231
1135973455
1132462782
1147308825
1140768116
1147743452
3290892354
1136680158
1145430696
1145363122
3291174541
3289350472
1146786051
1147753745
3260954626
3292841551
1144377594
1147608065
3292028861
3296076070
1128651307
1146988032
3278068311
3286940602
3255406385
3274059037
3284709745
1143383340
1145743650
3289602974
3295384447
1124479562
1128679512
3289643183
3294206432
3291829802
3283414277
1137989067
1142650441
3284222808
1133288879
1099946514
1144472546
1143147508
1145160716
3293560762
3279864259
1140978551
3283141159
1148452256
3296289032
1146695263
1139071834
1137316940
3287525957
3280550745
1082255513
3291661512
3289963609
3289702634
3288890948
3270249061
3294235883
3265224644
3289048710
1144679160
1132601404
3286960945
3291155471
1133252784
3274199130
1137527266
3275182980
1147536067
1146809372
1145771356
3290152038
3285947678
1133983933
3295688883
3283730667
1134452054
3291676092
3290980710
1142117070
3281873178
1144426138
3277259338
1143947222
3291255730
3272563252
3291057327
1126499490
3290719293
3285312462
1143738698
3292689396
3293534614
1137609553
3282177302
3292409333
3212947963
3197709403
3218849528
1064761502
1066875234
3193129554
3182243935
3216160459
1061392749
1061040051
3216070886
1054974724
986702400
1062854362
1069389653
1059670690
3216592239
3205985113
1060540678
3205371392
3213570095
1056231855
1069198651
3219073838
3215586289
3213529626
3214740531
1071835911
1043210954
3213937637
3216192662
1073057214
3205905704
3214554303
3196962342
3219229543
3215204693
3211680219
3221560166
1070537236
3219257597
3214826456
1036466696
1071303372
3219042999
3210120830
1071620851
1067049627
1041777236
1065625958
1050399360
3212376692
1048884923
1068587619
1066946343
1069061278
1068967547
3196166152
3218923449
1067948996
3213987236
1062236310
1042112902
1059602516
1041546705
3165612773
1071923181
3208615881
1067332091
3220859890
1065489728
3218641414
1073176479
1057466978
3208680080
1063421312
3202686882
1073788802
3212284069
3218266826
3192105184
1044219920
3209965364
1061827223
1063881076
3209889187
1063921514
1060474343
3208627057
3197543092
3214473614
1052856605
1068955531
1069258326
1073000959
3214685249
1135057833
1147884984
1139130080
1136129911
1141855613
1147380071
1148519812
1143860870
1136142115
1146611207
1147606130
1141357329
1144120128
1146740718
1143676622
1143118763
1136548812
1142299190
1131622057
1123009252
1132545063
1138695773
1135364145
1143963277
1136608143
1140616777
1133604234
1118965097
1144206056
1130372165
1139325056
1142193456
1136362134
3275666213
1146305297
3291522675
1131878233
1145789384
3296097060
1090820501
1143179001
3283833155
3266627104
1148612743
1132977968
3294345425
1116973584
1134706722
1142032510
3295078122
3264859518
3263477497
3289361197
1147218106
3294605108
1144854356
3287527660
1132391589
1146680704
1140649079
1145663370
1136324949
1134319667
1121721282
1125848779
1132672912
1133532391
3277673837
1141352316
3295323728
3292551356
3277499102
1143758370
1142199817
3292989211
3290646020
1139102549
3290425259
3292497096
1147399480
3296182539
1137410814
1139150109
1148139830
1142066123
3288875711
1144640647
3291571045
1134091620
1142168533
3295098625
1144613492
3294742169
1124172392
3296146588
3281533989
1115446504
3279350519
1140398959
1139917020
1134683999
3278039260
3287957880
3289532513
3296147861
3294277448
1144731533
3289479129
3287826591
3294125455
3291521278
3281462407
1120455983
1146701974
3287661997
3291500332
1127799538
3270926716
3295653712
3284952176
1137301812
1143427128
1132743928
3279977445
1137342655
1147445460
1133959162
1144086564
3217522709
3196856363
3217669170
3198333187
1038216213
3195727005
3217558135
1052625500
3185358870
1042189697
1070516260
3209135056
3221686059
3207612774
3196198937
3217891361
1052007465
3208885224
3213303547
3213852500
1068372412
3213548402
3205970979
3220815700
1066574186
1048632688
1070781809
3218487739
1001311360
3203467841
1061118112
1061439928
1067693159
1066180518
3215872905
3217861247
3209494399
3216803919
3208643487
3219089568
3209165392
3217314999
1053342175
3199185704
1066980048
3211822515
3197774997
3220388301
3209650473
3211917078
3209962344
1067309058
1067399023
3216367438
3219842444
1058366491
1038132912
1063060463
1072627352
1061813266
3183728486
1043346009
3200806884
1054750751
3216666609
3208742241
1046278129
1071117710
3212964867
1049084853
1069699588
3215082448
3200344325
1068365080
3209684725
1064622530
1066381896
1066564111
1072898619
1070061433
3216314782
3212264907
3220146674
3187469180
1067735091
1054375230
3214015245
1070188515
1071923765
3221689616
3202347637
3180072588
1070714166
1066959396
3217947970
1064426237
1133922335
1147368671
1126052347
1142921002
1139033372
1147616232
1138514153
1128965768
1148774925
1144323170
1124182927
1141116216
1134108810
1146911307
1126233176
1143011633
1148151098
1147352331
1147215734
1143334320
1134003691
1117113967
1126947641
1147102716
1144060467
1120974785
1148387876
1140781628
1126944276
1139789144
1137153875
1129701701
1103635766
1138577251
1141060015
1134456927
1147045072
1128703702
1123097903
3267497922
3291981267
1143150946
1137106169
3293294714
1137204528
3293399684
3288420601
3277722943
3288919672
3288097365
1134910325
1147134071
1140896347
3292318810
3259647353
3294796390
1145233231
3288482438
3272133843
3293204251
3292120712
3248837292
3290446466
1145066982
1113697954
1095841846
3271070596
1133767657
1145113890
3281599012
3286750468
1143789590
3274820292
1142950766
3295457741
1135828923
1117595505
3293114156
1147913012
3265174128
3286820869
1144887107
1139835867
3280427174
3285176345
1138484658
3288250498
1145539540
3292811325
1143227418
3290278730
1136173712
1148197414
3293624469
3268232282
1143301442
3290405318
3289705163
3242657523
3266989561
3291564245
1142142474
1146894767
3293632855
3290862287
1142425480
3274135578
3296001235
3287411682
1145980714
1145913231
3282766543
3291447175
1145966134
3274631588
1133327819
3287596622
3282275292
1143719685
3287268977
3285324712
3292453953
3283254388
1143867273
3274004119
1143739129
1140675342
1147842877
1068453139
1064494590
3218701307
3189747048
1069172855
1057859557
1056134895
1068789097
1070750718
3215434669
3182791940
1071460448
3215855800
1046163443
3217138369
1067652800
1040285353
1067625431
1002475214
3214674869
3198148035
1052626705
1007925883
1067541609
3216033936
1060008068
3205639388
1073588392
3213168328
1052075156
3215837301
1071964063
3206829933
3212919201
3188687997
1056866609
1064597028
1073756648
1044051788
1069445842
1028557491
3215082348
1069782401
1056406021
3221396390
1012811120
3222074530
1068935058
1042142037
3198719996
1049422833
1052866701
1064682458
1065131494
3185325075
1064171919
1042927283
3195675981
3216697972
1069447015
1055961624
3208212206
3219517528
3207978856
1049628747
1074404399
3213492617
1067488878
3216965251
1060359826
3221775431
1048545022
1065304891
3218701973
1050737445
3202435069
1056529337
3221761882
3202724802
3214539812
3210651760
1068974361
3219772817
3206270016
1074156572
1068417861
1016987200
1032177323
1066690698
1067919891
3220075029
1069605996
1069384297
1036902910
1069252342
1052306255
1142745188
1134509835
1142001298
1140279640
1142199370
1089855673
1148270967
1131092872
1117347594
1133734214
1143815121
1147743985
1146292649
1134778569
1146096368
1113167190
1119463731
1127897336
1145368844
1144328091
1124279113
1144064060
1144943054
1128193095
1143450782
1137364191
1116917987
1140940055
1140213914
1146911272
1141640261
1146228715
1148035751
3292610855
3259285672
3289012572
1145894306
1140437919
3268797204
1144098764
1091925824
3295442029
1133422427
1130407372
1141043471
3291704681
1146994283
3278375383
3256641384
3277388000
1148672210
3287956464
1141811657
1147304883
3253751049
3247826872
3291787660
1133905074
1133706124
1139938162
1143604681
1148824212
1134265163
1139685870
1147483738
1131789746
3289141657
3292934844
1141611989
1134501741
3291842333
3278180147
1127502446
1135306958
3295288043
3282575698
1138119549
1136867860
1082721492
1147999209
1136806502
3280509591
3268522585
1116056868
1145634444
1147907354
1132536620
1137690669
3288654686
3279123675
3288139482
1145984389
3286310218
3294936718
3264512329
3256612777
3280124568
1135181190
3267355787
3296132088
3292980140
3283567858
1129755186
1138289756
1148083833
3278440366
3294345117
1147656574
3271119800
1112735526
1142866082
3291004847
3288479528
3260731297
1142187734
3288576088
1106395385
3292086723
1145680151
3283138546
3277678627
3295644292
1142347313
1148807101
1144041566
1119970939
3289218150
1112646272
3201861827
3217219414
3202676601
3208648800
3214093963
1066019849
1059528799
1054740415
3211368155
3205168097
1069259840
1068376472
1062035720
1072788006
1068209813
1058845363
3221477012
3218861670
1048476088
3196650203
3218547664
3207862634
1058415543
3197230633
3205743890
1071328256
3221657803
1067898039
3169129472
1029654616
1067032119
1072175802
3205266011
3218517741
3202946100
1061521283
3199895184
1021940597
3218478185
3215907785
3217080257
3173776044
3197126780
3193695097
3216311004
1066112579
3215464477
1060403135
3211293628
3200910827
3216902413
1067602154
3207133479
3212849209
1066600980
3219559985
3213580417
1048886854
3219675308
1061369683
1057547177
3179593706
1067956543
1053868626
3219795648
1070594938
1071556420
1062737407
3196749460
3206145835
3209579726
1067644267
1062018547
3219750754
1072702630
1049614302
1072064070
1062916883
3213560234
3218148237
1066221315
3215347722
1067716083
3205446752
1069059279
1066387774
3204552578
1072722536
1058741646
1058543975
3219251629
1067085093
1064876356
3207656755
3210001242
1068910876
1147568255
1134041951
1133183314
1147285257
1133614432
1130240113
1134209781
1143496129
1101853337
1125765375
1121836223
1141036240
1112352083
1147545992
1139419117
1142541747
1128836353
1143862959
1103090985
1117586920
1147414542
1129778353
1140140403
1141032778
1127833199
1142120402
1132635085
1143205478
1132502602
1138245699
1140482367
1100682930
