0 0 
24 -1 
13 -8 
-30 40 
-29 69 
-92 60 
-80 -30 
-56 -273 
70 -479 
161 -543 
325 -292 
531 326 
755 1306 
1064 2491 
1393 3601 
1658 4399 
1666 4675 
1390 4420 
600 3753 
-458 2846 
-1699 1911 
-2827 977 
-3514 132 
-3610 -561 
-3053 -1157 
-2018 -1584 
-840 -1661 
234 -1459 
727 -1043 
788 -553 
361 -202 
-297 -131 
-1004 -383 
-1320 -796 
-1353 -1141 
-1091 -1134 
-496 -874 
151 -465 
700 -206 
1084 -345 
1234 -849 
1140 -1573 
964 -2169 
601 -2224 
369 -1715 
325 -729 
565 476 
1065 1323 
1837 1595 
2673 1223 
3374 449 
3657 -353 
3466 -790 
2672 -689 
1556 -150 
287 605 
-906 1396 
-1891 1986 
-2553 2299 
-2760 2380 
-2742 2397 
-2491 2356 
-2116 2303 
-1771 2121 
-1483 1736 
-1378 1089 
-1539 230 
-1653 -737 
-1899 -1629 
-1983 -2363 
-1945 -2972 
-1582 -3350 
-988 -3596 
-252 -3670 
551 -3576 
1256 -3309 
1591 -2697 
1601 -1793 
1175 -708 
428 335 
-351 877 
-998 785 
-1358 83 
-1481 -1128 
-1396 -2446 
-1310 -3570 
-1351 -4228 
-1650 -4216 
-2131 -3821 
-2669 -3105 
-2944 -2253 
-3040 -1472 
-2838 -841 
-2377 -354 
-1826 -134 
-1139 -97 
-329 -234 
540 -297 
1435 -151 
2256 342 
2854 1148 
3015 2027 
2702 2573 
2128 2611 
1486 2005 
907 819 
644 -648 
614 -1927 
792 -2715 
951 -2817 
884 -2434 
631 -1755 
145 -968 
-365 -347 
-842 -26 
-1170 -15 
-1339 -217 
-1443 -511 
-1354 -652 
-1148 -579 
-898 -88 
-549 822 
-190 1872 
2 2891 
-106 3490 
-435 3585 
-843 3249 
-1262 2542 
-1299 1877 
-916 1493 
-195 1412 
745 1538 
1565 1649 
2084 1501 
2267 1080 
2066 358 
1843 -427 
1544 -1088 
1357 -1561 
1297 -1679 
1254 -1590 
1165 -1337 
924 -964 
528 -496 
95 78 
-335 543 
-689 952 
-979 1076 
-1023 949 
-907 697 
-819 328 
-660 166 
-788 235 
-1042 451 
-1397 721 
-1589 720 
-1527 339 
-1070 -373 
-299 -1091 
555 -1478 
1035 -1298 
1009 -562 
384 490 
-730 1294 
-1843 1543 
-2569 1087 
-2603 4 
-2031 -1219 
-923 -2142 
238 -2415 
1264 -2126 
1830 -1541 
1892 -1025 
1580 -1081 
1107 -1530 
459 -2321 
-34 -3059 
-430 -3358 
-655 -3042 
-699 -2125 
-421 -1070 
-11 -208 
420 37 
779 -354 
958 -1356 
912 -2602 
590 -3559 
201 -4010 
-57 -3826 
-263 -3066 
-229 -1893 
-48 -692 
77 180 
166 648 
-45 730 
-372 536 
-722 200 
-1030 -157 
-1253 -616 
-1174 -1251 
-813 -2016 
-312 -2937 
374 -3800 
1035 -4446 
1588 -4425 
1902 -3943 
1872 -2907 
1512 -1735 
843 -708 
-16 40 
-759 187 
-1289 -136 
-1577 -811 
-1398 -1644 
-1190 -2381 
-913 -2813 
-841 -2863 
-1197 -2488 
-1876 -1744 
-2699 -928 
-3479 -224 
-4046 206 
-4067 187 
-3625 -47 
-2815 -554 
-1675 -976 
-471 -1210 
555 -1242 
1111 -1395 
1257 -1601 
961 -2116 
274 -2830 
-603 -3460 
-1433 -3816 
-1925 -3704 
-1967 -2985 
-1429 -1891 
-595 -575 
481 634 
1403 1629 
1896 2336 
1909 2738 
1375 2804 
510 2618 
-451 2085 
-1190 1370 
-1649 492 
-1813 -275 
-1794 -725 
-1754 -689 
-1875 -225 
-2135 604 
-2359 1689 
-2438 2483 
-2064 2892 
-1127 2532 
216 1560 
1566 22 
2408 -1538 
2505 -2990 
1745 -3860 
398 -4057 
-1094 -3655 
-2327 -2994 
-2786 -2198 
-2532 -1629 
-1706 -1351 
-592 -1171 
286 -845 
876 -472 
1121 188 
1114 728 
1035 1105 
842 1078 
715 603 
576 -80 
461 -1011 
313 -1742 
235 -2423 
223 -2818 
232 -3096 
139 -3174 
-171 -3101 
-762 -2774 
-1598 -2114 
-2316 -1387 
-2796 -512 
-2699 360 
-2265 1065 
-1400 1777 
-338 2525 
522 3210 
1198 3657 
1657 3875 
1844 3588 
1949 2825 
1977 1711 
1938 557 
1833 -373 
1671 -908 
1464 -1033 
1477 -1018 
1697 -1010 
2109 -1174 
2643 -1403 
3062 -1370 
3072 -1016 
2630 -195 
1841 756 
941 1652 
198 2071 
-124 1800 
43 1094 
430 83 
702 -824 
692 -1228 
279 -1115 
-698 -673 
-1820 -122 
-2947 418 
-3875 691 
-4325 706 
-4402 535 
-4104 100 
-3446 -509 
-2685 -1193 
-1794 -1742 
-866 -1937 
100 -1502 
1055 -459 
2041 1155 
2912 2786 
3711 3928 
4097 4063 
4059 3047 
3414 1271 
2304 -755 
808 -2247 
-651 -2588 
-1822 -1777 
-2511 -4 
-2537 2106 
-2159 3902 
-1537 4924 
-838 5055 
-140 4501 
633 3694 
1493 2957 
2449 2562 
3525 2444 
4325 2409 
4728 2313 
4585 2052 
3825 1553 
2642 943 
1383 270 
58 -351 
-927 -875 
-1387 -1321 
-1477 -1758 
-1276 -2100 
-834 -2347 
-396 -2412 
-49 -2373 
103 -2083 
7 -1689 
-262 -1319 
-614 -1161 
-884 -1025 
-1086 -1018 
-1227 -1091 
-1188 -1041 
-991 -776 
-776 -177 
-355 603 
207 1396 
795 2042 
1289 2430 
1695 2339 
1736 1963 
1638 1404 
1433 840 
1207 301 
1102 26 
1088 -188 
1081 -321 
940 -538 
749 -768 
374 -1109 
-4 -1376 
-272 -1624 
-366 -1714 
-391 -1716 
-333 -1579 
-188 -1305 
-130 -927 
-200 -521 
-415 -201 
-862 -13 
-1438 50 
-2191 -234 
-2711 -709 
-2937 -1276 
-2563 -1800 
-1547 -2220 
-6 -2321 
1694 -2035 
3185 -1505 
4054 -745 
3860 -13 
2811 429 
1117 541 
-839 132 
-2552 -736 
-3861 -1718 
-4471 -2551 
-4378 -3025 
-3719 -2957 
-2724 -2338 
-1577 -1574 
-443 -1027 
640 -926 
1475 -1318 
2139 -2253 
2661 -3210 
2934 -3936 
2964 -4061 
2701 -3630 
2122 -2715 
1270 -1670 
360 -975 
-570 -738 
-1265 -1066 
-1591 -1830 
-1657 -2742 
-1679 -3595 
-1732 -4078 
-1864 -4151 
-2066 -3838 
-2199 -3184 
-2060 -2351 
-1613 -1333 
-788 -460 
74 189 
799 695 
1020 832 
783 730 
258 578 
-343 399 
-666 312 
-641 215 
-121 269 
626 457 
1478 699 
2087 1225 
2527 1900 
2689 2592 
2656 3277 
2534 3594 
2487 3492 
2500 2797 
2361 1768 
2166 577 
1683 -453 
961 -1214 
198 -1670 
-595 -1852 
-984 -1676 
-1079 -1512 
-774 -1226 
-226 -971 
269 -725 
529 -540 
335 -644 
-145 -842 
-795 -1234 
-1395 -1658 
-1680 -1800 
-1505 -1747 
-1048 -1244 
-393 -528 
155 235 
509 1032 
335 1478 
-169 1715 
-882 1648 
-1714 1406 
-2272 1083 
-2427 758 
-2078 573 
-1287 523 
-235 521 
744 731 
1374 903 
1579 1153 
1296 1219 
663 1261 
-36 1199 
-701 1032 
-1274 811 
-1555 626 
-1527 345 
-1362 150 
-839 -52 
-255 -168 
430 -325 
1020 -461 
1490 -554 
1744 -570 
1761 -571 
1585 -487 
1325 -381 
936 -191 
490 -178 
41 -210 
-632 -188 
-1315 -128 
-1976 238 
-2482 756 
-2671 1494 
-2495 2069 
-2018 2330 
-1395 1931 
-860 1075 
-603 -211 
-639 -1342 
-733 -1896 
-917 -1660 
-802 -743 
-552 755 
-157 2147 
309 3061 
553 3181 
645 2514 
670 1449 
532 411 
491 -250 
597 -50 
728 781 
880 2163 
875 3599 
716 4760 
330 5282 
-185 5081 
-712 4208 
-1263 2915 
-1827 1580 
-2382 345 
-2914 -345 
-3431 -394 
-3717 103 
-3626 983 
-3151 2210 
-2072 3279 
-677 3952 
816 4131 
2245 3752 
3229 2869 
3598 1721 
3374 397 
2656 -775 
1525 -1681 
327 -2172 
-913 -2338 
-1978 -1927 
-2995 -1186 
-3905 -114 
-4731 996 
-5464 1923 
-6108 2534 
-6334 2689 
-6107 2595 
-5377 2241 
-4008 1803 
-2211 1561 
-97 1404 
1942 1308 
3610 1063 
4551 842 
4680 490 
3849 86 
2439 -325 
697 -680 
-996 -846 
-2269 -910 
-2916 -884 
-2951 -707 
-2477 -394 
-1811 -78 
-1199 269 
-807 521 
-761 620 
-1008 497 
-1257 118 
-1394 -180 
-1282 -532 
-899 -649 
-359 -467 
92 -223 
131 172 
-59 427 
-607 661 
-1114 723 
-1407 821 
-1283 935 
-853 1196 
-142 1519 
709 1796 
1341 1869 
1707 1623 
1704 1083 
1490 265 
1133 -638 
867 -1448 
591 -2076 
469 -2511 
409 -2651 
283 -2559 
75 -2326 
-328 -1754 
-759 -912 
-1249 100 
-1648 1051 
-1792 1649 
-1639 1746 
-1194 1148 
-444 -57 
308 -1694 
1081 -3343 
1681 -4580 
1819 -5104 
1587 -4876 
1060 -3876 
286 -2323 
-540 -773 
-1171 591 
-1508 1582 
-1457 2079 
-1010 2251 
-338 2318 
293 2281 
773 2377 
906 2478 
862 2570 
752 2718 
858 2693 
1144 2590 
1855 2447 
2653 2146 
3480 1790 
3987 1293 
4224 710 
3836 19 
2970 -662 
1890 -1313 
592 -1842 
-625 -2175 
-1622 -2451 
-2376 -2599 
-2932 -2527 
-3234 -2305 
-3358 -1700 
-3178 -863 
-2771 -30 
-2188 717 
-1535 880 
-896 537 
-526 -345 
-361 -1713 
-549 -3035 
-786 -4140 
-1102 -4814 
-1238 -5003 
-1156 -4746 
-864 -4239 
-491 -3630 
108 -3019 
697 -2635 
1324 -2237 
1965 -1881 
2453 -1420 
2805 -835 
3093 -70 
3100 762 
2978 1607 
2663 2178 
2186 2496 
1626 2445 
1029 1953 
506 1171 
74 228 
-25 -693 
202 -1324 
616 -1703 
968 -1811 
922 -1751 
237 -1627 
-927 -1669 
-2344 -1691 
-3489 -1708 
-4072 -1632 
-3645 -1154 
-2509 -418 
-905 681 
721 1796 
1938 2794 
2352 3513 
2188 3784 
1586 3564 
1021 3126 
643 2466 
578 1874 
878 1361 
1292 1055 
1660 1006 
1854 1161 
1646 1450 
1100 1826 
382 2146 
-451 2228 
-1202 2060 
-1710 1707 
-1911 1226 
-1601 743 
-842 437 
90 83 
1124 -241 
1986 -850 
2589 -1613 
2770 -2528 
2666 -3539 
2288 -4345 
1724 -4737 
886 -4779 
7 -4434 
-826 -3849 
-1557 -3164 
-1921 -2411 
-1751 -1763 
-1116 -1386 
-50 -1185 
1320 -1361 
2486 -1801 
3229 -2293 
3561 -2773 
3273 -2896 
2712 -2664 
1912 -2167 
962 -1569 
-2 -1014 
-987 -814 
-2003 -752 
-2908 -822 
-3524 -708 
-3673 -268 
-3371 402 
-2690 1221 
-1888 1876 
-1262 2227 
-945 2205 
-920 1982 
-1003 1781 
-1021 1685 
-836 1822 
-328 1909 
304 1836 
898 1460 
1365 649 
1561 -189 
1634 -801 
1621 -877 
1793 -164 
2179 1054 
2697 2399 
3264 3523 
3618 3956 
3611 3615 
3191 2660 
2333 1426 
1157 484 
-73 -172 
-1072 -414 
-1645 -385 
-1606 -447 
-884 -646 
280 -1137 
1563 -1800 
2823 -2478 
3654 -2896 
4017 -2977 
3918 -2753 
3602 -2105 
3146 -1240 
2563 -314 
2036 574 
1355 1282 
711 1775 
205 1940 
-71 1825 
66 1442 
720 913 
1601 335 
2555 -270 
3300 -771 
3501 -930 
3063 -724 
2066 -173 
741 693 
-697 1650 
-1821 2353 
-2364 2674 
-2303 2253 
-1760 1205 
-899 -473 
-2 -2228 
544 -3749 
558 -4768 
184 -5093 
-468 -4772 
-1085 -3965 
-1362 -3030 
-1167 -2130 
-673 -1376 
123 -941 
701 -668 
1113 -549 
1112 -274 
956 4 
772 243 
639 492 
753 532 
1065 495 
1404 281 
1669 107 
1876 -77 
1962 -4 
2024 79 
1906 394 
1592 772 
1002 1089 
329 1460 
-453 1870 
-1029 2172 
-1230 2474 
-880 2558 
-117 2576 
1030 2287 
2097 1815 
2849 1226 
3126 545 
2959 -120 
2465 -449 
1866 -504 
1504 -179 
1374 422 
1301 1055 
1361 1482 
1312 1538 
1034 1271 
482 547 
-216 -84 
-954 -633 
-1503 -941 
-1588 -832 
-1266 -463 
-466 -162 
551 226 
1614 278 
2305 311 
2593 224 
2353 87 
1933 -27 
1622 -288 
1535 -547 
2058 -946 
2868 -1478 
3907 -1823 
4846 -2010 
5361 -1922 
5365 -1682 
4810 -1389 
3832 -1208 
2592 -1410 
1242 -1740 
53 -2205 
-862 -2369 
-1343 -2108 
-1498 -1495 
-1311 -658 
-893 176 
-385 562 
78 411 
499 -323 
801 -1288 
1124 -2174 
1456 -2523 
1722 -2275 
2070 -1476 
2085 -369 
1946 729 
1611 1535 
1009 1865 
310 1740 
-319 1221 
-701 362 
-782 -732 
-510 -1764 
152 -2586 
947 -2896 
1591 -2526 
1927 -1510 
1782 12 
1079 1512 
150 2456 
-743 2521 
-1231 1614 
-1106 174 
-369 -1458 
771 -2601 
1779 -2983 
2580 -2409 
2839 -1159 
2822 317 
2537 1606 
2327 2540 
2265 2941 
2428 2870 
2645 2518 
2571 2037 
2262 1540 
1709 1040 
1170 685 
709 531 
727 450 
956 419 
1285 221 
1490 -289 
1299 -1003 
643 -2011 
-298 -2819 
-1353 -3498 
-2140 -3674 
-2499 -3456 
-2234 -2944 
-1561 -2343 
-514 -1791 
441 -1478 
1408 -1187 
1874 -1181 
2009 -1282 
1675 -1502 
1102 -1834 
618 -2213 
246 -2450 
193 -2309 
263 -1798 
563 -812 
728 356 
864 1479 
885 2122 
849 2238 
813 1566 
801 700 
768 -276 
492 -900 
-144 -1088 
-1135 -744 
-2198 -51 
-3126 731 
-3629 1244 
-3537 1423 
-3066 1146 
-2217 635 
-1414 55 
-653 -304 
-166 -320 
-72 -78 
-209 355 
-582 596 
-951 522 
-1414 -23 
-1644 -991 
-1557 -2150 
-1109 -3124 
-273 -3952 
677 -4190 
1517 -4032 
1849 -3629 
1777 -3028 
1374 -2453 
867 -2024 
607 -1653 
919 -1298 
1680 -751 
2755 -12 
3768 744 
4267 1364 
4171 1697 
3231 1680 
1646 1256 
-196 624 
-2063 0 
-3726 -409 
-5010 -311 
-5621 100 
-5622 870 
-5135 1769 
-4138 2463 
-2941 2893 
-1851 2819 
-994 2209 
-561 1358 
-522 338 
-741 -499 
-917 -958 
-890 -965 
-604 -444 
-140 290 
151 963 
91 1354 
-472 1332 
-1542 934 
-2773 332 
-3831 -154 
-5990 2072 
-3776 849 
-7030 -4103 
-2120 -2173 
4044 3732 
-1667 167 
-3288 -6319 
2204 -5414 
1195 -4887 
3164 -3720 
8388 2773 
-384 4068 
-5922 -261 
2427 -242 
-276 2257 
-5881 2149 
843 931 
656 -270 
-2269 -1460 
3194 67 
2127 3108 
-2261 -453 
1095 -5505 
3647 -1250 
2565 1291 
3637 -4818 
4909 -5322 
2252 419 
-1102 -483 
-2571 -3963 
-1747 771 
1831 6766 
-205 3410 
-5615 -1365 
-995 2368 
2027 5226 
-3598 219 
-769 -2820 
6143 -1583 
3250 -2820 
-2862 -941 
-1860 3511 
5034 -1635 
5855 -7211 
292 -2476 
814 -29 
2255 -2546 
-1483 -72 
-995 4753 
2269 5791 
3181 2982 
3384 -229 
-288 1598 
-4157 4392 
-103 689 
5136 -792 
3373 6675 
869 7226 
3938 -1722 
6442 -1663 
1143 982 
-4162 -3256 
-16 2350 
3098 9353 
-1916 87 
-2164 -1423 
3340 8465 
3549 2877 
1098 -4778 
-637 1698 
-4068 3048 
-5468 -1148 
-1699 1951 
3228 4245 
1690 3597 
-2215 6497 
-349 4631 
-1848 -2714 
-7382 -1990 
-4452 1705 
-1200 -139 
-3627 2231 
-2916 4365 
-2178 -1320 
-803 -1751 
5168 1709 
7073 -1195 
4451 -2839 
2263 128 
-416 2481 
-272 2549 
3076 696 
3661 -444 
-1188 -2241 
-4332 -3024 
2475 676 
6111 435 
-2255 -4312 
-4263 -2823 
-2190 -915 
-5405 -5129 
597 -3293 
7026 5202 
2994 3848 
4077 -324 
2160 5003 
-5842 1292 
-87 -9335 
3870 -1603 
-4718 5784 
-5158 -3320 
-1875 -2565 
-5971 6125 
-7425 570 
-4268 -4502 
-263 2201 
4126 3925 
5609 -869 
4866 -1972 
2115 -3748 
-4776 -4297 
-7711 2597 
-2207 3819 
260 -911 
-1471 2044 
-316 2441 
-3084 -3735 
-7262 -2354 
-1655 2010 
1736 2603 
-3354 3466 
-2277 2705 
1318 1023 
-1811 40 
-748 -2651 
5551 -2593 
2415 16 
-5761 -1420 
-4845 -1854 
-149 1881 
-1302 1797 
-2970 744 
-1533 2370 
-2200 -2290 
-2323 -6818 
1182 -2711 
-857 -2570 
-3583 -6220 
2035 -5175 
-76 -5792 
-7460 -4915 
-2514 311 
-2287 -846 
-6922 -5151 
606 -5137 
-97 -5918 
-6885 -6255 
1664 -3815 
2877 -1932 
-7840 3196 
-4523 7293 
3458 1095 
2504 -1984 
750 3599 
2256 392 
7058 -4649 
8246 2874 
423 7025 
-2599 -1139 
2345 -6941 
509 -5063 
-3163 -57 
925 4585 
1018 2964 
-6041 -4042 
-6331 -5589 
685 -1868 
2613 -2603 
-2780 -4410 
-5399 -1184 
87 3142 
4859 5330 
510 4450 
-5656 2873 
-4642 2923 
-2472 1304 
-4246 378 
-2907 1422 
1376 -1426 
2949 -369 
5335 7563 
5551 5145 
-2244 -5274 
-5506 -4926 
1216 534 
2198 -2550 
-1684 -5260 
3339 196 
7202 2334 
-604 -399 
-5396 1444 
937 207 
4974 -6269 
1220 -5277 
2101 -1925 
8861 -2963 
6579 -4011 
-326 -7261 
1700 -5171 
3236 5250 
2520 2236 
6106 -7737 
1386 -1054 
-8069 3989 
-3967 -4157 
3027 -6368 
970 -4377 
-1780 -5771 
-1513 -4149 
-1810 -3999 
-1876 -6952 
-370 -4710 
-1819 40 
-4693 3299 
-523 5778 
4201 1977 
3679 -5777 
3288 -4450 
1672 4334 
2494 4538 
7384 -3642 
5034 -2749 
-511 6697 
-3466 6394 
-6773 -1705 
-1302 -1736 
4655 4456 
-2636 6367 
-4323 1456 
3236 -2877 
880 1003 
-7517 4186 
-9267 -420 
-86 65 
7013 4242 
-1758 -446 
-5438 -2901 
3556 4216 
1876 6105 
-3516 547 
-713 -4341 
-160 -5557 
-1034 171 
-410 3476 
2263 -2435 
6435 -1926 
3010 2869 
-2075 -2095 
-2613 -1238 
-5735 6300 
-1704 120 
8577 -5355 
2159 2970 
-9786 5031 
-3181 -434 
4055 -1538 
-944 -2421 
359 -1342 
4555 4063 
1285 5518 
3005 4615 
4142 3775 
-1263 -235 
-1120 828 
-1697 5528 
-4043 -1773 
949 -8409 
1948 2600 
-710 9181 
2775 195 
3196 -4340 
-263 -1080 
709 -980 
1827 -4253 
-1352 -4054 
-3147 1177 
547 -1357 
171 -7781 
-5791 -1367 
-1719 2142 
6336 -3463 
3794 2394 
2667 7507 
4622 371 
-1764 1422 
-4625 5888 
-366 -1423 
-3087 -3852 
-6903 5602 
-6051 7021 
-6149 -20 
-2233 1067 
2939 7107 
2818 7899 
2303 5319 
477 2552 
-1606 537 
507 -1624 
1711 -5402 
2949 -6679 
5230 -4567 
971 -2542 
-4885 -1174 
-493 -4428 
5908 -8211 
-172 -1333 
-6095 4804 
1024 -439 
834 -3315 
-7116 -686 
-785 688 
3878 3120 
-5493 4193 
-6173 1453 
1549 685 
-676 3302 
-5709 4946 
92 1575 
5917 -2736 
-1693 486 
-6156 5484 
1595 1361 
2356 -2959 
-1973 868 
1043 2967 
2366 4128 
-2142 7372 
-6438 555 
-4380 -6219 
2876 -2013 
2307 -2164 
-1754 -448 
1842 6324 
2057 205 
957 -4702 
6433 956 
3496 -69 
-4717 -840 
-3140 2801 
-1124 -370 
-4002 -4657 
-4036 -2324 
-5600 2893 
-7764 2543 
-437 -4079 
6195 -4109 
2306 867 
3216 -1250 
7436 -6663 
600 -6752 
-3410 103 
122 5393 
-1309 707 
783 -3227 
6313 523 
1566 3343 
-6520 1996 
-5660 -3283 
631 -4645 
158 3755 
-4346 6194 
1553 293 
8761 1570 
3315 4338 
-2377 3335 
301 2478 
2206 -3475 
-2463 -6041 
-5484 1667 
-876 982 
2777 -5744 
2767 -85 
2239 4444 
-1264 -1472 
-552 -648 
4466 2689 
4056 -3747 
3075 -7876 
1162 -4011 
-4055 -506 
-793 1567 
4275 1741 
548 858 
589 2095 
3426 1295 
-2252 -2904 
-7016 -4777 
-2201 -1940 
4700 2335 
7109 2664 
7740 -2782 
7766 -7130 
3212 -2796 
-3009 3841 
-3915 1572 
522 -3955 
5654 -2517 
5076 2038 
-469 3067 
-1425 -690 
320 -6246 
-2274 -7005 
-3615 -3001 
1832 324 
5755 2295 
962 1600 
-4888 -2576 
-4305 -3729 
-3067 -88 
-5394 2920 
-4747 3601 
1704 1133 
4911 -2760 
2724 -4559 
2452 -4207 
-597 445 
-7747 6697 
-5962 5897 
-1745 4345 
-4454 6548 
-1406 3490 
6952 1114 
7235 6414 
-161 5053 
-5354 -2626 
1399 -639 
8571 1921 
-852 -4003 
-8112 -3789 
-1699 1364 
1322 1066 
3482 1614 
7156 -434 
1832 -6456 
-2586 -1004 
-2633 6019 
-7110 -1868 
-6032 -4625 
4006 3844 
7969 94 
4261 -7226 
1761 -1571 
1447 -1510 
1983 -6476 
2071 815 
2106 5791 
6146 1333 
7259 -650 
-1341 -1497 
-3900 779 
1106 6557 
-939 7419 
794 7758 
7230 6388 
3531 -1770 
1924 -4512 
4914 -1827 
-23 -5259 
-844 -5485 
2462 2534 
-2852 2983 
-3936 -4387 
4353 -3361 
6327 4106 
2505 6199 
479 4801 
-3315 2827 
-5054 -2935 
2400 -4571 
7118 3290 
422 5559 
-3181 -692 
2882 -166 
2961 5187 
-4414 5800 
-3618 4415 
2720 2184 
2507 -269 
-2785 -888 
-7527 867 
-6399 4944 
-824 5451 
1009 3748 
3559 5990 
6590 3056 
2276 -2486 
-1617 -766 
-1117 -1550 
-794 -2746 
-672 1966 
-3974 -129 
-4097 -3593 
1833 1154 
2184 2677 
724 2685 
1576 4385 
1195 -820 
5556 -3860 
7596 -33 
2621 1479 
2229 3277 
2608 1176 
147 -4677 
801 896 
-413 5890 
-1632 -2100 
3402 -1741 
5737 6948 
2802 4915 
772 -931 
-1180 -508 
-1717 3330 
3016 6070 
6846 4872 
4199 3594 
980 3680 
3021 2423 
6324 1259 
3212 -165 
-3741 741 
-2469 2782 
3813 -1641 
2050 -1508 
262 6159 
6055 508 
5089 -7107 
-3230 -602 
-3048 -2587 
5275 -9190 
7485 792 
-1162 4835 
-6514 -3331 
808 -929 
6546 2129 
-727 -3404 
-9261 -3911 
-6877 -2644 
-735 -4223 
-1104 -2606 
-1655 -604 
-271 2225 
-3181 5277 
-2061 2103 
2435 -2325 
-1458 -4948 
-2621 -4019 
3373 1769 
2461 -1901 
1160 -7446 
6187 1234 
4221 2476 
-2539 -5155 
547 -682 
6720 1222 
3788 -2136 
-2003 3314 
-6366 3744 
-8401 -4519 
-541 -6597 
6410 -3550 
1111 -1262 
-3770 780 
-5424 2695 
-6067 3901 
-353 4046 
1986 3465 
-289 1824 
2926 1404 
4478 3942 
3025 4195 
5524 487 
5748 -803 
3769 1361 
3704 -452 
-220 -5016 
-4772 -5035 
-4429 -3405 
-6036 285 
-5938 6348 
-94 3257 
-753 -3988 
-2484 85 
4315 7237 
2385 5601 
-7520 1810 
-6070 1533 
-759 611 
-2362 -935 
-3717 1593 
-1142 3207 
-355 -2146 
-5052 -7137 
-6332 -2394 
-954 5464 
-969 119 
-4909 -9015 
-5042 414 
-3981 9095 
-275 -2110 
3998 -6873 
2288 -555 
1914 -1692 
2675 -766 
-3168 1745 
-4583 -4207 
-485 -4155 
-3025 1080 
-3194 318 
1891 3844 
723 6433 
-68 -2119 
3130 -4941 
2225 53 
1173 31 
1895 -428 
-393 -26 
-4311 -61 
-6240 3226 
-5174 4756 
-2945 2878 
1894 2846 
8081 2749 
3521 353 
-5102 -1077 
-1681 1796 
-706 3686 
-5064 588 
4002 1677 
10067 3978 
846 -3454 
690 -9462 
7214 -4524 
1754 1496 
-3202 3117 
420 3238 
3736 1097 
5186 -1338 
2793 1783 
-2386 5019 
-2646 1399 
17 -2783 
2587 -4637 
7198 -5330 
6199 -3254 
-577 -1871 
-898 281 
119 3569 
-4665 3258 
-2016 1676 
4960 -3074 
1267 -6743 
-983 2558 
6166 6271 
6348 -4114 
-1399 -370 
-4741 9945 
-1748 2707 
3219 -2722 
2149 1330 
-2925 -131 
806 246 
6902 1998 
2965 -5318 
-2862 -8104 
-3920 -2820 
-3221 -1792 
-2732 -983 
-5845 2780 
-8188 2124 
-3822 -2014 
-3344 -3317 
-5836 84 
2310 5197 
7947 6035 
373 1341 
-724 -4042 
3367 -4751 
41 -1960 
1508 -1116 
7200 -1666 
3494 -2732 
-3410 -7216 
-6320 -6837 
-4058 1616 
1043 626 
809 -7234 
-2304 -5526 
-1292 -4367 
1372 -7316 
3492 -1124 
3439 4968 
-1173 1506 
-5633 1274 
-4797 4273 
-1855 445 
-367 -1441 
1388 2427 
259 -255 
-4757 -4436 
-2396 -115 
6573 4267 
7190 4168 
2769 3145 
3623 4307 
3345 6834 
-2490 1423 
-3410 -6820 
-27 -5111 
-4662 -1450 
-8204 -2808 
-952 -4796 
-523 -6931 
-4170 -4658 
3193 -397 
5730 -3373 
1421 -6130 
3745 -4559 
1944 -6771 
-3066 -5947 
328 885 
1590 808 
-676 1470 
1737 6899 
3505 1312 
2173 -2644 
-314 4410 
-1021 258 
1318 -7345 
201 -1174 
-2685 2717 
493 26 
5183 965 
6386 2994 
5430 2125 
1674 -471 
-1751 -2297 
-1250 -3069 
-471 -2425 
-1754 180 
-1974 -467 
-549 -938 
92 2283 
-2804 -715 
-4459 -2882 
2548 5557 
8521 7670 
3870 -1086 
-1402 -4785 
-1217 276 
68 4419 
-987 2737 
-2588 2923 
1622 4934 
4301 1846 
-3426 2460 
-5671 5247 
2970 89 
7207 -1414 
4602 2839 
1575 5253 
1768 7002 
1232 1434 
-1771 -4964 
1882 484 
5058 1638 
-1014 -7455 
-1177 -9263 
4396 -3083 
4256 -449 
2890 -2776 
2301 -2052 
1188 4796 
2303 6535 
5371 -1202 
7531 -4061 
2415 3005 
-4083 3971 
-44 -4513 
3116 -4024 
-813 5182 
1820 4337 
4422 -949 
-72 3253 
2995 6482 
7750 351 
1654 -3707 
-1968 -2726 
-159 -1368 
72 3547 
2495 4692 
137 -2619 
-6215 -4680 
-3056 -1277 
-300 395 
-4502 2285 
-2469 -538 
1473 -3204 
-2360 503 
-5783 -466 
-1367 -720 
3019 7632 
1130 8573 
1771 524 
5790 -2202 
1632 1265 
-2997 4535 
3610 2280 
6755 -1927 
40 2135 
1284 7466 
5590 3796 
-443 813 
-1838 2812 
2357 -1037 
-787 -6496 
1194 -2341 
6810 1870 
-1 -2566 
-7018 -5254 
-4930 -3204 
-1803 -4739 
155 -6061 
-991 -1311 
-4334 2938 
-5113 1346 
-6858 -2762 
-6345 -2958 
2220 -912 
5268 -894 
-4056 1986 
-7309 3416 
1319 204 
3265 2388 
-5358 2309 
-6543 -2399 
-307 1969 
-3236 1500 
-7667 -7089 
556 -1372 
7408 6384 
6360 -1399 
5423 -5081 
-756 1726 
-5454 1549 
1138 -989 
1681 3179 
-4740 -934 
-576 -8012 
3695 -880 
-1472 2563 
-2674 -405 
1906 7708 
725 9530 
-4109 -1145 
-4493 -641 
-4160 6093 
-4371 5318 
-814 2490 
-571 1111 
-2401 212 
2895 -552 
3030 2284 
-3596 6639 
356 -1013 
4753 -8072 
-1212 828 
-455 -222 
8128 -9498 
6824 1412 
-1803 7064 
-4591 -4023 
-4620 321 
-5001 7364 
1508 54 
6970 614 
528 5639 
-5785 -454 
-5282 -4811 
-3041 -1394 
1275 1405 
1335 2331 
-4544 3755 
-2090 1227 
4775 -4023 
4465 -277 
4084 4571 
2972 -3702 
-2615 -8236 
-1894 -1106 
980 1616 
-1292 3248 
197 6829 
1149 2225 
-77 774 
3903 6495 
1666 2202 
-4453 -4422 
-185 -568 
642 1840 
-4578 1316 
1967 4391 
10025 2819 
5335 -3563 
514 -3982 
1719 1497 
-163 3361 
-3135 -482 
-1496 520 
-2185 6788 
-4621 5447 
-2526 1595 
697 2428 
4224 -913 
6811 -3621 
3936 1005 
2557 2336 
4316 1939 
2052 4679 
-522 2905 
-1266 647 
-3973 4497 
-4053 5405 
-2261 -562 
-6100 -3908 
-5214 1211 
5577 5553 
6047 546 
-1089 -5109 
1184 -3073 
869 1223 
-4139 585 
794 -2474 
7077 -293 
2682 4091 
-4965 3596 
-4417 4006 
8 5361 
-1424 311 
971 -2761 
5291 -569 
394 -2304 
1021 -2428 
2085 488 
-5770 -1585 
690 567 
7640 6267 
-3086 3283 
-2421 2062 
7012 2128 
2489 -6601 
-1997 -5807 
1026 3906 
3616 1639 
5574 -1541 
5793 2970 
2949 3649 
-821 545 
-597 -4099 
2723 -4815 
-447 1566 
-5542 1247 
-526 -4039 
2526 -556 
-4461 5358 
-3903 7230 
5347 7232 
7175 4814 
4044 1099 
4027 -3225 
5006 -3217 
1956 1027 
-1808 -804 
2747 -2224 
5140 2930 
-3279 3355 
-3348 -579 
3783 -1360 
1010 2083 
-2834 5206 
-2049 -109 
-3262 -5199 
-3162 -1450 
630 -1184 
1482 -1979 
-3670 2328 
-5926 546 
418 -2122 
7296 2907 
7721 4077 
332 1010 
-4717 1318 
2708 -1108 
6099 -7709 
-3609 -7831 
-6294 -1484 
855 -785 
1519 -3808 
-5332 721 
-6307 4371 
2395 -623 
5964 -299 
-1735 5576 
-7835 2929 
-7386 -1005 
-3581 1379 
3154 284 
6928 -1867 
1816 3956 
-2595 7201 
2085 1108 
2751 -752 
-5131 3490 
-5910 1379 
-1208 -868 
