0 0 0 0
0 0 0 0
0 0 0 0
0 -1 1 -1
0 0 2 -4
3 -1 0 4
-3 6 -4 0
0 -7 5 -7
5 1 -1 10
26 -16 4 37
-48 82 -96 78
-106 18 -69 -60
-20 -107 -6 -103
-51 -70 -150 19
-80 100 38 178
130 201 145 160
85 93 -5 47
-70 38 -91 46
92 -11 65 -25
80 -10 119 13
136 26 102 23
27 5 -40 -24
-53 -61 94 -176
41 -106 -18 -49
-26 -32 27 -42
88 -40 89 -2
14 58 -82 100
40 30 9 -74
-75 -144 -137 -137
-120 -51 -43 71
25 164 33 181
1 122 38 -82
33 -11 -52 33
-128 14 -109 -45
11 -88 147 -74
198 -17 132 25
-21 -201 58 -140
85 7 43 134
-38 160 -109 94
-134 18 -112 5
-67 62 -4 -37
81 -70 133 -51
115 -3 49 25
0 7 29 -41
129 -78 222 -78
-4 25 -75 -3
-90 -44 -68 -76
-46 -82 -42 -53
-52 -10 -68 15
-83 -4 -5 17
6 34 -20 5
-81 -51 -125 -88
-103 -71 -12 -12
92 41 139 48
-90 107 -39 204
-8 227 -8 159
-25 47 -35 -33
-26 -29 -3 53
15 151 60 10
-64 14 -164 54
-194 109 -155 141
-86 129 -35 85
-25 37 -39 4
43 -106 42 -95
23 -41 -4 8
-35 10 -79 -29
-140 -62 -194 -43
-203 29 -2 15
10 50 -18 103
-54 123 -76 78
-80 -11 -71 -80
-46 -78 5 -15
116 -24 124 -40
121 -37 116 -34
98 -42 54 -53
-6 -43 -48 -2
-51 53 -21 111
-10 128 3 107
0 52 -31 -13
-73 -56 -85 -57
-40 -22 43 19
52 -35 59 -21
102 -20 142 -53
126 -108 43 -146
-60 -128 -115 -54
-91 31 115 -83
148 -104 159 -42
124 56 49 112
-28 84 -61 -8
-37 -103 17 -146
79 26 124 10
148 13 125 32
59 53 -14 64
-54 69 -44 75
2 79 38 146
51 99 82 28
122 -20 143 -24
118 -3 48 8
-32 -10 -73 -42
122 64 93 72
-14 17 -125 -55
-164 -80 -107 -37
1 29 81 45
81 -20 91 -47
138 -40 162 -35
147 -42 100 -44
46 -20 12 22
12 53 38 45
-62 -64 -70 -68
-20 -41 65 -15
124 -15 109 -38
26 -57 -71 -46
-121 -9 -19 82
-65 -19 -123 -73
-163 -36 -167 66
-142 164 -107 191
-75 133 -58 31
16 -10 -2 35
-3 56 19 45
51 9 72 -25
66 -33 31 3
-17 75 -108 -4
-87 -21 -22 0
48 39 74 49
35 -6 -40 -105
-92 -183 -75 -177
-40 79 -98 53
-100 30 -29 31
72 54 137 68
125 51 56 7
-10 -36 -18 -129
37 -102 41 -74
2 -46 -34 -25
-30 -25 15 -54
60 -98 56 -123
-3 134 61 168
121 163 131 132
78 89 -5 38
-63 -11 -64 -42
-12 -39 16 44
17 50 17 15
19 -42 14 -91
-6 -106 -37 -79
-59 -29 -48 7
42 -59 65 -72
38 -64 -10 -57
-39 -49 -30 -21
3 32 27 76
20 63 132 20
70 70 1 105
-47 76 -59 -1
-42 -59 -24 -49
-23 16 -39 74
13 71 58 -12
76 -79 60 -111
20 -96 -23 -50
-48 -3 -52 13
-46 -5 -15 -69
-114 -55 -152 -32
-108 -14 -23 -25
38 -80 31 -156
-29 -198 -83 -155
80 183 101 185
43 114 -39 -4
-67 -125 -9 -206
90 -218 146 -161
108 -69 -25 -34
45 -18 78 61
53 150 -6 185
-50 144 -44 66
2 10 50 5
72 -32 1 43
-62 114 -89 133
-77 75 -46 -28
-23 -110 -21 -122
-30 -69 -62 -81
-42 -40 -31 11
-41 40 -61 30
-72 -2 -58 -23
-20 -12 27 21
-92 -56 -92 -59
-80 -15 -71 50
-70 96 -71 97
-66 66 -60 36
-60 35 -7 97
3 27 19 -58
34 -105 43 -88
48 -25 53 34
55 46 46 7
14 28 45 29
63 -11 33 -67
-44 -95 -130 -72
-173 -11 -150 42
-81 51 9 -192
-27 -150 6 -85
89 -31 151 4
127 32 15 56
-121 62 -197 31
27 -45 -25 -4
-75 13 -91 -15
-60 -60 3 -75
66 -36 103 30
98 70 -105 31
-104 11 -82 16
-51 22 -15 12
35 -11 102 -26
165 -23 188 -17
6 106 -34 55
-32 50 1 61
36 59 46 44
24 37 -21 52
-66 72 -56 21
-1 37 43 50
62 35 54 -8
26 -54 -12 -69
-45 -49 -57 -12
-22 -13 -87 -44
-122 -40 -87 16
4 108 89 178
109 167 60 69
-9 -50 49 -74
39 -79 17 -100
13 -101 30 -61
44 0 32 35
-6 22 -46 -19
-30 3 -57 14
-121 25 -173 41
-170 44 -104 13
-9 -47 67 -98
99 -98 32 99
67 91 101 59
110 20 77 -19
9 -54 -60 -70
-86 -52 -55 0
66 -2 17 -89
1 -180 36 -200
95 -129 127 -9
101 93 23 129
-65 105 -90 13
-5 41 48 62
39 61 -13 30
-57 -24 -49 -65
10 -53 78 20
75 -13 70 -43
55 -20 54 61
83 143 132 155
166 78 150 -36
85 -114 -132 -39
-74 -79 23 -40
122 40 179 90
173 68 117 1
52 -47 22 -40
59 -57 5 -57
-56 -49 -92 -60
-92 -106 -64 -164
-23 -192 14 -165
34 -99 77 17
92 44 112 42
114 9 82 -24
28 -21 -20 20
-44 57 -50 44
72 34 30 30
2 22 6 -16
41 -76 87 -125
111 -134 97 -99
53 -47 46 -112
66 -76 39 -19
-19 34 -78 60
-112 58 -110 43
-78 35 -37 47
91 62 39 51
-11 46 -9 50
56 51 144 31
189 -8 150 -42
43 -41 -13 84
42 28 56 -16
17 2 -34 76
-44 147 5 157
77 91 114 -7
11 -33 -71 15
-90 9 -55 -58
-5 -143 16 -184
-5 -147 -51 -51
-89 44 33 -5
66 20 82 35
87 39 96 44
113 62 125 83
109 83 53 48
-79 -60 -12 -31
51 7 70 24
38 6 -16 -33
-55 -62 -64 -49
-52 13 -51 79
-48 113 -24 107
-5 77 -13 35
-41 -13 -56 -65
-27 -109 42 -128
48 10 19 -1
11 -18 31 -21
49 0 31 34
-27 59 -88 64
-105 53 43 27
0 14 -33 -25
-30 -63 16 -68
88 -25 153 47
177 105 143 115
-80 -122 -97 -46
-61 9 6 13
67 -18 86 -46
51 -43 -20 -12
-84 23 10 42
32 8 54 -40
77 -78 97 -86
101 -63 76 -24
23 11 -41 32
30 -29 32 -101
22 -137 1 -107
-20 -18 -25 89
-7 162 23 173
42 126 67 -84
5 -122 -54 -86
-97 -7 -110 52
-87 46 -34 -11
31 -61 82 -50
-3 -56 -15 -103
-52 -109 -97 -74
-129 -33 -133 -21
-107 -42 -63 -67
-19 -71 23 9
77 -47 115 -74
103 -50 40 7
-39 60 -88 76
-86 54 -49 25
-21 -206 -37 -54
-14 53 31 71
57 29 31 -6
-47 3 -135 38
-177 44 -60 -206
-62 -149 -64 -34
-66 59 -65 74
-64 19 -65 -50
-68 -79 -65 -57
-65 -155 -26 -177
27 -125 73 -6
97 120 91 179
51 137 -14 21
-88 -95 127 -83
55 -82 -26 -88
-76 -78 -80 -36
-62 28 -56 86
-72 108 -85 85
47 63 25 88
-20 64 -45 8
-31 -48 8 -77
34 -73 29 -49
-2 -23 82 -37
38 -11 -3 -13
-20 -42 -16 -76
-11 -88 -19 -71
-39 -43 -58 -30
-38 -25 -82 17
-70 63 -1 73
86 47 139 19
122 21 46 46
-44 51 -9 79
-51 109 -87 117
-92 69 -60 -22
-16 -90 8 -76
-8 19 -53 126
-7 116 62 146
102 145 77 92
-7 2 -98 -75
-135 -83 -98 -14
-18 86 -161 76
-63 89 38 82
66 51 8 15
-78 8 -113 40
-64 91 29 127
-158 -11 -95 42
33 42 146 -14
184 -77 149 -93
88 -56 46 -12
32 -10 -47 -19
-56 -29 -24 -76
25 -124 53 -121
34 -51 -20 44
-70 103 -74 91
149 67 122 111
33 91 -64 22
-101 -43 -43 -56
81 -10 189 51
209 77 -44 115
-66 162 -74 176
-91 141 -111 68
-107 -12 -55 -66
30 -80 102 -60
11 67 77 5
127 -40 142 -29
118 34 66 109
4 149 -51 140
-86 111 -46 47
-9 25 20 -17
39 -64 54 -98
72 -110 94 -102
123 -77 156 -41
6 74 -24 63
-75 64 -116 68
-128 49 -114 -9
-88 -85 -57 -129
-21 -101 -149 39
-178 -6 -179 -63
-132 -79 -47 -37
32 31 62 71
29 54 -38 -9
72 18 46 43
-11 57 -48 49
-31 21 23 -8
64 -14 54 12
2 54 31 57
23 11 -20 2
-52 38 -30 79
40 74 111 3
132 -93 86 -145
105 31 120 39
73 25 -7 24
-70 51 -86 96
-66 123 -51 102
-66 33 87 -40
116 -55 116 -104
92 -162 58 -176
26 -121 -6 -27
-36 40 -52 31
95 109 146 159
133 124 63 23
-21 -67 -77 -76
-85 0 -58 96
-27 134 -176 1
-157 35 -105 93
-46 146 -3 162
10 129 -7 66
-40 4 -66 -29
88 2 83 35
40 40 -5 3
-13 -60 31 -108
101 -104 152 -46
149 23 50 47
53 -21 52 -25
44 29 28 88
10 98 3 48
15 -33 40 -97
-82 46 -10 56
108 46 182 15
154 -29 43 -74
-67 -109 -94 -126
-28 -119 61 -14
30 -95 14 -128
20 -74 24 51
4 178 -38 224
-72 158 -67 23
47 -10 31 58
-7 121 -31 137
-18 99 20 31
55 -35 62 -79
35 -90 66 70
35 106 -8 72
-47 4 -66 -31
-59 4 -42 82
-34 133 -42 115
-157 -44 -80 3
-13 36 2 38
-29 15 -62 -12
-58 -24 -19 -11
27 20 -39 -29
-37 -59 -32 -59
-43 -15 -50 55
-16 112 70 125
168 94 217 44
-129 52 -37 103
46 135 51 135
-23 108 -115 72
-158 44 -136 34
-80 31 104 52
116 25 59 13
-44 21 -117 24
-102 -4 -12 -53
74 -87 78 -80
-3 20 23 -82
11 -122 -28 -91
-54 -30 -44 11
-8 13 22 -9
36 -27 179 -31
162 -21 60 24
-56 69 -119 80
-111 55 -58 27
-1 27 38 56
-22 -52 -32 -131
-34 -116 -38 -23
-55 79 -78 121
-88 81 -72 -4
-43 -75 -25 -57
-84 -83 -68 -48
-2 28 56 97
57 120 -3 92
-84 45 -133 17
113 60 107 -28
67 -79 18 -61
-20 3 -41 59
-47 69 -42 38
-28 0 -21 -13
6 -68 47 -104
107 -121 171 -129
203 -129 173 -113
83 -70 -28 -6
-36 140 -28 117
-58 84 -111 64
-148 59 -131 56
-66 39 8 5
38 -30 64 -51
67 -50 89 -68
121 -90 157 -100
188 -94 195 -84
151 -75 48 -60
-121 56 -19 61
123 59 206 61
181 66 82 63
-11 40 -41 7
-12 -17 -163 80
-107 4 -11 -51
56 -53 51 -9
-9 44 -66 69
-70 58 -31 29
-50 76 -62 115
-44 113 -24 82
-32 45 -63 22
-89 17 -82 19
-42 9 -89 27
-73 55 -72 103
-76 131 -56 113
7 57 98 2
163 -18 150 1
-37 -19 31 -3
128 0 173 -29
137 -82 64 -127
21 -121 37 -57
83 25 -49 -66
-46 -98 -53 -62
-66 1 -57 42
-7 46 66 37
109 42 78 63
-17 -34 -18 -54
-45 -76 -94 -109
-130 -147 -116 -165
-45 -139 45 -71
99 11 7 56
-44 38 -93 20
-123 18 -125 34
-110 57 -105 74
-137 78 -195 80
119 -31 170 92
122 160 6 151
-96 90 -121 27
-74 -5 -9 -7
23 -5 -17 -58
41 -51 47 -22
0 8 -65 15
-112 -12 -123 -57
-100 -89 -54 -77
151 22 147 78
97 123 56 151
65 140 120 73
169 -35 158 -129
74 -154 -41 101
-58 79 -26 25
39 -14 105 -15
141 12 134 35
97 35 65 14
-15 79 -36 109
-63 87 -59 30
-17 -16 32 -9
48 47 23 109
-5 123 30 -72
-37 -37 -110 18
-146 50 -144 31
-138 -33 -156 -101
-186 -130 -184 -102
79 -26 102 18
57 34 8 20
1 -15 22 -50
13 -66 -62 -51
-171 -9 116 -29
150 -13 99 -27
1 -54 -82 -65
-127 -42 -152 8
-178 51 -189 56
67 -15 120 -29
84 0 1 53
-58 101 -56 119
-12 98 20 45
5 -23 -70 6
-17 27 60 48
113 45 107 21
51 7 -10 27
-32 70 -5 94
-31 -48 -69 -46
-62 -1 -36 39
-37 31 -80 -23
-134 -76 -150 -75
-112 -12 -176 160
-218 35 -165 -46
-60 -38 24 33
49 96 30 98
6 41 3 -26
-100 62 -102 106
-52 91 13 29
52 -48 48 -106
14 -124 -28 -106
-63 -63 -49 81
-61 24 -13 -23
51 -33 82 -14
67 8 37 12
35 5 74 6
32 47 -2 12
9 35 46 90
63 118 32 84
-31 17 -78 -13
-71 33 5 -31
20 -50 55 -33
105 11 141 35
136 9 89 -45
32 -69 1 -31
10 -6 43 -92
37 -95 2 -16
-34 76 -44 109
-21 63 23 -15
65 -62 -15 23
17 45 40 34
47 4 33 -22
4 -26 -29 -5
-58 28 -75 58
7 111 -27 40
-54 -62 -75 -126
-78 -99 -55 10
-11 131 31 188
47 154 -54 -127
-24 -134 -37 -112
-77 -66 -89 -19
-37 0 59 -26
133 -75 128 -100
-31 86 38 13
90 -58 77 -66
8 -6 -63 69
-80 95 -30 55
50 -13 22 2
-48 94 -94 152
-112 153 -106 94
-82 -1 -39 -88
18 -129 76 -117
54 17 81 -44
93 -50 101 13
107 112 94 193
41 217 -47 185
-131 129 -138 36
-94 25 -49 14
-15 13 4 12
6 -3 -9 -32
-30 -62 -36 -76
-87 29 -72 25
-85 29 -103 34
-106 30 -91 13
-70 -13 -57 -38
-55 -53 88 -72
66 -137 18 -175
-24 -162 -35 -97
-15 -9 6 57
-5 72 -53 36
-62 5 -76 -29
-74 -50 -58 -44
-30 -18 7 4
48 15 77 24
82 40 -32 86
-39 -10 -33 -32
-12 29 15 113
38 141 48 82
47 -28 42 -121
46 5 77 -14
69 -67 16 -121
-59 -138 -125 -100
-155 -25 -151 48
-134 88 -64 18
-134 20 -143 15
-90 6 -2 3
77 11 112 24
93 31 39 33
-18 -31 -25 -47
-48 -54 -75 -21
-70 51 -16 111
62 102 109 16
88 -92 75 -48
80 -36 76 -66
53 -101 17 -94
-17 -33 -39 48
-43 95 -30 82
28 -5 37 63
58 108 86 96
104 35 92 -32
55 -62 18 -40
10 13 50 -59
-21 -19 -81 38
-87 73 -37 62
29 18 57 -20
19 -22 -67 5
31 -59 4 -101
-1 -59 24 31
70 101 110 113
121 82 94 59
42 72 162 49
142 73 75 104
16 117 4 89
28 22 45 -51
21 -93 -38 -90
-38 -64 54 -52
115 -7 100 29
14 20 -91 -33
-149 -95 -123 -123
-28 -99 -72 154
-42 147 10 86
54 6 59 -50
17 -59 -51 -34
-108 -7 -127 -1
30 34 81 34
90 39 42 41
-34 25 -82 -16
-71 -61 -19 -69
29 -20 -164 25
-134 19 -94 43
-51 70 2 62
66 10 120 -49
133 -68 97 -39
-25 -19 -15 -39
-34 -45 -53 -37
-41 -14 3 29
49 87 66 135
47 140 -69 21
-62 20 -32 26
18 14 63 -8
70 -4 25 37
-54 79 -126 71
-8 -20 -7 -62
-18 -76 -28 -69
-22 -46 6 -11
38 18 45 23
17 -1 6 29
23 81 -1 33
-48 -69 -68 -133
-20 -100 84 2
178 90 197 96
-77 22 -39 47
-19 37 -16 3
-9 -19 10 -3
26 42 17 76
-18 65 -10 -44
65 -30 100 -10
73 22 7 71
-52 124 -61 151
-14 131 58 66
-4 25 0 17
4 -13 -27 -38
-94 -39 -149 -31
-135 -46 -41 -99
76 -162 48 10
30 34 10 8
-2 -33 4 -48
37 -31 89 -9
136 -14 149 -46
-29 -60 -96 41
-139 126 -141 166
-98 154 -22 105
59 47 115 10
123 3 -24 98
-36 117 -15 91
29 13 70 -70
78 -88 42 -9
-16 124 -50 215
72 -48 96 -63
20 -47 -94 -2
-148 68 -96 144
22 191 113 177
117 102 -37 4
-17 -15 -27 -38
-74 -31 -127 17
-139 78 -98 100
-30 61 19 -6
62 84 114 121
126 98 92 43
42 3 17 4
30 32 51 52
36 35 -129 -63
-82 -63 -16 -60
28 -72 46 -94
58 -100 85 -72
117 -20 122 22
-48 -146 -44 -125
-34 -81 -24 -54
-16 -58 -14 -72
-29 -61 -60 -8
-90 66 -57 69
-92 44 -121 18
-101 -6 -25 -28
61 -47 94 -55
58 -46 -5 -19
103 129 104 126
45 96 -18 44
-27 -15 30 -63
102 -91 123 -104
64 -114 -53 -113
56 -42 163 27
187 57 110 43
-9 15 -90 5
-92 21 -35 43
-92 47 -7 3
43 -43 36 -58
-3 -37 -31 -6
-18 3 19 -19
42 -41 0 98
-52 157 -59 123
-28 25 16 -56
51 -53 57 36
32 152 -15 215
-46 -27 -56 23
-64 89 -68 130
-64 122 -47 79
-19 38 13 27
37 39 -10 -21
-37 -5 -62 55
-84 106 -93 97
-81 23 -49 -66
-15 -100 -1 -45
-35 -47 -111 -33
-140 5 -111 49
-57 57 -24 -3
-32 -111 -54 -196
-39 -186 7 -37
-29 3 -57 25
-37 38 16 50
50 62 35 66
-8 58 -27 38
114 -52 52 36
13 156 35 232
91 212 118 101
79 -43 -4 -148
-74 -171 -42 97
-69 58 -51 1
8 -49 60 -69
57 -51 -4 -14
-76 8 -99 -11
92 -181 91 -133
54 -49 14 -5
-7 -41 -7 -129
-6 -194 -22 -176
-57 -82 -41 -76
-19 -142 -2 -150
1 -115 -2 -81
4 -76 22 -90
33 -98 15 -90
-82 35 -50 68
29 137 112 170
149 124 118 25
37 -51 -41 -51
-72 8 18 -89
-33 -59 -71 29
-65 113 -19 135
27 76 39 -30
12 -124 -25 -164
-85 30 -57 39
41 36 154 30
212 27 179 26
80 18 -16 1
-53 -18 44 24
41 20 3 14
-37 7 -48 4
-24 9 20 27
57 48 64 54
-168 -103 -93 -45
-8 32 35 56
26 -2 -7 -99
-26 -152 -25 -113
-27 -6 -72 -15
-122 3 -108 8
-64 -11 -30 -48
-23 -75 -28 -65
-19 -17 11 41
-64 99 -57 61
-19 14 27 -21
52 -38 48 -44
35 -50 38 -52
62 -41 66 12
35 -46 28 -95
50 -97 84 -51
108 14 109 53
96 44 80 -1
48 -67 -35 -48
-117 -32 -129 -16
-64 1 21 15
50 23 -1 25
-84 18 115 58
230 -42 250 -117
182 -120 90 -60
36 11 28 47
24 44 -12 28
45 84 69 41
93 -50 104 -141
99 -174 78 -125
42 -19 0 80
-29 110 124 31
84 84 41 132
6 135 -23 89
-59 29 -93 -4
-95 13 -41 67
-61 81 -170 116
-207 107 -150 71
-62 30 -31 -6
-90 -36 -184 -57
-224 -55 77 147
26 177 -79 155
-176 102 -210 41
-166 -10 -72 -48
24 -74 83 -91
-146 -58 -186 -92
-181 -85 -128 -48
-47 -8 31 14
73 16 65 8
26 -2 -55 38
-45 63 -31 69
-9 58 17 45
30 48 8 68
-47 84 -100 82
-52 -140 61 -157
140 -141 160 -87
129 -5 75 73
31 102 14 58
17 -32 -36 31
-55 18 -51 -39
-23 -85 8 -75
19 -15 1 38
-35 29 -62 -33
127 10 152 8
100 -43 1 -103
-79 -130 -90 -124
-39 -116 20 -127
37 -141 13 26
68 10 48 -27
-23 -41 -74 -16
-48 23 37 37
109 11 108 -23
-46 140 18 156
66 113 74 62
48 47 11 66
-19 69 -35 14
-42 -81 -35 54
-75 124 -105 132
-123 76 -133 1
-132 -48 -108 -57
-56 -49 6 -45
5 -29 -44 -42
-35 -51 3 -47
16 -23 -25 9
-95 20 -140 -10
-129 -73 -118 62
-102 99 -42 98
27 76 58 69
33 94 -21 130
-56 142 -47 108
60 -73 40 -16
39 53 68 91
110 85 142 58
145 46 119 61
79 86 98 74
107 71 79 71
25 63 -26 51
-45 47 -21 54
28 56 69 34
47 -13 68 35
84 61 77 42
47 -5 3 -41
-37 -41 -64 -10
-74 26 -46 109
-28 150 -17 113
-7 10 14 -101
39 -160 44 -150
2 -108 -81 -88
-39 -41 -12 77
-46 160 -131 161
-201 100 -194 39
-106 27 3 57
59 80 -58 -69
-34 -85 -26 -78
-44 -58 -75 -36
-95 -17 -94 -6
-83 -8 -78 -20
-18 -50 -75 16
-87 52 -34 35
55 -17 110 -63
73 -74 -55 -59
-198 -45 -140 -79
-17 -5 78 46
110 32 79 -34
12 -99 -49 -116
-65 -81 -23 -25
-24 72 -110 49
-157 13 -113 -20
-1 -42 96 -54
105 -60 27 -60
-66 -49 -21 -35
-46 -8 -53 15
-19 22 47 21
96 25 90 48
36 84 -19 113
1 28 -50 -20
-70 -43 -26 -44
46 -43 79 -56
36 -83 -51 -103
-110 -89 74 60
46 42 1 -38
-24 -119 -26 -132
-20 -59 -18 49
-12 114 12 97
-17 72 -26 151
-8 123 34 0
75 -126 77 -161
24 -83 -65 41
-147 117 -64 30
-12 19 4 33
-25 41 -68 28
-74 -2 -20 -28
69 -29 134 -4
-17 -15 30 3
51 1 16 -6
-46 -4 -78 8
-46 15 21 -1
59 -39 -168 14
-100 109 -9 135
33 78 6 -15
-51 -71 -80 -57
-57 5 -9 53
-317 -14 -250 37
-117 44 7 -9
50 -91 2 -145
-83 -128 -130 -52
-98 27 -86 52
-102 4 -67 -32
9 -55 85 -69
123 -73 115 -58
87 -20 74 33
9 89 52 34
48 -32 0 -60
-59 -41 -92 -7
-78 0 -22 -35
47 -84 60 110
24 75 -17 37
-39 7 -42 -18
-43 -48 -61 -81
-91 -103 -112 -97
72 -12 2 -27
-83 -42 -139 -50
-137 -49 -86 -42
-23 -33 10 -26
-7 -21 24 -58
55 -72 46 -77
10 -80 -18 -73
-14 -45 17 0
48 39 60 51
46 -37 -2 -7
-74 -14 -130 -50
-146 -76 -132 -51
-117 17 -113 73
-102 64 40 -89
-8 -85 -57 -54
-51 -26 19 -22
108 -36 153 -45
132 -35 71 -10
-41 -118 -31 -91
-30 -25 -41 34
-57 38 -65 -21
-56 -101 -37 -132
-28 -75 102 112
136 59 141 -51
88 -149 -6 -177
-84 -127 -95 -39
-39 23 32 24
5 92 42 145
55 142 21 88
-36 26 -66 -2
-36 12 32 34
84 30 103 -2
105 -5 95 -1
59 12 -2 43
-65 83 -105 101
-106 74 -77 8
8 41 -19 54
-5 83 37 116
66 133 42 115
-31 61 -100 -6
-108 -53 33 -146
3 -167 -33 -132
-46 -57 -24 15
13 49 43 45
57 29 62 31
90 -159 79 -91
26 -14 -27 51
-49 89 -37 94
-20 69 -29 26
-71 -16 33 -42
46 -34 31 -20
-11 13 -54 56
-73 82 -56 67
-16 15 26 -42
133 -31 201 -129
199 -164 138 -105
65 17 22 132
16 179 14 145
-18 70 -87 44
-17 -13 29 -46
20 -35 -40 8
-119 52 -177 73
-188 71 -147 66
-165 2 -68 -15
52 -39 150 -50
186 -36 150 -7
69 11 -1 -3
-15 -45 157 -59
21 9 -90 78
-105 110 -34 98
44 66 60 43
14 38 -31 42
37 -36 -5 31
-52 83 -53 79
-1 17 60 -54
79 -77 37 -29
-37 57 21 51
54 5 84 -47
93 -85 70 -104
17 -108 -44 -99
-91 -75 -112 -37
97 -61 62 -35
24 10 10 41
29 41 67 21
97 9 97 18
65 33 -19 47
36 21 64 14
46 3 1 -26
-30 -62 -17 -77
35 -53 96 -8
-169 11 -165 -9
-104 -19 -14 -15
54 -9 57 -9
-11 -20 -111 -33
-179 -39 -39 22
-17 34 -36 36
-76 0 -98 -72
-73 -141 -3 -157
82 -98 137 8
-3 -15 -41 27
-72 62 -83 44
-79 -36 -77 -132
-88 -176 -105 -137
-111 -42 20 -19
-14 59 -78 130
-133 148 -143 114
-101 67 -24 33
48 2 71 -53
-64 29 -103 86
-57 78 38 -3
99 -98 65 -138
-47 -102 -157 -29
-185 23 58 165
108 192 108 162
71 111 31 79
19 74 35 70
53 43 47 -2
-1 -77 64 -129
83 -139 51 -87
1 -9 -30 41
-25 39 1 11
22 1 4 -191
41 -252 105 -192
179 -39 219 117
186 193 90 165
-6 71 -32 -28
92 -110 43 -99
-5 -68 -3 -28
40 18 73 63
60 94 11 94
-33 58 -43 21
-59 10 -71 18
-80 53 -95 105
-113 137 -121 116
-105 42 -62 -46
-23 -114 -55 -131
-103 -76 -121 37
-71 146 33 182
121 130 119 35
18 -30 -34 -52
-21 -45 -34 -19
-76 32 -108 95
-91 138 -23 141
54 107 84 63
-50 21 -112 112
-109 164 -57 162
-5 118 7 52
-19 -14 -50 -59
-50 -66 -32 32
-62 13 -72 -6
-52 6 -25 41
-26 66 -68 58
-124 31 -147 24
82 64 35 2
-75 -22 -156 8
-141 54 -34 61
93 16 168 -44
170 -68 63 -107
98 -109 71 -69
5 -4 -47 45
-49 50 -4 20
46 -8 64 -5
-62 -97 -45 -134
-18 -112 -14 -45
-42 11 -81 5
-99 -71 -81 -169
-39 -216 -102 177
-125 199 -70 140
30 44 110 -34
121 -62 60 -53
-27 -41 -83 -46
87 48 107 46
78 26 8 6
-66 1 -101 9
-76 11 -14 -5
35 -35 -91 43
-45 44 12 22
44 3 40 8
17 28 1 33
-1 3 6 -52
-64 90 -8 68
41 34 67 7
64 4 35 22
-14 48 -62 68
-90 79 -4 134
-41 179 -71 183
-63 120 -18 0
39 -121 76 -174
74 -123 35 -1
-131 47 -117 59
-25 68 74 68
110 52 65 15
-16 -32 -65 -67
-47 -70 24 -28
11 -53 -12 -82
-30 -109 -34 -126
-34 -123 -42 -91
-59 -31 -69 45
-130 -181 -101 -204
-59 -152 -3 -53
59 36 104 69
104 44 53 -5
-30 -35 -41 -40
-91 -2 -119 34
-125 54 -116 50
-105 23 -98 -15
-89 -44 -65 -48
-60 -2 -82 5
-87 -7 -65 -20
-29 -14 -5 7
-14 22 -52 13
-92 -12 -102 19
-82 -28 -45 -80
-27 -103 -50 -83
-100 -38 -128 -6
-95 -9 -8 -38
-29 -55 -85 -65
-62 -67 27 -60
119 -50 154 -49
125 -68 73 -100
46 -124 -89 -90
-119 -58 -99 -32
-47 -12 -8 7
-9 23 -36 27
-50 10 -32 -19
11 37 -44 105
-52 141 -34 123
-23 69 -34 21
-49 18 -42 60
-12 107 15 -18
-9 -112 22 -138
96 -104 158 -46
161 8 105 48
35 80 3 101
101 147 30 133
-72 111 -151 75
-161 35 -100 13
-4 21 70 43
82 42 2 -37
44 36 69 129
35 170 -47 119
-119 0 -128 -114
-72 -159 0 -126
62 75 76 45
111 62 123 117
87 147 25 94
-17 -31 -10 -150
36 -180 -85 11
-94 -81 -76 -141
-37 -127 -4 -64
2 -11 -16 -12
-38 -58 -43 -104
81 -27 1 8
-95 10 -138 -11
-92 -26 17 -15
114 17 131 42
60 42 -56 174
-27 230 -9 194
-4 70 5 -78
23 -166 28 -156
-7 -74 -80 11
-89 -42 -62 20
-30 104 -7 160
4 161 -5 119
-42 74 -102 56
-156 65 31 99
65 100 53 108
4 114 -44 115
-59 108 -36 92
1 60 27 7
-27 62 43 100
53 89 4 9
-60 -105 -79 -179
-34 -157 37 -47
66 83 -42 -66
-19 -135 23 -166
42 -159 18 -137
-28 -119 -58 -111
-54 -106 -27 -100
108 41 140 2
147 -36 103 -63
19 -76 -58 -81
-83 -95 -47 -130
11 -182 -117 125
-189 132 -183 73
-96 -16 27 -72
120 -52 144 26
108 95 62 101
83 -58 -3 4
-79 54 -88 53
-30 4 38 -49
57 -58 22 -14
-19 51 64 -36
6 -87 -53 -107
-61 -106 -19 -101
24 -95 24 -81
-18 -49 -58 -10
12 -50 17 -118
3 -126 -20 -86
-36 -44 -33 -35
-14 -42 6 -23
7 47 -129 -62
-86 -154 -18 -181
25 -127 7 -44
-59 -7 -114 -45
-98 -119 -6 -152
-5 31 -12 17
2 -29 36 -62
53 -47 22 12
-41 78 -88 115
-84 109 -31 -5
-38 27 3 53
58 53 74 26
32 -9 -33 -27
-61 -15 -20 13
45 9 29 78
42 113 75 95
90 41 62 -10
-2 -23 -61 5
-81 44 -38 1
-65 -12 -68 -18
-28 -9 36 17
80 49 77 70
34 66 -14 40
-31 -2 39 42
81 94 64 120
-1 97 -69 24
-97 -62 -77 -118
-34 -115 -21 -39
25 -31 46 12
23 62 -20 87
-43 76 -31 49
-13 36 -22 52
38 69 68 51
57 -20 18 -91
-11 -103 -6 -38
15 61 20 119
-4 83 -126 -61
-84 -83 -30 -61
12 -18 34 27
42 62 42 83
37 83 29 61
-67 -14 2 -25
84 -50 108 -84
41 -106 -82 -102
-178 -81 -187 -73
-115 -97 -69 42
-142 120 -136 165
-75 148 -20 94
-3 56 -12 53
-16 57 4 22
26 4 80 8
98 21 62 14
-1 -10 -32 -25
7 -9 104 22
195 28 -112 7
-93 -48 -29 -36
43 11 87 42
93 23 71 -38
45 -107 27 -148
20 -29 38 -115
75 -147 115 -115
129 -46 97 15
25 40 -47 36
-76 28 -40 -7
-97 -4 -118 8
-70 17 24 13
104 -3 126 -16
95 -12 50 12
-70 47 -172 48
-196 48 -123 22
5 -31 111 -75
144 -56 106 43
40 181 20 -36
105 -22 118 -3
49 3 -54 -8
-126 -21 -127 -19
-72 5 -9 32
131 93 48 70
-60 0 -125 -79
-113 -112 -32 -68
70 35 140 136
147 172 39 -44
-4 -55 -18 -58
-7 -54 2 -45
-15 -33 -55 -23
-90 -18 -94 -22
97 52 68 62
33 59 15 30
20 -13 36 -49
52 -62 65 -58
87 -49 -87 -137
-115 -108 -103 -52
-49 -18 12 -29
36 -72 12 -108
-28 -100 -42 -36
63 100 17 61
-38 -19 -68 -82
-69 -88 -57 -46
-45 0 -32 12
-14 -12 -80 -117
-60 -138 -21 -140
9 -109 -3 -57
-57 -15 -117 -1
-137 -8 -100 -14
-43 67 -25 -107
5 -176 30 -88
36 91 34 236
42 256 65 160
84 37 -211 -20
-164 -16 -57 16
28 51 34 51
-21 -4 -74 -88
-69 -144 -4 -129
-37 49 -2 -32
27 -93 42 -100
59 -61 89 -19
119 -6 116 -21
67 -36 -4 127
-8 98 -50 9
-102 -78 -122 -114
-96 -93 -49 -50
-19 -27 -15 -33
8 83 -9 68
-58 33 -89 7
-71 9 -29 29
-10 35 -31 1
-57 -65 -61 -34
-67 -47 -87 -49
-82 -41 -30 -28
51 -11 121 6
152 25 150 44
63 8 36 -30
-12 -54 -45 -50
-40 -24 -8 5
22 23 27 34
10 49 -56 8
-31 -27 -32 -65
-58 -93 -88 -116
-100 -140 -87 -159
-56 -150 -22 -95
-27 57 37 16
53 -21 10 -15
-52 28 -77 66
-41 61 26 12
70 -41 -24 47
85 59 183 24
197 -16 125 -27
32 -5 0 22
57 34 156 36
-18 98 43 99
99 68 115 51
82 71 19 109
-36 125 -59 108
-48 83 -3 28
57 46 82 39
74 30 62 37
70 54 90 62
90 40 43 -15
25 19 40 44
11 63 -37 64
-57 57 -20 57
53 68 112 74
121 55 -39 0
6 25 36 36
60 23 90 6
116 16 102 71
29 148 -72 194
26 48 63 5
46 -11 -8 -11
-51 0 -49 26
-7 65 42 98
66 92 22 -35
-18 57 -50 146
-61 183 -54 157
-43 92 -39 28
-34 -4 -16 1
-62 114 -48 35
3 -55 71 -97
119 -61 116 22
66 89 4 100
-36 70 -18 -85
-28 -105 -14 -124
8 -110 22 -46
25 52 25 138
25 169 26 142
14 5 65 74
78 95 50 55
12 -9 -1 -48
21 -34 52 16
55 64 -70 113
-89 109 -95 52
-95 -28 -92 -68
-75 -26 -34 83
26 194 80 235
-85 136 -67 176
-22 166 2 93
-24 -13 -80 -96
-112 -115 -82 -71
-4 -4 -58 52
-105 12 -108 -5
-72 2 -17 19
36 36 79 45
106 46 109 40
-75 214 -53 236
-17 189 12 97
22 11 22 -25
31 0 57 61
86 122 -59 28
-101 50 -70 61
11 64 81 66
90 66 36 59
-28 39 -40 10
103 -119 51 -150
-44 -106 -88 -4
-36 98 66 137
127 98 92 22
-4 -26 95 91
88 68 39 29
-12 5 -26 9
0 30 38 52
67 66 83 72
56 77 29 93
-67 90 -155 64
-167 17 -88 -28
31 -49 119 -40
130 -17 -41 -112
-84 -100 -125 -21
-116 92 -26 192
126 237 260 211
297 129 211 24
165 -21 188 -7
111 10 -31 15
-156 2 -192 -14
-136 -12 -49 17
5 58 48 16
68 -51 53 -74
27 -46 23 2
49 31 82 30
88 21 60 34
-38 137 -73 87
-94 -5 -97 -74
-80 -78 -44 -32
10 11 75 13
132 -16 11 32
-44 31 -45 -1
16 -14 96 25
141 100 125 156
62 148 -5 84
-52 -47 -4 -102
32 -149 37 -157
19 -128 1 -96
6 -97 33 -134
63 -173 -3 -42
-34 -37 -40 -21
-15 -9 24 -19
42 -52 17 -85
-47 -85 -111 -36
59 -82 84 -24
76 41 39 81
-4 83 -29 58
-31 25 -20 -7
-11 -41 36 32
65 36 77 27
71 11 62 13
65 48 71 97
53 118 -10 83
-91 -86 32 -35
156 37 211 87
178 96 95 74
20 48 -11 33
-5 23 -59 86
-8 116 56 141
85 144 55 113
-2 62 -26 17
17 3 100 17
89 -49 118 -55
140 -20 122 35
50 69 -46 57
-110 11 -116 -31
-82 -37 -81 107
-122 132 -87 125
-29 87 4 39
-2 8 -22 5
-33 10 -28 -5
58 27 120 23
144 -4 102 -43
11 -48 -70 17
-88 127 -28 207
68 195 45 -122
0 -28 -19 24
6 20 56 -1
98 5 105 40
77 69 34 59
-10 73 -39 100
-66 75 -79 26
-74 -11 -63 -23
-60 -33 -70 -72
-85 -139 -7 -149
35 -68 77 52
91 138 65 138
14 52 -32 -69
-48 -160 -36 -180
53 122 12 64
-22 21 -20 10
21 10 71 -15
91 -82 63 -166
7 -216 13 3
49 5 33 -24
-20 -44 -73 -34
-90 -11 -61 -8
-8 -38 37 -83
-171 75 -118 69
-2 47 108 14
149 -16 110 -31
39 -30 4 -30
39 -49 47 -7
-1 -38 -35 -56
-50 -62 -56 -57
-58 -33 -54 14
-37 72 -15 111
-19 -7 65 65
152 139 172 164
106 112 8 3
-51 -108 -43 -173
-6 -179 -97 0
6 -29 102 -37
109 -31 27 -25
-69 -23 -99 -20
-49 -13 25 -5
-20 116 17 106
49 69 56 0
45 -83 45 -140
71 -135 106 -69
116 18 -113 60
-129 38 -105 -11
-61 -61 -19 -84
9 -57 17 16
4 97 -25 141
-81 -88 -125 -90
-122 -66 -75 -32
-7 -1 50 18
74 26 63 24
40 15 -63 -59
-50 -78 -31 -61
6 -21 54 17
89 26 94 1
80 -36 79 -54
42 79 -22 61
-71 2 -64 -55
-5 -64 60 -15
76 59 33 101
-33 77 -65 38
-45 71 2 110
38 112 29 65
-22 -4 -78 -49
-96 -51 -60 -29
-20 -41 29 -64
84 -48 108 -12
76 17 6 27
-58 23 -81 10
-64 -9 -126 2
-90 -4 -9 11
42 38 19 64
-53 77 -106 73
-88 53 -8 24
-23 16 -20 13
4 15 28 15
16 3 -39 -23
-106 -55 -133 -77
-94 -84 42 -43
52 -28 45 -22
26 -30 -1 -45
-30 -56 -45 -56
-36 -50 -4 -48
-2 -28 -65 -33
-94 -43 -76 -41
-30 -17 4 13
-6 18 -53 -21
-100 -88 -16 -73
65 -97 129 -151
139 -222 83 -265
-17 -232 -109 -122
-144 15 -105 107
-5 -69 -88 -17
-140 63 -143 106
-112 65 -75 -47
-43 -170 -15 -235
7 -209 -67 17
-122 9 -80 -6
22 -21 101 -34
94 -49 13 -70
-78 -93 -119 -111
64 -10 23 -10
-18 -29 -56 -70
-91 -118 -118 -144
-128 -128 -117 -75
-91 -13 -47 48
57 38 124 6
114 -20 45 -18
-31 15 -69 56
-65 79 -44 75
98 -103 81 -33
75 57 94 109
120 82 115 -16
57 -128 -34 -182
-107 -144 144 -15
42 -25 -60 3
-103 65 -85 121
-44 134 -20 100
-25 53 -47 31
-99 -21 -85 23
-22 62 40 52
52 -16 6 -91
-56 -102 -85 -22
-65 99 85 -100
60 -93 12 -25
-34 24 -61 -7
-65 -106 -53 -196
-29 -207 6 -132
-8 100 17 90
75 93 145 87
183 54 152 2
58 -37 -50 -31
-115 21 22 99
-22 45 -48 10
-49 4 -33 12
-10 14 17 2
48 -11 81 -12
27 -43 59 -57
68 -1 48 104
14 188 -14 186
-23 95 -19 -21
-13 -85 11 49
89 39 134 28
129 13 87 -12
35 -40 -3 -48
-22 -15 -28 50
-8 -67 -6 -110
-25 -98 -37 -32
-16 42 36 76
83 50 87 -12
40 -69 81 -117
105 -155 69 -132
-10 -79 -81 -50
-105 -80 -72 -147
-10 -188 41 -147
118 65 15 23
-51 -13 -31 -13
57 7 151 13
185 -13 142 -54
60 -75 116 57
112 29 90 0
61 -29 45 -62
43 -99 39 -124
13 -116 -32 -69
-79 4 38 29
104 47 98 42
49 7 5 -41
0 -72 35 -70
87 -43 126 -112
132 -85 101 -8
53 69 11 93
-9 46 -1 -38
27 -98 55 -96
48 -58 0 -37
-42 -24 -68 -9
-82 10 -90 29
-96 40 -97 43
-91 40 66 65
20 15 0 -24
28 -21 85 18
120 57 93 58
10 12 -78 -55
113 -91 105 -22
80 23 65 23
72 -12 91 -48
96 -61 72 -53
29 -48 -20 6
-26 -55 -34 -118
-27 -156 11 -139
71 -61 122 39
131 103 92 93
154 -99 114 -63
44 -32 -27 -23
-78 -22 -105 -2
-118 46 -119 102
-93 133 25 64
49 16 43 0
30 29 21 78
10 97 -8 56
-22 -30 -11 -104
61 9 51 55
-8 100 -78 141
-113 162 -89 141
-22 75 41 -5
57 -52 143 91
163 32 152 -51
94 -107 11 -94
-61 -16 -94 73
-92 113 -77 80
-59 21 -62 36
-26 17 12 -16
24 -24 13 13
6 78 23 128
54 134 -79 81
-116 47 -88 -4
-28 -35 22 -27
46 6 59 37
78 50 98 52
-33 14 -137 -10
-202 -32 -186 -37
-95 -33 19 -40
98 -67 112 -98
79 -108 -35 -14
6 -88 24 -143
12 -137 -11 -70
-18 16 7 71
51 75 80 43
-162 8 -154 -19
-85 -37 -17 -62
-8 -103 -62 -140
-134 -137 -168 -77
-144 6 -55 -93
-99 -106 -125 -94
-133 -82 -111 -89
-52 -100 32 -83
103 -29 117 33
-133 129 -83 165
-4 181 44 159
42 102 23 40
29 6 69 11
106 33 -211 -12
-160 -62 -70 -104
-15 -121 -26 -102
-74 -43 -100 42
-69 121 -4 156
41 51 -59 0
-144 -22 -193 -13
-197 2 -161 0
-103 -26 -52 -63
-34 -87 -125 68
-105 7 -26 -70
39 -124 40 -127
-14 -78 -74 -8
-94 37 -76 34
-61 -14 -68 -67
-41 -87 7 -59
45 -1 51 45
26 40 -7 -14
-24 -76 79 42
104 1 95 -46
35 -63 -53 -39
-114 -4 -103 8
-30 -19 49 -62
-77 157 14 168
97 126 106 64
41 23 -29 21
-36 44 26 60
91 51 -57 -200
-51 -111 -32 5
-37 88 -73 107
-103 77 -83 33
-9 3 75 -5
10 45 40 28
88 18 117 13
109 21 81 50
70 93 88 120
109 97 -47 79
-54 117 6 135
79 84 100 -34
43 -158 -59 -216
-146 -178 -178 -73
-87 54 -120 101
-100 100 -49 68
-7 34 -4 19
-33 20 -63 19
-64 4 3 59
-3 54 -38 2
-74 -56 -90 -70
-81 -19 -61 61
-46 111 -42 94
116 -15 156 5
133 5 57 -19
-26 -42 -74 -34
-77 9 -55 63
-37 97 -86 23
-39 47 9 38
36 -10 42 -75
33 -118 23 -114
19 -67 21 -8
-31 20 -3 23
33 15 62 9
72 10 68 13
59 9 54 0
51 -3 -118 41
-133 42 -91 -34
-34 -128 -12 -164
-45 -108 -104 -1
-134 77 -106 74
-16 -53 0 -24
10 -69 11 -168
6 -243 5 -224
19 -109 46 35
64 122 -34 -47
49 -77 144 -91
189 -85 148 -49
43 12 -59 72
-95 92 -57 51
56 -16 24 -19
1 -19 -1 -18
14 -16 34 -11
49 -2 49 10
31 22 79 -13
27 -3 -26 27
-54 72 -43 119
0 157 49 183
75 195 62 187
161 -128 69 -102
-11 -11 -41 85
-19 123 16 91
16 26 -32 -21
-99 -26 7 12
6 91 10 174
26 211 53 181
72 115 56 67
-1 66 -76 97
62 -73 -10 -67
-55 -46 -57 -28
-32 -23 -5 -22
2 -15 -9 2
-23 24 -131 22
-85 1 -8 -38
52 -66 55 -62
-4 -31 -88 0
-148 6 -153 -17
69 -27 62 -18
18 -19 -25 -38
-37 -73 -18 -100
6 -96 13 -54
10 7 75 70
54 27 -47 -4
-163 3 -210 45
-149 96 -17 125
101 118 137 89
-19 18 19 -25
79 -79 129 -86
142 -27 112 54
56 76 3 5
-31 -111 -34 38
-45 11 -11 -84
54 -160 104 -135
89 -10 1 128
-118 186 -203 136
