0.120226 -0.1074774
0.8001539 -0.3717559
-0.02775952 0.03092878
0.10932 -0.1600683
-0.2390067 0.0959034
-0.02286211 0.08786284
0.2444616 0.4310599
-0.1721025 0.1179459
0.3452963 -0.2249191
-0.04302609 0.3649391
0.3173674 -0.3896011
0.0482253 0.185233
-0.01844632 0.2927822
0.06786931 0.1665646
0.3028965 -0.2008832
0.6502504 -0.0301344
0.1568694 0.05276968
-0.2982194 -0.1112865
-0.1858992 0.2995335
-0.007775051 -0.1408826
-0.0656853 0.1458195
-0.03947423 -0.0662655
-0.02913253 0.3000543
0.1236061 0.03582791
-0.06777693 0.1604248
0.04097086 0.1742906
-0.03629981 0.001415808
-0.04298606 0.1208627
-0.3367876 0.1956863
-0.2119705 -0.09277271
-0.2385217 0.1261803
0.02199123 0.06079129
0.452511 0.03505252
0.0945221 -0.1414775
0.2249657 0.09704236
0.2037342 0.3991101
0.2665621 -0.05176435
-0.55595 -0.04901208
0.1917948 -0.03412496
-0.03291525 -0.3981849
-0.2269483 -0.1409874
-0.4767509 -0.01129914
0.4869661 0.1737071
-0.06105515 0.03438418
-0.1753404 -0.0810054
-0.1045842 0.1253295
-0.06353585 0.3924945
-0.06445608 -0.3386353
-0.2316532 0.09040978
-0.1274581 0.04051068
0.06029527 0.03344185
0.2820913 -0.3888317
-0.0654247 0.1731078
0.1366987 0.03881659
0.1341959 -0.0533404
0.181641 -0.1921948
-0.09504597 0.07610917
-0.1400625 -0.128537
-0.3401119 -0.01028657
0.1786366 0.5308981
0.03956651 0.03528472
0.05133943 -0.112939
-0.1648116 0.3078952
0.02525521 -0.04483875
-0.09695799 0.7982467
-0.2869448 0.1079992
-0.1134409 0.1470169
-0.2308034 0.1845719
0.2264694 0.3879792
0.2199274 0.1513341
-0.09256701 -0.1477456
0.3165935 -0.2186443
-0.4904802 -0.4862599
-0.1699613 0.09215138
0.1932297 -0.2718721
0.1064057 0.5394387
0.03349825 -0.2728571
0.1807724 0.2333759
-0.2939811 0.01736724
-0.304444 -0.1070775
-0.2214897 0.2850885
0.02081975 -0.2338279
0.03719643 -0.3452033
-0.1422426 0.09342436
0.2344698 -0.1849421
-0.1694474 0.1217898
-0.2130159 0.3490585
0.06943177 -0.1722296
-0.03633654 -0.1817246
-0.0919585 -0.09300432
0.09272981 -0.1541606
0.2320626 -0.2211413
-0.2268381 0.3540409
-0.2991807 0.2897834
0.02694475 0.1599042
0.09406774 -0.03468128
0.03873929 -0.1028355
0.03836787 -0.1011167
0.1113519 0.2145448
-0.173945 -0.03379423
0.1210025 -0.3394402
-0.1340013 -0.09848376
-0.01594756 0.1496746
-0.08906999 -0.2643316
0.06211782 0.3378717
0.3095833 -0.02828296
-0.04412721 -0.1180145
-0.1277346 -0.2126302
-0.1461796 -0.4694577
0.2757736 -0.1540296
0.05746269 0.1142201
-0.4454241 -0.2045363
-0.2613344 -0.1129378
0.02689606 -0.08461455
-0.05616316 0.1652594
0.4021556 -0.03661379
0.1208291 0.1289498
0.4496222 -0.1524014
0.1909698 0.2385059
-0.2309665 0.0938682
-0.06735183 -0.1094506
0.1128615 0.1058755
0.0007213812 0.06622589
0.5852539 -0.1535671
0.1448425 0.2790826
0.1506436 0.3618296
-0.09468157 -0.1433372
0.2036827 0.1707567
0.4100692 0.1871224
0.619265 0.4346211
0.3331065 -0.426433
0.2313644 -0.06272521
-0.1810094 -0.06688762
-0.0539892 0.04350301
0.248041 -0.03941015
0.08304283 0.1910054
0.01921478 0.1768022
0.1986993 -0.342608
0.06520025 0.04590752
-0.2606906 0.04868777
-0.4322371 -0.23361
-0.1342371 -0.1851811
-0.2397412 0.03493741
0.1845246 -0.004098317
-0.4588001 -0.1867504
0.252115 -0.02385254
-0.2189572 -0.2167064
-0.1784748 -0.01048255
-0.1896021 -0.06235524
0.176966 -0.3347212
0.04107413 -0.2210207
0.2323477 0.06426466
0.005153158 0.511574
-0.230263 0.08602314
-0.03265881 0.1535018
-0.06128396 -0.3230983
-0.0994218 0.3120321
-0.1657164 0.08015381
0.208788 0.3538847
0.009251421 0.3330743
-0.5049833 -0.06720199
-0.3734682 0.3604523
-0.1455474 0.1163076
0.132953 -0.06792158
-0.3604162 0.1371571
0.1299541 -0.1967218
-0.1545479 0.007532915
0.225345 -0.5248587
-0.1053344 0.1363163
0.2561107 -0.3926032
0.2545686 -0.5053157
0.3524714 -0.1696342
-0.4036938 0.01367161
-0.02792624 -0.09399191
-0.01938454 0.2082876
0.07827641 0.2294629
0.4199035 -0.1775109
-0.229361 0.01213072
0.1105259 -0.4348075
0.1063082 0.003794825
-0.1209235 0.0594022
0.02444418 0.1014261
0.132807 -0.108229
0.1219865 -0.3159567
0.1318013 -0.215385
0.05579386 -0.1656271
-0.1618088 -0.1041442
0.02687872 -0.05217769
-0.06875987 -0.1180515
0.09838653 0.0912481
-0.3912849 -0.3148859
0.0983763 0.03057625
-0.03767101 0.7619474
-0.5207701 0.02425577
0.05272865 0.1306413
0.2976689 -0.05127143
0.1407235 -0.08311376
-0.06656711 0.1507995
-0.09800027 0.07324443
-0.3587806 -0.3517216
-0.07455209 0.03233682
-0.1830877 -0.209553
0.02536136 0.355711
0.3157848 0.1655243
0.3141527 -0.08412918
0.04763757 0.1793739
-0.09311238 0.4004642
0.07772408 -0.315879
-0.262298 -0.12325
-0.08455849 0.1130795
0.08413561 -0.3469936
0.07107374 0.1833307
0.1477386 -0.186037
-0.1261073 -0.03083662
0.07095435 -0.2675728
-0.05578745 -0.001595357
0.1543003 -0.09803367
-0.0822897 -0.01883319
0.07791382 0.100805
-0.1891589 -0.3389563
-0.04768799 -0.05577054
0.006775068 0.3983097
-0.2213487 0.2344735
0.08960774 -0.3611057
-0.1130428 0.243955
-0.01389473 0.175166
0.6236575 -0.07623436
0.07065659 0.1996326
-0.3445506 -0.2403588
-0.1318361 -0.1897235
-0.2098105 0.1527764
-0.1215411 0.1305523
0.1430004 -0.2542944
-0.01402614 0.05906415
0.09069612 0.2776305
0.04785107 -0.2036459
-0.2749008 -0.0872609
0.1364684 -0.1915947
-0.2178468 -0.1467472
0.1881083 0.04020488
0.0877825 -0.1064354
-0.2318452 0.03199014
-0.04574325 0.2012561
-0.02613612 0.1356695
-0.02046875 -0.4663924
0.005714145 -0.05816894
0.08701563 -0.4694041
-0.07229027 0.1344032
-0.1562238 0.6651126
-0.08964332 0.3053666
0.08175449 0.2685032
0.1231963 0.1054715
-0.07102382 0.6281633
-0.1496182 -0.1894464
0.08085335 0.1163819
-0.05360555 0.2521038
-0.5050935 0.5675921
-0.3018439 -0.2425459
0.3150697 -0.08161491
0.1625365 0.2608317
-0.658362 -0.2012167
0.07137679 0.06256182
-0.1931186 -0.05450424
-0.05044221 0.300046
-0.3335297 -0.02606614
-0.1710255 -0.2989293
0.0442319 0.2667474
-0.2566901 -0.4269201
-0.09815582 -0.07787482
0.1095596 0.1284667
0.2148758 0.3571568
0.3083475 0.1030357
-0.07912327 -0.2853122
0.0783025 -0.1538033
-0.2585793 0.04667023
0.2277849 0.5999427
-0.2504683 0.05482651
-0.2978452 -0.2023271
-0.1064711 0.4065043
-0.2499116 0.141522
0.01146887 0.03728144
0.2122525 0.1557124
-0.1189614 -0.191169
0.3421346 -0.2163829
-0.03486948 0.07177448
-0.1135515 0.008099635
0.07833416 0.6102744
-0.1641652 0.3213546
0.4985192 -0.1118112
0.1054606 -0.01687085
0.0574795 -0.2442333
0.07830736 -0.001944626
-0.005469855 0.3762968
-0.4902433 -0.07173403
0.1004839 0.102475
-0.4748638 -0.3831716
0.03063969 0.1749354
-0.140669 -0.05754691
-0.5583208 -0.1261985
-0.1075408 -0.04028569
0.415594 0.04845683
0.3307052 -0.03442324
-0.3285667 0.1845347
-0.4105106 -0.1695225
0.2103479 0.1922534
-0.2032017 0.1537864
-0.331636 0.3407533
0.2625405 0.04900546
-0.06901441 -0.0525712
0.4056262 -0.1349507
-0.4888093 -0.07319646
-0.2351521 -0.115378
-0.01404054 0.2490807
-0.2220458 -0.2649745
-0.1326548 0.01698236
0.1277349 0.09031048
-0.02947593 0.1616813
-0.1379354 0.2397861
0.2035901 0.03158037
0.02273241 -0.1975228
-0.04886559 0.2564586
0.201678 -0.07608998
0.05496364 -0.3614495
-0.0936696 0.05864106
-0.04763162 0.2667325
0.2557344 0.1516946
0.4479718 0.3372275
0.2300585 -0.082793
0.1595531 0.1496004
0.1162149 0.1867468
0.08907664 0.1177234
0.005055411 0.06926139
0.2312366 0.01172351
0.1967018 -0.1048323
0.2738485 0.1782735
-0.04066138 0.218014
-0.3858174 -0.01954522
-0.3315365 0.07422711
-0.05074767 0.1938845
0.03086847 -0.1910392
0.5609786 0.1113337
0.1241328 0.1386084
0.01744582 -0.05419005
0.1126406 0.02083714
0.124271 0.191991
-0.3043206 0.01995734
0.07809566 -0.3499502
-0.03866471 -0.4983101
-0.07274997 0.2893514
0.190756 -0.01467193
0.2678298 0.03970106
0.02127443 0.5022354
-0.2668313 -0.03664474
0.2681108 0.2766545
0.1626901 -0.03875516
0.3145108 -0.0814354
-0.04542411 -0.6869571
0.1908575 -0.05374856
0.03608198 -0.1972517
-0.2039067 -0.1296941
-0.01810724 0.1437833
0.1003818 0.7062684
-0.317376 -0.03524729
0.2107219 -0.03621294
-0.06058965 0.1485379
0.01320894 0.01082034
-0.2563349 -0.0279546
-0.09272055 -0.2198833
0.2911002 -0.4587431
-0.1916541 0.3588976
-0.4922753 -0.3423908
-0.07159805 0.365485
-0.1699976 0.05276313
0.06893785 -0.0511602
-0.2584897 0.1427693
0.1714006 -0.1507151
0.1862132 -0.1392143
-0.1148999 -0.3662241
0.7885891 0.24377
0.06578594 0.06447534
0.3955585 -0.05191811
-0.08951487 -0.1287714
-0.07868483 -0.08512711
0.0404724 0.03165628
0.1927878 -0.2959065
0.6786295 0.05071827
0.3168938 -0.1896432
-0.06785145 0.2711951
0.3216316 0.1419334
0.06995731 0.01145321
0.01729802 -0.2007096
0.2498484 -0.5589127
-0.1659837 0.1236747
-0.3135569 -0.3295621
0.3550203 -0.1795167
0.0234507 -0.120037
-0.4013024 0.3158583
0.1653266 0.06302165
0.02773838 0.02514228
-0.2366163 0.304623
-0.1841595 0.1379732
-0.0668732 0.07421082
-0.119307 -0.1383217
-0.02978833 -0.2564078
0.5648307 0.329264
-0.5209742 -0.09037774
0.1927539 -0.08372657
0.2818919 -0.3262517
0.1847133 -0.482206
0.06866113 -0.02520397
0.3761298 -0.2404299
-0.05568362 0.04518005
0.06173074 0.3629993
-0.07168286 -0.08153401
-0.006485886 0.06787904
-0.00689016 -0.006162916
0.07548154 0.1602079
-0.2712009 -0.105819
-0.2111693 -0.05048918
0.2795647 0.113287
-0.4357755 0.1270967
-0.5186068 -0.1754006
0.0225023 0.2865815
-0.1128289 -0.05302327
-0.06526264 0.5448368
-0.269189 0.1676027
0.0986837 0.2015796
0.07323394 -0.04646317
-0.135177 -0.3126297
-0.1924842 -0.06153627
0.04297326 -0.1821964
0.2316513 0.464732
0.1760559 0.01495241
-0.04693447 -0.3115754
-0.2281381 0.1220469
0.02838623 0.2338526
-0.2452057 0.4197753
0.06977065 -0.17822
-0.2967359 0.1063291
0.08887632 -0.2426353
-0.4521238 -0.354664
0.2180055 -0.4617167
0.08974154 -0.2054431
0.09230399 0.2666441
0.133126 -0.1900527
0.06145537 0.2164476
0.1938855 0.28839
0.6232671 0.01845604
0.1210461 0.1760361
-0.4104613 -0.207026
0.01566258 0.004198073
-0.03137689 -0.2007943
-0.1935758 0.2132422
-0.1188739 -0.06989495
0.2126486 -0.1987661
0.3260115 -0.04944963
0.07097453 -0.189804
-0.003166286 0.2447462
0.1976617 0.05921524
-0.01070393 -0.121192
0.0651971 -0.4369129
0.4559066 -0.01041837
-0.009745724 -0.09894618
-0.2100864 0.06478313
0.06444976 -0.07777499
-0.009798134 -0.3656894
-0.2569046 -0.03250639
-0.1589252 0.07989886
0.2377968 0.5177897
-0.1244994 -0.001248348
0.2961416 0.2246864
-0.1996052 0.2091285
-0.2504966 0.04365161
0.1743166 0.3256044
-0.1630646 -0.0176193
-0.2702628 -0.03388128
0.4347806 0.08094122
0.09039383 -0.05717198
-0.132522 0.0342784
0.111062 0.1653083
0.1446671 -0.01503543
0.1792665 0.2408688
-0.1728624 0.137809
0.08969419 -0.1847414
-0.1117956 0.1165902
-0.4143452 0.1348191
-0.05996751 -0.3364184
0.1459478 -0.1255255
0.1209422 -0.002853233
-0.08122706 0.27428
-0.1631089 -0.3071467
0.02095766 -0.1093218
-0.201235 -0.157031
-0.3280193 -0.1486657
0.1224559 -0.118616
0.4275766 0.08605029
-0.1327423 -0.1002439
-0.03798505 0.3016715
-0.1731864 0.1128366
0.1828022 -0.1394174
-0.1550927 -0.1740603
-0.2097985 -0.1173518
0.008886162 0.0830622
0.3901208 -0.2448893
-0.1553185 0.4293928
0.1780732 0.4525195
-0.0251416 -0.08020848
-0.1739312 0.3112282
0.3377765 0.06418234
-0.1502196 -0.01697469
0.06027113 0.4456152
0.05461586 0.4311439
0.07127807 0.02869776
0.1622053 0.245728
0.1501513 -0.1710041
0.06571165 0.1085703
0.07271481 0.01508308
-0.193393 -0.1731759
-0.2714848 -0.1771719
-0.2435222 -0.03746741
-0.2373769 -0.2148067
-0.3180529 -0.009316146
-0.1798841 -0.2830049
0.1615009 -0.06753647
0.1879137 0.335943
0.3827897 0.2547566
0.3212551 -0.06901063
-0.1047856 0.1010422
-0.3526407 0.1370042
0.005118313 0.5288804
-0.447803 0.1144902
-0.1597738 0.1236543
0.3701805 -0.5087281
-0.324028 -0.1622934
-0.3044841 -0.3246191
0.1476125 -0.1300742
0.3414424 0.3777612
0.03022604 -0.008681243
-0.195819 -0.0203409
-0.2379654 -0.07778788
-0.05839797 0.2375673
0.002788162 0.396012
0.04079755 -0.1767072
0.05195437 0.2065973
0.2236204 0.2990268
0.01480054 0.4884111
-0.2955609 -0.09054326
0.2079072 0.2690553
0.2281903 -0.2696763
0.01787372 -0.0816081
0.1847149 0.1386563
-0.2841136 -0.1385525
0.06748868 0.06762035
-0.05678376 -0.1276268
-0.3126331 0.08825213
0.1486391 0.2005183
0.02311194 0.03999663
0.1754572 0.05391617
-0.1838704 -0.1194517
0.542126 -0.4968513
-0.1958514 -0.3665782
-0.3798776 0.3187215
-0.09995113 0.4494334
-0.1468685 -0.2126462
-0.1102403 0.1362301
0.4034971 0.08064354
-0.3222204 -0.02906998
-0.1681288 -0.1581255
-0.2196113 -0.08760795
-0.143267 0.1263512
0.2106674 -0.4292058
-0.2206914 -0.3767235
0.2340789 -0.1780769
0.1344105 0.06040638
-0.01786458 -0.1106711
-0.2608742 -0.1350305
0.08704257 -0.2858002
0.0149273 0.001189966
-0.1360827 -0.09524772
0.2012064 -0.4823875
-0.2332461 -0.3164136
0.2174723 0.08480149
-0.096599 -0.2145026
0.01061491 -0.1196772
0.0924861 -0.01276574
-0.2583842 0.0718182
0.04030685 -0.08801116
0.38043 0.02734335
-0.1738987 0.1264319
0.2065976 0.0790345
0.1302338 -0.140669
-0.008392676 0.2605932
-0.3564703 0.2222568
0.214847 -0.4263824
0.4526545 -0.08636626
0.1737433 0.6145758
0.2586955 -0.1775048
-0.2001534 0.2475773
-0.04766637 -0.4293532
0.4267563 0.1483671
-0.3427206 0.1987556
0.09825531 0.0490713
0.0730837 -0.2105911
-0.06643957 0.2599975
-0.1278524 -0.05882033
-0.1566634 0.09047984
-0.1050526 -0.2804755
0.2419963 -0.4623396
-0.07907242 -0.2239629
0.2355261 -0.007790712
0.187077 0.1931782
0.2078784 0.06171801
0.08564675 -0.2215996
-0.04635439 -0.3390446
-0.09165031 0.09685291
-0.164188 -0.347909
-0.2823181 0.2044347
-0.2282094 0.5189098
0.2565503 0.1947253
-0.2509565 -0.04981557
-0.06388136 0.1121002
-0.3635406 0.324843
0.3499634 0.02360984
-0.08740761 0.0728282
0.09757651 -0.3468581
-0.04285833 -0.1002747
-0.3115452 -0.1932443
0.1096029 -0.3018916
0.2865427 0.2458695
0.3743661 0.2522997
-0.1007569 -0.08366904
-0.2595001 -0.05984092
-0.1032802 0.2149194
-0.1500827 0.173919
-0.348065 -0.0290527
-0.2381256 -0.3008634
0.03667382 -0.1038887
0.1287146 -0.02962155
-0.5734283 0.3657917
0.0215541 0.1499592
-0.292408 -0.3225258
-0.0140995 0.03291241
-0.2700023 -0.2521602
-0.1760418 0.2294243
-0.1688071 -0.04184143
-0.006719674 0.1759297
-0.2489863 -0.2130916
0.00728007 0.07893662
0.5255782 -0.3653293
0.1091635 -0.1376316
0.15577 -0.03339151
0.5781334 0.4055293
-0.19857 0.163317
-0.04340734 -0.09522694
-0.4384706 0.1021122
-0.06092601 0.3685898
0.1135866 0.06470759
-0.05858396 -0.1078301
0.2156083 0.00253887
0.302179 -0.2407034
0.06876695 -0.3652149
0.07457529 -0.1937519
0.1017477 -0.1383415
-0.0151752 -0.4092338
0.1044052 0.2867267
0.1152126 0.01969722
-0.1081843 -0.0565215
0.358544 0.2884724
0.09915216 0.04787539
-0.6773446 0.04947816
-0.3499572 0.1796413
0.09534316 -0.07184049
-0.3721185 0.4753165
0.1458712 0.1810949
0.2067974 0.1180329
0.05361269 0.1167267
0.1926856 0.09683525
-0.2120868 0.0262225
0.1198884 -0.06410223
-0.08554856 -0.1610328
0.08942728 0.01304072
-0.3194551 0.1105139
-0.05703207 0.001085482
0.01904875 0.0921948
0.125928 0.2074141
0.06901024 0.168753
-0.02107284 0.0542362
0.2145285 0.1003466
0.0715428 -0.5421906
0.1358636 -0.1998712
0.02452041 0.3167772
-0.3312509 0.1777221
-0.04041455 -0.02465799
-0.1616949 0.4215193
0.08985516 -0.1329014
0.3390476 -0.06745201
0.1369617 -0.3319859
0.404474 0.4472454
0.06719071 -0.008148935
0.1698446 0.09238282
-0.0442649 0.1621904
0.02064069 -0.1418576
0.2009053 -0.1397151
-0.4146339 -0.08245014
0.1679799 -0.130719
0.007933455 0.2547216
-0.2733802 -0.4548223
-0.06710686 0.02100042
-0.06038922 -0.007458699
-0.1167788 -0.5037634
0.1451076 -0.1101754
0.3904749 -0.05857876
-0.1290403 0.06524539
-0.002129836 0.003379334
0.1231748 -0.4866377
-0.113975 0.2151722
0.1267171 0.01739537
0.05968456 -0.2810291
-0.2250603 0.3429673
-0.4240266 -0.2031928
0.02464568 0.09580124
0.3886834 -0.009033429
-0.5276055 0.2943122
0.1391715 -0.3383119
0.01184643 0.1209622
-0.09152846 -0.04149921
-0.03007034 0.1398539
0.02733161 -0.07831441
-0.2454907 0.01547847
-0.0200402 -0.02568734
-0.115131 -0.1459843
-0.7227056 -0.04068219
-0.05590892 0.2419749
-0.3646005 0.0786552
0.1982 -0.2622463
0.2169987 -0.2581654
0.01038308 -0.1242497
-0.1674539 -0.112695
-0.2523023 -0.3168316
-0.3590683 0.1028138
0.09213391 -0.05660063
0.0604584 -0.01528319
-0.1590566 0.1807315
0.1208892 0.2460141
0.2482983 0.247688
-0.6871411 0.09268454
0.1336866 -0.3507347
0.06845897 0.06083592
-0.1034006 0.1208178
-0.439332 0.3085429
-0.3786432 0.2523068
0.09149589 0.2898638
-0.1127789 0.2079154
-0.1936022 0.03765792
-0.08636469 -0.08420025
0.1711154 -0.259885
-0.1810628 -0.19131
0.0279482 0.1230149
0.02442858 0.1554846
0.5316054 0.04171393
0.1975828 -0.1247286
0.265345 -0.1227382
0.4282299 0.1640687
-0.3954294 0.0001671251
-0.06322789 0.08593607
-0.173987 0.3218394
0.1041704 0.1250004
-0.1856984 -0.02462162
-0.09695412 0.2912497
0.1598214 0.5133265
0.1603794 0.01748357
0.1986513 0.1947003
0.3064081 0.06523224
-0.03686807 0.3150412
-0.001531556 0.07913566
0.1235488 0.1603828
-0.1376528 0.1702096
-0.03966229 0.2938539
0.1867314 -0.3659206
-0.1491213 0.2045671
0.02238144 0.1097355
-0.4781508 0.1422452
-0.04420667 -0.06151441
0.2456152 -0.4535555
0.06305356 0.08839537
-0.3913594 0.1447738
0.116289 -0.009836156
-0.05026034 0.230458
-0.2811002 0.09290168
0.08750933 -0.09432781
-0.1897772 0.2089608
-0.04365279 -0.1004225
-0.04689333 -0.1302802
0.05845223 -0.1765724
-0.1592091 0.2671707
0.2760827 0.2998911
0.08763021 0.1960592
-0.1021916 0.610531
-0.0189036 -0.2951392
-0.08336257 0.147832
-0.1319357 0.012085
0.07313284 0.1601791
1.114659e-05 -0.2251637
-0.1543694 0.08878221
0.0002598498 -0.02059883
0.0920121 0.03898354
0.200774 0.1337204
0.1450491 0.009091221
-0.2079457 -0.1283803
-0.004663905 0.2216928
0.03676187 0.09769797
0.196987 0.1224291
0.02540106 -0.02463653
-0.05229269 -0.06527304
0.07517959 -0.02250557
-0.07060876 0.0001400037
-0.1248384 -0.0634663
-0.0263405 0.008444443
0.2523932 0.002567155
0.0347684 0.01597219
0.01025038 0.06204138
0.1177395 -0.06860745
0.328747 -0.0992293
-0.007282093 -0.2684267
-0.01227291 -0.07706098
-0.2414654 0.4971512
-0.08342113 -0.2739464
-0.1469547 0.1121936
0.07327107 0.3771228
0.3868043 0.1408193
0.04107733 -0.208767
-0.2550641 -0.1874206
0.3976301 -0.1385033
0.4980099 0.09556088
0.07077163 -0.2970734
0.2301732 -0.2126906
-0.09797139 0.05838771
0.03948399 -0.2612512
-0.08051551 0.09862325
0.0347457 -0.2449422
0.03219978 -0.1374329
-0.1542463 -0.2603884
0.1527155 -0.2673565
-0.0006383885 -0.0567905
-0.3091635 0.01804533
0.1434799 -0.2316637
0.01442638 0.6112382
-0.4758301 0.05379421
0.1759935 -0.2245426
-0.09619704 0.1558972
-0.1140332 -0.1780948
0.1447588 0.09704066
-0.2880919 -0.1250099
-0.03597537 -0.2507567
-0.2619231 0.1683671
0.2341238 0.3622156
-0.3165765 0.5560701
0.2283428 0.01533998
-0.2004514 0.06317546
-0.2430515 -0.0523136
-0.3509096 0.2196789
0.3264689 0.180565
-0.3097446 -0.3267883
-0.127136 -0.02396883
-0.1773085 -0.3022172
-0.209369 -0.273699
-0.3185212 0.04471062
0.147924 -0.04863597
0.09067089 0.2256786
-0.145964 0.1749484
0.01373963 0.1294545
0.2182047 0.03914423
-0.2212729 0.183463
0.1400402 0.04736698
-0.2865032 -0.4123875
-0.262142 -0.2612914
-0.09163076 0.2215387
0.5825395 0.02127315
-0.1004883 0.1660231
-0.2554547 0.2457952
0.02283198 0.2016799
0.04039773 -0.2505507
0.1175247 0.1762045
0.1740285 -0.2111472
-0.276561 0.001689936
0.1185342 0.4148236
-0.05602532 0.1962437
0.3412414 0.2126377
0.09748008 -0.02382646
0.1768063 -0.028177
0.1363657 0.02690696
-0.09456769 0.0119618
0.2576321 -0.08493201
-0.2378195 0.4542042
0.4144688 0.1260332
-0.07876598 0.08294968
0.07661316 0.3152658
-0.0458318 0.6154907
0.3645317 0.4710567
-0.2564927 -0.08536366
-0.3827067 0.2208553
0.1403596 -0.1194281
0.3427066 0.3571059
0.2461039 -0.2917737
0.1672751 0.2668316
-0.04383889 -0.3253628
-0.05449636 0.003878314
0.04188849 -0.01276364
-0.1217604 -0.1310618
-0.1877377 0.17736
-0.2700825 0.09908992
-0.06213405 -0.1004569
0.007486329 -0.1946638
-0.0638735 -0.2313044
-0.004478364 0.6594371
-0.1317109 0.0732379
-0.1935245 -0.1464108
0.1009986 -0.2107866
-0.074883 0.236113
-0.04865826 0.2122643
0.1397968 0.04977811
-0.2105226 0.3181837
-0.2625619 0.13552
-0.05134603 -0.1298703
-0.2796603 0.04347073
0.2778199 -0.06622459
0.3586533 -0.06123377
-0.05287285 0.4282728
-0.06217704 0.03645594
0.2420842 -0.2248525
-0.01228024 0.2435138
-0.1456918 -0.1079598
-0.01583968 -0.05457234
0.1513768 -0.04822224
-0.0295022 -0.05490278
0.1846382 -0.1473527
-0.03954045 -0.04365082
-0.1253685 0.2408559
0.1671984 0.252692
0.07227266 0.03305692
-0.2023029 0.3515989
-0.2363463 0.1025115
-0.2022868 -0.3633719
0.09584294 -0.1691003
-0.06963774 0.2562101
0.156337 -0.08129656
-0.06483771 -0.2099778
0.1830336 -0.1730016
-0.01426234 0.01946406
-0.05819386 -0.226452
-0.07307788 -0.2957266
0.3658206 -0.004329534
-0.2501561 -0.2960366
0.04454011 -0.1100543
0.1823488 -0.4253972
-0.1350403 0.01857375
-0.05328584 -0.08640036
-0.1360776 -0.01771721
0.06502265 -0.06232478
-0.244479 -0.06316334
0.2734851 0.119697
-0.01547678 0.04048002
-0.3002747 -0.0715286
-0.0771591 0.2621991
-0.09138235 0.1169451
0.2170636 0.2687677
0.1578407 -0.04578668
-0.2766284 0.1228123
-0.3664168 -0.00305071
-0.1490785 0.1106498
0.2617561 0.08168991
0.2056885 0.4230095
0.0546662 0.1777021
0.09514142 -0.09547176
0.1342294 0.03744052
-0.2631681 -0.1462492
-0.0004979246 -0.1414733
-0.3638804 0.0377454
-0.2955245 0.03028561
-0.09517413 -0.05137763
-0.0830076 0.4419736
0.09152996 0.05510779
-0.3097542 0.0477364
-0.0507409 -0.01136663
0.01332039 -0.3724491
-0.1954277 0.1680394
-0.2690589 -0.2515753
-0.3189608 -0.2340569
-0.106746 -0.02491963
0.4584035 -0.05715177
-0.4375435 -0.2782313
0.1811153 -0.3830114
-0.3467056 0.08144013
-0.2837764 0.02649944
0.160425 0.04378822
0.4781836 0.1780185
-0.08134385 0.01140664
0.1067113 -0.317684
-0.412807 0.1705783
-0.03507729 0.2244143
-0.4089401 -0.1828236
-0.06410461 0.1371083
-0.4926649 0.06449039
-0.2148787 -0.2737471
-0.1125947 0.2212317
0.2174296 -0.09550852
-0.01884828 0.2557174
-0.1397238 0.1460651
0.2674898 0.03092201
0.2832044 0.08960616
0.3406134 0.06668081
-0.3310063 -0.1500873
0.04800535 -0.2096505
-0.2128889 -0.0620059
-0.0424633 0.2311212
0.03767942 -0.1767654
0.2005188 -0.04811152
0.06433648 0.06698821
-0.1448774 0.2540914
-0.2354809 -0.5236659
-0.2563669 -0.0227583
0.1236497 -0.2187325
0.2323922 -0.07566778
-0.03908089 0.245206
0.120226 -0.1074774
0.8001539 -0.3717559
-0.02775952 0.03092878
0.10932 -0.1600683
-0.2390067 0.0959034
-0.02286211 0.08786284
0.2444616 0.4310599
-0.1721025 0.1179459
0.3452963 -0.2249191
-0.04302609 0.3649391
0.3173674 -0.3896011
0.0482253 0.185233
-0.01844632 0.2927822
0.06786931 0.1665646
0.3028965 -0.2008832
0.6502504 -0.0301344
0.1568694 0.05276968
-0.2982194 -0.1112865
-0.1858992 0.2995335
-0.007775051 -0.1408826
-0.0656853 0.1458195
-0.03947423 -0.0662655
-0.02913253 0.3000543
0.1236061 0.03582791
-0.06777693 0.1604248
0.04097086 0.1742906
-0.03629981 0.001415808
-0.04298606 0.1208627
-0.3367876 0.1956863
-0.2119705 -0.09277271
-0.2385217 0.1261803
0.02199123 0.06079129
0.452511 0.03505252
0.0945221 -0.1414775
0.2249657 0.09704236
0.2037342 0.3991101
0.2665621 -0.05176435
-0.55595 -0.04901208
0.1917948 -0.03412496
-0.03291525 -0.3981849
-0.2269483 -0.1409874
-0.4767509 -0.01129914
0.4869661 0.1737071
-0.06105515 0.03438418
-0.1753404 -0.0810054
-0.1045842 0.1253295
-0.06353585 0.3924945
-0.06445608 -0.3386353
-0.2316532 0.09040978
-0.1274581 0.04051068
0.06029527 0.03344185
0.2820913 -0.3888317
-0.0654247 0.1731078
0.1366987 0.03881659
0.1341959 -0.0533404
0.181641 -0.1921948
-0.09504597 0.07610917
-0.1400625 -0.128537
-0.3401119 -0.01028657
0.1786366 0.5308981
0.03956651 0.03528472
0.05133943 -0.112939
-0.1648116 0.3078952
0.02525521 -0.04483875
-0.09695799 0.7982467
-0.2869448 0.1079992
-0.1134409 0.1470169
-0.2308034 0.1845719
0.2264694 0.3879792
0.2199274 0.1513341
-0.09256701 -0.1477456
0.3165935 -0.2186443
-0.4904802 -0.4862599
-0.1699613 0.09215138
0.1932297 -0.2718721
0.1064057 0.5394387
0.03349825 -0.2728571
0.1807724 0.2333759
-0.2939811 0.01736724
-0.304444 -0.1070775
-0.2214897 0.2850885
0.02081975 -0.2338279
0.03719643 -0.3452033
-0.1422426 0.09342436
0.2344698 -0.1849421
-0.1694474 0.1217898
-0.2130159 0.3490585
0.06943177 -0.1722296
-0.03633654 -0.1817246
-0.0919585 -0.09300432
0.09272981 -0.1541606
0.2320626 -0.2211413
-0.2268381 0.3540409
-0.2991807 0.2897834
0.02694475 0.1599042
0.09406774 -0.03468128
0.03873929 -0.1028355
0.03836787 -0.1011167
0.1113519 0.2145448
-0.173945 -0.03379423
0.1210025 -0.3394402
-0.1340013 -0.09848376
-0.01594756 0.1496746
-0.08906999 -0.2643316
0.06211782 0.3378717
0.3095833 -0.02828296
-0.04412721 -0.1180145
-0.1277346 -0.2126302
-0.1461796 -0.4694577
0.2757736 -0.1540296
0.05746269 0.1142201
-0.4454241 -0.2045363
-0.2613344 -0.1129378
0.02689606 -0.08461455
-0.05616316 0.1652594
0.4021556 -0.03661379
0.1208291 0.1289498
0.4496222 -0.1524014
0.1909698 0.2385059
-0.2309665 0.0938682
-0.06735183 -0.1094506
0.1128615 0.1058755
0.0007213812 0.06622589
0.5852539 -0.1535671
0.1448425 0.2790826
0.1506436 0.3618296
-0.09468157 -0.1433372
0.2036827 0.1707567
0.4100692 0.1871224
0.619265 0.4346211
0.3331065 -0.426433
0.2313644 -0.06272521
-0.1810094 -0.06688762
-0.0539892 0.04350301
0.248041 -0.03941015
0.08304283 0.1910054
0.01921478 0.1768022
0.1986993 -0.342608
0.06520025 0.04590752
-0.2606906 0.04868777
-0.4322371 -0.23361
-0.1342371 -0.1851811
-0.2397412 0.03493741
0.1845246 -0.004098317
-0.4588001 -0.1867504
0.252115 -0.02385254
-0.2189572 -0.2167064
-0.1784748 -0.01048255
-0.1896021 -0.06235524
0.176966 -0.3347212
0.04107413 -0.2210207
0.2323477 0.06426466
0.005153158 0.511574
-0.230263 0.08602314
-0.03265881 0.1535018
-0.06128396 -0.3230983
-0.0994218 0.3120321
-0.1657164 0.08015381
0.208788 0.3538847
0.009251421 0.3330743
-0.5049833 -0.06720199
-0.3734682 0.3604523
-0.1455474 0.1163076
0.132953 -0.06792158
-0.3604162 0.1371571
0.1299541 -0.1967218
-0.1545479 0.007532915
0.225345 -0.5248587
-0.1053344 0.1363163
0.2561107 -0.3926032
0.2545686 -0.5053157
0.3524714 -0.1696342
-0.4036938 0.01367161
-0.02792624 -0.09399191
-0.01938454 0.2082876
0.07827641 0.2294629
0.4199035 -0.1775109
-0.229361 0.01213072
0.1105259 -0.4348075
0.1063082 0.003794825
-0.1209235 0.0594022
0.02444418 0.1014261
0.132807 -0.108229
0.1219865 -0.3159567
0.1318013 -0.215385
0.05579386 -0.1656271
-0.1618088 -0.1041442
0.02687872 -0.05217769
-0.06875987 -0.1180515
0.09838653 0.0912481
-0.3912849 -0.3148859
0.0983763 0.03057625
-0.03767101 0.7619474
-0.5207701 0.02425577
0.05272865 0.1306413
0.2976689 -0.05127143
0.1407235 -0.08311376
-0.06656711 0.1507995
-0.09800027 0.07324443
-0.3587806 -0.3517216
-0.07455209 0.03233682
-0.1830877 -0.209553
0.02536136 0.355711
0.3157848 0.1655243
0.3141527 -0.08412918
0.04763757 0.1793739
-0.09311238 0.4004642
0.07772408 -0.315879
-0.262298 -0.12325
-0.08455849 0.1130795
0.08413561 -0.3469936
0.07107374 0.1833307
0.1477386 -0.186037
-0.1261073 -0.03083662
0.07095435 -0.2675728
-0.05578745 -0.001595357
0.1543003 -0.09803367
-0.0822897 -0.01883319
0.07791382 0.100805
-0.1891589 -0.3389563
-0.04768799 -0.05577054
0.006775068 0.3983097
-0.2213487 0.2344735
0.08960774 -0.3611057
-0.1130428 0.243955
-0.01389473 0.175166
0.6236575 -0.07623436
0.07065659 0.1996326
-0.3445506 -0.2403588
-0.1318361 -0.1897235
-0.2098105 0.1527764
-0.1215411 0.1305523
0.1430004 -0.2542944
-0.01402614 0.05906415
0.09069612 0.2776305
0.04785107 -0.2036459
-0.2749008 -0.0872609
0.1364684 -0.1915947
-0.2178468 -0.1467472
0.1881083 0.04020488
0.0877825 -0.1064354
-0.2318452 0.03199014
-0.04574325 0.2012561
-0.02613612 0.1356695
-0.02046875 -0.4663924
0.005714145 -0.05816894
0.08701563 -0.4694041
-0.07229027 0.1344032
-0.1562238 0.6651126
-0.08964332 0.3053666
0.08175449 0.2685032
0.1231963 0.1054715
-0.07102382 0.6281633
-0.1496182 -0.1894464
0.08085335 0.1163819
-0.05360555 0.2521038
-0.5050935 0.5675921
-0.3018439 -0.2425459
0.3150697 -0.08161491
0.1625365 0.2608317
-0.658362 -0.2012167
0.07137679 0.06256182
-0.1931186 -0.05450424
-0.05044221 0.300046
-0.3335297 -0.02606614
-0.1710255 -0.2989293
0.0442319 0.2667474
-0.2566901 -0.4269201
-0.09815582 -0.07787482
0.1095596 0.1284667
0.2148758 0.3571568
0.3083475 0.1030357
-0.07912327 -0.2853122
0.0783025 -0.1538033
-0.2585793 0.04667023
0.2277849 0.5999427
-0.2504683 0.05482651
-0.2978452 -0.2023271
-0.1064711 0.4065043
-0.2499116 0.141522
0.01146887 0.03728144
0.2122525 0.1557124
-0.1189614 -0.191169
0.3421346 -0.2163829
-0.03486948 0.07177448
-0.1135515 0.008099635
0.07833416 0.6102744
-0.1641652 0.3213546
0.4985192 -0.1118112
0.1054606 -0.01687085
0.0574795 -0.2442333
0.07830736 -0.001944626
-0.005469855 0.3762968
-0.4902433 -0.07173403
0.1004839 0.102475
-0.4748638 -0.3831716
0.03063969 0.1749354
-0.140669 -0.05754691
-0.5583208 -0.1261985
-0.1075408 -0.04028569
0.415594 0.04845683
0.3307052 -0.03442324
-0.3285667 0.1845347
-0.4105106 -0.1695225
0.2103479 0.1922534
-0.2032017 0.1537864
-0.331636 0.3407533
0.2625405 0.04900546
-0.06901441 -0.0525712
0.4056262 -0.1349507
-0.4888093 -0.07319646
-0.2351521 -0.115378
-0.01404054 0.2490807
-0.2220458 -0.2649745
-0.1326548 0.01698236
0.1277349 0.09031048
-0.02947593 0.1616813
-0.1379354 0.2397861
0.2035901 0.03158037
0.02273241 -0.1975228
-0.04886559 0.2564586
0.201678 -0.07608998
0.05496364 -0.3614495
-0.0936696 0.05864106
-0.04763162 0.2667325
0.2557344 0.1516946
0.4479718 0.3372275
0.2300585 -0.082793
0.1595531 0.1496004
0.1162149 0.1867468
0.08907664 0.1177234
0.005055411 0.06926139
0.2312366 0.01172351
0.1967018 -0.1048323
0.2738485 0.1782735
-0.04066138 0.218014
-0.3858174 -0.01954522
-0.3315365 0.07422711
-0.05074767 0.1938845
0.03086847 -0.1910392
0.5609786 0.1113337
0.1241328 0.1386084
0.01744582 -0.05419005
0.1126406 0.02083714
0.124271 0.191991
-0.3043206 0.01995734
0.07809566 -0.3499502
-0.03866471 -0.4983101
-0.07274997 0.2893514
0.190756 -0.01467193
0.2678298 0.03970106
0.02127443 0.5022354
-0.2668313 -0.03664474
0.2681108 0.2766545
0.1626901 -0.03875516
0.3145108 -0.0814354
-0.04542411 -0.6869571
0.1908575 -0.05374856
0.03608198 -0.1972517
-0.2039067 -0.1296941
-0.01810724 0.1437833
0.1003818 0.7062684
-0.317376 -0.03524729
0.2107219 -0.03621294
-0.06058965 0.1485379
0.01320894 0.01082034
-0.2563349 -0.0279546
-0.09272055 -0.2198833
0.2911002 -0.4587431
-0.1916541 0.3588976
-0.4922753 -0.3423908
-0.07159805 0.365485
-0.1699976 0.05276313
0.06893785 -0.0511602
-0.2584897 0.1427693
0.1714006 -0.1507151
0.1862132 -0.1392143
-0.1148999 -0.3662241
0.7885891 0.24377
0.06578594 0.06447534
0.3955585 -0.05191811
-0.08951487 -0.1287714
-0.07868483 -0.08512711
0.0404724 0.03165628
0.1927878 -0.2959065
0.6786295 0.05071827
0.3168938 -0.1896432
-0.06785145 0.2711951
0.3216316 0.1419334
0.06995731 0.01145321
0.01729802 -0.2007096
0.2498484 -0.5589127
-0.1659837 0.1236747
-0.3135569 -0.3295621
0.3550203 -0.1795167
0.0234507 -0.120037
-0.4013024 0.3158583
0.1653266 0.06302165
0.02773838 0.02514228
-0.2366163 0.304623
-0.1841595 0.1379732
-0.0668732 0.07421082
-0.119307 -0.1383217
-0.02978833 -0.2564078
0.5648307 0.329264
-0.5209742 -0.09037774
0.1927539 -0.08372657
0.2818919 -0.3262517
0.1847133 -0.482206
0.06866113 -0.02520397
0.3761298 -0.2404299
-0.05568362 0.04518005
0.06173074 0.3629993
-0.07168286 -0.08153401
-0.006485886 0.06787904
-0.00689016 -0.006162916
0.07548154 0.1602079
-0.2712009 -0.105819
-0.2111693 -0.05048918
0.2795647 0.113287
-0.4357755 0.1270967
-0.5186068 -0.1754006
0.0225023 0.2865815
-0.1128289 -0.05302327
-0.06526264 0.5448368
-0.269189 0.1676027
0.0986837 0.2015796
0.07323394 -0.04646317
-0.135177 -0.3126297
-0.1924842 -0.06153627
0.04297326 -0.1821964
0.2316513 0.464732
0.1760559 0.01495241
-0.04693447 -0.3115754
-0.2281381 0.1220469
0.02838623 0.2338526
-0.2452057 0.4197753
0.06977065 -0.17822
-0.2967359 0.1063291
0.08887632 -0.2426353
-0.4521238 -0.354664
0.2180055 -0.4617167
0.08974154 -0.2054431
0.09230399 0.2666441
0.133126 -0.1900527
0.06145537 0.2164476
0.1938855 0.28839
0.6232671 0.01845604
0.1210461 0.1760361
-0.4104613 -0.207026
0.01566258 0.004198073
-0.03137689 -0.2007943
-0.1935758 0.2132422
-0.1188739 -0.06989495
0.2126486 -0.1987661
0.3260115 -0.04944963
0.07097453 -0.189804
-0.003166286 0.2447462
0.1976617 0.05921524
-0.01070393 -0.121192
0.0651971 -0.4369129
0.4559066 -0.01041837
-0.009745724 -0.09894618
-0.2100864 0.06478313
0.06444976 -0.07777499
-0.009798134 -0.3656894
-0.2569046 -0.03250639
-0.1589252 0.07989886
0.2377968 0.5177897
-0.1244994 -0.001248348
0.2961416 0.2246864
-0.1996052 0.2091285
-0.2504966 0.04365161
0.1743166 0.3256044
-0.1630646 -0.0176193
-0.2702628 -0.03388128
0.4347806 0.08094122
0.09039383 -0.05717198
-0.132522 0.0342784
0.111062 0.1653083
0.1446671 -0.01503543
0.1792665 0.2408688
-0.1728624 0.137809
0.08969419 -0.1847414
-0.1117956 0.1165902
-0.4143452 0.1348191
-0.05996751 -0.3364184
0.1459478 -0.1255255
0.1209422 -0.002853233
-0.08122706 0.27428
-0.1631089 -0.3071467
0.02095766 -0.1093218
-0.201235 -0.157031
-0.3280193 -0.1486657
0.1224559 -0.118616
0.4275766 0.08605029
-0.1327423 -0.1002439
-0.03798505 0.3016715
-0.1731864 0.1128366
0.1828022 -0.1394174
-0.1550927 -0.1740603
-0.2097985 -0.1173518
0.008886162 0.0830622
0.3901208 -0.2448893
-0.1553185 0.4293928
0.1780732 0.4525195
-0.0251416 -0.08020848
-0.1739312 0.3112282
0.3377765 0.06418234
-0.1502196 -0.01697469
0.06027113 0.4456152
0.05461586 0.4311439
0.07127807 0.02869776
0.1622053 0.245728
0.1501513 -0.1710041
0.06571165 0.1085703
0.07271481 0.01508308
-0.193393 -0.1731759
-0.2714848 -0.1771719
-0.2435222 -0.03746741
-0.2373769 -0.2148067
-0.3180529 -0.009316146
-0.1798841 -0.2830049
0.1615009 -0.06753647
0.1879137 0.335943
0.3827897 0.2547566
0.3212551 -0.06901063
-0.1047856 0.1010422
-0.3526407 0.1370042
0.005118313 0.5288804
-0.447803 0.1144902
-0.1597738 0.1236543
0.3701805 -0.5087281
-0.324028 -0.1622934
-0.3044841 -0.3246191
0.1476125 -0.1300742
0.3414424 0.3777612
0.03022604 -0.008681243
-0.195819 -0.0203409
-0.2379654 -0.07778788
-0.05839797 0.2375673
0.002788162 0.396012
0.04079755 -0.1767072
0.05195437 0.2065973
0.2236204 0.2990268
0.01480054 0.4884111
-0.2955609 -0.09054326
0.2079072 0.2690553
0.2281903 -0.2696763
0.01787372 -0.0816081
0.1847149 0.1386563
-0.2841136 -0.1385525
0.06748868 0.06762035
-0.05678376 -0.1276268
-0.3126331 0.08825213
0.1486391 0.2005183
0.02311194 0.03999663
0.1754572 0.05391617
-0.1838704 -0.1194517
0.542126 -0.4968513
-0.1958514 -0.3665782
-0.3798776 0.3187215
-0.09995113 0.4494334
-0.1468685 -0.2126462
-0.1102403 0.1362301
0.4034971 0.08064354
-0.3222204 -0.02906998
-0.1681288 -0.1581255
-0.2196113 -0.08760795
-0.143267 0.1263512
0.2106674 -0.4292058
-0.2206914 -0.3767235
0.2340789 -0.1780769
0.1344105 0.06040638
-0.01786458 -0.1106711
-0.2608742 -0.1350305
0.08704257 -0.2858002
0.0149273 0.001189966
-0.1360827 -0.09524772
0.2012064 -0.4823875
-0.2332461 -0.3164136
0.2174723 0.08480149
-0.096599 -0.2145026
0.01061491 -0.1196772
0.0924861 -0.01276574
-0.2583842 0.0718182
0.04030685 -0.08801116
0.38043 0.02734335
-0.1738987 0.1264319
0.2065976 0.0790345
0.1302338 -0.140669
-0.008392676 0.2605932
-0.3564703 0.2222568
0.214847 -0.4263824
0.4526545 -0.08636626
0.1737433 0.6145758
0.2586955 -0.1775048
-0.2001534 0.2475773
-0.04766637 -0.4293532
0.4267563 0.1483671
-0.3427206 0.1987556
0.09825531 0.0490713
0.0730837 -0.2105911
-0.06643957 0.2599975
-0.1278524 -0.05882033
-0.1566634 0.09047984
-0.1050526 -0.2804755
0.2419963 -0.4623396
-0.07907242 -0.2239629
0.2355261 -0.007790712
0.187077 0.1931782
0.2078784 0.06171801
0.08564675 -0.2215996
-0.04635439 -0.3390446
-0.09165031 0.09685291
-0.164188 -0.347909
-0.2823181 0.2044347
-0.2282094 0.5189098
0.2565503 0.1947253
-0.2509565 -0.04981557
-0.06388136 0.1121002
-0.3635406 0.324843
0.3499634 0.02360984
-0.08740761 0.0728282
0.09757651 -0.3468581
-0.04285833 -0.1002747
-0.3115452 -0.1932443
0.1096029 -0.3018916
0.2865427 0.2458695
0.3743661 0.2522997
-0.1007569 -0.08366904
-0.2595001 -0.05984092
-0.1032802 0.2149194
-0.1500827 0.173919
-0.348065 -0.0290527
-0.2381256 -0.3008634
0.03667382 -0.1038887
0.1287146 -0.02962155
-0.5734283 0.3657917
0.0215541 0.1499592
-0.292408 -0.3225258
-0.0140995 0.03291241
-0.2700023 -0.2521602
-0.1760418 0.2294243
-0.1688071 -0.04184143
-0.006719674 0.1759297
-0.2489863 -0.2130916
0.00728007 0.07893662
0.5255782 -0.3653293
0.1091635 -0.1376316
0.15577 -0.03339151
0.5781334 0.4055293
-0.19857 0.163317
-0.04340734 -0.09522694
-0.4384706 0.1021122
-0.06092601 0.3685898
0.1135866 0.06470759
-0.05858396 -0.1078301
0.2156083 0.00253887
0.302179 -0.2407034
0.06876695 -0.3652149
0.07457529 -0.1937519
0.1017477 -0.1383415
-0.0151752 -0.4092338
0.1044052 0.2867267
0.1152126 0.01969722
-0.1081843 -0.0565215
0.358544 0.2884724
0.09915216 0.04787539
-0.6773446 0.04947816
-0.3499572 0.1796413
0.09534316 -0.07184049
-0.3721185 0.4753165
0.1458712 0.1810949
0.2067974 0.1180329
0.05361269 0.1167267
0.1926856 0.09683525
-0.2120868 0.0262225
0.1198884 -0.06410223
-0.08554856 -0.1610328
0.08942728 0.01304072
-0.3194551 0.1105139
-0.05703207 0.001085482
0.01904875 0.0921948
0.125928 0.2074141
0.06901024 0.168753
-0.02107284 0.0542362
0.2145285 0.1003466
0.0715428 -0.5421906
0.1358636 -0.1998712
0.02452041 0.3167772
-0.3312509 0.1777221
-0.04041455 -0.02465799
-0.1616949 0.4215193
0.08985516 -0.1329014
0.3390476 -0.06745201
0.1369617 -0.3319859
0.404474 0.4472454
0.06719071 -0.008148935
0.1698446 0.09238282
-0.0442649 0.1621904
0.02064069 -0.1418576
0.2009053 -0.1397151
-0.4146339 -0.08245014
0.1679799 -0.130719
0.007933455 0.2547216
-0.2733802 -0.4548223
-0.06710686 0.02100042
-0.06038922 -0.007458699
-0.1167788 -0.5037634
0.1451076 -0.1101754
0.3904749 -0.05857876
-0.1290403 0.06524539
-0.002129836 0.003379334
0.1231748 -0.4866377
-0.113975 0.2151722
0.1267171 0.01739537
0.05968456 -0.2810291
-0.2250603 0.3429673
-0.4240266 -0.2031928
0.02464568 0.09580124
0.3886834 -0.009033429
-0.5276055 0.2943122
0.1391715 -0.3383119
0.01184643 0.1209622
-0.09152846 -0.04149921
-0.03007034 0.1398539
0.02733161 -0.07831441
-0.2454907 0.01547847
-0.0200402 -0.02568734
-0.115131 -0.1459843
-0.7227056 -0.04068219
-0.05590892 0.2419749
-0.3646005 0.0786552
0.1982 -0.2622463
0.2169987 -0.2581654
0.01038308 -0.1242497
-0.1674539 -0.112695
-0.2523023 -0.3168316
-0.3590683 0.1028138
0.09213391 -0.05660063
0.0604584 -0.01528319
-0.1590566 0.1807315
0.1208892 0.2460141
0.2482983 0.247688
-0.6871411 0.09268454
0.1336866 -0.3507347
0.06845897 0.06083592
-0.1034006 0.1208178
-0.439332 0.3085429
-0.3786432 0.2523068
0.09149589 0.2898638
-0.1127789 0.2079154
-0.1936022 0.03765792
-0.08636469 -0.08420025
0.1711154 -0.259885
-0.1810628 -0.19131
0.0279482 0.1230149
0.02442858 0.1554846
0.5316054 0.04171393
0.1975828 -0.1247286
0.265345 -0.1227382
0.4282299 0.1640687
-0.3954294 0.0001671251
-0.06322789 0.08593607
-0.173987 0.3218394
0.1041704 0.1250004
-0.1856984 -0.02462162
-0.09695412 0.2912497
0.1598214 0.5133265
0.1603794 0.01748357
0.1986513 0.1947003
0.3064081 0.06523224
-0.03686807 0.3150412
-0.001531556 0.07913566
0.1235488 0.1603828
-0.1376528 0.1702096
-0.03966229 0.2938539
0.1867314 -0.3659206
-0.1491213 0.2045671
0.02238144 0.1097355
-0.4781508 0.1422452
-0.04420667 -0.06151441
0.2456152 -0.4535555
0.06305356 0.08839537
-0.3913594 0.1447738
0.116289 -0.009836156
-0.05026034 0.230458
-0.2811002 0.09290168
0.08750933 -0.09432781
-0.1897772 0.2089608
-0.04365279 -0.1004225
-0.04689333 -0.1302802
0.05845223 -0.1765724
-0.1592091 0.2671707
0.2760827 0.2998911
0.08763021 0.1960592
-0.1021916 0.610531
-0.0189036 -0.2951392
-0.08336257 0.147832
-0.1319357 0.012085
0.07313284 0.1601791
1.114659e-05 -0.2251637
-0.1543694 0.08878221
0.0002598498 -0.02059883
0.0920121 0.03898354
0.200774 0.1337204
0.1450491 0.009091221
-0.2079457 -0.1283803
-0.004663905 0.2216928
0.03676187 0.09769797
0.196987 0.1224291
0.02540106 -0.02463653
-0.05229269 -0.06527304
0.07517959 -0.02250557
-0.07060876 0.0001400037
-0.1248384 -0.0634663
-0.0263405 0.008444443
0.2523932 0.002567155
0.0347684 0.01597219
0.01025038 0.06204138
0.1177395 -0.06860745
0.328747 -0.0992293
-0.007282093 -0.2684267
-0.01227291 -0.07706098
-0.2414654 0.4971512
-0.08342113 -0.2739464
-0.1469547 0.1121936
0.07327107 0.3771228
0.3868043 0.1408193
0.04107733 -0.208767
-0.2550641 -0.1874206
0.3976301 -0.1385033
0.4980099 0.09556088
0.07077163 -0.2970734
0.2301732 -0.2126906
-0.09797139 0.05838771
0.03948399 -0.2612512
-0.08051551 0.09862325
0.0347457 -0.2449422
0.03219978 -0.1374329
-0.1542463 -0.2603884
0.1527155 -0.2673565
-0.0006383885 -0.0567905
-0.3091635 0.01804533
0.1434799 -0.2316637
0.01442638 0.6112382
-0.4758301 0.05379421
0.1759935 -0.2245426
-0.09619704 0.1558972
-0.1140332 -0.1780948
0.1447588 0.09704066
-0.2880919 -0.1250099
-0.03597537 -0.2507567
-0.2619231 0.1683671
0.2341238 0.3622156
-0.3165765 0.5560701
0.2283428 0.01533998
-0.2004514 0.06317546
-0.2430515 -0.0523136
-0.3509096 0.2196789
0.3264689 0.180565
-0.3097446 -0.3267883
-0.127136 -0.02396883
-0.1773085 -0.3022172
-0.209369 -0.273699
-0.3185212 0.04471062
0.147924 -0.04863597
0.09067089 0.2256786
-0.145964 0.1749484
0.01373963 0.1294545
0.2182047 0.03914423
-0.2212729 0.183463
0.1400402 0.04736698
-0.2865032 -0.4123875
-0.262142 -0.2612914
-0.09163076 0.2215387
0.5825395 0.02127315
-0.1004883 0.1660231
-0.2554547 0.2457952
0.02283198 0.2016799
0.04039773 -0.2505507
0.1175247 0.1762045
0.1740285 -0.2111472
-0.276561 0.001689936
0.1185342 0.4148236
-0.05602532 0.1962437
0.3412414 0.2126377
0.09748008 -0.02382646
0.1768063 -0.028177
0.1363657 0.02690696
-0.09456769 0.0119618
0.2576321 -0.08493201
-0.2378195 0.4542042
0.4144688 0.1260332
-0.07876598 0.08294968
0.07661316 0.3152658
-0.0458318 0.6154907
0.3645317 0.4710567
-0.2564927 -0.08536366
-0.3827067 0.2208553
0.1403596 -0.1194281
0.3427066 0.3571059
0.2461039 -0.2917737
0.1672751 0.2668316
-0.04383889 -0.3253628
-0.05449636 0.003878314
0.04188849 -0.01276364
-0.1217604 -0.1310618
-0.1877377 0.17736
-0.2700825 0.09908992
-0.06213405 -0.1004569
0.007486329 -0.1946638
-0.0638735 -0.2313044
-0.004478364 0.6594371
-0.1317109 0.0732379
-0.1935245 -0.1464108
0.1009986 -0.2107866
-0.074883 0.236113
-0.04865826 0.2122643
0.1397968 0.04977811
-0.2105226 0.3181837
-0.2625619 0.13552
-0.05134603 -0.1298703
-0.2796603 0.04347073
0.2778199 -0.06622459
0.3586533 -0.06123377
-0.05287285 0.4282728
-0.06217704 0.03645594
0.2420842 -0.2248525
-0.01228024 0.2435138
-0.1456918 -0.1079598
-0.01583968 -0.05457234
0.1513768 -0.04822224
-0.0295022 -0.05490278
0.1846382 -0.1473527
-0.03954045 -0.04365082
-0.1253685 0.2408559
0.1671984 0.252692
0.07227266 0.03305692
-0.2023029 0.3515989
-0.2363463 0.1025115
-0.2022868 -0.3633719
0.09584294 -0.1691003
-0.06963774 0.2562101
0.156337 -0.08129656
-0.06483771 -0.2099778
0.1830336 -0.1730016
-0.01426234 0.01946406
-0.05819386 -0.226452
-0.07307788 -0.2957266
0.3658206 -0.004329534
-0.2501561 -0.2960366
0.04454011 -0.1100543
0.1823488 -0.4253972
-0.1350403 0.01857375
-0.05328584 -0.08640036
-0.1360776 -0.01771721
0.06502265 -0.06232478
-0.244479 -0.06316334
0.2734851 0.119697
-0.01547678 0.04048002
-0.3002747 -0.0715286
-0.0771591 0.2621991
-0.09138235 0.1169451
0.2170636 0.2687677
0.1578407 -0.04578668
-0.2766284 0.1228123
-0.3664168 -0.00305071
-0.1490785 0.1106498
0.2617561 0.08168991
0.2056885 0.4230095
0.0546662 0.1777021
0.09514142 -0.09547176
0.1342294 0.03744052
-0.2631681 -0.1462492
-0.0004979246 -0.1414733
-0.3638804 0.0377454
-0.2955245 0.03028561
-0.09517413 -0.05137763
-0.0830076 0.4419736
0.09152996 0.05510779
-0.3097542 0.0477364
-0.0507409 -0.01136663
0.01332039 -0.3724491
-0.1954277 0.1680394
-0.2690589 -0.2515753
-0.3189608 -0.2340569
-0.106746 -0.02491963
0.4584035 -0.05715177
-0.4375435 -0.2782313
0.1811153 -0.3830114
-0.3467056 0.08144013
-0.2837764 0.02649944
0.160425 0.04378822
0.4781836 0.1780185
-0.08134385 0.01140664
0.1067113 -0.317684
-0.412807 0.1705783
-0.03507729 0.2244143
-0.4089401 -0.1828236
-0.06410461 0.1371083
-0.4926649 0.06449039
-0.2148787 -0.2737471
-0.1125947 0.2212317
0.2174296 -0.09550852
-0.01884828 0.2557174
-0.1397238 0.1460651
0.2674898 0.03092201
0.2832044 0.08960616
0.3406134 0.06668081
-0.3310063 -0.1500873
0.04800535 -0.2096505
-0.2128889 -0.0620059
-0.0424633 0.2311212
0.03767942 -0.1767654
0.2005188 -0.04811152
0.06433648 0.06698821
-0.1448774 0.2540914
-0.2354809 -0.5236659
-0.2563669 -0.0227583
0.1236497 -0.2187325
0.2323922 -0.07566778
-0.03908089 0.245206
0.120226 -0.1074774
0.8001539 -0.3717559
-0.02775952 0.03092878
0.10932 -0.1600683
-0.2390067 0.0959034
-0.02286211 0.08786284
0.2444616 0.4310599
-0.1721025 0.1179459
0.3452963 -0.2249191
-0.04302609 0.3649391
0.3173674 -0.3896011
0.0482253 0.185233
-0.01844632 0.2927822
0.06786931 0.1665646
0.3028965 -0.2008832
0.6502504 -0.0301344
0.1568694 0.05276968
-0.2982194 -0.1112865
-0.1858992 0.2995335
-0.007775051 -0.1408826
-0.0656853 0.1458195
-0.03947423 -0.0662655
-0.02913253 0.3000543
0.1236061 0.03582791
-0.06777693 0.1604248
0.04097086 0.1742906
-0.03629981 0.001415808
-0.04298606 0.1208627
-0.3367876 0.1956863
-0.2119705 -0.09277271
-0.2385217 0.1261803
0.02199123 0.06079129
0.452511 0.03505252
0.0945221 -0.1414775
0.2249657 0.09704236
0.2037342 0.3991101
0.2665621 -0.05176435
-0.55595 -0.04901208
0.1917948 -0.03412496
-0.03291525 -0.3981849
-0.2269483 -0.1409874
-0.4767509 -0.01129914
0.4869661 0.1737071
-0.06105515 0.03438418
-0.1753404 -0.0810054
-0.1045842 0.1253295
-0.06353585 0.3924945
-0.06445608 -0.3386353
-0.2316532 0.09040978
-0.1274581 0.04051068
0.06029527 0.03344185
0.2820913 -0.3888317
-0.0654247 0.1731078
0.1366987 0.03881659
0.1341959 -0.0533404
0.181641 -0.1921948
-0.09504597 0.07610917
-0.1400625 -0.128537
-0.3401119 -0.01028657
0.1786366 0.5308981
0.03956651 0.03528472
0.05133943 -0.112939
-0.1648116 0.3078952
0.02525521 -0.04483875
-0.09695799 0.7982467
-0.2869448 0.1079992
-0.1134409 0.1470169
-0.2308034 0.1845719
0.2264694 0.3879792
0.2199274 0.1513341
-0.09256701 -0.1477456
0.3165935 -0.2186443
-0.4904802 -0.4862599
-0.1699613 0.09215138
0.1932297 -0.2718721
0.1064057 0.5394387
0.03349825 -0.2728571
0.1807724 0.2333759
-0.2939811 0.01736724
-0.304444 -0.1070775
-0.2214897 0.2850885
0.02081975 -0.2338279
0.03719643 -0.3452033
-0.1422426 0.09342436
0.2344698 -0.1849421
-0.1694474 0.1217898
-0.2130159 0.3490585
0.06943177 -0.1722296
-0.03633654 -0.1817246
-0.0919585 -0.09300432
0.09272981 -0.1541606
0.2320626 -0.2211413
-0.2268381 0.3540409
-0.2991807 0.2897834
0.02694475 0.1599042
0.09406774 -0.03468128
0.03873929 -0.1028355
0.03836787 -0.1011167
0.1113519 0.2145448
-0.173945 -0.03379423
0.1210025 -0.3394402
-0.1340013 -0.09848376
-0.01594756 0.1496746
-0.08906999 -0.2643316
0.06211782 0.3378717
0.3095833 -0.02828296
-0.04412721 -0.1180145
-0.1277346 -0.2126302
-0.1461796 -0.4694577
0.2757736 -0.1540296
0.05746269 0.1142201
-0.4454241 -0.2045363
-0.2613344 -0.1129378
0.02689606 -0.08461455
-0.05616316 0.1652594
0.4021556 -0.03661379
0.1208291 0.1289498
0.4496222 -0.1524014
0.1909698 0.2385059
-0.2309665 0.0938682
-0.06735183 -0.1094506
0.1128615 0.1058755
0.0007213812 0.06622589
0.5852539 -0.1535671
0.1448425 0.2790826
0.1506436 0.3618296
-0.09468157 -0.1433372
0.2036827 0.1707567
0.4100692 0.1871224
0.619265 0.4346211
0.3331065 -0.426433
0.2313644 -0.06272521
-0.1810094 -0.06688762
-0.0539892 0.04350301
0.248041 -0.03941015
0.08304283 0.1910054
0.01921478 0.1768022
0.1986993 -0.342608
0.06520025 0.04590752
-0.2606906 0.04868777
-0.4322371 -0.23361
-0.1342371 -0.1851811
-0.2397412 0.03493741
0.1845246 -0.004098317
-0.4588001 -0.1867504
0.252115 -0.02385254
-0.2189572 -0.2167064
-0.1784748 -0.01048255
-0.1896021 -0.06235524
0.176966 -0.3347212
0.04107413 -0.2210207
0.2323477 0.06426466
0.005153158 0.511574
-0.230263 0.08602314
-0.03265881 0.1535018
-0.06128396 -0.3230983
-0.0994218 0.3120321
-0.1657164 0.08015381
0.208788 0.3538847
0.009251421 0.3330743
-0.5049833 -0.06720199
-0.3734682 0.3604523
-0.1455474 0.1163076
0.132953 -0.06792158
-0.3604162 0.1371571
0.1299541 -0.1967218
-0.1545479 0.007532915
0.225345 -0.5248587
-0.1053344 0.1363163
0.2561107 -0.3926032
0.2545686 -0.5053157
0.3524714 -0.1696342
-0.4036938 0.01367161
-0.02792624 -0.09399191
-0.01938454 0.2082876
0.07827641 0.2294629
0.4199035 -0.1775109
-0.229361 0.01213072
0.1105259 -0.4348075
0.1063082 0.003794825
-0.1209235 0.0594022
0.02444418 0.1014261
0.132807 -0.108229
0.1219865 -0.3159567
0.1318013 -0.215385
0.05579386 -0.1656271
-0.1618088 -0.1041442
0.02687872 -0.05217769
-0.06875987 -0.1180515
0.09838653 0.0912481
-0.3912849 -0.3148859
0.0983763 0.03057625
-0.03767101 0.7619474
-0.5207701 0.02425577
0.05272865 0.1306413
0.2976689 -0.05127143
0.1407235 -0.08311376
-0.06656711 0.1507995
-0.09800027 0.07324443
-0.3587806 -0.3517216
-0.07455209 0.03233682
-0.1830877 -0.209553
0.02536136 0.355711
0.3157848 0.1655243
0.3141527 -0.08412918
0.04763757 0.1793739
-0.09311238 0.4004642
0.07772408 -0.315879
-0.262298 -0.12325
-0.08455849 0.1130795
0.08413561 -0.3469936
0.07107374 0.1833307
0.1477386 -0.186037
-0.1261073 -0.03083662
0.07095435 -0.2675728
-0.05578745 -0.001595357
0.1543003 -0.09803367
-0.0822897 -0.01883319
0.07791382 0.100805
-0.1891589 -0.3389563
-0.04768799 -0.05577054
0.006775068 0.3983097
-0.2213487 0.2344735
0.08960774 -0.3611057
-0.1130428 0.243955
-0.01389473 0.175166
0.6236575 -0.07623436
0.07065659 0.1996326
-0.3445506 -0.2403588
-0.1318361 -0.1897235
-0.2098105 0.1527764
-0.1215411 0.1305523
0.1430004 -0.2542944
-0.01402614 0.05906415
0.09069612 0.2776305
0.04785107 -0.2036459
-0.2749008 -0.0872609
0.1364684 -0.1915947
-0.2178468 -0.1467472
0.1881083 0.04020488
0.0877825 -0.1064354
-0.2318452 0.03199014
-0.04574325 0.2012561
-0.02613612 0.1356695
-0.02046875 -0.4663924
0.005714145 -0.05816894
0.08701563 -0.4694041
-0.07229027 0.1344032
-0.1562238 0.6651126
-0.08964332 0.3053666
0.08175449 0.2685032
0.1231963 0.1054715
-0.07102382 0.6281633
-0.1496182 -0.1894464
0.08085335 0.1163819
-0.05360555 0.2521038
-0.5050935 0.5675921
-0.3018439 -0.2425459
0.3150697 -0.08161491
0.1625365 0.2608317
-0.658362 -0.2012167
0.07137679 0.06256182
-0.1931186 -0.05450424
-0.05044221 0.300046
-0.3335297 -0.02606614
-0.1710255 -0.2989293
0.0442319 0.2667474
-0.2566901 -0.4269201
-0.09815582 -0.07787482
0.1095596 0.1284667
0.2148758 0.3571568
0.3083475 0.1030357
-0.07912327 -0.2853122
0.0783025 -0.1538033
-0.2585793 0.04667023
0.2277849 0.5999427
-0.2504683 0.05482651
-0.2978452 -0.2023271
-0.1064711 0.4065043
-0.2499116 0.141522
0.01146887 0.03728144
0.2122525 0.1557124
-0.1189614 -0.191169
0.3421346 -0.2163829
-0.03486948 0.07177448
-0.1135515 0.008099635
0.07833416 0.6102744
-0.1641652 0.3213546
0.4985192 -0.1118112
0.1054606 -0.01687085
0.0574795 -0.2442333
0.07830736 -0.001944626
-0.005469855 0.3762968
-0.4902433 -0.07173403
0.1004839 0.102475
-0.4748638 -0.3831716
0.03063969 0.1749354
-0.140669 -0.05754691
-0.5583208 -0.1261985
-0.1075408 -0.04028569
0.415594 0.04845683
0.3307052 -0.03442324
-0.3285667 0.1845347
-0.4105106 -0.1695225
0.2103479 0.1922534
-0.2032017 0.1537864
-0.331636 0.3407533
0.2625405 0.04900546
-0.06901441 -0.0525712
0.4056262 -0.1349507
-0.4888093 -0.07319646
-0.2351521 -0.115378
-0.01404054 0.2490807
-0.2220458 -0.2649745
-0.1326548 0.01698236
0.1277349 0.09031048
-0.02947593 0.1616813
-0.1379354 0.2397861
0.2035901 0.03158037
0.02273241 -0.1975228
-0.04886559 0.2564586
0.201678 -0.07608998
0.05496364 -0.3614495
-0.0936696 0.05864106
-0.04763162 0.2667325
0.2557344 0.1516946
0.4479718 0.3372275
0.2300585 -0.082793
0.1595531 0.1496004
0.1162149 0.1867468
0.08907664 0.1177234
0.005055411 0.06926139
0.2312366 0.01172351
0.1967018 -0.1048323
0.2738485 0.1782735
-0.04066138 0.218014
-0.3858174 -0.01954522
-0.3315365 0.07422711
-0.05074767 0.1938845
0.03086847 -0.1910392
0.5609786 0.1113337
0.1241328 0.1386084
0.01744582 -0.05419005
0.1126406 0.02083714
0.124271 0.191991
-0.3043206 0.01995734
0.07809566 -0.3499502
-0.03866471 -0.4983101
-0.07274997 0.2893514
0.190756 -0.01467193
0.2678298 0.03970106
0.02127443 0.5022354
-0.2668313 -0.03664474
0.2681108 0.2766545
0.1626901 -0.03875516
0.3145108 -0.0814354
-0.04542411 -0.6869571
0.1908575 -0.05374856
0.03608198 -0.1972517
-0.2039067 -0.1296941
-0.01810724 0.1437833
0.1003818 0.7062684
-0.317376 -0.03524729
0.2107219 -0.03621294
-0.06058965 0.1485379
0.01320894 0.01082034
-0.2563349 -0.0279546
-0.09272055 -0.2198833
0.2911002 -0.4587431
-0.1916541 0.3588976
-0.4922753 -0.3423908
-0.07159805 0.365485
-0.1699976 0.05276313
0.06893785 -0.0511602
-0.2584897 0.1427693
0.1714006 -0.1507151
0.1862132 -0.1392143
-0.1148999 -0.3662241
0.7885891 0.24377
0.06578594 0.06447534
0.3955585 -0.05191811
-0.08951487 -0.1287714
-0.07868483 -0.08512711
0.0404724 0.03165628
0.1927878 -0.2959065
0.6786295 0.05071827
0.3168938 -0.1896432
-0.06785145 0.2711951
0.3216316 0.1419334
0.06995731 0.01145321
0.01729802 -0.2007096
0.2498484 -0.5589127
-0.1659837 0.1236747
-0.3135569 -0.3295621
0.3550203 -0.1795167
0.0234507 -0.120037
-0.4013024 0.3158583
0.1653266 0.06302165
0.02773838 0.02514228
-0.2366163 0.304623
-0.1841595 0.1379732
-0.0668732 0.07421082
-0.119307 -0.1383217
-0.02978833 -0.2564078
0.5648307 0.329264
-0.5209742 -0.09037774
0.1927539 -0.08372657
0.2818919 -0.3262517
0.1847133 -0.482206
0.06866113 -0.02520397
0.3761298 -0.2404299
-0.05568362 0.04518005
0.06173074 0.3629993
-0.07168286 -0.08153401
-0.006485886 0.06787904
-0.00689016 -0.006162916
0.07548154 0.1602079
-0.2712009 -0.105819
-0.2111693 -0.05048918
0.2795647 0.113287
-0.4357755 0.1270967
-0.5186068 -0.1754006
0.0225023 0.2865815
-0.1128289 -0.05302327
-0.06526264 0.5448368
-0.269189 0.1676027
0.0986837 0.2015796
0.07323394 -0.04646317
-0.135177 -0.3126297
-0.1924842 -0.06153627
0.04297326 -0.1821964
0.2316513 0.464732
0.1760559 0.01495241
-0.04693447 -0.3115754
-0.2281381 0.1220469
0.02838623 0.2338526
-0.2452057 0.4197753
0.06977065 -0.17822
-0.2967359 0.1063291
0.08887632 -0.2426353
-0.4521238 -0.354664
0.2180055 -0.4617167
0.08974154 -0.2054431
0.09230399 0.2666441
0.133126 -0.1900527
0.06145537 0.2164476
0.1938855 0.28839
0.6232671 0.01845604
0.1210461 0.1760361
-0.4104613 -0.207026
0.01566258 0.004198073
-0.03137689 -0.2007943
-0.1935758 0.2132422
-0.1188739 -0.06989495
0.2126486 -0.1987661
0.3260115 -0.04944963
0.07097453 -0.189804
-0.003166286 0.2447462
0.1976617 0.05921524
-0.01070393 -0.121192
0.0651971 -0.4369129
0.4559066 -0.01041837
-0.009745724 -0.09894618
-0.2100864 0.06478313
0.06444976 -0.07777499
-0.009798134 -0.3656894
-0.2569046 -0.03250639
-0.1589252 0.07989886
0.2377968 0.5177897
-0.1244994 -0.001248348
0.2961416 0.2246864
-0.1996052 0.2091285
-0.2504966 0.04365161
0.1743166 0.3256044
-0.1630646 -0.0176193
-0.2702628 -0.03388128
0.4347806 0.08094122
0.09039383 -0.05717198
-0.132522 0.0342784
0.111062 0.1653083
0.1446671 -0.01503543
0.1792665 0.2408688
-0.1728624 0.137809
0.08969419 -0.1847414
-0.1117956 0.1165902
-0.4143452 0.1348191
-0.05996751 -0.3364184
0.1459478 -0.1255255
0.1209422 -0.002853233
-0.08122706 0.27428
-0.1631089 -0.3071467
0.02095766 -0.1093218
-0.201235 -0.157031
-0.3280193 -0.1486657
0.1224559 -0.118616
0.4275766 0.08605029
-0.1327423 -0.1002439
-0.03798505 0.3016715
-0.1731864 0.1128366
0.1828022 -0.1394174
-0.1550927 -0.1740603
-0.2097985 -0.1173518
0.008886162 0.0830622
0.3901208 -0.2448893
-0.1553185 0.4293928
0.1780732 0.4525195
-0.0251416 -0.08020848
-0.1739312 0.3112282
0.3377765 0.06418234
-0.1502196 -0.01697469
0.06027113 0.4456152
0.05461586 0.4311439
0.07127807 0.02869776
0.1622053 0.245728
0.1501513 -0.1710041
0.06571165 0.1085703
0.07271481 0.01508308
-0.193393 -0.1731759
-0.2714848 -0.1771719
-0.2435222 -0.03746741
-0.2373769 -0.2148067
-0.3180529 -0.009316146
-0.1798841 -0.2830049
0.1615009 -0.06753647
0.1879137 0.335943
0.3827897 0.2547566
0.3212551 -0.06901063
-0.1047856 0.1010422
-0.3526407 0.1370042
0.005118313 0.5288804
-0.447803 0.1144902
-0.1597738 0.1236543
0.3701805 -0.5087281
-0.324028 -0.1622934
-0.3044841 -0.3246191
0.1476125 -0.1300742
0.3414424 0.3777612
0.03022604 -0.008681243
-0.195819 -0.0203409
-0.2379654 -0.07778788
-0.05839797 0.2375673
0.002788162 0.396012
0.04079755 -0.1767072
0.05195437 0.2065973
0.2236204 0.2990268
0.01480054 0.4884111
-0.2955609 -0.09054326
0.2079072 0.2690553
0.2281903 -0.2696763
0.01787372 -0.0816081
0.1847149 0.1386563
-0.2841136 -0.1385525
0.06748868 0.06762035
-0.05678376 -0.1276268
-0.3126331 0.08825213
0.1486391 0.2005183
0.02311194 0.03999663
0.1754572 0.05391617
-0.1838704 -0.1194517
0.542126 -0.4968513
-0.1958514 -0.3665782
-0.3798776 0.3187215
-0.09995113 0.4494334
-0.1468685 -0.2126462
-0.1102403 0.1362301
0.4034971 0.08064354
-0.3222204 -0.02906998
-0.1681288 -0.1581255
-0.2196113 -0.08760795
-0.143267 0.1263512
0.2106674 -0.4292058
-0.2206914 -0.3767235
0.2340789 -0.1780769
0.1344105 0.06040638
-0.01786458 -0.1106711
-0.2608742 -0.1350305
0.08704257 -0.2858002
0.0149273 0.001189966
-0.1360827 -0.09524772
0.2012064 -0.4823875
-0.2332461 -0.3164136
0.2174723 0.08480149
-0.096599 -0.2145026
0.01061491 -0.1196772
0.0924861 -0.01276574
-0.2583842 0.0718182
0.04030685 -0.08801116
0.38043 0.02734335
-0.1738987 0.1264319
0.2065976 0.0790345
0.1302338 -0.140669
-0.008392676 0.2605932
-0.3564703 0.2222568
0.214847 -0.4263824
0.4526545 -0.08636626
0.1737433 0.6145758
0.2586955 -0.1775048
-0.2001534 0.2475773
-0.04766637 -0.4293532
0.4267563 0.1483671
-0.3427206 0.1987556
0.09825531 0.0490713
0.0730837 -0.2105911
-0.06643957 0.2599975
-0.1278524 -0.05882033
-0.1566634 0.09047984
-0.1050526 -0.2804755
0.2419963 -0.4623396
-0.07907242 -0.2239629
0.2355261 -0.007790712
0.187077 0.1931782
0.2078784 0.06171801
0.08564675 -0.2215996
-0.04635439 -0.3390446
-0.09165031 0.09685291
-0.164188 -0.347909
-0.2823181 0.2044347
-0.2282094 0.5189098
0.2565503 0.1947253
-0.2509565 -0.04981557
-0.06388136 0.1121002
-0.3635406 0.324843
0.3499634 0.02360984
-0.08740761 0.0728282
0.09757651 -0.3468581
-0.04285833 -0.1002747
-0.3115452 -0.1932443
0.1096029 -0.3018916
0.2865427 0.2458695
0.3743661 0.2522997
-0.1007569 -0.08366904
-0.2595001 -0.05984092
-0.1032802 0.2149194
-0.1500827 0.173919
-0.348065 -0.0290527
-0.2381256 -0.3008634
0.03667382 -0.1038887
0.1287146 -0.02962155
-0.5734283 0.3657917
0.0215541 0.1499592
-0.292408 -0.3225258
-0.0140995 0.03291241
-0.2700023 -0.2521602
-0.1760418 0.2294243
-0.1688071 -0.04184143
-0.006719674 0.1759297
-0.2489863 -0.2130916
0.00728007 0.07893662
0.5255782 -0.3653293
0.1091635 -0.1376316
0.15577 -0.03339151
0.5781334 0.4055293
-0.19857 0.163317
-0.04340734 -0.09522694
-0.4384706 0.1021122
-0.06092601 0.3685898
0.1135866 0.06470759
-0.05858396 -0.1078301
0.2156083 0.00253887
0.302179 -0.2407034
0.06876695 -0.3652149
0.07457529 -0.1937519
0.1017477 -0.1383415
-0.0151752 -0.4092338
0.1044052 0.2867267
0.1152126 0.01969722
-0.1081843 -0.0565215
0.358544 0.2884724
0.09915216 0.04787539
-0.6773446 0.04947816
-0.3499572 0.1796413
0.09534316 -0.07184049
-0.3721185 0.4753165
0.1458712 0.1810949
0.2067974 0.1180329
0.05361269 0.1167267
0.1926856 0.09683525
-0.2120868 0.0262225
0.1198884 -0.06410223
-0.08554856 -0.1610328
0.08942728 0.01304072
-0.3194551 0.1105139
-0.05703207 0.001085482
0.01904875 0.0921948
0.125928 0.2074141
0.06901024 0.168753
-0.02107284 0.0542362
0.2145285 0.1003466
0.0715428 -0.5421906
0.1358636 -0.1998712
0.02452041 0.3167772
-0.3312509 0.1777221
-0.04041455 -0.02465799
-0.1616949 0.4215193
0.08985516 -0.1329014
0.3390476 -0.06745201
0.1369617 -0.3319859
0.404474 0.4472454
0.06719071 -0.008148935
0.1698446 0.09238282
-0.0442649 0.1621904
0.02064069 -0.1418576
0.2009053 -0.1397151
-0.4146339 -0.08245014
0.1679799 -0.130719
0.007933455 0.2547216
-0.2733802 -0.4548223
-0.06710686 0.02100042
-0.06038922 -0.007458699
-0.1167788 -0.5037634
0.1451076 -0.1101754
0.3904749 -0.05857876
-0.1290403 0.06524539
-0.002129836 0.003379334
0.1231748 -0.4866377
-0.113975 0.2151722
0.1267171 0.01739537
0.05968456 -0.2810291
-0.2250603 0.3429673
-0.4240266 -0.2031928
0.02464568 0.09580124
0.3886834 -0.009033429
-0.5276055 0.2943122
0.1391715 -0.3383119
0.01184643 0.1209622
-0.09152846 -0.04149921
-0.03007034 0.1398539
0.02733161 -0.07831441
-0.2454907 0.01547847
-0.0200402 -0.02568734
-0.115131 -0.1459843
-0.7227056 -0.04068219
-0.05590892 0.2419749
-0.3646005 0.0786552
0.1982 -0.2622463
0.2169987 -0.2581654
0.01038308 -0.1242497
-0.1674539 -0.112695
-0.2523023 -0.3168316
-0.3590683 0.1028138
0.09213391 -0.05660063
0.0604584 -0.01528319
-0.1590566 0.1807315
0.1208892 0.2460141
0.2482983 0.247688
-0.6871411 0.09268454
0.1336866 -0.3507347
0.06845897 0.06083592
-0.1034006 0.1208178
-0.439332 0.3085429
-0.3786432 0.2523068
0.09149589 0.2898638
-0.1127789 0.2079154
-0.1936022 0.03765792
-0.08636469 -0.08420025
0.1711154 -0.259885
-0.1810628 -0.19131
0.0279482 0.1230149
0.02442858 0.1554846
0.5316054 0.04171393
0.1975828 -0.1247286
0.265345 -0.1227382
0.4282299 0.1640687
-0.3954294 0.0001671251
-0.06322789 0.08593607
-0.173987 0.3218394
0.1041704 0.1250004
-0.1856984 -0.02462162
-0.09695412 0.2912497
0.1598214 0.5133265
0.1603794 0.01748357
0.1986513 0.1947003
0.3064081 0.06523224
-0.03686807 0.3150412
-0.001531556 0.07913566
0.1235488 0.1603828
-0.1376528 0.1702096
-0.03966229 0.2938539
0.1867314 -0.3659206
-0.1491213 0.2045671
0.02238144 0.1097355
-0.4781508 0.1422452
-0.04420667 -0.06151441
0.2456152 -0.4535555
0.06305356 0.08839537
-0.3913594 0.1447738
0.116289 -0.009836156
-0.05026034 0.230458
-0.2811002 0.09290168
0.08750933 -0.09432781
-0.1897772 0.2089608
-0.04365279 -0.1004225
-0.04689333 -0.1302802
0.05845223 -0.1765724
-0.1592091 0.2671707
0.2760827 0.2998911
0.08763021 0.1960592
-0.1021916 0.610531
-0.0189036 -0.2951392
-0.08336257 0.147832
-0.1319357 0.012085
0.07313284 0.1601791
1.114659e-05 -0.2251637
-0.1543694 0.08878221
0.0002598498 -0.02059883
0.0920121 0.03898354
0.200774 0.1337204
0.1450491 0.009091221
-0.2079457 -0.1283803
-0.004663905 0.2216928
0.03676187 0.09769797
0.196987 0.1224291
0.02540106 -0.02463653
-0.05229269 -0.06527304
0.07517959 -0.02250557
-0.07060876 0.0001400037
-0.1248384 -0.0634663
-0.0263405 0.008444443
0.2523932 0.002567155
0.0347684 0.01597219
0.01025038 0.06204138
0.1177395 -0.06860745
0.328747 -0.0992293
-0.007282093 -0.2684267
-0.01227291 -0.07706098
-0.2414654 0.4971512
-0.08342113 -0.2739464
-0.1469547 0.1121936
0.07327107 0.3771228
0.3868043 0.1408193
0.04107733 -0.208767
-0.2550641 -0.1874206
0.3976301 -0.1385033
0.4980099 0.09556088
0.07077163 -0.2970734
0.2301732 -0.2126906
-0.09797139 0.05838771
0.03948399 -0.2612512
-0.08051551 0.09862325
0.0347457 -0.2449422
0.03219978 -0.1374329
-0.1542463 -0.2603884
0.1527155 -0.2673565
-0.0006383885 -0.0567905
-0.3091635 0.01804533
0.1434799 -0.2316637
0.01442638 0.6112382
-0.4758301 0.05379421
0.1759935 -0.2245426
-0.09619704 0.1558972
-0.1140332 -0.1780948
0.1447588 0.09704066
-0.2880919 -0.1250099
-0.03597537 -0.2507567
-0.2619231 0.1683671
0.2341238 0.3622156
-0.3165765 0.5560701
0.2283428 0.01533998
-0.2004514 0.06317546
-0.2430515 -0.0523136
-0.3509096 0.2196789
0.3264689 0.180565
-0.3097446 -0.3267883
-0.127136 -0.02396883
-0.1773085 -0.3022172
-0.209369 -0.273699
-0.3185212 0.04471062
0.147924 -0.04863597
0.09067089 0.2256786
-0.145964 0.1749484
0.01373963 0.1294545
0.2182047 0.03914423
-0.2212729 0.183463
0.1400402 0.04736698
-0.2865032 -0.4123875
-0.262142 -0.2612914
-0.09163076 0.2215387
0.5825395 0.02127315
-0.1004883 0.1660231
-0.2554547 0.2457952
0.02283198 0.2016799
0.04039773 -0.2505507
0.1175247 0.1762045
0.1740285 -0.2111472
-0.276561 0.001689936
0.1185342 0.4148236
-0.05602532 0.1962437
0.3412414 0.2126377
0.09748008 -0.02382646
0.1768063 -0.028177
0.1363657 0.02690696
-0.09456769 0.0119618
0.2576321 -0.08493201
-0.2378195 0.4542042
0.4144688 0.1260332
-0.07876598 0.08294968
0.07661316 0.3152658
-0.0458318 0.6154907
0.3645317 0.4710567
-0.2564927 -0.08536366
-0.3827067 0.2208553
0.1403596 -0.1194281
0.3427066 0.3571059
0.2461039 -0.2917737
0.1672751 0.2668316
-0.04383889 -0.3253628
-0.05449636 0.003878314
0.04188849 -0.01276364
-0.1217604 -0.1310618
-0.1877377 0.17736
-0.2700825 0.09908992
-0.06213405 -0.1004569
0.007486329 -0.1946638
-0.0638735 -0.2313044
-0.004478364 0.6594371
-0.1317109 0.0732379
-0.1935245 -0.1464108
0.1009986 -0.2107866
-0.074883 0.236113
-0.04865826 0.2122643
0.1397968 0.04977811
-0.2105226 0.3181837
-0.2625619 0.13552
-0.05134603 -0.1298703
-0.2796603 0.04347073
0.2778199 -0.06622459
0.3586533 -0.06123377
-0.05287285 0.4282728
-0.06217704 0.03645594
0.2420842 -0.2248525
-0.01228024 0.2435138
-0.1456918 -0.1079598
-0.01583968 -0.05457234
0.1513768 -0.04822224
-0.0295022 -0.05490278
0.1846382 -0.1473527
-0.03954045 -0.04365082
-0.1253685 0.2408559
0.1671984 0.252692
0.07227266 0.03305692
-0.2023029 0.3515989
-0.2363463 0.1025115
-0.2022868 -0.3633719
0.09584294 -0.1691003
-0.06963774 0.2562101
0.156337 -0.08129656
-0.06483771 -0.2099778
0.1830336 -0.1730016
-0.01426234 0.01946406
-0.05819386 -0.226452
-0.07307788 -0.2957266
0.3658206 -0.004329534
-0.2501561 -0.2960366
0.04454011 -0.1100543
0.1823488 -0.4253972
-0.1350403 0.01857375
-0.05328584 -0.08640036
-0.1360776 -0.01771721
0.06502265 -0.06232478
-0.244479 -0.06316334
0.2734851 0.119697
-0.01547678 0.04048002
-0.3002747 -0.0715286
-0.0771591 0.2621991
-0.09138235 0.1169451
0.2170636 0.2687677
0.1578407 -0.04578668
-0.2766284 0.1228123
-0.3664168 -0.00305071
-0.1490785 0.1106498
0.2617561 0.08168991
0.2056885 0.4230095
0.0546662 0.1777021
0.09514142 -0.09547176
0.1342294 0.03744052
-0.2631681 -0.1462492
-0.0004979246 -0.1414733
-0.3638804 0.0377454
-0.2955245 0.03028561
-0.09517413 -0.05137763
-0.0830076 0.4419736
0.09152996 0.05510779
-0.3097542 0.0477364
-0.0507409 -0.01136663
0.01332039 -0.3724491
-0.1954277 0.1680394
-0.2690589 -0.2515753
-0.3189608 -0.2340569
-0.106746 -0.02491963
0.4584035 -0.05715177
-0.4375435 -0.2782313
0.1811153 -0.3830114
-0.3467056 0.08144013
-0.2837764 0.02649944
0.160425 0.04378822
0.4781836 0.1780185
-0.08134385 0.01140664
0.1067113 -0.317684
-0.412807 0.1705783
-0.03507729 0.2244143
-0.4089401 -0.1828236
-0.06410461 0.1371083
-0.4926649 0.06449039
-0.2148787 -0.2737471
-0.1125947 0.2212317
0.2174296 -0.09550852
-0.01884828 0.2557174
-0.1397238 0.1460651
0.2674898 0.03092201
0.2832044 0.08960616
0.3406134 0.06668081
-0.3310063 -0.1500873
0.04800535 -0.2096505
-0.2128889 -0.0620059
-0.0424633 0.2311212
0.03767942 -0.1767654
0.2005188 -0.04811152
0.06433648 0.06698821
-0.1448774 0.2540914
-0.2354809 -0.5236659
-0.2563669 -0.0227583
0.1236497 -0.2187325
0.2323922 -0.07566778
-0.03908089 0.245206
0.120226 -0.1074774
0.8001539 -0.3717559
-0.02775952 0.03092878
0.10932 -0.1600683
-0.2390067 0.0959034
-0.02286211 0.08786284
0.2444616 0.4310599
-0.1721025 0.1179459
0.3452963 -0.2249191
-0.04302609 0.3649391
0.3173674 -0.3896011
0.0482253 0.185233
-0.01844632 0.2927822
0.06786931 0.1665646
0.3028965 -0.2008832
0.6502504 -0.0301344
0.1568694 0.05276968
-0.2982194 -0.1112865
-0.1858992 0.2995335
-0.007775051 -0.1408826
-0.0656853 0.1458195
-0.03947423 -0.0662655
-0.02913253 0.3000543
0.1236061 0.03582791
-0.06777693 0.1604248
0.04097086 0.1742906
-0.03629981 0.001415808
-0.04298606 0.1208627
-0.3367876 0.1956863
-0.2119705 -0.09277271
-0.2385217 0.1261803
0.02199123 0.06079129
0.452511 0.03505252
0.0945221 -0.1414775
0.2249657 0.09704236
0.2037342 0.3991101
0.2665621 -0.05176435
-0.55595 -0.04901208
0.1917948 -0.03412496
-0.03291525 -0.3981849
-0.2269483 -0.1409874
-0.4767509 -0.01129914
0.4869661 0.1737071
-0.06105515 0.03438418
-0.1753404 -0.0810054
-0.1045842 0.1253295
-0.06353585 0.3924945
-0.06445608 -0.3386353
-0.2316532 0.09040978
-0.1274581 0.04051068
0.06029527 0.03344185
0.2820913 -0.3888317
-0.0654247 0.1731078
0.1366987 0.03881659
0.1341959 -0.0533404
0.181641 -0.1921948
-0.09504597 0.07610917
-0.1400625 -0.128537
-0.3401119 -0.01028657
0.1786366 0.5308981
0.03956651 0.03528472
0.05133943 -0.112939
-0.1648116 0.3078952
0.02525521 -0.04483875
-0.09695799 0.7982467
-0.2869448 0.1079992
-0.1134409 0.1470169
-0.2308034 0.1845719
0.2264694 0.3879792
0.2199274 0.1513341
-0.09256701 -0.1477456
0.3165935 -0.2186443
-0.4904802 -0.4862599
-0.1699613 0.09215138
0.1932297 -0.2718721
0.1064057 0.5394387
0.03349825 -0.2728571
0.1807724 0.2333759
-0.2939811 0.01736724
-0.304444 -0.1070775
-0.2214897 0.2850885
0.02081975 -0.2338279
0.03719643 -0.3452033
-0.1422426 0.09342436
0.2344698 -0.1849421
-0.1694474 0.1217898
-0.2130159 0.3490585
0.06943177 -0.1722296
-0.03633654 -0.1817246
-0.0919585 -0.09300432
0.09272981 -0.1541606
0.2320626 -0.2211413
-0.2268381 0.3540409
-0.2991807 0.2897834
0.02694475 0.1599042
0.09406774 -0.03468128
0.03873929 -0.1028355
0.03836787 -0.1011167
0.1113519 0.2145448
-0.173945 -0.03379423
0.1210025 -0.3394402
-0.1340013 -0.09848376
-0.01594756 0.1496746
-0.08906999 -0.2643316
0.06211782 0.3378717
0.3095833 -0.02828296
-0.04412721 -0.1180145
-0.1277346 -0.2126302
-0.1461796 -0.4694577
0.2757736 -0.1540296
0.05746269 0.1142201
-0.4454241 -0.2045363
-0.2613344 -0.1129378
0.02689606 -0.08461455
-0.05616316 0.1652594
0.4021556 -0.03661379
0.1208291 0.1289498
0.4496222 -0.1524014
0.1909698 0.2385059
-0.2309665 0.0938682
-0.06735183 -0.1094506
0.1128615 0.1058755
0.0007213812 0.06622589
0.5852539 -0.1535671
0.1448425 0.2790826
0.1506436 0.3618296
-0.09468157 -0.1433372
0.2036827 0.1707567
0.4100692 0.1871224
0.619265 0.4346211
0.3331065 -0.426433
0.2313644 -0.06272521
-0.1810094 -0.06688762
-0.0539892 0.04350301
0.248041 -0.03941015
0.08304283 0.1910054
0.01921478 0.1768022
0.1986993 -0.342608
0.06520025 0.04590752
-0.2606906 0.04868777
-0.4322371 -0.23361
-0.1342371 -0.1851811
-0.2397412 0.03493741
0.1845246 -0.004098317
-0.4588001 -0.1867504
0.252115 -0.02385254
-0.2189572 -0.2167064
-0.1784748 -0.01048255
-0.1896021 -0.06235524
0.176966 -0.3347212
0.04107413 -0.2210207
0.2323477 0.06426466
0.005153158 0.511574
-0.230263 0.08602314
-0.03265881 0.1535018
-0.06128396 -0.3230983
-0.0994218 0.3120321
-0.1657164 0.08015381
0.208788 0.3538847
0.009251421 0.3330743
-0.5049833 -0.06720199
-0.3734682 0.3604523
-0.1455474 0.1163076
0.132953 -0.06792158
-0.3604162 0.1371571
0.1299541 -0.1967218
-0.1545479 0.007532915
0.225345 -0.5248587
-0.1053344 0.1363163
0.2561107 -0.3926032
0.2545686 -0.5053157
0.3524714 -0.1696342
-0.4036938 0.01367161
-0.02792624 -0.09399191
-0.01938454 0.2082876
0.07827641 0.2294629
0.4199035 -0.1775109
-0.229361 0.01213072
0.1105259 -0.4348075
0.1063082 0.003794825
-0.1209235 0.0594022
0.02444418 0.1014261
0.132807 -0.108229
0.1219865 -0.3159567
0.1318013 -0.215385
0.05579386 -0.1656271
-0.1618088 -0.1041442
0.02687872 -0.05217769
-0.06875987 -0.1180515
0.09838653 0.0912481
-0.3912849 -0.3148859
0.0983763 0.03057625
-0.03767101 0.7619474
-0.5207701 0.02425577
0.05272865 0.1306413
0.2976689 -0.05127143
0.1407235 -0.08311376
-0.06656711 0.1507995
-0.09800027 0.07324443
-0.3587806 -0.3517216
-0.07455209 0.03233682
-0.1830877 -0.209553
0.02536136 0.355711
0.3157848 0.1655243
0.3141527 -0.08412918
0.04763757 0.1793739
-0.09311238 0.4004642
0.07772408 -0.315879
-0.262298 -0.12325
-0.08455849 0.1130795
0.08413561 -0.3469936
0.07107374 0.1833307
0.1477386 -0.186037
-0.1261073 -0.03083662
0.07095435 -0.2675728
-0.05578745 -0.001595357
0.1543003 -0.09803367
-0.0822897 -0.01883319
0.07791382 0.100805
-0.1891589 -0.3389563
-0.04768799 -0.05577054
0.006775068 0.3983097
-0.2213487 0.2344735
0.08960774 -0.3611057
-0.1130428 0.243955
-0.01389473 0.175166
0.6236575 -0.07623436
0.07065659 0.1996326
-0.3445506 -0.2403588
-0.1318361 -0.1897235
-0.2098105 0.1527764
-0.1215411 0.1305523
0.1430004 -0.2542944
-0.01402614 0.05906415
0.09069612 0.2776305
0.04785107 -0.2036459
-0.2749008 -0.0872609
0.1364684 -0.1915947
-0.2178468 -0.1467472
0.1881083 0.04020488
0.0877825 -0.1064354
-0.2318452 0.03199014
-0.04574325 0.2012561
-0.02613612 0.1356695
-0.02046875 -0.4663924
0.005714145 -0.05816894
0.08701563 -0.4694041
-0.07229027 0.1344032
-0.1562238 0.6651126
-0.08964332 0.3053666
0.08175449 0.2685032
0.1231963 0.1054715
-0.07102382 0.6281633
-0.1496182 -0.1894464
0.08085335 0.1163819
-0.05360555 0.2521038
-0.5050935 0.5675921
-0.3018439 -0.2425459
0.3150697 -0.08161491
0.1625365 0.2608317
-0.658362 -0.2012167
0.07137679 0.06256182
-0.1931186 -0.05450424
-0.05044221 0.300046
-0.3335297 -0.02606614
-0.1710255 -0.2989293
0.0442319 0.2667474
-0.2566901 -0.4269201
-0.09815582 -0.07787482
0.1095596 0.1284667
0.2148758 0.3571568
0.3083475 0.1030357
-0.07912327 -0.2853122
0.0783025 -0.1538033
-0.2585793 0.04667023
0.2277849 0.5999427
-0.2504683 0.05482651
-0.2978452 -0.2023271
-0.1064711 0.4065043
-0.2499116 0.141522
0.01146887 0.03728144
0.2122525 0.1557124
-0.1189614 -0.191169
0.3421346 -0.2163829
-0.03486948 0.07177448
-0.1135515 0.008099635
0.07833416 0.6102744
-0.1641652 0.3213546
0.4985192 -0.1118112
0.1054606 -0.01687085
0.0574795 -0.2442333
0.07830736 -0.001944626
-0.005469855 0.3762968
-0.4902433 -0.07173403
0.1004839 0.102475
-0.4748638 -0.3831716
0.03063969 0.1749354
-0.140669 -0.05754691
-0.5583208 -0.1261985
-0.1075408 -0.04028569
0.415594 0.04845683
0.3307052 -0.03442324
-0.3285667 0.1845347
-0.4105106 -0.1695225
0.2103479 0.1922534
-0.2032017 0.1537864
-0.331636 0.3407533
0.2625405 0.04900546
-0.06901441 -0.0525712
0.4056262 -0.1349507
-0.4888093 -0.07319646
-0.2351521 -0.115378
-0.01404054 0.2490807
-0.2220458 -0.2649745
-0.1326548 0.01698236
0.1277349 0.09031048
-0.02947593 0.1616813
-0.1379354 0.2397861
0.2035901 0.03158037
0.02273241 -0.1975228
-0.04886559 0.2564586
0.201678 -0.07608998
0.05496364 -0.3614495
-0.0936696 0.05864106
-0.04763162 0.2667325
0.2557344 0.1516946
0.4479718 0.3372275
0.2300585 -0.082793
0.1595531 0.1496004
0.1162149 0.1867468
0.08907664 0.1177234
0.005055411 0.06926139
0.2312366 0.01172351
0.1967018 -0.1048323
0.2738485 0.1782735
-0.04066138 0.218014
-0.3858174 -0.01954522
-0.3315365 0.07422711
-0.05074767 0.1938845
0.03086847 -0.1910392
0.5609786 0.1113337
0.1241328 0.1386084
0.01744582 -0.05419005
0.1126406 0.02083714
0.124271 0.191991
-0.3043206 0.01995734
0.07809566 -0.3499502
-0.03866471 -0.4983101
-0.07274997 0.2893514
0.190756 -0.01467193
0.2678298 0.03970106
0.02127443 0.5022354
-0.2668313 -0.03664474
0.2681108 0.2766545
0.1626901 -0.03875516
0.3145108 -0.0814354
-0.04542411 -0.6869571
0.1908575 -0.05374856
0.03608198 -0.1972517
-0.2039067 -0.1296941
-0.01810724 0.1437833
0.1003818 0.7062684
-0.317376 -0.03524729
0.2107219 -0.03621294
-0.06058965 0.1485379
0.01320894 0.01082034
-0.2563349 -0.0279546
-0.09272055 -0.2198833
0.2911002 -0.4587431
-0.1916541 0.3588976
-0.4922753 -0.3423908
-0.07159805 0.365485
-0.1699976 0.05276313
0.06893785 -0.0511602
-0.2584897 0.1427693
0.1714006 -0.1507151
0.1862132 -0.1392143
-0.1148999 -0.3662241
0.7885891 0.24377
0.06578594 0.06447534
0.3955585 -0.05191811
-0.08951487 -0.1287714
-0.07868483 -0.08512711
0.0404724 0.03165628
0.1927878 -0.2959065
0.6786295 0.05071827
0.3168938 -0.1896432
-0.06785145 0.2711951
0.3216316 0.1419334
0.06995731 0.01145321
0.01729802 -0.2007096
0.2498484 -0.5589127
-0.1659837 0.1236747
-0.3135569 -0.3295621
0.3550203 -0.1795167
0.0234507 -0.120037
-0.4013024 0.3158583
0.1653266 0.06302165
0.02773838 0.02514228
-0.2366163 0.304623
-0.1841595 0.1379732
-0.0668732 0.07421082
-0.119307 -0.1383217
-0.02978833 -0.2564078
0.5648307 0.329264
-0.5209742 -0.09037774
0.1927539 -0.08372657
0.2818919 -0.3262517
0.1847133 -0.482206
0.06866113 -0.02520397
0.3761298 -0.2404299
-0.05568362 0.04518005
0.06173074 0.3629993
-0.07168286 -0.08153401
-0.006485886 0.06787904
-0.00689016 -0.006162916
0.07548154 0.1602079
-0.2712009 -0.105819
-0.2111693 -0.05048918
0.2795647 0.113287
-0.4357755 0.1270967
-0.5186068 -0.1754006
0.0225023 0.2865815
-0.1128289 -0.05302327
-0.06526264 0.5448368
-0.269189 0.1676027
0.0986837 0.2015796
0.07323394 -0.04646317
-0.135177 -0.3126297
-0.1924842 -0.06153627
0.04297326 -0.1821964
0.2316513 0.464732
0.1760559 0.01495241
-0.04693447 -0.3115754
-0.2281381 0.1220469
0.02838623 0.2338526
-0.2452057 0.4197753
0.06977065 -0.17822
-0.2967359 0.1063291
0.08887632 -0.2426353
-0.4521238 -0.354664
0.2180055 -0.4617167
0.08974154 -0.2054431
0.09230399 0.2666441
0.133126 -0.1900527
0.06145537 0.2164476
0.1938855 0.28839
0.6232671 0.01845604
0.1210461 0.1760361
-0.4104613 -0.207026
0.01566258 0.004198073
-0.03137689 -0.2007943
-0.1935758 0.2132422
-0.1188739 -0.06989495
0.2126486 -0.1987661
0.3260115 -0.04944963
0.07097453 -0.189804
-0.003166286 0.2447462
0.1976617 0.05921524
-0.01070393 -0.121192
0.0651971 -0.4369129
0.4559066 -0.01041837
-0.009745724 -0.09894618
-0.2100864 0.06478313
0.06444976 -0.07777499
-0.009798134 -0.3656894
-0.2569046 -0.03250639
-0.1589252 0.07989886
0.2377968 0.5177897
-0.1244994 -0.001248348
0.2961416 0.2246864
-0.1996052 0.2091285
-0.2504966 0.04365161
0.1743166 0.3256044
-0.1630646 -0.0176193
-0.2702628 -0.03388128
0.4347806 0.08094122
0.09039383 -0.05717198
-0.132522 0.0342784
0.111062 0.1653083
0.1446671 -0.01503543
0.1792665 0.2408688
-0.1728624 0.137809
0.08969419 -0.1847414
-0.1117956 0.1165902
-0.4143452 0.1348191
-0.05996751 -0.3364184
0.1459478 -0.1255255
0.1209422 -0.002853233
-0.08122706 0.27428
-0.1631089 -0.3071467
0.02095766 -0.1093218
-0.201235 -0.157031
-0.3280193 -0.1486657
0.1224559 -0.118616
0.4275766 0.08605029
-0.1327423 -0.1002439
-0.03798505 0.3016715
-0.1731864 0.1128366
0.1828022 -0.1394174
-0.1550927 -0.1740603
-0.2097985 -0.1173518
0.008886162 0.0830622
0.3901208 -0.2448893
-0.1553185 0.4293928
0.1780732 0.4525195
-0.0251416 -0.08020848
-0.1739312 0.3112282
0.3377765 0.06418234
-0.1502196 -0.01697469
0.06027113 0.4456152
0.05461586 0.4311439
0.07127807 0.02869776
0.1622053 0.245728
0.1501513 -0.1710041
0.06571165 0.1085703
0.07271481 0.01508308
-0.193393 -0.1731759
-0.2714848 -0.1771719
-0.2435222 -0.03746741
-0.2373769 -0.2148067
-0.3180529 -0.009316146
-0.1798841 -0.2830049
0.1615009 -0.06753647
0.1879137 0.335943
0.3827897 0.2547566
0.3212551 -0.06901063
-0.1047856 0.1010422
-0.3526407 0.1370042
0.005118313 0.5288804
-0.447803 0.1144902
-0.1597738 0.1236543
0.3701805 -0.5087281
-0.324028 -0.1622934
-0.3044841 -0.3246191
0.1476125 -0.1300742
0.3414424 0.3777612
0.03022604 -0.008681243
-0.195819 -0.0203409
-0.2379654 -0.07778788
-0.05839797 0.2375673
0.002788162 0.396012
0.04079755 -0.1767072
0.05195437 0.2065973
0.2236204 0.2990268
0.01480054 0.4884111
-0.2955609 -0.09054326
0.2079072 0.2690553
0.2281903 -0.2696763
0.01787372 -0.0816081
0.1847149 0.1386563
-0.2841136 -0.1385525
0.06748868 0.06762035
-0.05678376 -0.1276268
-0.3126331 0.08825213
0.1486391 0.2005183
0.02311194 0.03999663
0.1754572 0.05391617
-0.1838704 -0.1194517
0.542126 -0.4968513
-0.1958514 -0.3665782
-0.3798776 0.3187215
-0.09995113 0.4494334
-0.1468685 -0.2126462
-0.1102403 0.1362301
0.4034971 0.08064354
-0.3222204 -0.02906998
-0.1681288 -0.1581255
-0.2196113 -0.08760795
-0.143267 0.1263512
0.2106674 -0.4292058
-0.2206914 -0.3767235
0.2340789 -0.1780769
0.1344105 0.06040638
-0.01786458 -0.1106711
-0.2608742 -0.1350305
0.08704257 -0.2858002
0.0149273 0.001189966
-0.1360827 -0.09524772
0.2012064 -0.4823875
-0.2332461 -0.3164136
0.2174723 0.08480149
-0.096599 -0.2145026
0.01061491 -0.1196772
0.0924861 -0.01276574
-0.2583842 0.0718182
0.04030685 -0.08801116
0.38043 0.02734335
-0.1738987 0.1264319
0.2065976 0.0790345
0.1302338 -0.140669
-0.008392676 0.2605932
-0.3564703 0.2222568
0.214847 -0.4263824
0.4526545 -0.08636626
0.1737433 0.6145758
0.2586955 -0.1775048
-0.2001534 0.2475773
-0.04766637 -0.4293532
0.4267563 0.1483671
-0.3427206 0.1987556
0.09825531 0.0490713
0.0730837 -0.2105911
-0.06643957 0.2599975
-0.1278524 -0.05882033
-0.1566634 0.09047984
-0.1050526 -0.2804755
0.2419963 -0.4623396
-0.07907242 -0.2239629
0.2355261 -0.007790712
0.187077 0.1931782
0.2078784 0.06171801
0.08564675 -0.2215996
-0.04635439 -0.3390446
-0.09165031 0.09685291
-0.164188 -0.347909
-0.2823181 0.2044347
-0.2282094 0.5189098
0.2565503 0.1947253
-0.2509565 -0.04981557
-0.06388136 0.1121002
-0.3635406 0.324843
0.3499634 0.02360984
-0.08740761 0.0728282
0.09757651 -0.3468581
-0.04285833 -0.1002747
-0.3115452 -0.1932443
0.1096029 -0.3018916
0.2865427 0.2458695
0.3743661 0.2522997
-0.1007569 -0.08366904
-0.2595001 -0.05984092
-0.1032802 0.2149194
-0.1500827 0.173919
-0.348065 -0.0290527
-0.2381256 -0.3008634
0.03667382 -0.1038887
0.1287146 -0.02962155
-0.5734283 0.3657917
0.0215541 0.1499592
-0.292408 -0.3225258
-0.0140995 0.03291241
-0.2700023 -0.2521602
-0.1760418 0.2294243
-0.1688071 -0.04184143
-0.006719674 0.1759297
-0.2489863 -0.2130916
0.00728007 0.07893662
0.5255782 -0.3653293
0.1091635 -0.1376316
0.15577 -0.03339151
0.5781334 0.4055293
-0.19857 0.163317
-0.04340734 -0.09522694
-0.4384706 0.1021122
-0.06092601 0.3685898
0.1135866 0.06470759
-0.05858396 -0.1078301
0.2156083 0.00253887
0.302179 -0.2407034
0.06876695 -0.3652149
0.07457529 -0.1937519
0.1017477 -0.1383415
-0.0151752 -0.4092338
0.1044052 0.2867267
0.1152126 0.01969722
-0.1081843 -0.0565215
0.358544 0.2884724
0.09915216 0.04787539
-0.6773446 0.04947816
-0.3499572 0.1796413
0.09534316 -0.07184049
-0.3721185 0.4753165
0.1458712 0.1810949
0.2067974 0.1180329
0.05361269 0.1167267
0.1926856 0.09683525
-0.2120868 0.0262225
0.1198884 -0.06410223
-0.08554856 -0.1610328
0.08942728 0.01304072
-0.3194551 0.1105139
-0.05703207 0.001085482
0.01904875 0.0921948
0.125928 0.2074141
0.06901024 0.168753
-0.02107284 0.0542362
0.2145285 0.1003466
0.0715428 -0.5421906
0.1358636 -0.1998712
0.02452041 0.3167772
-0.3312509 0.1777221
-0.04041455 -0.02465799
-0.1616949 0.4215193
0.08985516 -0.1329014
0.3390476 -0.06745201
0.1369617 -0.3319859
0.404474 0.4472454
0.06719071 -0.008148935
0.1698446 0.09238282
-0.0442649 0.1621904
0.02064069 -0.1418576
0.2009053 -0.1397151
-0.4146339 -0.08245014
0.1679799 -0.130719
0.007933455 0.2547216
-0.2733802 -0.4548223
-0.06710686 0.02100042
-0.06038922 -0.007458699
-0.1167788 -0.5037634
0.1451076 -0.1101754
0.3904749 -0.05857876
-0.1290403 0.06524539
-0.002129836 0.003379334
0.1231748 -0.4866377
-0.113975 0.2151722
0.1267171 0.01739537
0.05968456 -0.2810291
-0.2250603 0.3429673
-0.4240266 -0.2031928
0.02464568 0.09580124
0.3886834 -0.009033429
-0.5276055 0.2943122
0.1391715 -0.3383119
0.01184643 0.1209622
-0.09152846 -0.04149921
-0.03007034 0.1398539
0.02733161 -0.07831441
-0.2454907 0.01547847
-0.0200402 -0.02568734
-0.115131 -0.1459843
-0.7227056 -0.04068219
-0.05590892 0.2419749
-0.3646005 0.0786552
0.1982 -0.2622463
0.2169987 -0.2581654
0.01038308 -0.1242497
-0.1674539 -0.112695
-0.2523023 -0.3168316
-0.3590683 0.1028138
0.09213391 -0.05660063
0.0604584 -0.01528319
-0.1590566 0.1807315
0.1208892 0.2460141
0.2482983 0.247688
-0.6871411 0.09268454
0.1336866 -0.3507347
0.06845897 0.06083592
-0.1034006 0.1208178
-0.439332 0.3085429
-0.3786432 0.2523068
0.09149589 0.2898638
-0.1127789 0.2079154
-0.1936022 0.03765792
-0.08636469 -0.08420025
0.1711154 -0.259885
-0.1810628 -0.19131
0.0279482 0.1230149
0.02442858 0.1554846
0.5316054 0.04171393
0.1975828 -0.1247286
0.265345 -0.1227382
0.4282299 0.1640687
-0.3954294 0.0001671251
-0.06322789 0.08593607
-0.173987 0.3218394
0.1041704 0.1250004
-0.1856984 -0.02462162
-0.09695412 0.2912497
0.1598214 0.5133265
0.1603794 0.01748357
0.1986513 0.1947003
0.3064081 0.06523224
-0.03686807 0.3150412
-0.001531556 0.07913566
0.1235488 0.1603828
-0.1376528 0.1702096
-0.03966229 0.2938539
0.1867314 -0.3659206
-0.1491213 0.2045671
0.02238144 0.1097355
-0.4781508 0.1422452
-0.04420667 -0.06151441
0.2456152 -0.4535555
0.06305356 0.08839537
-0.3913594 0.1447738
0.116289 -0.009836156
-0.05026034 0.230458
-0.2811002 0.09290168
0.08750933 -0.09432781
-0.1897772 0.2089608
-0.04365279 -0.1004225
-0.04689333 -0.1302802
0.05845223 -0.1765724
-0.1592091 0.2671707
0.2760827 0.2998911
0.08763021 0.1960592
-0.1021916 0.610531
-0.0189036 -0.2951392
-0.08336257 0.147832
-0.1319357 0.012085
0.07313284 0.1601791
1.114659e-05 -0.2251637
-0.1543694 0.08878221
0.0002598498 -0.02059883
0.0920121 0.03898354
0.200774 0.1337204
0.1450491 0.009091221
-0.2079457 -0.1283803
-0.004663905 0.2216928
0.03676187 0.09769797
0.196987 0.1224291
0.02540106 -0.02463653
-0.05229269 -0.06527304
0.07517959 -0.02250557
-0.07060876 0.0001400037
-0.1248384 -0.0634663
-0.0263405 0.008444443
0.2523932 0.002567155
0.0347684 0.01597219
0.01025038 0.06204138
0.1177395 -0.06860745
0.328747 -0.0992293
-0.007282093 -0.2684267
-0.01227291 -0.07706098
-0.2414654 0.4971512
-0.08342113 -0.2739464
-0.1469547 0.1121936
0.07327107 0.3771228
0.3868043 0.1408193
0.04107733 -0.208767
-0.2550641 -0.1874206
0.3976301 -0.1385033
0.4980099 0.09556088
0.07077163 -0.2970734
0.2301732 -0.2126906
-0.09797139 0.05838771
0.03948399 -0.2612512
-0.08051551 0.09862325
0.0347457 -0.2449422
0.03219978 -0.1374329
-0.1542463 -0.2603884
0.1527155 -0.2673565
-0.0006383885 -0.0567905
-0.3091635 0.01804533
0.1434799 -0.2316637
0.01442638 0.6112382
-0.4758301 0.05379421
0.1759935 -0.2245426
-0.09619704 0.1558972
-0.1140332 -0.1780948
0.1447588 0.09704066
-0.2880919 -0.1250099
-0.03597537 -0.2507567
-0.2619231 0.1683671
0.2341238 0.3622156
-0.3165765 0.5560701
0.2283428 0.01533998
-0.2004514 0.06317546
-0.2430515 -0.0523136
-0.3509096 0.2196789
0.3264689 0.180565
-0.3097446 -0.3267883
-0.127136 -0.02396883
-0.1773085 -0.3022172
-0.209369 -0.273699
-0.3185212 0.04471062
0.147924 -0.04863597
0.09067089 0.2256786
-0.145964 0.1749484
0.01373963 0.1294545
0.2182047 0.03914423
-0.2212729 0.183463
0.1400402 0.04736698
-0.2865032 -0.4123875
-0.262142 -0.2612914
-0.09163076 0.2215387
0.5825395 0.02127315
-0.1004883 0.1660231
-0.2554547 0.2457952
0.02283198 0.2016799
0.04039773 -0.2505507
0.1175247 0.1762045
0.1740285 -0.2111472
-0.276561 0.001689936
0.1185342 0.4148236
-0.05602532 0.1962437
0.3412414 0.2126377
0.09748008 -0.02382646
0.1768063 -0.028177
0.1363657 0.02690696
-0.09456769 0.0119618
0.2576321 -0.08493201
-0.2378195 0.4542042
0.4144688 0.1260332
-0.07876598 0.08294968
0.07661316 0.3152658
-0.0458318 0.6154907
0.3645317 0.4710567
-0.2564927 -0.08536366
-0.3827067 0.2208553
0.1403596 -0.1194281
0.3427066 0.3571059
0.2461039 -0.2917737
0.1672751 0.2668316
-0.04383889 -0.3253628
-0.05449636 0.003878314
0.04188849 -0.01276364
-0.1217604 -0.1310618
-0.1877377 0.17736
-0.2700825 0.09908992
-0.06213405 -0.1004569
0.007486329 -0.1946638
-0.0638735 -0.2313044
-0.004478364 0.6594371
-0.1317109 0.0732379
-0.1935245 -0.1464108
0.1009986 -0.2107866
-0.074883 0.236113
-0.04865826 0.2122643
0.1397968 0.04977811
-0.2105226 0.3181837
-0.2625619 0.13552
-0.05134603 -0.1298703
-0.2796603 0.04347073
0.2778199 -0.06622459
0.3586533 -0.06123377
-0.05287285 0.4282728
-0.06217704 0.03645594
0.2420842 -0.2248525
-0.01228024 0.2435138
-0.1456918 -0.1079598
-0.01583968 -0.05457234
0.1513768 -0.04822224
-0.0295022 -0.05490278
0.1846382 -0.1473527
-0.03954045 -0.04365082
-0.1253685 0.2408559
0.1671984 0.252692
0.07227266 0.03305692
-0.2023029 0.3515989
-0.2363463 0.1025115
-0.2022868 -0.3633719
0.09584294 -0.1691003
-0.06963774 0.2562101
0.156337 -0.08129656
-0.06483771 -0.2099778
0.1830336 -0.1730016
-0.01426234 0.01946406
-0.05819386 -0.226452
-0.07307788 -0.2957266
0.3658206 -0.004329534
-0.2501561 -0.2960366
0.04454011 -0.1100543
0.1823488 -0.4253972
-0.1350403 0.01857375
-0.05328584 -0.08640036
-0.1360776 -0.01771721
0.06502265 -0.06232478
-0.244479 -0.06316334
0.2734851 0.119697
-0.01547678 0.04048002
-0.3002747 -0.0715286
-0.0771591 0.2621991
-0.09138235 0.1169451
0.2170636 0.2687677
0.1578407 -0.04578668
-0.2766284 0.1228123
-0.3664168 -0.00305071
-0.1490785 0.1106498
0.2617561 0.08168991
0.2056885 0.4230095
0.0546662 0.1777021
0.09514142 -0.09547176
0.1342294 0.03744052
-0.2631681 -0.1462492
-0.0004979246 -0.1414733
-0.3638804 0.0377454
-0.2955245 0.03028561
-0.09517413 -0.05137763
-0.0830076 0.4419736
0.09152996 0.05510779
-0.3097542 0.0477364
-0.0507409 -0.01136663
0.01332039 -0.3724491
-0.1954277 0.1680394
-0.2690589 -0.2515753
-0.3189608 -0.2340569
-0.106746 -0.02491963
0.4584035 -0.05715177
-0.4375435 -0.2782313
0.1811153 -0.3830114
-0.3467056 0.08144013
-0.2837764 0.02649944
0.160425 0.04378822
0.4781836 0.1780185
-0.08134385 0.01140664
0.1067113 -0.317684
-0.412807 0.1705783
-0.03507729 0.2244143
-0.4089401 -0.1828236
-0.06410461 0.1371083
-0.4926649 0.06449039
-0.2148787 -0.2737471
-0.1125947 0.2212317
0.2174296 -0.09550852
-0.01884828 0.2557174
-0.1397238 0.1460651
0.2674898 0.03092201
0.2832044 0.08960616
0.3406134 0.06668081
-0.3310063 -0.1500873
0.04800535 -0.2096505
-0.2128889 -0.0620059
-0.0424633 0.2311212
0.03767942 -0.1767654
0.2005188 -0.04811152
0.06433648 0.06698821
-0.1448774 0.2540914
-0.2354809 -0.5236659
-0.2563669 -0.0227583
0.1236497 -0.2187325
0.2323922 -0.07566778
-0.03908089 0.245206
