3.280308 -0.001522517
0.896928 0.03971223
0.6853917 0.1917552
-1.107096 -0.2353012
-0.8289858 -0.08394635
0.9063718 -0.04446928
-2.943465 -0.05870776
0.4461379 -0.02830367
3.476229 -0.0646542
-2.831006 0.1580659
-2.934987 0.1834669
-1.214679 -0.3295236
-1.027015 -0.1075809
3.306277 0.1038413
0.8827842 0.09421697
-1.275338 0.2002176
-1.15705 0.1057186
3.175377 0.001322914
0.8045821 -0.05678933
1.099535 0.03677857
0.9631069 0.2075865
0.7941993 0.2627897
-0.9243804 -0.1290611
0.939576 -0.1742882
0.8534964 -0.1504752
2.963655 -0.2179558
2.783599 -0.08468669
-0.850839 0.15416
-0.5747547 -0.1329902
-2.438795 0.2160297
-0.8952354 -0.2250047
1.247076 -0.2107703
0.9237441 -0.4920354
-0.651758 0.06201793
1.362221 0.105277
0.6533887 -0.1117759
-1.098434 0.2285236
1.16479 -0.1564798
-3.255972 -0.3436382
1.021514 0.2311657
-1.119623 0.01017388
-1.288117 -0.05117118
-1.136355 0.1353126
1.170263 0.2809457
0.8946794 0.1172824
0.9111341 -0.2213023
1.062026 0.169338
-0.7477154 0.004867753
-0.7046177 -0.05658951
2.844746 0.5639796
-1.345173 -0.2263483
2.880991 0.07375499
0.7298976 0.1044771
0.8617045 0.06211909
3.106973 -0.542921
-0.6624222 -0.2598709
-0.9849886 0.2821865
-1.124707 -0.1049838
-2.759306 -0.2834041
-0.8655506 -0.01773377
-0.9592353 0.2158743
1.546777 0.2274641
0.8806393 0.1005794
-1.00109 0.1893939
2.66763 -0.4348778
1.083364 0.2572506
2.743417 0.04571353
-1.023818 0.235068
0.789546 -0.3984635
-0.8377839 0.1096181
-0.8517533 0.05680435
1.122131 0.1108683
-1.349204 -0.3331351
1.093696 0.2721516
-0.7858986 0.2122303
2.92082 0.06464436
-1.342566 -0.2530105
3.080699 -0.4248558
-2.772479 -0.3099184
2.912252 0.07598179
-0.8365263 -0.2224147
-3.187144 0.2145894
2.892364 -0.3592954
-2.835811 -0.2530526
1.176079 -0.1578587
0.9166272 0.1464513
1.178962 -0.3805088
0.8710925 0.299349
-3.147897 -0.295516
-0.8982231 -0.08524672
0.809514 0.3666287
1.018478 0.3076447
-1.094715 -0.5493717
-3.075882 0.06090265
0.8971654 -0.03948146
-1.071301 0.3460063
-1.040282 0.1049575
-0.9785185 0.1931817
-1.410265 -0.2082277
0.7749881 0.0626395
0.9820259 -0.01929657
-0.991087 0.0933826
-1.096131 0.2565299
-3.19087 0.2634954
1.01113 -0.3275184
3.434838 0.09796447
-1.06513 -0.1163136
3.250606 -0.0005484976
-2.939598 0.2734209
0.8932605 -0.2330253
1.155495 0.1338543
-1.104628 -0.1325299
1.555143 -0.03148301
1.061394 0.03103315
-1.348248 -0.1090482
0.9251364 0.006569404
-3.267449 -0.1018833
-0.7129067 0.1144461
-0.6321599 -0.1582311
-0.9995611 -0.2087937
-0.6819931 -0.2585888
1.049866 -0.2966236
-2.791181 0.1449293
1.043363 -0.1811838
-2.898658 0.2769602
1.119446 -0.1464532
0.6195563 0.195433
-1.252796 0.04470146
0.1305935 -2.055998
0.5209299 -0.3417579
0.8652632 -1.155362
-1.256637 1.258529
-0.4620011 0.1841916
-1.945055 -0.9512499
0.1679203 2.424015
-2.050991 -1.015749
-0.2937844 -1.87841
0.05416848 1.604511
-0.08839258 2.018286
-1.390747 0.7121584
-0.1169659 -0.1676907
-0.01022394 -2.261997
-1.553217 -0.6683919
-1.664603 1.440759
-1.412276 0.817659
-0.4885593 -2.401649
-1.861468 -1.178085
1.547544 -0.964677
1.527053 -1.243319
-1.784887 -0.6337342
1.71435 0.9933736
-1.466775 -0.7703117
1.426944 -1.284478
-0.3398796 -2.052691
-0.1818551 -2.306639
-0.3573178 0.08655342
-0.154252 0.0748302
-0.1430217 2.618128
1.88374 1.011866
0.1426781 -0.3371091
-0.0687063 -0.4190384
-0.2313651 0.1686915
1.920487 -1.390447
0.1132816 -0.3488942
-0.3442242 0.003694329
0.07728309 0.04780084
0.1779395 2.216882
-0.03907961 0.03560564
1.671603 1.182414
-1.204139 1.398183
2.529263 0.4570756
1.618633 -0.89013
-1.937699 -0.72469
-1.869468 -1.209962
1.530589 -1.120375
-1.445553 0.9884786
1.737052 0.7036975
-0.178303 -2.105453
-1.575451 0.9258726
-0.03423951 -2.37714
0.8758997 -1.279102
-0.1068863 -0.05695873
-0.3023728 -2.170771
1.677257 1.225007
-0.3264107 0.2284499
-0.1178501 0.2868849
0.3048554 2.223667
-1.181508 1.106418
-0.1744397 0.261499
-1.936108 -1.018528
-1.45125 -1.342845
0.3342941 0.1045106
-0.2572031 -2.085374
1.203295 -1.025451
-0.1961558 -2.103769
-0.180174 -0.03501251
-0.1867901 -0.08768637
2.485803 1.142749
-1.473332 1.54899
1.698296 -1.236302
0.4082922 0.1048592
1.28382 -1.388881
-1.42145 1.078123
-0.3416471 -2.421101
-1.490683 0.9982513
-0.1022164 -1.952574
0.4014586 1.662467
-0.2199152 -2.058423
-0.1484919 0.04159975
0.3783863 1.831132
-0.2430923 -1.982244
0.2518086 1.85836
0.1652954 -0.2019545
1.633875 -0.6239544
0.0200933 -0.365582
0.1985623 -0.2847167
0.2008352 1.948665
-0.3388831 0.07220681
-2.331631 -0.8721453
1.377177 -1.131682
1.507543 0.8828731
0.1153674 2.020647
1.716696 -1.255085
1.692761 0.8583031
-1.379561 1.197858
-1.977782 0.9560814
-0.8791448 0.7977833
1.373623 -1.051066
1.543189 -1.10452
-1.263451 0.8736379
1.495466 0.9052668
0.08909056 2.035462
0.259854 -0.01672739
-0.5088611 -2.018245
1.51263 0.7724382
-0.1242503 -2.242938
0.546567 2.120452
0.1897095 -0.3125685
-1.689038 -0.4886565
-0.774412 -0.1087505
0.3597699 -0.2098913
-1.962553 -0.8996812
-0.3718743 0.6329603
1.535803 -1.028286
0.02432413 1.966368
2.07389 1.297833
-1.236309 1.099042
-1.436778 1.076341
1.755783 0.9861284
-0.3224525 -0.06053099
0.3825118 2.405377
-1.789147 -0.815589
0.4813257 2.132356
1.538746 -1.184506
-1.817406 -1.001104
-1.178964 1.103497
-0.01524815 0.3906595
1.422033 -0.3684633
-1.359936 -1.749174
1.426924 1.464787
-1.70072 0.523066
-0.979152 2.329908
0.2394908 -0.3947164
-0.723828 2.139606
0.3260008 0.1458768
0.2275642 -0.2010774
0.03154738 -0.08093514
1.123642 1.156072
-1.867472 0.4556355
0.1452725 0.05022256
-0.8910818 1.785023
1.219719 1.338399
1.225502 1.999501
-0.2396801 -0.01006368
-1.10622 2.27275
-1.196728 -1.113703
-1.263064 -1.672442
-0.475695 1.813869
0.7736489 -2.346823
-0.8152112 1.975115
-0.9522759 -1.638997
0.1776215 0.1892213
-0.2361017 -0.1081766
-2.119092 0.3882298
-1.555238 0.7661992
-0.1926169 -0.06378983
0.3586454 -2.100955
1.283804 -0.7261286
1.506244 -0.5425428
-1.714499 0.6239408
-1.154383 -1.573759
1.52476 -0.8879893
-2.199681 0.2904499
1.687836 -0.3011056
0.01472748 0.08321308
1.58673 -0.3973301
0.8014095 -2.382919
1.262749 1.604162
1.072432 -2.119671
-0.7879375 -1.757391
-0.3913552 2.285043
-0.7082372 1.998809
-0.8634448 -1.547325
0.8212171 1.152503
0.940253 -2.334298
-0.4258781 0.2204754
1.021137 1.549906
-0.1785485 0.1442326
-1.189278 -1.264192
1.618042 0.20541
-0.07509515 -0.01311165
0.4588426 -2.16767
-1.430842 0.4141084
-1.506856 0.4259648
0.4011173 -0.421423
1.179716 1.913801
-1.413276 0.7602936
-0.6714689 1.938814
-0.4497558 2.317843
-2.013499 0.2590291
-0.3276959 0.5302573
-1.404093 -1.265997
0.306558 0.160158
-1.633335 0.3064332
1.362316 -0.8699218
0.6415723 -2.285665
0.9936105 1.294011
-1.191281 -1.498318
-1.729885 0.2155485
-0.9332289 -1.652728
1.44933 1.881306
-0.1078894 0.3392686
1.096213 1.760176
-0.4032716 0.5072629
0.1548646 -0.4865275
-0.6404932 -0.08929783
-1.793854 -0.05834393
0.4419022 -0.165847
0.2786781 0.6755522
0.1739088 -0.5334631
1.689967 -0.3811408
-1.276343 -1.742657
1.674588 -0.2290726
1.805123 -0.2591107
0.437392 -0.2810268
-1.602639 0.4180375
-0.6113442 2.445163
-0.991425 -1.495876
0.7921588 -2.459143
0.4423947 -0.3950789
-1.255406 -1.365697
0.8169256 -2.288273
1.143808 1.434473
1.120305 1.049447
1.211719 1.583716
-1.29455 -1.63924
-1.069323 -1.174496
1.055299 1.47416
0.7576388 -2.102259
-0.0112462 -0.2867147
1.925165 -0.1055196
-0.1487761 0.2602121
0.7843273 -2.190192
-0.2122015 -0.06282395
0.5417698 -0.4045826
1.621209 -0.5919489
-0.8628939 2.204305
-1.912097 0.4759372
1.343 -0.2903071
-0.9082245 2.154609
-1.548195 0.6667802
-0.9362581 -0.9862385
0.4280638 -0.3052519
0.7582847 -2.177446
0.9056647 1.284054
1.1164 1.566751
0.6491751 -2.350741
1.981768 -0.6941668
0.2863034 -0.8764236
-0.639817 1.929439
-0.0646884 -0.2817232
-1.022125 -1.678729
-0.4778756 2.308829
1.254529 1.852718
-0.1664951 -1.280212
-0.9567461 -2.72564
-0.2108663 0.8171151
0.2189036 -1.358649
0.7491183 3.240753
1.209229 0.5073026
-0.1039976 1.21624
1.060046 0.6665275
-0.008203728 -0.7279304
-0.2893306 1.579586
-0.4313687 0.8530321
0.03781747 -1.101807
0.6558121 2.695181
0.2710811 -1.115555
0.9942611 0.6123375
0.007344654 -1.023138
0.2104977 -1.145295
0.4655825 -1.451076
0.7641173 0.8729035
-0.08945037 0.7846206
0.2631634 1.327591
0.4618493 0.5170334
-0.6921418 -1.193887
0.8538232 0.9069368
-0.06823438 0.7785997
-0.01888894 -0.8888474
-0.1839112 -1.382816
1.000349 2.913837
0.3824054 2.373941
-0.2537293 0.9496821
-0.7776216 -1.072189
-0.6813612 -2.719603
-1.157854 -2.699865
1.02251 2.964683
-0.06318155 0.9078448
-0.5722508 -3.058198
0.7615246 2.852237
-0.8514537 -2.706585
-0.3397198 0.9710145
-0.6672634 -2.836051
-1.159697 -0.7610052
-0.08404238 -0.9233299
-0.7057558 -1.179542
0.3831882 0.805662
0.9189591 0.8298773
0.7209948 0.911247
0.486083 0.9960071
-0.3980696 -0.642303
-0.8511339 -0.7439154
0.03842452 -1.057031
-0.06494121 -1.006165
0.5557491 -1.039477
0.1655621 0.5836623
-1.265192 -2.459962
0.3594949 -0.9454439
-1.088891 -0.5078016
0.6536072 2.823978
0.9328535 2.802986
-0.1186718 0.5810599
-0.2250243 -0.911822
0.9118459 2.73588
1.205085 0.5729495
0.7954508 0.8692254
0.5286111 2.885723
0.3994087 -0.8025247
0.1225712 1.031696
0.4720812 -1.049757
0.8159834 2.630281
-0.7143919 -2.348026
-0.8487849 -1.080517
-0.5944192 -1.071465
0.1952261 0.8998366
0.5924152 3.413388
-0.01345315 1.148688
-0.1354137 -0.7368206
-0.3970184 -0.9971181
0.007341335 -0.8262822
0.0003602838 -0.8871715
-0.1547192 0.7825785
0.4821884 -1.51423
0.9255202 3.171504
-0.3839368 0.8120782
0.2672781 -1.006704
-0.02048553 1.611372
-0.8879892 -2.503753
-0.05037965 0.8594062
-0.737173 -2.628326
-0.7890449 -2.393842
-0.4945453 1.243156
0.744541 2.687731
1.337606 0.6895745
-0.08223656 0.9108956
-1.160322 -0.6723683
-0.1199946 0.9521255
0.4354585 0.9813412
-0.621513 -0.7119887
0.04694918 -0.8700805
0.1267064 -0.9085847
0.1283709 -0.9566294
0.2725932 0.9267382
0.08318502 1.028124
-0.02022075 -1.086751
-0.8761078 -0.6785919
-0.03457384 0.8361786
-1.275257 -2.745209
0.289642 -1.019602
-0.7170928 -1.000434
0.002225512 -1.211197
-0.6074869 1.268121
-1.170265 -3.079593
0.607372 0.6897369
1.04585 2.973995
-0.8185053 -2.774825
0.9598615 0.9838971
0.8786943 2.824747
0.1256457 1.224604
-0.1966525 1.060836
-1.060735 -0.6624437
0.1150531 -0.7305102
-0.2093309 -1.192725
-0.936178 -0.7597434
-0.6428495 -3.03406
0.07157782 1.014342
0.8241667 1.138459
-0.4445973 0.865119
0.2647592 0.6429905
0.6088092 1.049729
0.1964355 -0.8460114
-0.3454134 -0.3234946
-2.407428 0.47879
0.5663315 -1.907111
-0.5071444 2.578426
2.279883 -0.6924043
0.8523601 0.1274545
0.7714168 0.4535652
0.9895667 0.5958664
-0.7309973 -0.6483266
0.8585563 0.306765
1.019815 0.3596698
-0.1597711 2.207892
2.245143 -0.7366001
-1.034445 -0.3391527
1.116136 0.6046368
-0.5240887 2.059228
-0.6665902 1.861846
-0.3032432 -0.1748971
0.9143292 0.7778111
0.4564037 -2.160061
0.2846717 -1.827106
1.078731 0.5828961
-1.073536 -0.5964258
1.417643 0.6000432
0.4719198 -2.35931
-0.7576975 -0.259077
-1.058897 0.04979982
2.126408 -1.081146
1.812657 -0.9391572
0.4790797 0.3451763
-1.110551 -0.5507359
-2.267433 1.199418
-2.329417 0.821583
2.189826 -1.15022
0.3981991 -1.993096
-2.559179 1.626706
2.250229 -0.974645
-2.10535 0.7739347
0.3041049 0.3114582
-2.160122 1.374941
-0.7903681 -0.3600378
-0.4717194 2.077125
-0.8390218 -0.5528718
0.5199876 -1.926648
0.6996634 0.3618839
1.047571 0.5914
0.5180049 -2.058378
-0.5003723 1.804228
-1.345103 -0.7078822
-0.3770292 -0.294436
-0.5309935 2.145246
-0.7648359 -0.5150805
0.7591037 -2.183314
-2.032193 0.8969544
-0.5210189 -0.368156
-1.208481 -0.9843925
2.488303 -1.118582
2.002341 -1.111962
0.9982226 0.3990161
-0.4251955 1.940879
1.891771 -1.075313
0.8262575 0.6780621
1.462263 0.4291316
2.326779 -0.7911633
-0.8150921 -0.4318227
-0.02379651 -2.163668
-0.5514449 -0.5334164
1.974375 -0.8097181
-2.226642 1.081946
-1.121545 -0.8257852
-0.733318 2.411606
0.4046777 -1.947389
1.8892 -0.9990965
0.240179 -1.914372
-0.296407 2.165198
-0.7540551 -0.7388956
-0.5584195 1.51628
-0.8231112 -0.1203679
1.171703 0.3558633
-0.3561173 -0.8657373
2.561479 -1.186347
0.6323899 0.4886431
-0.6793482 -0.1855881
0.7172078 0.7308643
-2.171691 1.14833
0.3911706 -2.238506
-2.126591 1.035512
-2.485722 1.309341
0.7771922 0.4050573
2.187562 -0.8977661
0.9290555 0.5084274
0.4474439 -2.054175
-0.804225 -0.8910916
0.6818257 0.5333578
0.4849491 -1.830027
-0.8873391 -0.7548077
-0.279628 1.820261
-0.3209502 2.280862
-0.2988283 1.754332
0.5206108 -1.828221
0.578657 -1.920085
-0.2765235 1.71964
-1.134287 -0.5976917
0.6677026 0.3509158
-2.078851 0.7520339
-1.115497 -0.2461036
-1.334406 -0.8214446
-0.6598715 -0.4763858
0.9182171 0.192229
-2.223111 0.844358
0.71077 0.7121943
2.191706 -0.8766605
-2.155191 1.428166
1.635906 0.6311541
2.134697 -1.248415
0.7479753 -2.037451
1.098591 0.5286568
-1.137178 -0.8204081
-0.3902334 2.078474
-0.1429127 1.618603
-0.8305031 -0.8810191
-2.382305 0.8521572
0.7799252 0.3104087
0.9254614 0.8910629
0.6340739 0.170799
0.6520717 -1.954103
1.062689 0.6237386
-0.2246231 2.019119
-0.6556268 -0.5303156
0.8327849 0.7769508
-2.450636 0.3936722
2.544509 -0.2362268
-0.4511991 -0.06609881
0.6531163 -1.254892
0.8557078 1.00219
1.078299 -1.355068
-1.188686 -0.4896353
0.7239939 1.023408
0.8596793 0.8495393
2.485974 0.04471339
-0.3581212 -0.4455311
-1.08022 -1.241174
1.501165 -1.665887
2.752988 0.2156893
2.739354 0.2364164
-0.8955619 -1.114806
1.396781 -1.298834
-2.775663 -0.07304789
-2.612 0.09340103
1.120114 -0.8305569
-1.329876 1.171151
1.155333 -1.215232
-2.951703 -0.4238503
-0.9033523 -0.5836582
-1.283335 -1.204803
-0.7109488 -0.227447
-0.8817748 0.06438798
0.6637854 0.7611252
-1.236617 1.207317
1.119581 0.1863621
0.9712675 0.009971283
-0.6035396 -0.6667314
-2.820672 -0.0472427
0.4993191 0.1479356
-0.7340295 -0.1262162
0.8795697 -0.08747871
1.156687 0.6844053
0.8212485 -0.2010593
-1.328561 0.9621713
2.650032 -0.1691196
-1.094229 1.22394
-2.814926 -0.1183481
0.598241 -0.7903581
0.5975897 -1.119815
-2.876384 -0.1630299
2.80797 0.05896231
-1.076225 0.8333665
-0.9729027 -0.7920623
2.917486 -0.2773429
-0.9670178 -0.7321148
-2.749849 0.4213361
0.4752449 0.430036
-0.9425125 -0.679941
-1.374447 1.355497
-0.7721907 -0.5859485
-1.177962 -0.2115667
1.231236 1.048242
2.393493 0.3447926
-0.6087589 -0.461621
1.36903 -1.450048
1.026071 -1.373954
-1.190768 -0.6673811
-0.7162875 -0.7602996
-2.486789 0.08961866
-0.7005623 -0.4890752
-0.9148585 -0.2549517
0.8454046 0.5736313
-0.8387979 1.044747
2.570661 0.5852163
-2.591105 -0.3261341
-0.7162085 -0.3035255
-2.204896 -0.07673847
2.344121 -0.1578077
-1.137487 -1.171933
2.389801 -0.08968606
-0.7579977 -0.6362508
1.218389 0.8306747
-0.8986255 -1.060975
-1.032334 -0.1976482
0.7135164 1.024876
-0.734961 -0.9560394
0.7734932 0.7759467
0.6600116 0.2770568
-2.645208 -0.3843274
0.7120472 -0.07296995
0.96355 0.4205197
1.060522 0.7349351
-0.8893943 -0.3128991
1.410295 -0.8508863
-2.627208 0.02983312
-1.157427 1.356512
0.9278218 0.804343
-3.385341 0.02308814
-1.063224 0.8663391
2.372348 0.01162353
3.007182 0.2827695
2.604943 0.1914025
-2.804739 -0.2890975
-2.640586 -0.06705394
3.436297 0.3980484
-1.098607 1.165359
0.9693744 1.249967
0.7424253 0.6658344
-0.7979 -0.9522678
-1.390745 1.135475
-0.7755258 -0.5946763
0.7507911 0.73994
0.2804966 0.3993228
1.269008 -1.115939
-0.2886788 -0.2810916
0.5375394 -0.008302541
1.143481 -1.047002
-0.5144719 0.09929591
-2.415173 0.3218436
0.8691027 0.7568651
-1.16973 1.214297
2.532979 -0.2532669
3.015131 -0.07785498
-1.111335 1.55037
0.1535864 0.1327306
0.5147766 0.8423138
0.8483603 -0.6412634
1.050447 0.9062235
-3.079903 -0.1003048
0.9597449 -1.113737
2.829166 0.1503133
-2.092252 1.395523
-1.188553 0.02985414
-0.603173 1.456529
-0.07567907 -1.838777
1.538152 0.1306659
-0.9084397 -0.07268477
2.659735 -1.735564
-0.7961675 -0.1569098
-2.340242 1.558595
2.496805 -1.368344
2.221779 -1.692867
-0.06153999 -1.401542
1.192449 0.6308637
-2.183484 1.543521
-0.7798236 -0.4641732
0.005048408 -1.483857
-0.2305605 -1.641343
-1.816682 1.130947
-0.6737494 0.03675311
-0.5036883 1.940259
-0.006063682 1.68208
-0.6452622 0.2033475
0.7003996 -0.2862181
-0.6038154 -0.08015806
-0.04158911 0.9809496
-2.013195 1.572082
-2.144493 1.633317
1.179127 0.5944868
1.302757 0.2802109
2.361996 -1.5164
0.6892607 0.1177668
-1.133525 -0.3500239
-1.403708 -0.525015
1.185329 -0.04831824
-0.3161489 1.494772
-1.157512 0.05406452
0.9637714 0.1648338
-1.350503 -0.4118814
2.16598 -1.531911
-1.123389 -0.1989036
0.9676067 0.1658695
0.3529026 -2.015256
0.3345389 -0.07880688
-0.2186831 1.920895
-0.6686873 0.08459559
-0.9323348 0.2966242
-0.0362354 2.060773
0.02368035 -1.667955
0.8741953 0.1153022
-2.047258 2.106208
-0.3042166 -1.422353
-2.042653 1.376751
-0.1349456 1.490683
-1.617777 0.04016364
-2.089589 1.291932
0.4379807 -0.2487778
1.098057 -0.1945658
1.095049 0.4597187
2.01849 -1.361581
0.03647207 -1.421838
1.047397 0.6654463
-0.813142 -0.2309136
-0.5431511 -0.01354716
1.45366 0.546878
-2.319827 1.491091
0.1746704 1.646091
-1.848526 1.162099
1.405856 0.3888039
-0.9981599 -0.6739665
0.6340215 -0.1882793
0.3317481 -1.844469
-0.1969548 1.733621
1.561024 0.2262094
-0.09298306 1.983242
-0.1177633 -1.779067
-2.043307 1.845588
0.1385766 -2.036393
-2.085499 1.336656
2.048627 -1.42131
-2.236615 1.537545
1.654097 -0.08080737
1.804296 -1.546454
-2.095186 1.715953
1.87894 -1.420039
-0.9493719 0.000158447
-0.281918 1.901993
-1.189995 -0.3940322
-1.502552 -0.5660266
2.26921 -1.741239
1.362311 0.1464863
-0.7648134 0.2527304
-0.127023 1.36066
0.9164276 -0.273006
1.983674 -1.544121
-0.1963051 1.753702
0.8387201 -0.2490099
0.03317845 -1.748905
0.1522085 -1.540351
0.08400235 -1.371963
-0.4203707 1.893848
-0.1450432 1.498096
-0.005176207 -1.486162
0.7006213 -0.1183496
1.992162 -1.767595
-1.259613 -0.5124599
-1.822898 1.578236
0.5892562 -0.03592812
-2.310319 1.747869
1.855463 -1.397543
-0.9161161 0.206436
-0.7502744 -0.06804404
1.347418 0.4348045
-1.675477 -0.6116104
-0.551486 0.4798059
1.735291 0.2527113
-0.02149856 1.601951
2.146566 -1.295169
0.8758411 -0.2922477
0.1105648 -2.11874
0.2773653 -2.062781
0.8463249 -0.09669004
-0.8994532 -0.4167774
2.300902 -1.150196
-0.4782099 0.239834
1.954625 -1.370815
-0.1231245 1.97933
-0.5654343 -0.4729038
0.1823342 -1.969644
2.182773 1.859221
-0.4343473 1.574569
-0.3814242 1.094181
0.1138882 -0.777404
0.3977368 -1.0636
2.243196 0.04592579
-1.402675 -1.822044
1.624382 -0.2892269
1.841005 1.351026
-1.985972 -1.919337
-1.961724 -1.815693
0.09268305 -0.4558506
0.5365249 -1.246958
1.314638 1.663618
2.063037 -0.5235735
0.1191025 -0.1162223
0.01905724 -0.661312
1.60385 1.942054
2.375814 -0.24151
0.1244469 0.5874717
-0.01872576 0.5424555
1.834056 0.1475105
-1.821663 0.02192485
2.21694 -0.3320073
0.5092121 0.7985914
1.395786 1.956015
1.740627 1.850757
0.2190627 -1.165379
0.3695998 -1.259364
-1.734711 -2.380883
-1.830776 0.1896007
-0.1424589 1.181127
-0.3020512 1.481959
0.2491759 -1.102382
-0.4321811 0.9233285
-0.1838581 1.187376
0.5024441 -1.178954
0.06657868 1.331581
-1.667683 -2.032693
-0.05882696 1.45398
-1.555045 -0.2502085
-0.1539103 -1.143191
-1.961445 0.05960996
0.1234811 0.394992
1.811609 -0.4280097
1.830592 -0.2940798
0.2894138 0.6874065
-0.3601044 -0.4199035
-2.072064 0.03778945
1.530001 1.401031
0.07767731 -0.6173342
1.87487 1.659148
0.1592259 0.5722532
-0.2756405 1.292798
1.515812 2.093417
-1.532039 -0.1991665
0.5839587 -1.687598
0.4413416 -1.470445
-1.634795 -1.752597
-0.2015011 -0.2946322
0.3350879 -0.778666
2.104927 -0.4819912
1.958505 -0.2874772
0.5809883 -1.534079
1.880217 1.792572
0.1571854 0.4026284
1.682253 1.491061
0.1623679 -1.719725
-0.3483955 1.422805
-2.012008 0.09722675
0.1469812 -1.104561
0.2402389 0.5832343
0.07780099 -1.330142
0.3018274 0.654234
0.1618063 -0.5905302
1.646134 1.713806
0.1027899 -0.81323
1.717784 1.721679
-2.056247 -2.044282
1.807323 1.949849
-0.121863 -1.413949
-1.384177 -1.434322
1.369542 1.433798
-1.493693 -2.205278
-0.02921017 1.262655
-0.3125157 0.5733809
-0.1660338 1.088633
0.1462421 1.82349
-1.801892 -2.171305
0.1787262 -1.365727
1.73711 -0.2798046
0.07337506 0.7993528
-1.533173 -0.06591051
-1.404551 -1.968751
0.2910407 0.7192109
-1.802828 0.02022895
-0.2844525 -0.5217274
-0.1295573 -0.454684
-0.573804 -0.6182618
0.1841165 0.9574516
-0.228781 0.5756513
-0.05491185 -0.7226907
-1.986306 -0.01685344
-2.123711 -1.674235
-0.3134627 1.153331
1.575165 1.752649
-1.89725 0.09915082
1.690733 1.949462
-1.774894 -1.965564
-0.4326628 1.172493
2.156401 -0.1194665
-0.1122214 -1.062505
-0.5004678 1.066167
1.797674 0.11408
0.5040482 -1.329271
-0.3387152 0.4380407
-1.689412 -1.904002
-1.692016 0.1065091
-0.0415785 -1.013064
0.006313339 -0.7301638
-1.941119 0.08297206
-0.2755209 1.675134
-1.715405 -1.951186
1.939734 -0.09914599
-1.807353 -1.616715
0.09165403 0.5801547
1.667775 -0.250304
-0.3048589 -0.7811857
3.280308 -0.001522517
0.896928 0.03971223
0.6853917 0.1917552
-1.107096 -0.2353012
-0.8289858 -0.08394635
0.9063718 -0.04446928
-2.943465 -0.05870776
0.4461379 -0.02830367
3.476229 -0.0646542
-2.831006 0.1580659
-2.934987 0.1834669
-1.214679 -0.3295236
-1.027015 -0.1075809
3.306277 0.1038413
0.8827842 0.09421697
-1.275338 0.2002176
-1.15705 0.1057186
3.175377 0.001322914
0.8045821 -0.05678933
1.099535 0.03677857
0.9631069 0.2075865
0.7941993 0.2627897
-0.9243804 -0.1290611
0.939576 -0.1742882
0.8534964 -0.1504752
2.963655 -0.2179558
2.783599 -0.08468669
-0.850839 0.15416
-0.5747547 -0.1329902
-2.438795 0.2160297
-0.8952354 -0.2250047
1.247076 -0.2107703
0.9237441 -0.4920354
-0.651758 0.06201793
1.362221 0.105277
0.6533887 -0.1117759
-1.098434 0.2285236
1.16479 -0.1564798
-3.255972 -0.3436382
1.021514 0.2311657
-1.119623 0.01017388
-1.288117 -0.05117118
-1.136355 0.1353126
1.170263 0.2809457
0.8946794 0.1172824
0.9111341 -0.2213023
1.062026 0.169338
-0.7477154 0.004867753
-0.7046177 -0.05658951
2.844746 0.5639796
-1.345173 -0.2263483
2.880991 0.07375499
0.7298976 0.1044771
0.8617045 0.06211909
3.106973 -0.542921
-0.6624222 -0.2598709
-0.9849886 0.2821865
-1.124707 -0.1049838
-2.759306 -0.2834041
-0.8655506 -0.01773377
-0.9592353 0.2158743
1.546777 0.2274641
0.8806393 0.1005794
-1.00109 0.1893939
2.66763 -0.4348778
1.083364 0.2572506
2.743417 0.04571353
-1.023818 0.235068
0.789546 -0.3984635
-0.8377839 0.1096181
-0.8517533 0.05680435
1.122131 0.1108683
-1.349204 -0.3331351
1.093696 0.2721516
-0.7858986 0.2122303
2.92082 0.06464436
-1.342566 -0.2530105
3.080699 -0.4248558
-2.772479 -0.3099184
2.912252 0.07598179
-0.8365263 -0.2224147
-3.187144 0.2145894
2.892364 -0.3592954
-2.835811 -0.2530526
1.176079 -0.1578587
0.9166272 0.1464513
1.178962 -0.3805088
0.8710925 0.299349
-3.147897 -0.295516
-0.8982231 -0.08524672
0.809514 0.3666287
1.018478 0.3076447
-1.094715 -0.5493717
-3.075882 0.06090265
0.8971654 -0.03948146
-1.071301 0.3460063
-1.040282 0.1049575
-0.9785185 0.1931817
-1.410265 -0.2082277
0.7749881 0.0626395
0.9820259 -0.01929657
-0.991087 0.0933826
-1.096131 0.2565299
-3.19087 0.2634954
1.01113 -0.3275184
3.434838 0.09796447
-1.06513 -0.1163136
3.250606 -0.0005484976
-2.939598 0.2734209
0.8932605 -0.2330253
1.155495 0.1338543
-1.104628 -0.1325299
1.555143 -0.03148301
1.061394 0.03103315
-1.348248 -0.1090482
0.9251364 0.006569404
-3.267449 -0.1018833
-0.7129067 0.1144461
-0.6321599 -0.1582311
-0.9995611 -0.2087937
-0.6819931 -0.2585888
1.049866 -0.2966236
-2.791181 0.1449293
1.043363 -0.1811838
-2.898658 0.2769602
1.119446 -0.1464532
0.6195563 0.195433
-1.252796 0.04470146
0.1305935 -2.055998
0.5209299 -0.3417579
0.8652632 -1.155362
-1.256637 1.258529
-0.4620011 0.1841916
-1.945055 -0.9512499
0.1679203 2.424015
-2.050991 -1.015749
-0.2937844 -1.87841
0.05416848 1.604511
-0.08839258 2.018286
-1.390747 0.7121584
-0.1169659 -0.1676907
-0.01022394 -2.261997
-1.553217 -0.6683919
-1.664603 1.440759
-1.412276 0.817659
-0.4885593 -2.401649
-1.861468 -1.178085
1.547544 -0.964677
1.527053 -1.243319
-1.784887 -0.6337342
1.71435 0.9933736
-1.466775 -0.7703117
1.426944 -1.284478
-0.3398796 -2.052691
-0.1818551 -2.306639
-0.3573178 0.08655342
-0.154252 0.0748302
-0.1430217 2.618128
1.88374 1.011866
0.1426781 -0.3371091
-0.0687063 -0.4190384
-0.2313651 0.1686915
1.920487 -1.390447
0.1132816 -0.3488942
-0.3442242 0.003694329
0.07728309 0.04780084
0.1779395 2.216882
-0.03907961 0.03560564
1.671603 1.182414
-1.204139 1.398183
2.529263 0.4570756
1.618633 -0.89013
-1.937699 -0.72469
-1.869468 -1.209962
1.530589 -1.120375
-1.445553 0.9884786
1.737052 0.7036975
-0.178303 -2.105453
-1.575451 0.9258726
-0.03423951 -2.37714
0.8758997 -1.279102
-0.1068863 -0.05695873
-0.3023728 -2.170771
1.677257 1.225007
-0.3264107 0.2284499
-0.1178501 0.2868849
0.3048554 2.223667
-1.181508 1.106418
-0.1744397 0.261499
-1.936108 -1.018528
-1.45125 -1.342845
0.3342941 0.1045106
-0.2572031 -2.085374
1.203295 -1.025451
-0.1961558 -2.103769
-0.180174 -0.03501251
-0.1867901 -0.08768637
2.485803 1.142749
-1.473332 1.54899
1.698296 -1.236302
0.4082922 0.1048592
1.28382 -1.388881
-1.42145 1.078123
-0.3416471 -2.421101
-1.490683 0.9982513
-0.1022164 -1.952574
0.4014586 1.662467
-0.2199152 -2.058423
-0.1484919 0.04159975
0.3783863 1.831132
-0.2430923 -1.982244
0.2518086 1.85836
0.1652954 -0.2019545
1.633875 -0.6239544
0.0200933 -0.365582
0.1985623 -0.2847167
0.2008352 1.948665
-0.3388831 0.07220681
-2.331631 -0.8721453
1.377177 -1.131682
1.507543 0.8828731
0.1153674 2.020647
1.716696 -1.255085
1.692761 0.8583031
-1.379561 1.197858
-1.977782 0.9560814
-0.8791448 0.7977833
1.373623 -1.051066
1.543189 -1.10452
-1.263451 0.8736379
1.495466 0.9052668
0.08909056 2.035462
0.259854 -0.01672739
-0.5088611 -2.018245
1.51263 0.7724382
-0.1242503 -2.242938
0.546567 2.120452
0.1897095 -0.3125685
-1.689038 -0.4886565
-0.774412 -0.1087505
0.3597699 -0.2098913
-1.962553 -0.8996812
-0.3718743 0.6329603
1.535803 -1.028286
0.02432413 1.966368
2.07389 1.297833
-1.236309 1.099042
-1.436778 1.076341
1.755783 0.9861284
-0.3224525 -0.06053099
0.3825118 2.405377
-1.789147 -0.815589
0.4813257 2.132356
1.538746 -1.184506
-1.817406 -1.001104
-1.178964 1.103497
-0.01524815 0.3906595
1.422033 -0.3684633
-1.359936 -1.749174
1.426924 1.464787
-1.70072 0.523066
-0.979152 2.329908
0.2394908 -0.3947164
-0.723828 2.139606
0.3260008 0.1458768
0.2275642 -0.2010774
0.03154738 -0.08093514
1.123642 1.156072
-1.867472 0.4556355
0.1452725 0.05022256
-0.8910818 1.785023
1.219719 1.338399
1.225502 1.999501
-0.2396801 -0.01006368
-1.10622 2.27275
-1.196728 -1.113703
-1.263064 -1.672442
-0.475695 1.813869
0.7736489 -2.346823
-0.8152112 1.975115
-0.9522759 -1.638997
0.1776215 0.1892213
-0.2361017 -0.1081766
-2.119092 0.3882298
-1.555238 0.7661992
-0.1926169 -0.06378983
0.3586454 -2.100955
1.283804 -0.7261286
1.506244 -0.5425428
-1.714499 0.6239408
-1.154383 -1.573759
1.52476 -0.8879893
-2.199681 0.2904499
1.687836 -0.3011056
0.01472748 0.08321308
1.58673 -0.3973301
0.8014095 -2.382919
1.262749 1.604162
1.072432 -2.119671
-0.7879375 -1.757391
-0.3913552 2.285043
-0.7082372 1.998809
-0.8634448 -1.547325
0.8212171 1.152503
0.940253 -2.334298
-0.4258781 0.2204754
1.021137 1.549906
-0.1785485 0.1442326
-1.189278 -1.264192
1.618042 0.20541
-0.07509515 -0.01311165
0.4588426 -2.16767
-1.430842 0.4141084
-1.506856 0.4259648
0.4011173 -0.421423
1.179716 1.913801
-1.413276 0.7602936
-0.6714689 1.938814
-0.4497558 2.317843
-2.013499 0.2590291
-0.3276959 0.5302573
-1.404093 -1.265997
0.306558 0.160158
-1.633335 0.3064332
1.362316 -0.8699218
0.6415723 -2.285665
0.9936105 1.294011
-1.191281 -1.498318
-1.729885 0.2155485
-0.9332289 -1.652728
1.44933 1.881306
-0.1078894 0.3392686
1.096213 1.760176
-0.4032716 0.5072629
0.1548646 -0.4865275
-0.6404932 -0.08929783
-1.793854 -0.05834393
0.4419022 -0.165847
0.2786781 0.6755522
0.1739088 -0.5334631
1.689967 -0.3811408
-1.276343 -1.742657
1.674588 -0.2290726
1.805123 -0.2591107
0.437392 -0.2810268
-1.602639 0.4180375
-0.6113442 2.445163
-0.991425 -1.495876
0.7921588 -2.459143
0.4423947 -0.3950789
-1.255406 -1.365697
0.8169256 -2.288273
1.143808 1.434473
1.120305 1.049447
1.211719 1.583716
-1.29455 -1.63924
-1.069323 -1.174496
1.055299 1.47416
0.7576388 -2.102259
-0.0112462 -0.2867147
1.925165 -0.1055196
-0.1487761 0.2602121
0.7843273 -2.190192
-0.2122015 -0.06282395
0.5417698 -0.4045826
1.621209 -0.5919489
-0.8628939 2.204305
-1.912097 0.4759372
1.343 -0.2903071
-0.9082245 2.154609
-1.548195 0.6667802
-0.9362581 -0.9862385
0.4280638 -0.3052519
0.7582847 -2.177446
0.9056647 1.284054
1.1164 1.566751
0.6491751 -2.350741
1.981768 -0.6941668
0.2863034 -0.8764236
-0.639817 1.929439
-0.0646884 -0.2817232
-1.022125 -1.678729
-0.4778756 2.308829
1.254529 1.852718
-0.1664951 -1.280212
-0.9567461 -2.72564
-0.2108663 0.8171151
0.2189036 -1.358649
0.7491183 3.240753
1.209229 0.5073026
-0.1039976 1.21624
1.060046 0.6665275
-0.008203728 -0.7279304
-0.2893306 1.579586
-0.4313687 0.8530321
0.03781747 -1.101807
0.6558121 2.695181
0.2710811 -1.115555
0.9942611 0.6123375
0.007344654 -1.023138
0.2104977 -1.145295
0.4655825 -1.451076
0.7641173 0.8729035
-0.08945037 0.7846206
0.2631634 1.327591
0.4618493 0.5170334
-0.6921418 -1.193887
0.8538232 0.9069368
-0.06823438 0.7785997
-0.01888894 -0.8888474
-0.1839112 -1.382816
1.000349 2.913837
0.3824054 2.373941
-0.2537293 0.9496821
-0.7776216 -1.072189
-0.6813612 -2.719603
-1.157854 -2.699865
1.02251 2.964683
-0.06318155 0.9078448
-0.5722508 -3.058198
0.7615246 2.852237
-0.8514537 -2.706585
-0.3397198 0.9710145
-0.6672634 -2.836051
-1.159697 -0.7610052
-0.08404238 -0.9233299
-0.7057558 -1.179542
0.3831882 0.805662
0.9189591 0.8298773
0.7209948 0.911247
0.486083 0.9960071
-0.3980696 -0.642303
-0.8511339 -0.7439154
0.03842452 -1.057031
-0.06494121 -1.006165
0.5557491 -1.039477
0.1655621 0.5836623
-1.265192 -2.459962
0.3594949 -0.9454439
-1.088891 -0.5078016
0.6536072 2.823978
0.9328535 2.802986
-0.1186718 0.5810599
-0.2250243 -0.911822
0.9118459 2.73588
1.205085 0.5729495
0.7954508 0.8692254
0.5286111 2.885723
0.3994087 -0.8025247
0.1225712 1.031696
0.4720812 -1.049757
0.8159834 2.630281
-0.7143919 -2.348026
-0.8487849 -1.080517
-0.5944192 -1.071465
0.1952261 0.8998366
0.5924152 3.413388
-0.01345315 1.148688
-0.1354137 -0.7368206
-0.3970184 -0.9971181
0.007341335 -0.8262822
0.0003602838 -0.8871715
-0.1547192 0.7825785
0.4821884 -1.51423
0.9255202 3.171504
-0.3839368 0.8120782
0.2672781 -1.006704
-0.02048553 1.611372
-0.8879892 -2.503753
-0.05037965 0.8594062
-0.737173 -2.628326
-0.7890449 -2.393842
-0.4945453 1.243156
0.744541 2.687731
1.337606 0.6895745
-0.08223656 0.9108956
-1.160322 -0.6723683
-0.1199946 0.9521255
0.4354585 0.9813412
-0.621513 -0.7119887
0.04694918 -0.8700805
0.1267064 -0.9085847
0.1283709 -0.9566294
0.2725932 0.9267382
0.08318502 1.028124
-0.02022075 -1.086751
-0.8761078 -0.6785919
-0.03457384 0.8361786
-1.275257 -2.745209
0.289642 -1.019602
-0.7170928 -1.000434
0.002225512 -1.211197
-0.6074869 1.268121
-1.170265 -3.079593
0.607372 0.6897369
1.04585 2.973995
-0.8185053 -2.774825
0.9598615 0.9838971
0.8786943 2.824747
0.1256457 1.224604
-0.1966525 1.060836
-1.060735 -0.6624437
0.1150531 -0.7305102
-0.2093309 -1.192725
-0.936178 -0.7597434
-0.6428495 -3.03406
0.07157782 1.014342
0.8241667 1.138459
-0.4445973 0.865119
0.2647592 0.6429905
0.6088092 1.049729
0.1964355 -0.8460114
-0.3454134 -0.3234946
-2.407428 0.47879
0.5663315 -1.907111
-0.5071444 2.578426
2.279883 -0.6924043
0.8523601 0.1274545
0.7714168 0.4535652
0.9895667 0.5958664
-0.7309973 -0.6483266
0.8585563 0.306765
1.019815 0.3596698
-0.1597711 2.207892
2.245143 -0.7366001
-1.034445 -0.3391527
1.116136 0.6046368
-0.5240887 2.059228
-0.6665902 1.861846
-0.3032432 -0.1748971
0.9143292 0.7778111
0.4564037 -2.160061
0.2846717 -1.827106
1.078731 0.5828961
-1.073536 -0.5964258
1.417643 0.6000432
0.4719198 -2.35931
-0.7576975 -0.259077
-1.058897 0.04979982
2.126408 -1.081146
1.812657 -0.9391572
0.4790797 0.3451763
-1.110551 -0.5507359
-2.267433 1.199418
-2.329417 0.821583
2.189826 -1.15022
0.3981991 -1.993096
-2.559179 1.626706
2.250229 -0.974645
-2.10535 0.7739347
0.3041049 0.3114582
-2.160122 1.374941
-0.7903681 -0.3600378
-0.4717194 2.077125
-0.8390218 -0.5528718
0.5199876 -1.926648
0.6996634 0.3618839
1.047571 0.5914
0.5180049 -2.058378
-0.5003723 1.804228
-1.345103 -0.7078822
-0.3770292 -0.294436
-0.5309935 2.145246
-0.7648359 -0.5150805
0.7591037 -2.183314
-2.032193 0.8969544
-0.5210189 -0.368156
-1.208481 -0.9843925
2.488303 -1.118582
2.002341 -1.111962
0.9982226 0.3990161
-0.4251955 1.940879
1.891771 -1.075313
0.8262575 0.6780621
1.462263 0.4291316
2.326779 -0.7911633
-0.8150921 -0.4318227
-0.02379651 -2.163668
-0.5514449 -0.5334164
1.974375 -0.8097181
-2.226642 1.081946
-1.121545 -0.8257852
-0.733318 2.411606
0.4046777 -1.947389
1.8892 -0.9990965
0.240179 -1.914372
-0.296407 2.165198
-0.7540551 -0.7388956
-0.5584195 1.51628
-0.8231112 -0.1203679
1.171703 0.3558633
-0.3561173 -0.8657373
2.561479 -1.186347
0.6323899 0.4886431
-0.6793482 -0.1855881
0.7172078 0.7308643
-2.171691 1.14833
0.3911706 -2.238506
-2.126591 1.035512
-2.485722 1.309341
0.7771922 0.4050573
2.187562 -0.8977661
0.9290555 0.5084274
0.4474439 -2.054175
-0.804225 -0.8910916
0.6818257 0.5333578
0.4849491 -1.830027
-0.8873391 -0.7548077
-0.279628 1.820261
-0.3209502 2.280862
-0.2988283 1.754332
0.5206108 -1.828221
0.578657 -1.920085
-0.2765235 1.71964
-1.134287 -0.5976917
0.6677026 0.3509158
-2.078851 0.7520339
-1.115497 -0.2461036
-1.334406 -0.8214446
-0.6598715 -0.4763858
0.9182171 0.192229
-2.223111 0.844358
0.71077 0.7121943
2.191706 -0.8766605
-2.155191 1.428166
1.635906 0.6311541
2.134697 -1.248415
0.7479753 -2.037451
1.098591 0.5286568
-1.137178 -0.8204081
-0.3902334 2.078474
-0.1429127 1.618603
-0.8305031 -0.8810191
-2.382305 0.8521572
0.7799252 0.3104087
0.9254614 0.8910629
0.6340739 0.170799
0.6520717 -1.954103
1.062689 0.6237386
-0.2246231 2.019119
-0.6556268 -0.5303156
0.8327849 0.7769508
-2.450636 0.3936722
2.544509 -0.2362268
-0.4511991 -0.06609881
0.6531163 -1.254892
0.8557078 1.00219
1.078299 -1.355068
-1.188686 -0.4896353
0.7239939 1.023408
0.8596793 0.8495393
2.485974 0.04471339
-0.3581212 -0.4455311
-1.08022 -1.241174
1.501165 -1.665887
2.752988 0.2156893
2.739354 0.2364164
-0.8955619 -1.114806
1.396781 -1.298834
-2.775663 -0.07304789
-2.612 0.09340103
1.120114 -0.8305569
-1.329876 1.171151
1.155333 -1.215232
-2.951703 -0.4238503
-0.9033523 -0.5836582
-1.283335 -1.204803
-0.7109488 -0.227447
-0.8817748 0.06438798
0.6637854 0.7611252
-1.236617 1.207317
1.119581 0.1863621
0.9712675 0.009971283
-0.6035396 -0.6667314
-2.820672 -0.0472427
0.4993191 0.1479356
-0.7340295 -0.1262162
0.8795697 -0.08747871
1.156687 0.6844053
0.8212485 -0.2010593
-1.328561 0.9621713
2.650032 -0.1691196
-1.094229 1.22394
-2.814926 -0.1183481
0.598241 -0.7903581
0.5975897 -1.119815
-2.876384 -0.1630299
2.80797 0.05896231
-1.076225 0.8333665
-0.9729027 -0.7920623
2.917486 -0.2773429
-0.9670178 -0.7321148
-2.749849 0.4213361
0.4752449 0.430036
-0.9425125 -0.679941
-1.374447 1.355497
-0.7721907 -0.5859485
-1.177962 -0.2115667
1.231236 1.048242
2.393493 0.3447926
-0.6087589 -0.461621
1.36903 -1.450048
1.026071 -1.373954
-1.190768 -0.6673811
-0.7162875 -0.7602996
-2.486789 0.08961866
-0.7005623 -0.4890752
-0.9148585 -0.2549517
0.8454046 0.5736313
-0.8387979 1.044747
2.570661 0.5852163
-2.591105 -0.3261341
-0.7162085 -0.3035255
-2.204896 -0.07673847
2.344121 -0.1578077
-1.137487 -1.171933
2.389801 -0.08968606
-0.7579977 -0.6362508
1.218389 0.8306747
-0.8986255 -1.060975
-1.032334 -0.1976482
0.7135164 1.024876
-0.734961 -0.9560394
0.7734932 0.7759467
0.6600116 0.2770568
-2.645208 -0.3843274
0.7120472 -0.07296995
0.96355 0.4205197
1.060522 0.7349351
-0.8893943 -0.3128991
1.410295 -0.8508863
-2.627208 0.02983312
-1.157427 1.356512
0.9278218 0.804343
-3.385341 0.02308814
-1.063224 0.8663391
2.372348 0.01162353
3.007182 0.2827695
2.604943 0.1914025
-2.804739 -0.2890975
-2.640586 -0.06705394
3.436297 0.3980484
-1.098607 1.165359
0.9693744 1.249967
0.7424253 0.6658344
-0.7979 -0.9522678
-1.390745 1.135475
-0.7755258 -0.5946763
0.7507911 0.73994
0.2804966 0.3993228
1.269008 -1.115939
-0.2886788 -0.2810916
0.5375394 -0.008302541
1.143481 -1.047002
-0.5144719 0.09929591
-2.415173 0.3218436
0.8691027 0.7568651
-1.16973 1.214297
2.532979 -0.2532669
3.015131 -0.07785498
-1.111335 1.55037
0.1535864 0.1327306
0.5147766 0.8423138
0.8483603 -0.6412634
1.050447 0.9062235
-3.079903 -0.1003048
0.9597449 -1.113737
2.829166 0.1503133
-2.092252 1.395523
-1.188553 0.02985414
-0.603173 1.456529
-0.07567907 -1.838777
1.538152 0.1306659
-0.9084397 -0.07268477
2.659735 -1.735564
-0.7961675 -0.1569098
-2.340242 1.558595
2.496805 -1.368344
2.221779 -1.692867
-0.06153999 -1.401542
1.192449 0.6308637
-2.183484 1.543521
-0.7798236 -0.4641732
0.005048408 -1.483857
-0.2305605 -1.641343
-1.816682 1.130947
-0.6737494 0.03675311
-0.5036883 1.940259
-0.006063682 1.68208
-0.6452622 0.2033475
0.7003996 -0.2862181
-0.6038154 -0.08015806
-0.04158911 0.9809496
-2.013195 1.572082
-2.144493 1.633317
1.179127 0.5944868
1.302757 0.2802109
2.361996 -1.5164
0.6892607 0.1177668
-1.133525 -0.3500239
-1.403708 -0.525015
1.185329 -0.04831824
-0.3161489 1.494772
-1.157512 0.05406452
0.9637714 0.1648338
-1.350503 -0.4118814
2.16598 -1.531911
-1.123389 -0.1989036
0.9676067 0.1658695
0.3529026 -2.015256
0.3345389 -0.07880688
-0.2186831 1.920895
-0.6686873 0.08459559
-0.9323348 0.2966242
-0.0362354 2.060773
0.02368035 -1.667955
0.8741953 0.1153022
-2.047258 2.106208
-0.3042166 -1.422353
-2.042653 1.376751
-0.1349456 1.490683
-1.617777 0.04016364
-2.089589 1.291932
0.4379807 -0.2487778
1.098057 -0.1945658
1.095049 0.4597187
2.01849 -1.361581
0.03647207 -1.421838
1.047397 0.6654463
-0.813142 -0.2309136
-0.5431511 -0.01354716
1.45366 0.546878
-2.319827 1.491091
0.1746704 1.646091
-1.848526 1.162099
1.405856 0.3888039
-0.9981599 -0.6739665
0.6340215 -0.1882793
0.3317481 -1.844469
-0.1969548 1.733621
1.561024 0.2262094
-0.09298306 1.983242
-0.1177633 -1.779067
-2.043307 1.845588
0.1385766 -2.036393
-2.085499 1.336656
2.048627 -1.42131
-2.236615 1.537545
1.654097 -0.08080737
1.804296 -1.546454
-2.095186 1.715953
1.87894 -1.420039
-0.9493719 0.000158447
-0.281918 1.901993
-1.189995 -0.3940322
-1.502552 -0.5660266
2.26921 -1.741239
1.362311 0.1464863
-0.7648134 0.2527304
-0.127023 1.36066
0.9164276 -0.273006
1.983674 -1.544121
-0.1963051 1.753702
0.8387201 -0.2490099
0.03317845 -1.748905
0.1522085 -1.540351
0.08400235 -1.371963
-0.4203707 1.893848
-0.1450432 1.498096
-0.005176207 -1.486162
0.7006213 -0.1183496
1.992162 -1.767595
-1.259613 -0.5124599
-1.822898 1.578236
0.5892562 -0.03592812
-2.310319 1.747869
1.855463 -1.397543
-0.9161161 0.206436
-0.7502744 -0.06804404
1.347418 0.4348045
-1.675477 -0.6116104
-0.551486 0.4798059
1.735291 0.2527113
-0.02149856 1.601951
2.146566 -1.295169
0.8758411 -0.2922477
0.1105648 -2.11874
0.2773653 -2.062781
0.8463249 -0.09669004
-0.8994532 -0.4167774
2.300902 -1.150196
-0.4782099 0.239834
1.954625 -1.370815
-0.1231245 1.97933
-0.5654343 -0.4729038
0.1823342 -1.969644
2.182773 1.859221
-0.4343473 1.574569
-0.3814242 1.094181
0.1138882 -0.777404
0.3977368 -1.0636
2.243196 0.04592579
-1.402675 -1.822044
1.624382 -0.2892269
1.841005 1.351026
-1.985972 -1.919337
-1.961724 -1.815693
0.09268305 -0.4558506
0.5365249 -1.246958
1.314638 1.663618
2.063037 -0.5235735
0.1191025 -0.1162223
0.01905724 -0.661312
1.60385 1.942054
2.375814 -0.24151
0.1244469 0.5874717
-0.01872576 0.5424555
1.834056 0.1475105
-1.821663 0.02192485
2.21694 -0.3320073
0.5092121 0.7985914
1.395786 1.956015
1.740627 1.850757
0.2190627 -1.165379
0.3695998 -1.259364
-1.734711 -2.380883
-1.830776 0.1896007
-0.1424589 1.181127
-0.3020512 1.481959
0.2491759 -1.102382
-0.4321811 0.9233285
-0.1838581 1.187376
0.5024441 -1.178954
0.06657868 1.331581
-1.667683 -2.032693
-0.05882696 1.45398
-1.555045 -0.2502085
-0.1539103 -1.143191
-1.961445 0.05960996
0.1234811 0.394992
1.811609 -0.4280097
1.830592 -0.2940798
0.2894138 0.6874065
-0.3601044 -0.4199035
-2.072064 0.03778945
1.530001 1.401031
0.07767731 -0.6173342
1.87487 1.659148
0.1592259 0.5722532
-0.2756405 1.292798
1.515812 2.093417
-1.532039 -0.1991665
0.5839587 -1.687598
0.4413416 -1.470445
-1.634795 -1.752597
-0.2015011 -0.2946322
0.3350879 -0.778666
2.104927 -0.4819912
1.958505 -0.2874772
0.5809883 -1.534079
1.880217 1.792572
0.1571854 0.4026284
1.682253 1.491061
0.1623679 -1.719725
-0.3483955 1.422805
-2.012008 0.09722675
0.1469812 -1.104561
0.2402389 0.5832343
0.07780099 -1.330142
0.3018274 0.654234
0.1618063 -0.5905302
1.646134 1.713806
0.1027899 -0.81323
1.717784 1.721679
-2.056247 -2.044282
1.807323 1.949849
-0.121863 -1.413949
-1.384177 -1.434322
1.369542 1.433798
-1.493693 -2.205278
-0.02921017 1.262655
-0.3125157 0.5733809
-0.1660338 1.088633
0.1462421 1.82349
-1.801892 -2.171305
0.1787262 -1.365727
1.73711 -0.2798046
0.07337506 0.7993528
-1.533173 -0.06591051
-1.404551 -1.968751
0.2910407 0.7192109
-1.802828 0.02022895
-0.2844525 -0.5217274
-0.1295573 -0.454684
-0.573804 -0.6182618
0.1841165 0.9574516
-0.228781 0.5756513
-0.05491185 -0.7226907
-1.986306 -0.01685344
-2.123711 -1.674235
-0.3134627 1.153331
1.575165 1.752649
-1.89725 0.09915082
1.690733 1.949462
-1.774894 -1.965564
-0.4326628 1.172493
2.156401 -0.1194665
-0.1122214 -1.062505
-0.5004678 1.066167
1.797674 0.11408
0.5040482 -1.329271
-0.3387152 0.4380407
-1.689412 -1.904002
-1.692016 0.1065091
-0.0415785 -1.013064
0.006313339 -0.7301638
-1.941119 0.08297206
-0.2755209 1.675134
-1.715405 -1.951186
1.939734 -0.09914599
-1.807353 -1.616715
0.09165403 0.5801547
1.667775 -0.250304
-0.3048589 -0.7811857
3.280308 -0.001522517
0.896928 0.03971223
0.6853917 0.1917552
-1.107096 -0.2353012
-0.8289858 -0.08394635
0.9063718 -0.04446928
-2.943465 -0.05870776
0.4461379 -0.02830367
3.476229 -0.0646542
-2.831006 0.1580659
-2.934987 0.1834669
-1.214679 -0.3295236
-1.027015 -0.1075809
3.306277 0.1038413
0.8827842 0.09421697
-1.275338 0.2002176
-1.15705 0.1057186
3.175377 0.001322914
0.8045821 -0.05678933
1.099535 0.03677857
0.9631069 0.2075865
0.7941993 0.2627897
-0.9243804 -0.1290611
0.939576 -0.1742882
0.8534964 -0.1504752
2.963655 -0.2179558
2.783599 -0.08468669
-0.850839 0.15416
-0.5747547 -0.1329902
-2.438795 0.2160297
-0.8952354 -0.2250047
1.247076 -0.2107703
0.9237441 -0.4920354
-0.651758 0.06201793
1.362221 0.105277
0.6533887 -0.1117759
-1.098434 0.2285236
1.16479 -0.1564798
-3.255972 -0.3436382
1.021514 0.2311657
-1.119623 0.01017388
-1.288117 -0.05117118
-1.136355 0.1353126
1.170263 0.2809457
0.8946794 0.1172824
0.9111341 -0.2213023
1.062026 0.169338
-0.7477154 0.004867753
-0.7046177 -0.05658951
2.844746 0.5639796
-1.345173 -0.2263483
2.880991 0.07375499
0.7298976 0.1044771
0.8617045 0.06211909
3.106973 -0.542921
-0.6624222 -0.2598709
-0.9849886 0.2821865
-1.124707 -0.1049838
-2.759306 -0.2834041
-0.8655506 -0.01773377
-0.9592353 0.2158743
1.546777 0.2274641
0.8806393 0.1005794
-1.00109 0.1893939
2.66763 -0.4348778
1.083364 0.2572506
2.743417 0.04571353
-1.023818 0.235068
0.789546 -0.3984635
-0.8377839 0.1096181
-0.8517533 0.05680435
1.122131 0.1108683
-1.349204 -0.3331351
1.093696 0.2721516
-0.7858986 0.2122303
2.92082 0.06464436
-1.342566 -0.2530105
3.080699 -0.4248558
-2.772479 -0.3099184
2.912252 0.07598179
-0.8365263 -0.2224147
-3.187144 0.2145894
2.892364 -0.3592954
-2.835811 -0.2530526
1.176079 -0.1578587
0.9166272 0.1464513
1.178962 -0.3805088
0.8710925 0.299349
-3.147897 -0.295516
-0.8982231 -0.08524672
0.809514 0.3666287
1.018478 0.3076447
-1.094715 -0.5493717
-3.075882 0.06090265
0.8971654 -0.03948146
-1.071301 0.3460063
-1.040282 0.1049575
-0.9785185 0.1931817
-1.410265 -0.2082277
0.7749881 0.0626395
0.9820259 -0.01929657
-0.991087 0.0933826
-1.096131 0.2565299
-3.19087 0.2634954
1.01113 -0.3275184
3.434838 0.09796447
-1.06513 -0.1163136
3.250606 -0.0005484976
-2.939598 0.2734209
0.8932605 -0.2330253
1.155495 0.1338543
-1.104628 -0.1325299
1.555143 -0.03148301
1.061394 0.03103315
-1.348248 -0.1090482
0.9251364 0.006569404
-3.267449 -0.1018833
-0.7129067 0.1144461
-0.6321599 -0.1582311
-0.9995611 -0.2087937
-0.6819931 -0.2585888
1.049866 -0.2966236
-2.791181 0.1449293
1.043363 -0.1811838
-2.898658 0.2769602
1.119446 -0.1464532
0.6195563 0.195433
-1.252796 0.04470146
0.1305935 -2.055998
0.5209299 -0.3417579
0.8652632 -1.155362
-1.256637 1.258529
-0.4620011 0.1841916
-1.945055 -0.9512499
0.1679203 2.424015
-2.050991 -1.015749
-0.2937844 -1.87841
0.05416848 1.604511
-0.08839258 2.018286
-1.390747 0.7121584
-0.1169659 -0.1676907
-0.01022394 -2.261997
-1.553217 -0.6683919
-1.664603 1.440759
-1.412276 0.817659
-0.4885593 -2.401649
-1.861468 -1.178085
1.547544 -0.964677
1.527053 -1.243319
-1.784887 -0.6337342
1.71435 0.9933736
-1.466775 -0.7703117
1.426944 -1.284478
-0.3398796 -2.052691
-0.1818551 -2.306639
-0.3573178 0.08655342
-0.154252 0.0748302
-0.1430217 2.618128
1.88374 1.011866
0.1426781 -0.3371091
-0.0687063 -0.4190384
-0.2313651 0.1686915
1.920487 -1.390447
0.1132816 -0.3488942
-0.3442242 0.003694329
0.07728309 0.04780084
0.1779395 2.216882
-0.03907961 0.03560564
1.671603 1.182414
-1.204139 1.398183
2.529263 0.4570756
1.618633 -0.89013
-1.937699 -0.72469
-1.869468 -1.209962
1.530589 -1.120375
-1.445553 0.9884786
1.737052 0.7036975
-0.178303 -2.105453
-1.575451 0.9258726
-0.03423951 -2.37714
0.8758997 -1.279102
-0.1068863 -0.05695873
-0.3023728 -2.170771
1.677257 1.225007
-0.3264107 0.2284499
-0.1178501 0.2868849
0.3048554 2.223667
-1.181508 1.106418
-0.1744397 0.261499
-1.936108 -1.018528
-1.45125 -1.342845
0.3342941 0.1045106
-0.2572031 -2.085374
1.203295 -1.025451
-0.1961558 -2.103769
-0.180174 -0.03501251
-0.1867901 -0.08768637
2.485803 1.142749
-1.473332 1.54899
1.698296 -1.236302
0.4082922 0.1048592
1.28382 -1.388881
-1.42145 1.078123
-0.3416471 -2.421101
-1.490683 0.9982513
-0.1022164 -1.952574
0.4014586 1.662467
-0.2199152 -2.058423
-0.1484919 0.04159975
0.3783863 1.831132
-0.2430923 -1.982244
0.2518086 1.85836
0.1652954 -0.2019545
1.633875 -0.6239544
0.0200933 -0.365582
0.1985623 -0.2847167
0.2008352 1.948665
-0.3388831 0.07220681
-2.331631 -0.8721453
1.377177 -1.131682
1.507543 0.8828731
0.1153674 2.020647
1.716696 -1.255085
1.692761 0.8583031
-1.379561 1.197858
-1.977782 0.9560814
-0.8791448 0.7977833
1.373623 -1.051066
1.543189 -1.10452
-1.263451 0.8736379
1.495466 0.9052668
0.08909056 2.035462
0.259854 -0.01672739
-0.5088611 -2.018245
1.51263 0.7724382
-0.1242503 -2.242938
0.546567 2.120452
0.1897095 -0.3125685
-1.689038 -0.4886565
-0.774412 -0.1087505
0.3597699 -0.2098913
-1.962553 -0.8996812
-0.3718743 0.6329603
1.535803 -1.028286
0.02432413 1.966368
2.07389 1.297833
-1.236309 1.099042
-1.436778 1.076341
1.755783 0.9861284
-0.3224525 -0.06053099
0.3825118 2.405377
-1.789147 -0.815589
0.4813257 2.132356
1.538746 -1.184506
-1.817406 -1.001104
-1.178964 1.103497
-0.01524815 0.3906595
1.422033 -0.3684633
-1.359936 -1.749174
1.426924 1.464787
-1.70072 0.523066
-0.979152 2.329908
0.2394908 -0.3947164
-0.723828 2.139606
0.3260008 0.1458768
0.2275642 -0.2010774
0.03154738 -0.08093514
1.123642 1.156072
-1.867472 0.4556355
0.1452725 0.05022256
-0.8910818 1.785023
1.219719 1.338399
1.225502 1.999501
-0.2396801 -0.01006368
-1.10622 2.27275
-1.196728 -1.113703
-1.263064 -1.672442
-0.475695 1.813869
0.7736489 -2.346823
-0.8152112 1.975115
-0.9522759 -1.638997
0.1776215 0.1892213
-0.2361017 -0.1081766
-2.119092 0.3882298
-1.555238 0.7661992
-0.1926169 -0.06378983
0.3586454 -2.100955
1.283804 -0.7261286
1.506244 -0.5425428
-1.714499 0.6239408
-1.154383 -1.573759
1.52476 -0.8879893
-2.199681 0.2904499
1.687836 -0.3011056
0.01472748 0.08321308
1.58673 -0.3973301
0.8014095 -2.382919
1.262749 1.604162
1.072432 -2.119671
-0.7879375 -1.757391
-0.3913552 2.285043
-0.7082372 1.998809
-0.8634448 -1.547325
0.8212171 1.152503
0.940253 -2.334298
-0.4258781 0.2204754
1.021137 1.549906
-0.1785485 0.1442326
-1.189278 -1.264192
1.618042 0.20541
-0.07509515 -0.01311165
0.4588426 -2.16767
-1.430842 0.4141084
-1.506856 0.4259648
0.4011173 -0.421423
1.179716 1.913801
-1.413276 0.7602936
-0.6714689 1.938814
-0.4497558 2.317843
-2.013499 0.2590291
-0.3276959 0.5302573
-1.404093 -1.265997
0.306558 0.160158
-1.633335 0.3064332
1.362316 -0.8699218
0.6415723 -2.285665
0.9936105 1.294011
-1.191281 -1.498318
-1.729885 0.2155485
-0.9332289 -1.652728
1.44933 1.881306
-0.1078894 0.3392686
1.096213 1.760176
-0.4032716 0.5072629
0.1548646 -0.4865275
-0.6404932 -0.08929783
-1.793854 -0.05834393
0.4419022 -0.165847
0.2786781 0.6755522
0.1739088 -0.5334631
1.689967 -0.3811408
-1.276343 -1.742657
1.674588 -0.2290726
1.805123 -0.2591107
0.437392 -0.2810268
-1.602639 0.4180375
-0.6113442 2.445163
-0.991425 -1.495876
0.7921588 -2.459143
0.4423947 -0.3950789
-1.255406 -1.365697
0.8169256 -2.288273
1.143808 1.434473
1.120305 1.049447
1.211719 1.583716
-1.29455 -1.63924
-1.069323 -1.174496
1.055299 1.47416
0.7576388 -2.102259
-0.0112462 -0.2867147
1.925165 -0.1055196
-0.1487761 0.2602121
0.7843273 -2.190192
-0.2122015 -0.06282395
0.5417698 -0.4045826
1.621209 -0.5919489
-0.8628939 2.204305
-1.912097 0.4759372
1.343 -0.2903071
-0.9082245 2.154609
-1.548195 0.6667802
-0.9362581 -0.9862385
0.4280638 -0.3052519
0.7582847 -2.177446
0.9056647 1.284054
1.1164 1.566751
0.6491751 -2.350741
1.981768 -0.6941668
0.2863034 -0.8764236
-0.639817 1.929439
-0.0646884 -0.2817232
-1.022125 -1.678729
-0.4778756 2.308829
1.254529 1.852718
-0.1664951 -1.280212
-0.9567461 -2.72564
-0.2108663 0.8171151
0.2189036 -1.358649
0.7491183 3.240753
1.209229 0.5073026
-0.1039976 1.21624
1.060046 0.6665275
-0.008203728 -0.7279304
-0.2893306 1.579586
-0.4313687 0.8530321
0.03781747 -1.101807
0.6558121 2.695181
0.2710811 -1.115555
0.9942611 0.6123375
0.007344654 -1.023138
0.2104977 -1.145295
0.4655825 -1.451076
0.7641173 0.8729035
-0.08945037 0.7846206
0.2631634 1.327591
0.4618493 0.5170334
-0.6921418 -1.193887
0.8538232 0.9069368
-0.06823438 0.7785997
-0.01888894 -0.8888474
-0.1839112 -1.382816
1.000349 2.913837
0.3824054 2.373941
-0.2537293 0.9496821
-0.7776216 -1.072189
-0.6813612 -2.719603
-1.157854 -2.699865
1.02251 2.964683
-0.06318155 0.9078448
-0.5722508 -3.058198
0.7615246 2.852237
-0.8514537 -2.706585
-0.3397198 0.9710145
-0.6672634 -2.836051
-1.159697 -0.7610052
-0.08404238 -0.9233299
-0.7057558 -1.179542
0.3831882 0.805662
0.9189591 0.8298773
0.7209948 0.911247
0.486083 0.9960071
-0.3980696 -0.642303
-0.8511339 -0.7439154
0.03842452 -1.057031
-0.06494121 -1.006165
0.5557491 -1.039477
0.1655621 0.5836623
-1.265192 -2.459962
0.3594949 -0.9454439
-1.088891 -0.5078016
0.6536072 2.823978
0.9328535 2.802986
-0.1186718 0.5810599
-0.2250243 -0.911822
0.9118459 2.73588
1.205085 0.5729495
0.7954508 0.8692254
0.5286111 2.885723
0.3994087 -0.8025247
0.1225712 1.031696
0.4720812 -1.049757
0.8159834 2.630281
-0.7143919 -2.348026
-0.8487849 -1.080517
-0.5944192 -1.071465
0.1952261 0.8998366
0.5924152 3.413388
-0.01345315 1.148688
-0.1354137 -0.7368206
-0.3970184 -0.9971181
0.007341335 -0.8262822
0.0003602838 -0.8871715
-0.1547192 0.7825785
0.4821884 -1.51423
0.9255202 3.171504
-0.3839368 0.8120782
0.2672781 -1.006704
-0.02048553 1.611372
-0.8879892 -2.503753
-0.05037965 0.8594062
-0.737173 -2.628326
-0.7890449 -2.393842
-0.4945453 1.243156
0.744541 2.687731
1.337606 0.6895745
-0.08223656 0.9108956
-1.160322 -0.6723683
-0.1199946 0.9521255
0.4354585 0.9813412
-0.621513 -0.7119887
0.04694918 -0.8700805
0.1267064 -0.9085847
0.1283709 -0.9566294
0.2725932 0.9267382
0.08318502 1.028124
-0.02022075 -1.086751
-0.8761078 -0.6785919
-0.03457384 0.8361786
-1.275257 -2.745209
0.289642 -1.019602
-0.7170928 -1.000434
0.002225512 -1.211197
-0.6074869 1.268121
-1.170265 -3.079593
0.607372 0.6897369
1.04585 2.973995
-0.8185053 -2.774825
0.9598615 0.9838971
0.8786943 2.824747
0.1256457 1.224604
-0.1966525 1.060836
-1.060735 -0.6624437
0.1150531 -0.7305102
-0.2093309 -1.192725
-0.936178 -0.7597434
-0.6428495 -3.03406
0.07157782 1.014342
0.8241667 1.138459
-0.4445973 0.865119
0.2647592 0.6429905
0.6088092 1.049729
0.1964355 -0.8460114
-0.3454134 -0.3234946
-2.407428 0.47879
0.5663315 -1.907111
-0.5071444 2.578426
2.279883 -0.6924043
0.8523601 0.1274545
0.7714168 0.4535652
0.9895667 0.5958664
-0.7309973 -0.6483266
0.8585563 0.306765
1.019815 0.3596698
-0.1597711 2.207892
2.245143 -0.7366001
-1.034445 -0.3391527
1.116136 0.6046368
-0.5240887 2.059228
-0.6665902 1.861846
-0.3032432 -0.1748971
0.9143292 0.7778111
0.4564037 -2.160061
0.2846717 -1.827106
1.078731 0.5828961
-1.073536 -0.5964258
1.417643 0.6000432
0.4719198 -2.35931
-0.7576975 -0.259077
-1.058897 0.04979982
2.126408 -1.081146
1.812657 -0.9391572
0.4790797 0.3451763
-1.110551 -0.5507359
-2.267433 1.199418
-2.329417 0.821583
2.189826 -1.15022
0.3981991 -1.993096
-2.559179 1.626706
2.250229 -0.974645
-2.10535 0.7739347
0.3041049 0.3114582
-2.160122 1.374941
-0.7903681 -0.3600378
-0.4717194 2.077125
-0.8390218 -0.5528718
0.5199876 -1.926648
0.6996634 0.3618839
1.047571 0.5914
0.5180049 -2.058378
-0.5003723 1.804228
-1.345103 -0.7078822
-0.3770292 -0.294436
-0.5309935 2.145246
-0.7648359 -0.5150805
0.7591037 -2.183314
-2.032193 0.8969544
-0.5210189 -0.368156
-1.208481 -0.9843925
2.488303 -1.118582
2.002341 -1.111962
0.9982226 0.3990161
-0.4251955 1.940879
1.891771 -1.075313
0.8262575 0.6780621
1.462263 0.4291316
2.326779 -0.7911633
-0.8150921 -0.4318227
-0.02379651 -2.163668
-0.5514449 -0.5334164
1.974375 -0.8097181
-2.226642 1.081946
-1.121545 -0.8257852
-0.733318 2.411606
0.4046777 -1.947389
1.8892 -0.9990965
0.240179 -1.914372
-0.296407 2.165198
-0.7540551 -0.7388956
-0.5584195 1.51628
-0.8231112 -0.1203679
1.171703 0.3558633
-0.3561173 -0.8657373
2.561479 -1.186347
0.6323899 0.4886431
-0.6793482 -0.1855881
0.7172078 0.7308643
-2.171691 1.14833
0.3911706 -2.238506
-2.126591 1.035512
-2.485722 1.309341
0.7771922 0.4050573
2.187562 -0.8977661
0.9290555 0.5084274
0.4474439 -2.054175
-0.804225 -0.8910916
0.6818257 0.5333578
0.4849491 -1.830027
-0.8873391 -0.7548077
-0.279628 1.820261
-0.3209502 2.280862
-0.2988283 1.754332
0.5206108 -1.828221
0.578657 -1.920085
-0.2765235 1.71964
-1.134287 -0.5976917
0.6677026 0.3509158
-2.078851 0.7520339
-1.115497 -0.2461036
-1.334406 -0.8214446
-0.6598715 -0.4763858
0.9182171 0.192229
-2.223111 0.844358
0.71077 0.7121943
2.191706 -0.8766605
-2.155191 1.428166
1.635906 0.6311541
2.134697 -1.248415
0.7479753 -2.037451
1.098591 0.5286568
-1.137178 -0.8204081
-0.3902334 2.078474
-0.1429127 1.618603
-0.8305031 -0.8810191
-2.382305 0.8521572
0.7799252 0.3104087
0.9254614 0.8910629
0.6340739 0.170799
0.6520717 -1.954103
1.062689 0.6237386
-0.2246231 2.019119
-0.6556268 -0.5303156
0.8327849 0.7769508
-2.450636 0.3936722
2.544509 -0.2362268
-0.4511991 -0.06609881
0.6531163 -1.254892
0.8557078 1.00219
1.078299 -1.355068
-1.188686 -0.4896353
0.7239939 1.023408
0.8596793 0.8495393
2.485974 0.04471339
-0.3581212 -0.4455311
-1.08022 -1.241174
1.501165 -1.665887
2.752988 0.2156893
2.739354 0.2364164
-0.8955619 -1.114806
1.396781 -1.298834
-2.775663 -0.07304789
-2.612 0.09340103
1.120114 -0.8305569
-1.329876 1.171151
1.155333 -1.215232
-2.951703 -0.4238503
-0.9033523 -0.5836582
-1.283335 -1.204803
-0.7109488 -0.227447
-0.8817748 0.06438798
0.6637854 0.7611252
-1.236617 1.207317
1.119581 0.1863621
0.9712675 0.009971283
-0.6035396 -0.6667314
-2.820672 -0.0472427
0.4993191 0.1479356
-0.7340295 -0.1262162
0.8795697 -0.08747871
1.156687 0.6844053
0.8212485 -0.2010593
-1.328561 0.9621713
2.650032 -0.1691196
-1.094229 1.22394
-2.814926 -0.1183481
0.598241 -0.7903581
0.5975897 -1.119815
-2.876384 -0.1630299
2.80797 0.05896231
-1.076225 0.8333665
-0.9729027 -0.7920623
2.917486 -0.2773429
-0.9670178 -0.7321148
-2.749849 0.4213361
0.4752449 0.430036
-0.9425125 -0.679941
-1.374447 1.355497
-0.7721907 -0.5859485
-1.177962 -0.2115667
1.231236 1.048242
2.393493 0.3447926
-0.6087589 -0.461621
1.36903 -1.450048
1.026071 -1.373954
-1.190768 -0.6673811
-0.7162875 -0.7602996
-2.486789 0.08961866
-0.7005623 -0.4890752
-0.9148585 -0.2549517
0.8454046 0.5736313
-0.8387979 1.044747
2.570661 0.5852163
-2.591105 -0.3261341
-0.7162085 -0.3035255
-2.204896 -0.07673847
2.344121 -0.1578077
-1.137487 -1.171933
2.389801 -0.08968606
-0.7579977 -0.6362508
1.218389 0.8306747
-0.8986255 -1.060975
-1.032334 -0.1976482
0.7135164 1.024876
-0.734961 -0.9560394
0.7734932 0.7759467
0.6600116 0.2770568
-2.645208 -0.3843274
0.7120472 -0.07296995
0.96355 0.4205197
1.060522 0.7349351
-0.8893943 -0.3128991
1.410295 -0.8508863
-2.627208 0.02983312
-1.157427 1.356512
0.9278218 0.804343
-3.385341 0.02308814
-1.063224 0.8663391
2.372348 0.01162353
3.007182 0.2827695
2.604943 0.1914025
-2.804739 -0.2890975
-2.640586 -0.06705394
3.436297 0.3980484
-1.098607 1.165359
0.9693744 1.249967
0.7424253 0.6658344
-0.7979 -0.9522678
-1.390745 1.135475
-0.7755258 -0.5946763
0.7507911 0.73994
0.2804966 0.3993228
1.269008 -1.115939
-0.2886788 -0.2810916
0.5375394 -0.008302541
1.143481 -1.047002
-0.5144719 0.09929591
-2.415173 0.3218436
0.8691027 0.7568651
-1.16973 1.214297
2.532979 -0.2532669
3.015131 -0.07785498
-1.111335 1.55037
0.1535864 0.1327306
0.5147766 0.8423138
0.8483603 -0.6412634
1.050447 0.9062235
-3.079903 -0.1003048
0.9597449 -1.113737
2.829166 0.1503133
-2.092252 1.395523
-1.188553 0.02985414
-0.603173 1.456529
-0.07567907 -1.838777
1.538152 0.1306659
-0.9084397 -0.07268477
2.659735 -1.735564
-0.7961675 -0.1569098
-2.340242 1.558595
2.496805 -1.368344
2.221779 -1.692867
-0.06153999 -1.401542
1.192449 0.6308637
-2.183484 1.543521
-0.7798236 -0.4641732
0.005048408 -1.483857
-0.2305605 -1.641343
-1.816682 1.130947
-0.6737494 0.03675311
-0.5036883 1.940259
-0.006063682 1.68208
-0.6452622 0.2033475
0.7003996 -0.2862181
-0.6038154 -0.08015806
-0.04158911 0.9809496
-2.013195 1.572082
-2.144493 1.633317
1.179127 0.5944868
1.302757 0.2802109
2.361996 -1.5164
0.6892607 0.1177668
-1.133525 -0.3500239
-1.403708 -0.525015
1.185329 -0.04831824
-0.3161489 1.494772
-1.157512 0.05406452
0.9637714 0.1648338
-1.350503 -0.4118814
2.16598 -1.531911
-1.123389 -0.1989036
0.9676067 0.1658695
0.3529026 -2.015256
0.3345389 -0.07880688
-0.2186831 1.920895
-0.6686873 0.08459559
-0.9323348 0.2966242
-0.0362354 2.060773
0.02368035 -1.667955
0.8741953 0.1153022
-2.047258 2.106208
-0.3042166 -1.422353
-2.042653 1.376751
-0.1349456 1.490683
-1.617777 0.04016364
-2.089589 1.291932
0.4379807 -0.2487778
1.098057 -0.1945658
1.095049 0.4597187
2.01849 -1.361581
0.03647207 -1.421838
1.047397 0.6654463
-0.813142 -0.2309136
-0.5431511 -0.01354716
1.45366 0.546878
-2.319827 1.491091
0.1746704 1.646091
-1.848526 1.162099
1.405856 0.3888039
-0.9981599 -0.6739665
0.6340215 -0.1882793
0.3317481 -1.844469
-0.1969548 1.733621
1.561024 0.2262094
-0.09298306 1.983242
-0.1177633 -1.779067
-2.043307 1.845588
0.1385766 -2.036393
-2.085499 1.336656
2.048627 -1.42131
-2.236615 1.537545
1.654097 -0.08080737
1.804296 -1.546454
-2.095186 1.715953
1.87894 -1.420039
-0.9493719 0.000158447
-0.281918 1.901993
-1.189995 -0.3940322
-1.502552 -0.5660266
2.26921 -1.741239
1.362311 0.1464863
-0.7648134 0.2527304
-0.127023 1.36066
0.9164276 -0.273006
1.983674 -1.544121
-0.1963051 1.753702
0.8387201 -0.2490099
0.03317845 -1.748905
0.1522085 -1.540351
0.08400235 -1.371963
-0.4203707 1.893848
-0.1450432 1.498096
-0.005176207 -1.486162
0.7006213 -0.1183496
1.992162 -1.767595
-1.259613 -0.5124599
-1.822898 1.578236
0.5892562 -0.03592812
-2.310319 1.747869
1.855463 -1.397543
-0.9161161 0.206436
-0.7502744 -0.06804404
1.347418 0.4348045
-1.675477 -0.6116104
-0.551486 0.4798059
1.735291 0.2527113
-0.02149856 1.601951
2.146566 -1.295169
0.8758411 -0.2922477
0.1105648 -2.11874
0.2773653 -2.062781
0.8463249 -0.09669004
-0.8994532 -0.4167774
2.300902 -1.150196
-0.4782099 0.239834
1.954625 -1.370815
-0.1231245 1.97933
-0.5654343 -0.4729038
0.1823342 -1.969644
2.182773 1.859221
-0.4343473 1.574569
-0.3814242 1.094181
0.1138882 -0.777404
0.3977368 -1.0636
2.243196 0.04592579
-1.402675 -1.822044
1.624382 -0.2892269
1.841005 1.351026
-1.985972 -1.919337
-1.961724 -1.815693
0.09268305 -0.4558506
0.5365249 -1.246958
1.314638 1.663618
2.063037 -0.5235735
0.1191025 -0.1162223
0.01905724 -0.661312
1.60385 1.942054
2.375814 -0.24151
0.1244469 0.5874717
-0.01872576 0.5424555
1.834056 0.1475105
-1.821663 0.02192485
2.21694 -0.3320073
0.5092121 0.7985914
1.395786 1.956015
1.740627 1.850757
0.2190627 -1.165379
0.3695998 -1.259364
-1.734711 -2.380883
-1.830776 0.1896007
-0.1424589 1.181127
-0.3020512 1.481959
0.2491759 -1.102382
-0.4321811 0.9233285
-0.1838581 1.187376
0.5024441 -1.178954
0.06657868 1.331581
-1.667683 -2.032693
-0.05882696 1.45398
-1.555045 -0.2502085
-0.1539103 -1.143191
-1.961445 0.05960996
0.1234811 0.394992
1.811609 -0.4280097
1.830592 -0.2940798
0.2894138 0.6874065
-0.3601044 -0.4199035
-2.072064 0.03778945
1.530001 1.401031
0.07767731 -0.6173342
1.87487 1.659148
0.1592259 0.5722532
-0.2756405 1.292798
1.515812 2.093417
-1.532039 -0.1991665
0.5839587 -1.687598
0.4413416 -1.470445
-1.634795 -1.752597
-0.2015011 -0.2946322
0.3350879 -0.778666
2.104927 -0.4819912
1.958505 -0.2874772
0.5809883 -1.534079
1.880217 1.792572
0.1571854 0.4026284
1.682253 1.491061
0.1623679 -1.719725
-0.3483955 1.422805
-2.012008 0.09722675
0.1469812 -1.104561
0.2402389 0.5832343
0.07780099 -1.330142
0.3018274 0.654234
0.1618063 -0.5905302
1.646134 1.713806
0.1027899 -0.81323
1.717784 1.721679
-2.056247 -2.044282
1.807323 1.949849
-0.121863 -1.413949
-1.384177 -1.434322
1.369542 1.433798
-1.493693 -2.205278
-0.02921017 1.262655
-0.3125157 0.5733809
-0.1660338 1.088633
0.1462421 1.82349
-1.801892 -2.171305
0.1787262 -1.365727
1.73711 -0.2798046
0.07337506 0.7993528
-1.533173 -0.06591051
-1.404551 -1.968751
0.2910407 0.7192109
-1.802828 0.02022895
-0.2844525 -0.5217274
-0.1295573 -0.454684
-0.573804 -0.6182618
0.1841165 0.9574516
-0.228781 0.5756513
-0.05491185 -0.7226907
-1.986306 -0.01685344
-2.123711 -1.674235
-0.3134627 1.153331
1.575165 1.752649
-1.89725 0.09915082
1.690733 1.949462
-1.774894 -1.965564
-0.4326628 1.172493
2.156401 -0.1194665
-0.1122214 -1.062505
-0.5004678 1.066167
1.797674 0.11408
0.5040482 -1.329271
-0.3387152 0.4380407
-1.689412 -1.904002
-1.692016 0.1065091
-0.0415785 -1.013064
0.006313339 -0.7301638
-1.941119 0.08297206
-0.2755209 1.675134
-1.715405 -1.951186
1.939734 -0.09914599
-1.807353 -1.616715
0.09165403 0.5801547
1.667775 -0.250304
-0.3048589 -0.7811857
3.280308 -0.001522517
0.896928 0.03971223
0.6853917 0.1917552
-1.107096 -0.2353012
-0.8289858 -0.08394635
0.9063718 -0.04446928
-2.943465 -0.05870776
0.4461379 -0.02830367
3.476229 -0.0646542
-2.831006 0.1580659
-2.934987 0.1834669
-1.214679 -0.3295236
-1.027015 -0.1075809
3.306277 0.1038413
0.8827842 0.09421697
-1.275338 0.2002176
-1.15705 0.1057186
3.175377 0.001322914
0.8045821 -0.05678933
1.099535 0.03677857
0.9631069 0.2075865
0.7941993 0.2627897
-0.9243804 -0.1290611
0.939576 -0.1742882
0.8534964 -0.1504752
2.963655 -0.2179558
2.783599 -0.08468669
-0.850839 0.15416
-0.5747547 -0.1329902
-2.438795 0.2160297
-0.8952354 -0.2250047
1.247076 -0.2107703
0.9237441 -0.4920354
-0.651758 0.06201793
1.362221 0.105277
0.6533887 -0.1117759
-1.098434 0.2285236
1.16479 -0.1564798
-3.255972 -0.3436382
1.021514 0.2311657
-1.119623 0.01017388
-1.288117 -0.05117118
-1.136355 0.1353126
1.170263 0.2809457
0.8946794 0.1172824
0.9111341 -0.2213023
1.062026 0.169338
-0.7477154 0.004867753
-0.7046177 -0.05658951
2.844746 0.5639796
-1.345173 -0.2263483
2.880991 0.07375499
0.7298976 0.1044771
0.8617045 0.06211909
3.106973 -0.542921
-0.6624222 -0.2598709
-0.9849886 0.2821865
-1.124707 -0.1049838
-2.759306 -0.2834041
-0.8655506 -0.01773377
-0.9592353 0.2158743
1.546777 0.2274641
0.8806393 0.1005794
-1.00109 0.1893939
2.66763 -0.4348778
1.083364 0.2572506
2.743417 0.04571353
-1.023818 0.235068
0.789546 -0.3984635
-0.8377839 0.1096181
-0.8517533 0.05680435
1.122131 0.1108683
-1.349204 -0.3331351
1.093696 0.2721516
-0.7858986 0.2122303
2.92082 0.06464436
-1.342566 -0.2530105
3.080699 -0.4248558
-2.772479 -0.3099184
2.912252 0.07598179
-0.8365263 -0.2224147
-3.187144 0.2145894
2.892364 -0.3592954
-2.835811 -0.2530526
1.176079 -0.1578587
0.9166272 0.1464513
1.178962 -0.3805088
0.8710925 0.299349
-3.147897 -0.295516
-0.8982231 -0.08524672
0.809514 0.3666287
1.018478 0.3076447
-1.094715 -0.5493717
-3.075882 0.06090265
0.8971654 -0.03948146
-1.071301 0.3460063
-1.040282 0.1049575
-0.9785185 0.1931817
-1.410265 -0.2082277
0.7749881 0.0626395
0.9820259 -0.01929657
-0.991087 0.0933826
-1.096131 0.2565299
-3.19087 0.2634954
1.01113 -0.3275184
3.434838 0.09796447
-1.06513 -0.1163136
3.250606 -0.0005484976
-2.939598 0.2734209
0.8932605 -0.2330253
1.155495 0.1338543
-1.104628 -0.1325299
1.555143 -0.03148301
1.061394 0.03103315
-1.348248 -0.1090482
0.9251364 0.006569404
-3.267449 -0.1018833
-0.7129067 0.1144461
-0.6321599 -0.1582311
-0.9995611 -0.2087937
-0.6819931 -0.2585888
1.049866 -0.2966236
-2.791181 0.1449293
1.043363 -0.1811838
-2.898658 0.2769602
1.119446 -0.1464532
0.6195563 0.195433
-1.252796 0.04470146
0.1305935 -2.055998
0.5209299 -0.3417579
0.8652632 -1.155362
-1.256637 1.258529
-0.4620011 0.1841916
-1.945055 -0.9512499
0.1679203 2.424015
-2.050991 -1.015749
-0.2937844 -1.87841
0.05416848 1.604511
-0.08839258 2.018286
-1.390747 0.7121584
-0.1169659 -0.1676907
-0.01022394 -2.261997
-1.553217 -0.6683919
-1.664603 1.440759
-1.412276 0.817659
-0.4885593 -2.401649
-1.861468 -1.178085
1.547544 -0.964677
1.527053 -1.243319
-1.784887 -0.6337342
1.71435 0.9933736
-1.466775 -0.7703117
1.426944 -1.284478
-0.3398796 -2.052691
-0.1818551 -2.306639
-0.3573178 0.08655342
-0.154252 0.0748302
-0.1430217 2.618128
1.88374 1.011866
0.1426781 -0.3371091
-0.0687063 -0.4190384
-0.2313651 0.1686915
1.920487 -1.390447
0.1132816 -0.3488942
-0.3442242 0.003694329
0.07728309 0.04780084
0.1779395 2.216882
-0.03907961 0.03560564
1.671603 1.182414
-1.204139 1.398183
2.529263 0.4570756
1.618633 -0.89013
-1.937699 -0.72469
-1.869468 -1.209962
1.530589 -1.120375
-1.445553 0.9884786
1.737052 0.7036975
-0.178303 -2.105453
-1.575451 0.9258726
-0.03423951 -2.37714
0.8758997 -1.279102
-0.1068863 -0.05695873
-0.3023728 -2.170771
1.677257 1.225007
-0.3264107 0.2284499
-0.1178501 0.2868849
0.3048554 2.223667
-1.181508 1.106418
-0.1744397 0.261499
-1.936108 -1.018528
-1.45125 -1.342845
0.3342941 0.1045106
-0.2572031 -2.085374
1.203295 -1.025451
-0.1961558 -2.103769
-0.180174 -0.03501251
-0.1867901 -0.08768637
2.485803 1.142749
-1.473332 1.54899
1.698296 -1.236302
0.4082922 0.1048592
1.28382 -1.388881
-1.42145 1.078123
-0.3416471 -2.421101
-1.490683 0.9982513
-0.1022164 -1.952574
0.4014586 1.662467
-0.2199152 -2.058423
-0.1484919 0.04159975
0.3783863 1.831132
-0.2430923 -1.982244
0.2518086 1.85836
0.1652954 -0.2019545
1.633875 -0.6239544
0.0200933 -0.365582
0.1985623 -0.2847167
0.2008352 1.948665
-0.3388831 0.07220681
-2.331631 -0.8721453
1.377177 -1.131682
1.507543 0.8828731
0.1153674 2.020647
1.716696 -1.255085
1.692761 0.8583031
-1.379561 1.197858
-1.977782 0.9560814
-0.8791448 0.7977833
1.373623 -1.051066
1.543189 -1.10452
-1.263451 0.8736379
1.495466 0.9052668
0.08909056 2.035462
0.259854 -0.01672739
-0.5088611 -2.018245
1.51263 0.7724382
-0.1242503 -2.242938
0.546567 2.120452
0.1897095 -0.3125685
-1.689038 -0.4886565
-0.774412 -0.1087505
0.3597699 -0.2098913
-1.962553 -0.8996812
-0.3718743 0.6329603
1.535803 -1.028286
0.02432413 1.966368
2.07389 1.297833
-1.236309 1.099042
-1.436778 1.076341
1.755783 0.9861284
-0.3224525 -0.06053099
0.3825118 2.405377
-1.789147 -0.815589
0.4813257 2.132356
1.538746 -1.184506
-1.817406 -1.001104
-1.178964 1.103497
-0.01524815 0.3906595
1.422033 -0.3684633
-1.359936 -1.749174
1.426924 1.464787
-1.70072 0.523066
-0.979152 2.329908
0.2394908 -0.3947164
-0.723828 2.139606
0.3260008 0.1458768
0.2275642 -0.2010774
0.03154738 -0.08093514
1.123642 1.156072
-1.867472 0.4556355
0.1452725 0.05022256
-0.8910818 1.785023
1.219719 1.338399
1.225502 1.999501
-0.2396801 -0.01006368
-1.10622 2.27275
-1.196728 -1.113703
-1.263064 -1.672442
-0.475695 1.813869
0.7736489 -2.346823
-0.8152112 1.975115
-0.9522759 -1.638997
0.1776215 0.1892213
-0.2361017 -0.1081766
-2.119092 0.3882298
-1.555238 0.7661992
-0.1926169 -0.06378983
0.3586454 -2.100955
1.283804 -0.7261286
1.506244 -0.5425428
-1.714499 0.6239408
-1.154383 -1.573759
1.52476 -0.8879893
-2.199681 0.2904499
1.687836 -0.3011056
0.01472748 0.08321308
1.58673 -0.3973301
0.8014095 -2.382919
1.262749 1.604162
1.072432 -2.119671
-0.7879375 -1.757391
-0.3913552 2.285043
-0.7082372 1.998809
-0.8634448 -1.547325
0.8212171 1.152503
0.940253 -2.334298
-0.4258781 0.2204754
1.021137 1.549906
-0.1785485 0.1442326
-1.189278 -1.264192
1.618042 0.20541
-0.07509515 -0.01311165
0.4588426 -2.16767
-1.430842 0.4141084
-1.506856 0.4259648
0.4011173 -0.421423
1.179716 1.913801
-1.413276 0.7602936
-0.6714689 1.938814
-0.4497558 2.317843
-2.013499 0.2590291
-0.3276959 0.5302573
-1.404093 -1.265997
0.306558 0.160158
-1.633335 0.3064332
1.362316 -0.8699218
0.6415723 -2.285665
0.9936105 1.294011
-1.191281 -1.498318
-1.729885 0.2155485
-0.9332289 -1.652728
1.44933 1.881306
-0.1078894 0.3392686
1.096213 1.760176
-0.4032716 0.5072629
0.1548646 -0.4865275
-0.6404932 -0.08929783
-1.793854 -0.05834393
0.4419022 -0.165847
0.2786781 0.6755522
0.1739088 -0.5334631
1.689967 -0.3811408
-1.276343 -1.742657
1.674588 -0.2290726
1.805123 -0.2591107
0.437392 -0.2810268
-1.602639 0.4180375
-0.6113442 2.445163
-0.991425 -1.495876
0.7921588 -2.459143
0.4423947 -0.3950789
-1.255406 -1.365697
0.8169256 -2.288273
1.143808 1.434473
1.120305 1.049447
1.211719 1.583716
-1.29455 -1.63924
-1.069323 -1.174496
1.055299 1.47416
0.7576388 -2.102259
-0.0112462 -0.2867147
1.925165 -0.1055196
-0.1487761 0.2602121
0.7843273 -2.190192
-0.2122015 -0.06282395
0.5417698 -0.4045826
1.621209 -0.5919489
-0.8628939 2.204305
-1.912097 0.4759372
1.343 -0.2903071
-0.9082245 2.154609
-1.548195 0.6667802
-0.9362581 -0.9862385
0.4280638 -0.3052519
0.7582847 -2.177446
0.9056647 1.284054
1.1164 1.566751
0.6491751 -2.350741
1.981768 -0.6941668
0.2863034 -0.8764236
-0.639817 1.929439
-0.0646884 -0.2817232
-1.022125 -1.678729
-0.4778756 2.308829
1.254529 1.852718
-0.1664951 -1.280212
-0.9567461 -2.72564
-0.2108663 0.8171151
0.2189036 -1.358649
0.7491183 3.240753
1.209229 0.5073026
-0.1039976 1.21624
1.060046 0.6665275
-0.008203728 -0.7279304
-0.2893306 1.579586
-0.4313687 0.8530321
0.03781747 -1.101807
0.6558121 2.695181
0.2710811 -1.115555
0.9942611 0.6123375
0.007344654 -1.023138
0.2104977 -1.145295
0.4655825 -1.451076
0.7641173 0.8729035
-0.08945037 0.7846206
0.2631634 1.327591
0.4618493 0.5170334
-0.6921418 -1.193887
0.8538232 0.9069368
-0.06823438 0.7785997
-0.01888894 -0.8888474
-0.1839112 -1.382816
1.000349 2.913837
0.3824054 2.373941
-0.2537293 0.9496821
-0.7776216 -1.072189
-0.6813612 -2.719603
-1.157854 -2.699865
1.02251 2.964683
-0.06318155 0.9078448
-0.5722508 -3.058198
0.7615246 2.852237
-0.8514537 -2.706585
-0.3397198 0.9710145
-0.6672634 -2.836051
-1.159697 -0.7610052
-0.08404238 -0.9233299
-0.7057558 -1.179542
0.3831882 0.805662
0.9189591 0.8298773
0.7209948 0.911247
0.486083 0.9960071
-0.3980696 -0.642303
-0.8511339 -0.7439154
0.03842452 -1.057031
-0.06494121 -1.006165
0.5557491 -1.039477
0.1655621 0.5836623
-1.265192 -2.459962
0.3594949 -0.9454439
-1.088891 -0.5078016
0.6536072 2.823978
0.9328535 2.802986
-0.1186718 0.5810599
-0.2250243 -0.911822
0.9118459 2.73588
1.205085 0.5729495
0.7954508 0.8692254
0.5286111 2.885723
0.3994087 -0.8025247
0.1225712 1.031696
0.4720812 -1.049757
0.8159834 2.630281
-0.7143919 -2.348026
-0.8487849 -1.080517
-0.5944192 -1.071465
0.1952261 0.8998366
0.5924152 3.413388
-0.01345315 1.148688
-0.1354137 -0.7368206
-0.3970184 -0.9971181
0.007341335 -0.8262822
0.0003602838 -0.8871715
-0.1547192 0.7825785
0.4821884 -1.51423
0.9255202 3.171504
-0.3839368 0.8120782
0.2672781 -1.006704
-0.02048553 1.611372
-0.8879892 -2.503753
-0.05037965 0.8594062
-0.737173 -2.628326
-0.7890449 -2.393842
-0.4945453 1.243156
0.744541 2.687731
1.337606 0.6895745
-0.08223656 0.9108956
-1.160322 -0.6723683
-0.1199946 0.9521255
0.4354585 0.9813412
-0.621513 -0.7119887
0.04694918 -0.8700805
0.1267064 -0.9085847
0.1283709 -0.9566294
0.2725932 0.9267382
0.08318502 1.028124
-0.02022075 -1.086751
-0.8761078 -0.6785919
-0.03457384 0.8361786
-1.275257 -2.745209
0.289642 -1.019602
-0.7170928 -1.000434
0.002225512 -1.211197
-0.6074869 1.268121
-1.170265 -3.079593
0.607372 0.6897369
1.04585 2.973995
-0.8185053 -2.774825
0.9598615 0.9838971
0.8786943 2.824747
0.1256457 1.224604
-0.1966525 1.060836
-1.060735 -0.6624437
0.1150531 -0.7305102
-0.2093309 -1.192725
-0.936178 -0.7597434
-0.6428495 -3.03406
0.07157782 1.014342
0.8241667 1.138459
-0.4445973 0.865119
0.2647592 0.6429905
0.6088092 1.049729
0.1964355 -0.8460114
-0.3454134 -0.3234946
-2.407428 0.47879
0.5663315 -1.907111
-0.5071444 2.578426
2.279883 -0.6924043
0.8523601 0.1274545
0.7714168 0.4535652
0.9895667 0.5958664
-0.7309973 -0.6483266
0.8585563 0.306765
1.019815 0.3596698
-0.1597711 2.207892
2.245143 -0.7366001
-1.034445 -0.3391527
1.116136 0.6046368
-0.5240887 2.059228
-0.6665902 1.861846
-0.3032432 -0.1748971
0.9143292 0.7778111
0.4564037 -2.160061
0.2846717 -1.827106
1.078731 0.5828961
-1.073536 -0.5964258
1.417643 0.6000432
0.4719198 -2.35931
-0.7576975 -0.259077
-1.058897 0.04979982
2.126408 -1.081146
1.812657 -0.9391572
0.4790797 0.3451763
-1.110551 -0.5507359
-2.267433 1.199418
-2.329417 0.821583
2.189826 -1.15022
0.3981991 -1.993096
-2.559179 1.626706
2.250229 -0.974645
-2.10535 0.7739347
0.3041049 0.3114582
-2.160122 1.374941
-0.7903681 -0.3600378
-0.4717194 2.077125
-0.8390218 -0.5528718
0.5199876 -1.926648
0.6996634 0.3618839
1.047571 0.5914
0.5180049 -2.058378
-0.5003723 1.804228
-1.345103 -0.7078822
-0.3770292 -0.294436
-0.5309935 2.145246
-0.7648359 -0.5150805
0.7591037 -2.183314
-2.032193 0.8969544
-0.5210189 -0.368156
-1.208481 -0.9843925
2.488303 -1.118582
2.002341 -1.111962
0.9982226 0.3990161
-0.4251955 1.940879
1.891771 -1.075313
0.8262575 0.6780621
1.462263 0.4291316
2.326779 -0.7911633
-0.8150921 -0.4318227
-0.02379651 -2.163668
-0.5514449 -0.5334164
1.974375 -0.8097181
-2.226642 1.081946
-1.121545 -0.8257852
-0.733318 2.411606
0.4046777 -1.947389
1.8892 -0.9990965
0.240179 -1.914372
-0.296407 2.165198
-0.7540551 -0.7388956
-0.5584195 1.51628
-0.8231112 -0.1203679
1.171703 0.3558633
-0.3561173 -0.8657373
2.561479 -1.186347
0.6323899 0.4886431
-0.6793482 -0.1855881
0.7172078 0.7308643
-2.171691 1.14833
0.3911706 -2.238506
-2.126591 1.035512
-2.485722 1.309341
0.7771922 0.4050573
2.187562 -0.8977661
0.9290555 0.5084274
0.4474439 -2.054175
-0.804225 -0.8910916
0.6818257 0.5333578
0.4849491 -1.830027
-0.8873391 -0.7548077
-0.279628 1.820261
-0.3209502 2.280862
-0.2988283 1.754332
0.5206108 -1.828221
0.578657 -1.920085
-0.2765235 1.71964
-1.134287 -0.5976917
0.6677026 0.3509158
-2.078851 0.7520339
-1.115497 -0.2461036
-1.334406 -0.8214446
-0.6598715 -0.4763858
0.9182171 0.192229
-2.223111 0.844358
0.71077 0.7121943
2.191706 -0.8766605
-2.155191 1.428166
1.635906 0.6311541
2.134697 -1.248415
0.7479753 -2.037451
1.098591 0.5286568
-1.137178 -0.8204081
-0.3902334 2.078474
-0.1429127 1.618603
-0.8305031 -0.8810191
-2.382305 0.8521572
0.7799252 0.3104087
0.9254614 0.8910629
0.6340739 0.170799
0.6520717 -1.954103
1.062689 0.6237386
-0.2246231 2.019119
-0.6556268 -0.5303156
0.8327849 0.7769508
-2.450636 0.3936722
2.544509 -0.2362268
-0.4511991 -0.06609881
0.6531163 -1.254892
0.8557078 1.00219
1.078299 -1.355068
-1.188686 -0.4896353
0.7239939 1.023408
0.8596793 0.8495393
2.485974 0.04471339
-0.3581212 -0.4455311
-1.08022 -1.241174
1.501165 -1.665887
2.752988 0.2156893
2.739354 0.2364164
-0.8955619 -1.114806
1.396781 -1.298834
-2.775663 -0.07304789
-2.612 0.09340103
1.120114 -0.8305569
-1.329876 1.171151
1.155333 -1.215232
-2.951703 -0.4238503
-0.9033523 -0.5836582
-1.283335 -1.204803
-0.7109488 -0.227447
-0.8817748 0.06438798
0.6637854 0.7611252
-1.236617 1.207317
1.119581 0.1863621
0.9712675 0.009971283
-0.6035396 -0.6667314
-2.820672 -0.0472427
0.4993191 0.1479356
-0.7340295 -0.1262162
0.8795697 -0.08747871
1.156687 0.6844053
0.8212485 -0.2010593
-1.328561 0.9621713
2.650032 -0.1691196
-1.094229 1.22394
-2.814926 -0.1183481
0.598241 -0.7903581
0.5975897 -1.119815
-2.876384 -0.1630299
2.80797 0.05896231
-1.076225 0.8333665
-0.9729027 -0.7920623
2.917486 -0.2773429
-0.9670178 -0.7321148
-2.749849 0.4213361
0.4752449 0.430036
-0.9425125 -0.679941
-1.374447 1.355497
-0.7721907 -0.5859485
-1.177962 -0.2115667
1.231236 1.048242
2.393493 0.3447926
-0.6087589 -0.461621
1.36903 -1.450048
1.026071 -1.373954
-1.190768 -0.6673811
-0.7162875 -0.7602996
-2.486789 0.08961866
-0.7005623 -0.4890752
-0.9148585 -0.2549517
0.8454046 0.5736313
-0.8387979 1.044747
2.570661 0.5852163
-2.591105 -0.3261341
-0.7162085 -0.3035255
-2.204896 -0.07673847
2.344121 -0.1578077
-1.137487 -1.171933
2.389801 -0.08968606
-0.7579977 -0.6362508
1.218389 0.8306747
-0.8986255 -1.060975
-1.032334 -0.1976482
0.7135164 1.024876
-0.734961 -0.9560394
0.7734932 0.7759467
0.6600116 0.2770568
-2.645208 -0.3843274
0.7120472 -0.07296995
0.96355 0.4205197
1.060522 0.7349351
-0.8893943 -0.3128991
1.410295 -0.8508863
-2.627208 0.02983312
-1.157427 1.356512
0.9278218 0.804343
-3.385341 0.02308814
-1.063224 0.8663391
2.372348 0.01162353
3.007182 0.2827695
2.604943 0.1914025
-2.804739 -0.2890975
-2.640586 -0.06705394
3.436297 0.3980484
-1.098607 1.165359
0.9693744 1.249967
0.7424253 0.6658344
-0.7979 -0.9522678
-1.390745 1.135475
-0.7755258 -0.5946763
0.7507911 0.73994
0.2804966 0.3993228
1.269008 -1.115939
-0.2886788 -0.2810916
0.5375394 -0.008302541
1.143481 -1.047002
-0.5144719 0.09929591
-2.415173 0.3218436
0.8691027 0.7568651
-1.16973 1.214297
2.532979 -0.2532669
3.015131 -0.07785498
-1.111335 1.55037
0.1535864 0.1327306
0.5147766 0.8423138
0.8483603 -0.6412634
1.050447 0.9062235
-3.079903 -0.1003048
0.9597449 -1.113737
2.829166 0.1503133
-2.092252 1.395523
-1.188553 0.02985414
-0.603173 1.456529
-0.07567907 -1.838777
1.538152 0.1306659
-0.9084397 -0.07268477
2.659735 -1.735564
-0.7961675 -0.1569098
-2.340242 1.558595
2.496805 -1.368344
2.221779 -1.692867
-0.06153999 -1.401542
1.192449 0.6308637
-2.183484 1.543521
-0.7798236 -0.4641732
0.005048408 -1.483857
-0.2305605 -1.641343
-1.816682 1.130947
-0.6737494 0.03675311
-0.5036883 1.940259
-0.006063682 1.68208
-0.6452622 0.2033475
0.7003996 -0.2862181
-0.6038154 -0.08015806
-0.04158911 0.9809496
-2.013195 1.572082
-2.144493 1.633317
1.179127 0.5944868
1.302757 0.2802109
2.361996 -1.5164
0.6892607 0.1177668
-1.133525 -0.3500239
-1.403708 -0.525015
1.185329 -0.04831824
-0.3161489 1.494772
-1.157512 0.05406452
0.9637714 0.1648338
-1.350503 -0.4118814
2.16598 -1.531911
-1.123389 -0.1989036
0.9676067 0.1658695
0.3529026 -2.015256
0.3345389 -0.07880688
-0.2186831 1.920895
-0.6686873 0.08459559
-0.9323348 0.2966242
-0.0362354 2.060773
0.02368035 -1.667955
0.8741953 0.1153022
-2.047258 2.106208
-0.3042166 -1.422353
-2.042653 1.376751
-0.1349456 1.490683
-1.617777 0.04016364
-2.089589 1.291932
0.4379807 -0.2487778
1.098057 -0.1945658
1.095049 0.4597187
2.01849 -1.361581
0.03647207 -1.421838
1.047397 0.6654463
-0.813142 -0.2309136
-0.5431511 -0.01354716
1.45366 0.546878
-2.319827 1.491091
0.1746704 1.646091
-1.848526 1.162099
1.405856 0.3888039
-0.9981599 -0.6739665
0.6340215 -0.1882793
0.3317481 -1.844469
-0.1969548 1.733621
1.561024 0.2262094
-0.09298306 1.983242
-0.1177633 -1.779067
-2.043307 1.845588
0.1385766 -2.036393
-2.085499 1.336656
2.048627 -1.42131
-2.236615 1.537545
1.654097 -0.08080737
1.804296 -1.546454
-2.095186 1.715953
1.87894 -1.420039
-0.9493719 0.000158447
-0.281918 1.901993
-1.189995 -0.3940322
-1.502552 -0.5660266
2.26921 -1.741239
1.362311 0.1464863
-0.7648134 0.2527304
-0.127023 1.36066
0.9164276 -0.273006
1.983674 -1.544121
-0.1963051 1.753702
0.8387201 -0.2490099
0.03317845 -1.748905
0.1522085 -1.540351
0.08400235 -1.371963
-0.4203707 1.893848
-0.1450432 1.498096
-0.005176207 -1.486162
0.7006213 -0.1183496
1.992162 -1.767595
-1.259613 -0.5124599
-1.822898 1.578236
0.5892562 -0.03592812
-2.310319 1.747869
1.855463 -1.397543
-0.9161161 0.206436
-0.7502744 -0.06804404
1.347418 0.4348045
-1.675477 -0.6116104
-0.551486 0.4798059
1.735291 0.2527113
-0.02149856 1.601951
2.146566 -1.295169
0.8758411 -0.2922477
0.1105648 -2.11874
0.2773653 -2.062781
0.8463249 -0.09669004
-0.8994532 -0.4167774
2.300902 -1.150196
-0.4782099 0.239834
1.954625 -1.370815
-0.1231245 1.97933
-0.5654343 -0.4729038
0.1823342 -1.969644
2.182773 1.859221
-0.4343473 1.574569
-0.3814242 1.094181
0.1138882 -0.777404
0.3977368 -1.0636
2.243196 0.04592579
-1.402675 -1.822044
1.624382 -0.2892269
1.841005 1.351026
-1.985972 -1.919337
-1.961724 -1.815693
0.09268305 -0.4558506
0.5365249 -1.246958
1.314638 1.663618
2.063037 -0.5235735
0.1191025 -0.1162223
0.01905724 -0.661312
1.60385 1.942054
2.375814 -0.24151
0.1244469 0.5874717
-0.01872576 0.5424555
1.834056 0.1475105
-1.821663 0.02192485
2.21694 -0.3320073
0.5092121 0.7985914
1.395786 1.956015
1.740627 1.850757
0.2190627 -1.165379
0.3695998 -1.259364
-1.734711 -2.380883
-1.830776 0.1896007
-0.1424589 1.181127
-0.3020512 1.481959
0.2491759 -1.102382
-0.4321811 0.9233285
-0.1838581 1.187376
0.5024441 -1.178954
0.06657868 1.331581
-1.667683 -2.032693
-0.05882696 1.45398
-1.555045 -0.2502085
-0.1539103 -1.143191
-1.961445 0.05960996
0.1234811 0.394992
1.811609 -0.4280097
1.830592 -0.2940798
0.2894138 0.6874065
-0.3601044 -0.4199035
-2.072064 0.03778945
1.530001 1.401031
0.07767731 -0.6173342
1.87487 1.659148
0.1592259 0.5722532
-0.2756405 1.292798
1.515812 2.093417
-1.532039 -0.1991665
0.5839587 -1.687598
0.4413416 -1.470445
-1.634795 -1.752597
-0.2015011 -0.2946322
0.3350879 -0.778666
2.104927 -0.4819912
1.958505 -0.2874772
0.5809883 -1.534079
1.880217 1.792572
0.1571854 0.4026284
1.682253 1.491061
0.1623679 -1.719725
-0.3483955 1.422805
-2.012008 0.09722675
0.1469812 -1.104561
0.2402389 0.5832343
0.07780099 -1.330142
0.3018274 0.654234
0.1618063 -0.5905302
1.646134 1.713806
0.1027899 -0.81323
1.717784 1.721679
-2.056247 -2.044282
1.807323 1.949849
-0.121863 -1.413949
-1.384177 -1.434322
1.369542 1.433798
-1.493693 -2.205278
-0.02921017 1.262655
-0.3125157 0.5733809
-0.1660338 1.088633
0.1462421 1.82349
-1.801892 -2.171305
0.1787262 -1.365727
1.73711 -0.2798046
0.07337506 0.7993528
-1.533173 -0.06591051
-1.404551 -1.968751
0.2910407 0.7192109
-1.802828 0.02022895
-0.2844525 -0.5217274
-0.1295573 -0.454684
-0.573804 -0.6182618
0.1841165 0.9574516
-0.228781 0.5756513
-0.05491185 -0.7226907
-1.986306 -0.01685344
-2.123711 -1.674235
-0.3134627 1.153331
1.575165 1.752649
-1.89725 0.09915082
1.690733 1.949462
-1.774894 -1.965564
-0.4326628 1.172493
2.156401 -0.1194665
-0.1122214 -1.062505
-0.5004678 1.066167
1.797674 0.11408
0.5040482 -1.329271
-0.3387152 0.4380407
-1.689412 -1.904002
-1.692016 0.1065091
-0.0415785 -1.013064
0.006313339 -0.7301638
-1.941119 0.08297206
-0.2755209 1.675134
-1.715405 -1.951186
1.939734 -0.09914599
-1.807353 -1.616715
0.09165403 0.5801547
1.667775 -0.250304
-0.3048589 -0.7811857
