-1.325438 -0.5262981
-2.982397 0.3510118
-1.311803 -0.411008
-1.206944 -0.05655299
-1.27228 -0.1259744
-1.14351 0.2003043
-4.708694 0.166844
0.8857086 0.06842086
-3.096815 -0.2347073
-5.283433 -0.5900482
2.839123 0.07002244
2.996359 0.1500365
-3.02441 0.2328088
0.9832916 -0.157229
-0.8436139 0.2553362
1.1178 0.2405887
5.184111 0.2130892
0.6668923 -0.09330506
-3.284653 0.1055883
-0.9455407 0.1000979
-1.389793 -0.03815317
-2.7901 -0.1216331
0.9394438 -0.2203669
-3.086163 -0.375669
3.128751 0.2514229
1.468003 0.3118556
0.8644742 0.3295793
-0.8650683 0.4519527
2.888455 0.3012662
-1.061469 -0.125894
-0.7089825 0.0393862
-3.247395 0.2398595
4.952754 -0.04275606
4.833222 0.2801633
5.060064 -0.2147271
-3.232285 -0.009805488
-2.969195 -0.1979043
-5.173002 -0.01099516
1.428694 0.2901593
-1.336462 0.1741233
7.072333 0.2771194
0.7154241 0.1038394
2.774124 -0.1999359
-1.135028 -0.5250918
0.8478907 0.2307234
0.9341555 -0.4233417
5.374892 -0.04605669
-1.125055 0.2145701
6.788626 0.2824422
-3.128364 0.2520465
5.196893 0.07828612
-4.813855 0.3404666
2.834901 0.3914386
-5.317917 -0.1091739
-3.14169 -0.07743344
-5.122884 0.1354787
1.126826 -0.22513
3.325437 0.1322127
-4.785213 -0.1573575
6.988145 0.125582
-4.949378 0.143597
1.192897 -0.3456715
3.51555 -0.2510805
-2.712649 -0.2962091
1.096238 -0.3283026
-0.8191222 0.1745287
1.453673 0.1184605
2.87354 -0.31803
0.9712517 0.1264828
0.7052681 -0.251461
0.7275279 -0.3444039
-2.497648 0.03007899
-2.852944 0.1160987
0.7305614 0.0234459
-5.0007 0.1221857
2.970221 0.4661975
-2.857793 0.04210796
-2.501115 -0.1735157
1.175542 0.3271834
2.62178 0.1599557
-1.34837 0.1261377
-1.192119 0.3119417
0.424432 -0.02471399
-1.229779 0.3037279
-2.856143 -0.4387984
0.7699829 0.2488523
3.642222 0.5624725
-2.730069 0.03688965
-3.07957 0.1341855
1.230462 0.188797
-2.834919 -0.5721207
-0.8696068 -0.1263097
-1.014719 -0.0249572
-2.993003 -0.1381968
1.144516 0.1937611
4.847337 -0.3550399
-1.384913 0.1614343
4.678517 0.2561953
-2.852291 -0.05965651
1.353015 0.1547512
-3.130995 -0.332587
1.289035 -0.2342944
-0.6695351 -0.2480121
-0.8428889 0.1938531
0.665865 0.4688902
-0.8651214 -0.05679111
0.6277308 0.0312943
4.729504 -0.07451069
3.202662 -0.3141067
-3.2196 -0.3133369
3.136081 0.003294136
3.166535 -0.3564917
0.8597161 -0.4378064
-0.8464756 0.2034735
2.894487 -0.1319277
3.180612 0.2233414
2.68799 0.3738203
0.9068158 0.1721763
-0.6969961 0.4204212
-0.8291529 -0.4107309
2.878523 0.04301018
3.021224 0.3636296
-1.211033 -0.05539072
-1.030524 0.1063036
0.6994885 -0.4103348
5.197205 -0.1406332
1.047573 0.2060777
-1.109594 -0.1995627
1.11676 2.182057
0.5363795 0.5703506
1.041607 -0.1806048
-1.026764 3.048144
-1.159601 -2.140693
1.106588 -0.0662768
1.656933 -0.1452893
4.570186 1.762202
-3.975874 0.2300972
1.800617 -0.09161657
-0.9095786 1.418026
-0.6313932 0.8162965
0.984093 -1.978163
4.245378 -2.112098
2.459466 -0.6821163
0.4219155 -2.786841
-1.571719 0.0215092
4.156785 2.151167
3.599354 -1.189535
0.3957476 1.232684
-0.907433 -0.9027444
-2.530585 2.783545
-0.9725206 -0.1679571
0.6515545 3.380645
-1.061352 2.091915
2.393851 -1.208237
-1.122722 -0.5040926
2.78243 -1.972986
1.545279 0.3201952
-1.13844 1.542571
1.133977 -0.09926881
-2.86945 -0.7427985
0.9817886 -2.340808
-1.220357 -1.495257
2.314741 -0.79471
1.059598 -3.188058
1.065593 -1.859792
1.213206 0.9918386
-2.202492 -1.626508
1.133118 -1.310999
0.7799019 -0.1151801
-2.906855 0.4933168
0.5538661 -0.6577481
-1.320355 0.2762024
2.285154 1.599225
0.7056696 4.193865
-0.7898588 -1.55376
-1.080897 -2.291158
0.5108697 0.2023605
1.038559 -0.6363295
1.095791 2.227983
1.588125 -0.2961557
0.1025637 -2.256143
-0.7618345 -2.038078
0.6795645 0.7836058
-1.104046 -1.844619
0.8028376 -2.262897
-1.008269 2.075422
-1.991863 0.9820012
0.1028372 0.05841603
-2.310786 0.9098858
0.7127402 1.691704
0.7855057 0.1888031
-2.524441 -2.961826
1.119274 2.034565
0.4037657 -1.156812
0.8417628 3.20916
-2.535503 1.357816
-0.4694215 -0.8020874
0.6940978 -0.04435222
4.46986 2.038034
-0.7700536 0.1567173
-0.120819 0.9165371
-1.359838 0.04958789
-2.07664 0.8442665
2.624777 -2.642003
-2.252383 -2.640225
-0.9577821 -2.160316
3.1637 -0.7863948
3.101636 0.8936648
2.61382 2.142756
-0.8035584 3.017316
-2.423833 1.914419
1.350265 2.257439
1.215446 1.9555
0.06798333 2.91444
-2.671344 -0.2834904
0.7534761 -3.280859
0.5153093 -3.001288
0.8346254 -2.229864
3.166339 0.004640909
-4.496965 1.86411
-0.9502181 1.851293
-2.841488 -2.91605
-1.135725 -0.1924348
2.101203 -1.278687
-1.632006 0.08868275
2.575541 0.932102
-1.057301 0.230852
1.34564 1.425434
-0.8595862 -0.0919548
3.313139 -0.7241395
2.132928 2.152838
-2.195717 0.9521559
2.260644 0.9387147
-0.7698793 4.488023
0.6103206 -2.868043
-1.592058 -0.0726282
0.05504037 0.8381199
-1.54105 -0.1486525
0.7572781 -2.16227
4.257437 0.06271043
0.6484851 2.283338
-0.1623448 -1.50911
-3.158993 1.36395
-2.939414 1.349562
-2.60668 0.3523989
1.097589 -1.409205
-1.032047 1.963806
-1.37713 -2.056083
0.5738411 -0.5314659
2.673252 -0.7871878
0.455666 0.8264484
2.992835 -1.182236
-0.3666147 -1.290072
0.717694 -1.913671
-2.523118 -0.4952824
-0.515994 4.03016
2.64811 0.7066921
-1.920992 -2.949786
-1.748423 -0.3705795
0.3325685 -2.533525
-0.919189 -2.769791
2.785792 -3.525044
1.198638 -0.005293194
0.6680714 -0.5232716
1.074482 0.235092
1.211876 -0.05089314
0.5546231 -0.4495547
2.133398 -2.776259
-0.5410187 0.6755376
0.62045 0.4169221
0.04452853 3.072334
-0.3799752 2.302681
-1.858226 0.0444147
0.6525353 -0.189082
1.855632 -2.218745
-3.758554 1.863263
0.5688048 -0.970295
-1.679899 -2.527539
2.657249 0.04979908
-1.925383 1.151336
0.1926653 -0.687426
-2.171319 -1.767314
-1.748277 1.678088
-1.333217 0.8134779
4.282771 -0.1512933
-0.8493301 -4.484437
-2.032291 0.2115464
-1.906585 -0.6524824
2.834412 0.5015792
0.5207751 -1.948916
-0.5398185 1.898981
-1.993609 -1.286739
-0.7961913 0.621586
0.04556147 1.553573
1.361852 0.7600299
1.236846 1.50739
0.5131176 0.3652412
0.01849601 -2.914759
-1.315215 -4.054059
-0.8231376 1.245245
-1.942897 1.871115
1.104954 -0.3082865
0.2401402 -2.356506
-1.06818 -2.978167
0.6352071 -0.1675486
-1.693438 2.62198
2.241232 -0.8270943
1.549481 -0.310957
-0.8199919 -0.2888071
-2.426527 0.5713305
-2.033226 -2.641177
-2.702773 0.9355846
0.9382111 -2.557966
0.2701227 -0.8716109
0.3298704 -1.790555
0.4756421 -0.05466221
0.5775333 -1.942219
1.051575 2.844481
-1.277524 -3.961338
-1.506413 2.435263
1.237681 -4.537564
-3.546983 -1.671712
-0.3066151 -2.376024
-2.188922 1.814067
-1.007156 1.834459
0.7371732 -1.037637
0.008374376 -0.5446666
0.7063366 3.590174
1.716395 -2.048729
-3.040425 3.712609
0.1948007 -1.41574
1.442445 2.695522
-2.011429 2.632743
1.295277 -0.212316
3.332773 1.756918
1.683657 1.000153
-1.236313 -0.6591215
0.7913763 -2.554605
1.258303 -1.162381
3.031793 0.03251753
-0.4425897 -0.8145711
-0.6239479 -2.567836
-0.6555905 -0.3372253
-1.99651 -0.856962
-2.338202 -1.458618
1.063322 -2.566478
0.4855668 -0.1624116
-0.09328499 -0.653146
-0.7631254 -4.200606
-1.688897 2.19692
-2.582676 -3.629979
-0.2399811 1.8697
3.421233 0.2164255
-0.4187412 -1.594838
-4.207002 0.09210993
1.202237 -4.129971
-4.799054 0.001259703
3.449879 1.427834
-1.613871 -1.122009
1.973989 1.819987
-2.112715 1.984851
-0.944725 -0.09940973
-0.4598004 2.218769
-1.542705 -0.07803138
-2.359887 -1.979299
-4.232727 0.1347778
-0.8197692 -0.229966
-1.442412 0.3111462
0.9149622 3.0924
-3.763467 -2.371742
-1.912786 1.678645
-2.112182 2.061976
-0.1767901 0.1745458
1.107744 4.481151
-1.061526 2.359319
-1.286464 -2.806775
-0.35492 -3.561121
1.823491 -1.084991
1.221292 -1.694145
-0.1945561 2.252176
4.079036 -1.515549
2.383038 0.6838461
-0.315293 2.204477
-0.9553155 -0.2319331
-0.1444421 3.855216
-1.018678 -3.712795
2.952392 0.03776439
2.003289 0.3200062
-1.301987 1.356877
-0.2702106 -0.08329304
0.5236586 -0.07513425
-0.07087724 -1.70876
-1.217377 0.02048519
0.6391968 -0.175002
-1.694733 -1.534348
1.339437 -3.567554
1.736408 1.938354
0.2869697 1.705769
1.263889 3.685867
-1.916396 -0.3254309
-0.4838232 0.06832407
0.3095373 -1.853068
-0.0158971 -2.024906
0.2329172 1.736893
1.558627 4.186923
0.1288624 0.1420218
-2.428129 -0.1387194
-1.094372 0.1796766
-1.505693 -1.69291
1.628824 -1.736691
2.912776 -1.899755
-1.581988 1.918323
-0.6158729 0.2875434
-1.529412 -1.435975
2.417821 -0.324325
-0.3148038 3.838058
0.1330687 1.841236
1.803111 -1.821418
1.393758 -1.958076
-1.071454 -0.1018161
1.763737 1.631184
-2.238914 1.664267
1.676544 1.578054
-2.726002 -1.717262
1.484504 -0.09958798
-1.020443 -3.754514
1.872358 0.24272
-0.9154498 5.748213
2.288057 1.856863
0.891223 2.108492
1.728269 -1.682718
-1.219921 1.951837
1.119947 0.2825773
-0.8789567 3.736509
0.1923118 -1.837336
0.06729181 0.5562498
2.032022 -3.835064
-0.07380403 1.248041
-1.488126 -3.684752
-0.8293442 1.836641
1.021197 1.747592
-1.948824 -1.474768
-1.333922 2.068093
1.398762 0.1341889
-1.289514 2.00575
0.9103599 -1.47977
1.954176 0.187343
0.1680855 -0.2915261
0.7118581 -1.275156
0.1295088 -1.743587
-1.640346 0.2025253
0.3149968 2.1243
2.48366 -2.205046
0.864324 -5.328956
0.0171958 -1.48591
-1.541346 0.06289663
0.5803431 2.050857
-0.1115589 -0.136051
-1.180693 1.585019
-0.1452644 -0.341753
-0.1774785 -0.2915713
-2.052577 -3.742759
-0.5950875 -1.880483
0.1492548 -3.647519
-1.882618 -1.763964
1.567186 0.3554931
2.099595 -1.79861
0.436245 3.778722
1.784698 -1.382803
-2.016845 0.4655428
2.946691 0.3656971
-1.029937 -0.03162634
-1.045096 -0.2379776
0.9964304 1.800534
-2.743203 -0.09992773
-0.03938793 -1.524758
-0.8897058 -1.392986
-0.1087767 0.04355518
0.1262672 -0.07194269
1.249149 -1.763028
1.098749 -0.2119051
1.247113 1.607093
0.9227137 -0.1184232
1.152622 -1.32593
0.6897605 0.1375606
-0.7903237 -2.181879
-1.802843 -1.843806
-1.937856 2.167333
2.277038 2.132343
-0.8818147 2.259419
-1.679572 -0.1260664
-0.5826572 0.2245214
-0.8127288 2.232807
0.7814281 -0.3643977
2.488476 -3.143742
1.256463 -0.1153264
1.245274 -2.248791
0.1550702 -1.624928
0.2386211 1.627934
0.248823 1.793084
2.735345 0.1163863
1.070221 1.457197
-1.071087 -1.812399
-0.969234 1.553365
2.444222 0.03335131
0.3700658 3.910841
-2.626204 1.933012
1.000588 3.408577
0.1338443 -2.021123
0.3000945 1.591803
-1.035508 3.672756
-1.35572 2.410245
-0.4705952 -0.7907969
0.1860038 0.21881
5.004252 -0.02065642
2.811346 -0.4191801
-1.240747 -4.147333
-0.1611656 -2.537531
2.449501 -0.2325869
0.497157 1.320127
-1.999776 0.1132049
2.095949 0.3084836
-3.458188 1.190615
-0.2870703 0.7605603
3.657307 -0.9772056
0.6175373 -1.541925
2.127532 -0.1993133
-2.720087 0.3181489
-2.595131 0.04564244
0.3503185 1.542808
0.7515985 -0.6990178
1.832457 0.9913951
3.029086 -3.264044
0.7799191 -0.2101517
-5.282264 -0.2992961
0.3319635 2.094059
-3.804698 1.290718
3.283228 -0.7279683
4.222796 1.362622
-1.521022 -1.565614
-3.387577 -0.2942399
-0.8018026 -1.258371
5.498084 -0.1155887
1.020938 -3.153541
-1.405348 -1.353177
2.049805 -0.9150358
0.3604427 1.665704
0.1984131 -2.331589
3.943048 -1.680212
-1.385869 0.8890997
1.038839 -1.330205
-4.369599 1.564488
-0.1084666 0.02659767
-1.982047 0.1756901
2.540004 -2.942014
-1.125591 -1.870927
3.61601 0.9286904
0.8317814 0.7851325
1.289133 -0.9224769
-0.5530015 -4.097289
-0.1962752 -0.1374678
0.2881854 -0.2021464
-1.638709 1.332454
2.144059 0.07687438
2.316152 0.1693855
1.935475 -1.534324
-0.0970736 0.0807495
2.124237 -1.419825
1.018339 -4.298929
-3.927054 1.177486
-0.7103467 -1.610376
-0.2485958 -0.206693
-0.762911 -1.721673
0.9799358 4.133417
2.56506 -2.575986
0.4576471 0.21661
1.319713 -1.572828
1.851904 -1.286962
-2.945791 -0.1609925
-0.4732328 0.8981566
4.448048 1.376757
0.7362025 2.239468
0.4984288 1.25597
-2.445389 2.863707
1.153541 -1.792855
0.1065833 2.664794
-0.5348871 -1.781744
-0.4882246 0.3327889
0.6359418 0.3628975
-2.285745 0.3946948
-2.243 1.658993
-0.6812295 3.214372
-1.720504 1.226335
2.343448 -0.1805827
2.097693 1.465702
-0.4117219 -0.8057533
3.797809 1.30453
-2.928114 -0.5884224
2.784009 -0.01220811
-0.176529 -2.465515
0.195779 -2.110024
1.222855 -3.889529
-2.858622 0.04485585
-0.207609 1.372683
-1.116609 -1.671078
0.3001032 -0.007191477
0.6614227 -2.763634
0.7795928 1.969375
0.4000894 -0.1765276
0.9519774 -1.486523
3.201243 0.04167054
1.04481 -1.354245
3.201389 0.2152226
-2.113578 1.914452
-1.558355 1.348317
-3.496958 1.111894
3.665864 1.105192
-1.365782 0.8952639
-2.583475 0.2737134
-2.25107 -0.3971306
-1.312774 -1.689968
3.455206 0.003423089
2.23391 0.6228294
1.386503 -0.2897445
1.08027 4.075917
1.527735 -0.9847545
-0.540577 0.806388
-0.4776229 0.8754348
3.050669 -0.19514
0.8407515 1.104726
-0.5703644 3.809224
-1.207242 -3.801713
2.298962 -2.760384
-1.042036 -3.245347
-4.34489 -1.718823
2.125807 -0.5683237
-1.227086 -1.633068
-1.833394 -1.025301
-2.622325 -0.5290316
-0.7241746 0.8063052
2.766815 0.6500232
-2.478239 1.490368
-0.3810215 -0.2032479
2.430829 1.945477
-1.231918 -0.04795781
2.163277 1.059553
2.846804 -0.1200178
-2.934837 0.9786285
4.14087 -0.08834143
3.23002 -0.01069117
-0.9178028 1.40808
2.821747 1.403326
1.371461 -1.246894
-3.022619 -1.426016
-0.9462042 -1.234307
-2.924429 -1.946899
-2.70429 -0.06106161
-2.891672 1.292403
0.9939921 0.4277817
-4.432642 -0.5853358
3.125057 -0.6193278
1.382103 2.121908
0.2893753 -0.04432601
-2.987613 0.9128706
-1.282513 1.41505
-2.683444 0.03553017
1.303864 -0.9080413
-4.758117 -1.555447
2.73744 0.08633481
-1.371751 2.556697
-0.5352839 0.02069147
0.6606911 -0.3766703
0.9301206 -0.9872482
0.5748817 0.5705807
-2.77898 -0.7483906
-2.757026 -1.150666
1.311533 -1.338606
-1.374468 -0.3459698
4.830227 -1.290127
-1.39723 -1.004858
-0.5370078 -0.1913016
0.4881232 1.252512
-0.3139567 1.098697
-1.054827 -0.6545206
-2.269411 -0.4743944
1.146047 1.790993
1.703907 0.07287999
-0.7817842 -0.03139807
-0.8362274 0.09864733
-2.881332 -1.278627
0.9750524 1.313228
3.136579 0.2350252
-0.8013431 -0.4321672
-0.8408244 -1.212094
-3.040649 1.168676
-1.02898 -1.181803
1.252812 -0.03801784
-1.285356 1.470408
2.688136 1.242623
-0.6536154 -0.08618449
2.32799 0.5570961
0.6872704 0.5144737
-0.7571285 0.8930956
0.8733702 -1.832356
0.5869923 2.348972
-4.531503 0.3441041
-2.95394 2.254064
-0.8703247 0.06458203
1.476682 -0.6068752
1.225377 0.3872638
-2.332381 1.405775
0.8580625 -1.26594
4.390408 0.6347301
-2.406644 -1.108969
2.637862 1.061036
-1.127912 -1.672473
0.6780455 -1.955564
0.5068512 -0.7963299
0.9131226 -0.9487958
-1.055524 0.03195924
-4.555393 1.494268
2.642902 1.681839
4.901225 1.382638
2.38403 0.6960604
1.068689 1.132285
-2.766205 1.976698
3.006835 0.1401348
-2.703689 -1.098686
-2.925266 -1.280296
0.876641 -0.3187593
-2.958424 0.414132
2.942897 0.9722714
-0.7864758 2.514695
0.6648284 -2.406391
-2.771562 1.240929
-2.676018 -0.6325647
6.104124 0.005706801
-2.617667 0.7531586
-2.806936 -0.05695955
0.959666 2.12444
-2.209405 0.2720959
0.5172586 -1.2361
-4.657355 1.128749
2.209554 -0.1908118
-2.108322 -0.846957
-0.7254761 2.105799
-3.052023 -2.210055
-3.044279 -0.1069287
-4.470151 0.8278663
-2.588823 -0.106469
-0.6508554 -1.083471
-4.752083 -0.1645775
0.8130887 0.2360209
-4.654612 0.4005507
-0.6649151 -0.3108574
-0.9535894 -0.2658834
3.482486 -0.5451068
1.017781 -2.447332
-0.7554823 0.1852244
-1.351163 0.4289608
-0.5998856 1.237182
-1.346593 -0.3029404
-1.382805 1.264493
-1.186812 -1.545052
4.30544 -0.242081
0.880294 -1.523648
1.080483 -1.51103
-0.9046786 1.556285
2.211142 -0.9489447
0.7369493 0.03800573
3.449648 0.1268116
2.684786 -1.696327
-0.8864089 3.345015
1.73843 1.125994
4.686514 0.09305453
1.304107 -2.047965
-0.4751015 -0.1171201
5.735841 0.1183752
-4.379892 -1.570827
-0.8422874 -0.5522633
4.453936 1.958338
1.691058 2.044762
2.865796 0.1983314
-2.49363 1.711382
-5.420761 -0.2232825
1.308787 -1.761993
3.766475 1.507947
-0.3329799 -1.466922
2.277889 2.101443
0.6939363 -2.379725
-3.509573 -0.1668516
1.258333 -2.912441
-4.275822 -1.675097
1.991733 1.360895
1.54417 -0.3700004
0.06662442 1.78848
-1.340305 0.01317171
-1.471378 -0.3732623
2.977248 -0.1267385
0.8397982 2.038576
-2.729865 1.892335
-1.934285 1.637084
-0.9654765 -0.2662591
1.511197 3.407526
4.55769 1.936129
1.9595 -1.165328
0.2566101 1.746131
-1.275772 0.1780299
-3.156181 0.03508867
-2.975656 -0.5182759
0.401515 1.39935
-0.9839588 1.312213
2.596539 -1.239654
0.6914808 -3.493917
-1.689377 1.022255
-0.9143021 3.780729
-3.013166 -0.006662383
0.6648968 0.3941744
-2.22781 -1.720717
5.5474 -0.1898538
-0.07155435 1.113923
2.34685 1.577893
1.068436 -0.3063774
1.863642 1.861896
0.6641252 3.274794
-4.354043 -2.288735
1.079851 0.1433791
-3.218151 0.1132862
1.484185 0.1554653
0.8748172 -3.581481
0.5818705 1.824512
0.07422666 1.651818
1.121175 -0.7838209
-0.2408595 1.39351
-2.485032 -1.426037
-3.187897 -1.00272
1.667862 -0.07876859
1.055187 -0.3019602
1.475322 -2.088769
-0.05217905 -1.69783
3.130137 0.1384429
-2.292148 -1.645382
1.340919 0.5543101
-0.4475625 1.945319
0.3450843 1.50339
-0.3565861 1.45771
0.4859617 -0.3755745
-0.5655543 -1.983336
-0.8452006 -1.649256
2.31503 -1.440808
0.597133 -2.012424
1.661097 -1.092093
4.51686 -2.030436
-2.595047 -1.758093
-0.5691387 -0.2427938
0.8529131 3.112399
0.6881744 3.301979
1.004409 3.271606
0.2382227 -0.2684671
-1.309775 -1.961736
-0.9376197 -0.3483712
0.7388335 1.398714
-1.945332 2.068467
-1.290333 -0.09316562
1.282104 -0.09759079
-1.332761 -0.3437467
1.980925 -0.01554131
0.9031718 -0.2788824
1.59857 0.3908021
0.7647959 0.006020861
-0.2963208 -1.718653
-2.116943 -1.405548
2.031316 -1.575628
-1.110647 -3.152205
-2.185256 1.864157
-5.232015 -0.4353749
-3.469087 0.02964832
1.617182 0.3902645
0.1224454 1.108872
0.719 0.07344251
0.990837 -3.234787
0.1492323 1.202975
-3.938743 -1.302598
-3.561381 -1.282674
-0.2713869 -0.1805606
1.113442 0.3884681
-0.594116 -3.327717
-1.048285 3.405799
-0.3793768 1.740974
-0.3841418 2.154496
-1.68917 0.2743225
3.063784 0.5831712
-0.1129283 1.125942
-2.329122 1.491521
-2.768942 -0.04521355
-0.7248353 -3.315407
-0.8837736 -3.158042
-2.506234 1.15239
1.275754 -0.3195022
1.47999 -1.687129
-0.9873719 1.769027
-1.231642 0.3400487
-2.72461 -0.5015514
-0.8890794 -0.2790653
-1.021098 0.2891364
-2.282857 -0.1035767
0.4864836 -0.8127013
2.337797 1.583944
-0.00418854 0.1084529
-1.208934 0.5518498
-0.6147159 -1.683582
-1.292835 1.362631
2.514529 -0.06588771
-0.8761914 -0.363949
-2.172607 2.276275
-0.9013369 -1.673507
1.270543 -0.4436794
-0.6764545 -1.662889
-1.74169 -0.09708328
-2.376786 -2.530505
0.5052673 -0.8286878
1.509949 1.911362
3.099742 1.262173
-3.286843 0.3385918
0.3031957 -0.006075067
-1.06188 0.08253206
1.831319 -0.2205539
-0.8425737 -0.3639555
2.016793 0.214986
4.47248 1.759616
2.85755 1.639672
-2.614711 2.360115
-0.126095 0.4820703
-4.634319 -2.047979
2.961382 0.6910937
-3.192167 1.33326
4.877586 -0.06503319
0.8211951 1.089703
2.985471 1.001432
-1.171166 -2.6294
1.215362 -1.998691
0.4231173 -3.788841
4.39702 2.221234
-0.6576403 1.352316
4.4344 -0.0797033
-2.480941 -1.863916
2.155482 -0.6251851
-2.655047 -0.03399796
2.532719 2.914438
-2.655422 0.4025969
-2.647379 1.341841
-2.436254 0.5125811
1.278108 1.711061
0.5594968 -0.1990649
-2.497889 -1.102535
4.449859 0.006773242
-2.819837 -1.176492
1.214372 -1.335277
2.914495 0.6732112
-0.6586396 1.826163
0.5676043 0.1491909
-1.150371 2.38302
-1.177652 -1.742548
2.460413 -2.204208
3.082422 0.8058508
1.05025 2.785465
-0.7152078 -0.756741
-2.760438 -0.5299996
-0.7625536 -1.159406
1.106158 -0.5224172
-2.641961 -1.292592
0.6837587 1.761224
-0.7565799 1.596287
-2.780819 3.207118
-1.26313 1.300791
0.5369006 0.7504192
-3.548025 -0.3203079
1.435475 -2.067893
2.76659 -0.8241345
-1.179189 -3.508596
-0.2193042 -0.2039673
-1.304213 -1.717168
4.840104 -0.1655439
-2.5202 2.6706
-2.890965 2.282832
1.38772 1.431334
-5.297245 -0.07342152
0.8422248 -0.352817
-1.224157 0.4216847
-0.625819 1.679637
0.8545253 0.6923235
2.862893 1.433051
0.8764508 -0.1593281
2.751649 -1.297147
-0.5552626 0.1858904
0.8577973 0.3366992
-0.6378692 -0.1951401
-1.622597 1.398131
-3.209541 -0.4963145
-1.119074 -1.656521
1.422754 -2.082867
-1.152379 -3.824937
-1.380732 1.715601
2.164084 0.2161947
0.3393102 -0.9713219
-0.5518533 0.2537417
2.969938 3.037704
1.013701 -0.02872174
1.241721 -1.44737
-0.6035656 2.341184
2.364063 -1.752794
2.592015 -2.113482
4.782071 -0.3037103
1.327435 -0.2963406
-0.9681002 -1.012089
-0.7699831 1.585785
3.04144 0.4511594
0.5798536 -0.7079638
-3.15694 -1.285215
-0.8654876 -1.374592
0.816185 2.135369
2.266993 0.4610685
0.5196382 -1.537661
-0.7068222 -3.605999
-1.325438 -0.5262981
-2.982397 0.3510118
-1.311803 -0.411008
-1.206944 -0.05655299
-1.27228 -0.1259744
-1.14351 0.2003043
-4.708694 0.166844
0.8857086 0.06842086
-3.096815 -0.2347073
-5.283433 -0.5900482
2.839123 0.07002244
2.996359 0.1500365
-3.02441 0.2328088
0.9832916 -0.157229
-0.8436139 0.2553362
1.1178 0.2405887
5.184111 0.2130892
0.6668923 -0.09330506
-3.284653 0.1055883
-0.9455407 0.1000979
-1.389793 -0.03815317
-2.7901 -0.1216331
0.9394438 -0.2203669
-3.086163 -0.375669
3.128751 0.2514229
1.468003 0.3118556
0.8644742 0.3295793
-0.8650683 0.4519527
2.888455 0.3012662
-1.061469 -0.125894
-0.7089825 0.0393862
-3.247395 0.2398595
4.952754 -0.04275606
4.833222 0.2801633
5.060064 -0.2147271
-3.232285 -0.009805488
-2.969195 -0.1979043
-5.173002 -0.01099516
1.428694 0.2901593
-1.336462 0.1741233
7.072333 0.2771194
0.7154241 0.1038394
2.774124 -0.1999359
-1.135028 -0.5250918
0.8478907 0.2307234
0.9341555 -0.4233417
5.374892 -0.04605669
-1.125055 0.2145701
6.788626 0.2824422
-3.128364 0.2520465
5.196893 0.07828612
-4.813855 0.3404666
2.834901 0.3914386
-5.317917 -0.1091739
-3.14169 -0.07743344
-5.122884 0.1354787
1.126826 -0.22513
3.325437 0.1322127
-4.785213 -0.1573575
6.988145 0.125582
-4.949378 0.143597
1.192897 -0.3456715
3.51555 -0.2510805
-2.712649 -0.2962091
1.096238 -0.3283026
-0.8191222 0.1745287
1.453673 0.1184605
2.87354 -0.31803
0.9712517 0.1264828
0.7052681 -0.251461
0.7275279 -0.3444039
-2.497648 0.03007899
-2.852944 0.1160987
0.7305614 0.0234459
-5.0007 0.1221857
2.970221 0.4661975
-2.857793 0.04210796
-2.501115 -0.1735157
1.175542 0.3271834
2.62178 0.1599557
-1.34837 0.1261377
-1.192119 0.3119417
0.424432 -0.02471399
-1.229779 0.3037279
-2.856143 -0.4387984
0.7699829 0.2488523
3.642222 0.5624725
-2.730069 0.03688965
-3.07957 0.1341855
1.230462 0.188797
-2.834919 -0.5721207
-0.8696068 -0.1263097
-1.014719 -0.0249572
-2.993003 -0.1381968
1.144516 0.1937611
4.847337 -0.3550399
-1.384913 0.1614343
4.678517 0.2561953
-2.852291 -0.05965651
1.353015 0.1547512
-3.130995 -0.332587
1.289035 -0.2342944
-0.6695351 -0.2480121
-0.8428889 0.1938531
0.665865 0.4688902
-0.8651214 -0.05679111
0.6277308 0.0312943
4.729504 -0.07451069
3.202662 -0.3141067
-3.2196 -0.3133369
3.136081 0.003294136
3.166535 -0.3564917
0.8597161 -0.4378064
-0.8464756 0.2034735
2.894487 -0.1319277
3.180612 0.2233414
2.68799 0.3738203
0.9068158 0.1721763
-0.6969961 0.4204212
-0.8291529 -0.4107309
2.878523 0.04301018
3.021224 0.3636296
-1.211033 -0.05539072
-1.030524 0.1063036
0.6994885 -0.4103348
5.197205 -0.1406332
1.047573 0.2060777
-1.109594 -0.1995627
1.11676 2.182057
0.5363795 0.5703506
1.041607 -0.1806048
-1.026764 3.048144
-1.159601 -2.140693
1.106588 -0.0662768
1.656933 -0.1452893
4.570186 1.762202
-3.975874 0.2300972
1.800617 -0.09161657
-0.9095786 1.418026
-0.6313932 0.8162965
0.984093 -1.978163
4.245378 -2.112098
2.459466 -0.6821163
0.4219155 -2.786841
-1.571719 0.0215092
4.156785 2.151167
3.599354 -1.189535
0.3957476 1.232684
-0.907433 -0.9027444
-2.530585 2.783545
-0.9725206 -0.1679571
0.6515545 3.380645
-1.061352 2.091915
2.393851 -1.208237
-1.122722 -0.5040926
2.78243 -1.972986
1.545279 0.3201952
-1.13844 1.542571
1.133977 -0.09926881
-2.86945 -0.7427985
0.9817886 -2.340808
-1.220357 -1.495257
2.314741 -0.79471
1.059598 -3.188058
1.065593 -1.859792
1.213206 0.9918386
-2.202492 -1.626508
1.133118 -1.310999
0.7799019 -0.1151801
-2.906855 0.4933168
0.5538661 -0.6577481
-1.320355 0.2762024
2.285154 1.599225
0.7056696 4.193865
-0.7898588 -1.55376
-1.080897 -2.291158
0.5108697 0.2023605
1.038559 -0.6363295
1.095791 2.227983
1.588125 -0.2961557
0.1025637 -2.256143
-0.7618345 -2.038078
0.6795645 0.7836058
-1.104046 -1.844619
0.8028376 -2.262897
-1.008269 2.075422
-1.991863 0.9820012
0.1028372 0.05841603
-2.310786 0.9098858
0.7127402 1.691704
0.7855057 0.1888031
-2.524441 -2.961826
1.119274 2.034565
0.4037657 -1.156812
0.8417628 3.20916
-2.535503 1.357816
-0.4694215 -0.8020874
0.6940978 -0.04435222
4.46986 2.038034
-0.7700536 0.1567173
-0.120819 0.9165371
-1.359838 0.04958789
-2.07664 0.8442665
2.624777 -2.642003
-2.252383 -2.640225
-0.9577821 -2.160316
3.1637 -0.7863948
3.101636 0.8936648
2.61382 2.142756
-0.8035584 3.017316
-2.423833 1.914419
1.350265 2.257439
1.215446 1.9555
0.06798333 2.91444
-2.671344 -0.2834904
0.7534761 -3.280859
0.5153093 -3.001288
0.8346254 -2.229864
3.166339 0.004640909
-4.496965 1.86411
-0.9502181 1.851293
-2.841488 -2.91605
-1.135725 -0.1924348
2.101203 -1.278687
-1.632006 0.08868275
2.575541 0.932102
-1.057301 0.230852
1.34564 1.425434
-0.8595862 -0.0919548
3.313139 -0.7241395
2.132928 2.152838
-2.195717 0.9521559
2.260644 0.9387147
-0.7698793 4.488023
0.6103206 -2.868043
-1.592058 -0.0726282
0.05504037 0.8381199
-1.54105 -0.1486525
0.7572781 -2.16227
4.257437 0.06271043
0.6484851 2.283338
-0.1623448 -1.50911
-3.158993 1.36395
-2.939414 1.349562
-2.60668 0.3523989
1.097589 -1.409205
-1.032047 1.963806
-1.37713 -2.056083
0.5738411 -0.5314659
2.673252 -0.7871878
0.455666 0.8264484
2.992835 -1.182236
-0.3666147 -1.290072
0.717694 -1.913671
-2.523118 -0.4952824
-0.515994 4.03016
2.64811 0.7066921
-1.920992 -2.949786
-1.748423 -0.3705795
0.3325685 -2.533525
-0.919189 -2.769791
2.785792 -3.525044
1.198638 -0.005293194
0.6680714 -0.5232716
1.074482 0.235092
1.211876 -0.05089314
0.5546231 -0.4495547
2.133398 -2.776259
-0.5410187 0.6755376
0.62045 0.4169221
0.04452853 3.072334
-0.3799752 2.302681
-1.858226 0.0444147
0.6525353 -0.189082
1.855632 -2.218745
-3.758554 1.863263
0.5688048 -0.970295
-1.679899 -2.527539
2.657249 0.04979908
-1.925383 1.151336
0.1926653 -0.687426
-2.171319 -1.767314
-1.748277 1.678088
-1.333217 0.8134779
4.282771 -0.1512933
-0.8493301 -4.484437
-2.032291 0.2115464
-1.906585 -0.6524824
2.834412 0.5015792
0.5207751 -1.948916
-0.5398185 1.898981
-1.993609 -1.286739
-0.7961913 0.621586
0.04556147 1.553573
1.361852 0.7600299
1.236846 1.50739
0.5131176 0.3652412
0.01849601 -2.914759
-1.315215 -4.054059
-0.8231376 1.245245
-1.942897 1.871115
1.104954 -0.3082865
0.2401402 -2.356506
-1.06818 -2.978167
0.6352071 -0.1675486
-1.693438 2.62198
2.241232 -0.8270943
1.549481 -0.310957
-0.8199919 -0.2888071
-2.426527 0.5713305
-2.033226 -2.641177
-2.702773 0.9355846
0.9382111 -2.557966
0.2701227 -0.8716109
0.3298704 -1.790555
0.4756421 -0.05466221
0.5775333 -1.942219
1.051575 2.844481
-1.277524 -3.961338
-1.506413 2.435263
1.237681 -4.537564
-3.546983 -1.671712
-0.3066151 -2.376024
-2.188922 1.814067
-1.007156 1.834459
0.7371732 -1.037637
0.008374376 -0.5446666
0.7063366 3.590174
1.716395 -2.048729
-3.040425 3.712609
0.1948007 -1.41574
1.442445 2.695522
-2.011429 2.632743
1.295277 -0.212316
3.332773 1.756918
1.683657 1.000153
-1.236313 -0.6591215
0.7913763 -2.554605
1.258303 -1.162381
3.031793 0.03251753
-0.4425897 -0.8145711
-0.6239479 -2.567836
-0.6555905 -0.3372253
-1.99651 -0.856962
-2.338202 -1.458618
1.063322 -2.566478
0.4855668 -0.1624116
-0.09328499 -0.653146
-0.7631254 -4.200606
-1.688897 2.19692
-2.582676 -3.629979
-0.2399811 1.8697
3.421233 0.2164255
-0.4187412 -1.594838
-4.207002 0.09210993
1.202237 -4.129971
-4.799054 0.001259703
3.449879 1.427834
-1.613871 -1.122009
1.973989 1.819987
-2.112715 1.984851
-0.944725 -0.09940973
-0.4598004 2.218769
-1.542705 -0.07803138
-2.359887 -1.979299
-4.232727 0.1347778
-0.8197692 -0.229966
-1.442412 0.3111462
0.9149622 3.0924
-3.763467 -2.371742
-1.912786 1.678645
-2.112182 2.061976
-0.1767901 0.1745458
1.107744 4.481151
-1.061526 2.359319
-1.286464 -2.806775
-0.35492 -3.561121
1.823491 -1.084991
1.221292 -1.694145
-0.1945561 2.252176
4.079036 -1.515549
2.383038 0.6838461
-0.315293 2.204477
-0.9553155 -0.2319331
-0.1444421 3.855216
-1.018678 -3.712795
2.952392 0.03776439
2.003289 0.3200062
-1.301987 1.356877
-0.2702106 -0.08329304
0.5236586 -0.07513425
-0.07087724 -1.70876
-1.217377 0.02048519
0.6391968 -0.175002
-1.694733 -1.534348
1.339437 -3.567554
1.736408 1.938354
0.2869697 1.705769
1.263889 3.685867
-1.916396 -0.3254309
-0.4838232 0.06832407
0.3095373 -1.853068
-0.0158971 -2.024906
0.2329172 1.736893
1.558627 4.186923
0.1288624 0.1420218
-2.428129 -0.1387194
-1.094372 0.1796766
-1.505693 -1.69291
1.628824 -1.736691
2.912776 -1.899755
-1.581988 1.918323
-0.6158729 0.2875434
-1.529412 -1.435975
2.417821 -0.324325
-0.3148038 3.838058
0.1330687 1.841236
1.803111 -1.821418
1.393758 -1.958076
-1.071454 -0.1018161
1.763737 1.631184
-2.238914 1.664267
1.676544 1.578054
-2.726002 -1.717262
1.484504 -0.09958798
-1.020443 -3.754514
1.872358 0.24272
-0.9154498 5.748213
2.288057 1.856863
0.891223 2.108492
1.728269 -1.682718
-1.219921 1.951837
1.119947 0.2825773
-0.8789567 3.736509
0.1923118 -1.837336
0.06729181 0.5562498
2.032022 -3.835064
-0.07380403 1.248041
-1.488126 -3.684752
-0.8293442 1.836641
1.021197 1.747592
-1.948824 -1.474768
-1.333922 2.068093
1.398762 0.1341889
-1.289514 2.00575
0.9103599 -1.47977
1.954176 0.187343
0.1680855 -0.2915261
0.7118581 -1.275156
0.1295088 -1.743587
-1.640346 0.2025253
0.3149968 2.1243
2.48366 -2.205046
0.864324 -5.328956
0.0171958 -1.48591
-1.541346 0.06289663
0.5803431 2.050857
-0.1115589 -0.136051
-1.180693 1.585019
-0.1452644 -0.341753
-0.1774785 -0.2915713
-2.052577 -3.742759
-0.5950875 -1.880483
0.1492548 -3.647519
-1.882618 -1.763964
1.567186 0.3554931
2.099595 -1.79861
0.436245 3.778722
1.784698 -1.382803
-2.016845 0.4655428
2.946691 0.3656971
-1.029937 -0.03162634
-1.045096 -0.2379776
0.9964304 1.800534
-2.743203 -0.09992773
-0.03938793 -1.524758
-0.8897058 -1.392986
-0.1087767 0.04355518
0.1262672 -0.07194269
1.249149 -1.763028
1.098749 -0.2119051
1.247113 1.607093
0.9227137 -0.1184232
1.152622 -1.32593
0.6897605 0.1375606
-0.7903237 -2.181879
-1.802843 -1.843806
-1.937856 2.167333
2.277038 2.132343
-0.8818147 2.259419
-1.679572 -0.1260664
-0.5826572 0.2245214
-0.8127288 2.232807
0.7814281 -0.3643977
2.488476 -3.143742
1.256463 -0.1153264
1.245274 -2.248791
0.1550702 -1.624928
0.2386211 1.627934
0.248823 1.793084
2.735345 0.1163863
1.070221 1.457197
-1.071087 -1.812399
-0.969234 1.553365
2.444222 0.03335131
0.3700658 3.910841
-2.626204 1.933012
1.000588 3.408577
0.1338443 -2.021123
0.3000945 1.591803
-1.035508 3.672756
-1.35572 2.410245
-0.4705952 -0.7907969
0.1860038 0.21881
5.004252 -0.02065642
2.811346 -0.4191801
-1.240747 -4.147333
-0.1611656 -2.537531
2.449501 -0.2325869
0.497157 1.320127
-1.999776 0.1132049
2.095949 0.3084836
-3.458188 1.190615
-0.2870703 0.7605603
3.657307 -0.9772056
0.6175373 -1.541925
2.127532 -0.1993133
-2.720087 0.3181489
-2.595131 0.04564244
0.3503185 1.542808
0.7515985 -0.6990178
1.832457 0.9913951
3.029086 -3.264044
0.7799191 -0.2101517
-5.282264 -0.2992961
0.3319635 2.094059
-3.804698 1.290718
3.283228 -0.7279683
4.222796 1.362622
-1.521022 -1.565614
-3.387577 -0.2942399
-0.8018026 -1.258371
5.498084 -0.1155887
1.020938 -3.153541
-1.405348 -1.353177
2.049805 -0.9150358
0.3604427 1.665704
0.1984131 -2.331589
3.943048 -1.680212
-1.385869 0.8890997
1.038839 -1.330205
-4.369599 1.564488
-0.1084666 0.02659767
-1.982047 0.1756901
2.540004 -2.942014
-1.125591 -1.870927
3.61601 0.9286904
0.8317814 0.7851325
1.289133 -0.9224769
-0.5530015 -4.097289
-0.1962752 -0.1374678
0.2881854 -0.2021464
-1.638709 1.332454
2.144059 0.07687438
2.316152 0.1693855
1.935475 -1.534324
-0.0970736 0.0807495
2.124237 -1.419825
1.018339 -4.298929
-3.927054 1.177486
-0.7103467 -1.610376
-0.2485958 -0.206693
-0.762911 -1.721673
0.9799358 4.133417
2.56506 -2.575986
0.4576471 0.21661
1.319713 -1.572828
1.851904 -1.286962
-2.945791 -0.1609925
-0.4732328 0.8981566
4.448048 1.376757
0.7362025 2.239468
0.4984288 1.25597
-2.445389 2.863707
1.153541 -1.792855
0.1065833 2.664794
-0.5348871 -1.781744
-0.4882246 0.3327889
0.6359418 0.3628975
-2.285745 0.3946948
-2.243 1.658993
-0.6812295 3.214372
-1.720504 1.226335
2.343448 -0.1805827
2.097693 1.465702
-0.4117219 -0.8057533
3.797809 1.30453
-2.928114 -0.5884224
2.784009 -0.01220811
-0.176529 -2.465515
0.195779 -2.110024
1.222855 -3.889529
-2.858622 0.04485585
-0.207609 1.372683
-1.116609 -1.671078
0.3001032 -0.007191477
0.6614227 -2.763634
0.7795928 1.969375
0.4000894 -0.1765276
0.9519774 -1.486523
3.201243 0.04167054
1.04481 -1.354245
3.201389 0.2152226
-2.113578 1.914452
-1.558355 1.348317
-3.496958 1.111894
3.665864 1.105192
-1.365782 0.8952639
-2.583475 0.2737134
-2.25107 -0.3971306
-1.312774 -1.689968
3.455206 0.003423089
2.23391 0.6228294
1.386503 -0.2897445
1.08027 4.075917
1.527735 -0.9847545
-0.540577 0.806388
-0.4776229 0.8754348
3.050669 -0.19514
0.8407515 1.104726
-0.5703644 3.809224
-1.207242 -3.801713
2.298962 -2.760384
-1.042036 -3.245347
-4.34489 -1.718823
2.125807 -0.5683237
-1.227086 -1.633068
-1.833394 -1.025301
-2.622325 -0.5290316
-0.7241746 0.8063052
2.766815 0.6500232
-2.478239 1.490368
-0.3810215 -0.2032479
2.430829 1.945477
-1.231918 -0.04795781
2.163277 1.059553
2.846804 -0.1200178
-2.934837 0.9786285
4.14087 -0.08834143
3.23002 -0.01069117
-0.9178028 1.40808
2.821747 1.403326
1.371461 -1.246894
-3.022619 -1.426016
-0.9462042 -1.234307
-2.924429 -1.946899
-2.70429 -0.06106161
-2.891672 1.292403
0.9939921 0.4277817
-4.432642 -0.5853358
3.125057 -0.6193278
1.382103 2.121908
0.2893753 -0.04432601
-2.987613 0.9128706
-1.282513 1.41505
-2.683444 0.03553017
1.303864 -0.9080413
-4.758117 -1.555447
2.73744 0.08633481
-1.371751 2.556697
-0.5352839 0.02069147
0.6606911 -0.3766703
0.9301206 -0.9872482
0.5748817 0.5705807
-2.77898 -0.7483906
-2.757026 -1.150666
1.311533 -1.338606
-1.374468 -0.3459698
4.830227 -1.290127
-1.39723 -1.004858
-0.5370078 -0.1913016
0.4881232 1.252512
-0.3139567 1.098697
-1.054827 -0.6545206
-2.269411 -0.4743944
1.146047 1.790993
1.703907 0.07287999
-0.7817842 -0.03139807
-0.8362274 0.09864733
-2.881332 -1.278627
0.9750524 1.313228
3.136579 0.2350252
-0.8013431 -0.4321672
-0.8408244 -1.212094
-3.040649 1.168676
-1.02898 -1.181803
1.252812 -0.03801784
-1.285356 1.470408
2.688136 1.242623
-0.6536154 -0.08618449
2.32799 0.5570961
0.6872704 0.5144737
-0.7571285 0.8930956
0.8733702 -1.832356
0.5869923 2.348972
-4.531503 0.3441041
-2.95394 2.254064
-0.8703247 0.06458203
1.476682 -0.6068752
1.225377 0.3872638
-2.332381 1.405775
0.8580625 -1.26594
4.390408 0.6347301
-2.406644 -1.108969
2.637862 1.061036
-1.127912 -1.672473
0.6780455 -1.955564
0.5068512 -0.7963299
0.9131226 -0.9487958
-1.055524 0.03195924
-4.555393 1.494268
2.642902 1.681839
4.901225 1.382638
2.38403 0.6960604
1.068689 1.132285
-2.766205 1.976698
3.006835 0.1401348
-2.703689 -1.098686
-2.925266 -1.280296
0.876641 -0.3187593
-2.958424 0.414132
2.942897 0.9722714
-0.7864758 2.514695
0.6648284 -2.406391
-2.771562 1.240929
-2.676018 -0.6325647
6.104124 0.005706801
-2.617667 0.7531586
-2.806936 -0.05695955
0.959666 2.12444
-2.209405 0.2720959
0.5172586 -1.2361
-4.657355 1.128749
2.209554 -0.1908118
-2.108322 -0.846957
-0.7254761 2.105799
-3.052023 -2.210055
-3.044279 -0.1069287
-4.470151 0.8278663
-2.588823 -0.106469
-0.6508554 -1.083471
-4.752083 -0.1645775
0.8130887 0.2360209
-4.654612 0.4005507
-0.6649151 -0.3108574
-0.9535894 -0.2658834
3.482486 -0.5451068
1.017781 -2.447332
-0.7554823 0.1852244
-1.351163 0.4289608
-0.5998856 1.237182
-1.346593 -0.3029404
-1.382805 1.264493
-1.186812 -1.545052
4.30544 -0.242081
0.880294 -1.523648
1.080483 -1.51103
-0.9046786 1.556285
2.211142 -0.9489447
0.7369493 0.03800573
3.449648 0.1268116
2.684786 -1.696327
-0.8864089 3.345015
1.73843 1.125994
4.686514 0.09305453
1.304107 -2.047965
-0.4751015 -0.1171201
5.735841 0.1183752
-4.379892 -1.570827
-0.8422874 -0.5522633
4.453936 1.958338
1.691058 2.044762
2.865796 0.1983314
-2.49363 1.711382
-5.420761 -0.2232825
1.308787 -1.761993
3.766475 1.507947
-0.3329799 -1.466922
2.277889 2.101443
0.6939363 -2.379725
-3.509573 -0.1668516
1.258333 -2.912441
-4.275822 -1.675097
1.991733 1.360895
1.54417 -0.3700004
0.06662442 1.78848
-1.340305 0.01317171
-1.471378 -0.3732623
2.977248 -0.1267385
0.8397982 2.038576
-2.729865 1.892335
-1.934285 1.637084
-0.9654765 -0.2662591
1.511197 3.407526
4.55769 1.936129
1.9595 -1.165328
0.2566101 1.746131
-1.275772 0.1780299
-3.156181 0.03508867
-2.975656 -0.5182759
0.401515 1.39935
-0.9839588 1.312213
2.596539 -1.239654
0.6914808 -3.493917
-1.689377 1.022255
-0.9143021 3.780729
-3.013166 -0.006662383
0.6648968 0.3941744
-2.22781 -1.720717
5.5474 -0.1898538
-0.07155435 1.113923
2.34685 1.577893
1.068436 -0.3063774
1.863642 1.861896
0.6641252 3.274794
-4.354043 -2.288735
1.079851 0.1433791
-3.218151 0.1132862
1.484185 0.1554653
0.8748172 -3.581481
0.5818705 1.824512
0.07422666 1.651818
1.121175 -0.7838209
-0.2408595 1.39351
-2.485032 -1.426037
-3.187897 -1.00272
1.667862 -0.07876859
1.055187 -0.3019602
1.475322 -2.088769
-0.05217905 -1.69783
3.130137 0.1384429
-2.292148 -1.645382
1.340919 0.5543101
-0.4475625 1.945319
0.3450843 1.50339
-0.3565861 1.45771
0.4859617 -0.3755745
-0.5655543 -1.983336
-0.8452006 -1.649256
2.31503 -1.440808
0.597133 -2.012424
1.661097 -1.092093
4.51686 -2.030436
-2.595047 -1.758093
-0.5691387 -0.2427938
0.8529131 3.112399
0.6881744 3.301979
1.004409 3.271606
0.2382227 -0.2684671
-1.309775 -1.961736
-0.9376197 -0.3483712
0.7388335 1.398714
-1.945332 2.068467
-1.290333 -0.09316562
1.282104 -0.09759079
-1.332761 -0.3437467
1.980925 -0.01554131
0.9031718 -0.2788824
1.59857 0.3908021
0.7647959 0.006020861
-0.2963208 -1.718653
-2.116943 -1.405548
2.031316 -1.575628
-1.110647 -3.152205
-2.185256 1.864157
-5.232015 -0.4353749
-3.469087 0.02964832
1.617182 0.3902645
0.1224454 1.108872
0.719 0.07344251
0.990837 -3.234787
0.1492323 1.202975
-3.938743 -1.302598
-3.561381 -1.282674
-0.2713869 -0.1805606
1.113442 0.3884681
-0.594116 -3.327717
-1.048285 3.405799
-0.3793768 1.740974
-0.3841418 2.154496
-1.68917 0.2743225
3.063784 0.5831712
-0.1129283 1.125942
-2.329122 1.491521
-2.768942 -0.04521355
-0.7248353 -3.315407
-0.8837736 -3.158042
-2.506234 1.15239
1.275754 -0.3195022
1.47999 -1.687129
-0.9873719 1.769027
-1.231642 0.3400487
-2.72461 -0.5015514
-0.8890794 -0.2790653
-1.021098 0.2891364
-2.282857 -0.1035767
0.4864836 -0.8127013
2.337797 1.583944
-0.00418854 0.1084529
-1.208934 0.5518498
-0.6147159 -1.683582
-1.292835 1.362631
2.514529 -0.06588771
-0.8761914 -0.363949
-2.172607 2.276275
-0.9013369 -1.673507
1.270543 -0.4436794
-0.6764545 -1.662889
-1.74169 -0.09708328
-2.376786 -2.530505
0.5052673 -0.8286878
1.509949 1.911362
3.099742 1.262173
-3.286843 0.3385918
0.3031957 -0.006075067
-1.06188 0.08253206
1.831319 -0.2205539
-0.8425737 -0.3639555
2.016793 0.214986
4.47248 1.759616
2.85755 1.639672
-2.614711 2.360115
-0.126095 0.4820703
-4.634319 -2.047979
2.961382 0.6910937
-3.192167 1.33326
4.877586 -0.06503319
0.8211951 1.089703
2.985471 1.001432
-1.171166 -2.6294
1.215362 -1.998691
0.4231173 -3.788841
4.39702 2.221234
-0.6576403 1.352316
4.4344 -0.0797033
-2.480941 -1.863916
2.155482 -0.6251851
-2.655047 -0.03399796
2.532719 2.914438
-2.655422 0.4025969
-2.647379 1.341841
-2.436254 0.5125811
1.278108 1.711061
0.5594968 -0.1990649
-2.497889 -1.102535
4.449859 0.006773242
-2.819837 -1.176492
1.214372 -1.335277
2.914495 0.6732112
-0.6586396 1.826163
0.5676043 0.1491909
-1.150371 2.38302
-1.177652 -1.742548
2.460413 -2.204208
3.082422 0.8058508
1.05025 2.785465
-0.7152078 -0.756741
-2.760438 -0.5299996
-0.7625536 -1.159406
1.106158 -0.5224172
-2.641961 -1.292592
0.6837587 1.761224
-0.7565799 1.596287
-2.780819 3.207118
-1.26313 1.300791
0.5369006 0.7504192
-3.548025 -0.3203079
1.435475 -2.067893
2.76659 -0.8241345
-1.179189 -3.508596
-0.2193042 -0.2039673
-1.304213 -1.717168
4.840104 -0.1655439
-2.5202 2.6706
-2.890965 2.282832
1.38772 1.431334
-5.297245 -0.07342152
0.8422248 -0.352817
-1.224157 0.4216847
-0.625819 1.679637
0.8545253 0.6923235
2.862893 1.433051
0.8764508 -0.1593281
2.751649 -1.297147
-0.5552626 0.1858904
0.8577973 0.3366992
-0.6378692 -0.1951401
-1.622597 1.398131
-3.209541 -0.4963145
-1.119074 -1.656521
1.422754 -2.082867
-1.152379 -3.824937
-1.380732 1.715601
2.164084 0.2161947
0.3393102 -0.9713219
-0.5518533 0.2537417
2.969938 3.037704
1.013701 -0.02872174
1.241721 -1.44737
-0.6035656 2.341184
2.364063 -1.752794
2.592015 -2.113482
4.782071 -0.3037103
1.327435 -0.2963406
-0.9681002 -1.012089
-0.7699831 1.585785
3.04144 0.4511594
0.5798536 -0.7079638
-3.15694 -1.285215
-0.8654876 -1.374592
0.816185 2.135369
2.266993 0.4610685
0.5196382 -1.537661
-0.7068222 -3.605999
-1.325438 -0.5262981
-2.982397 0.3510118
-1.311803 -0.411008
-1.206944 -0.05655299
-1.27228 -0.1259744
-1.14351 0.2003043
-4.708694 0.166844
0.8857086 0.06842086
-3.096815 -0.2347073
-5.283433 -0.5900482
2.839123 0.07002244
2.996359 0.1500365
-3.02441 0.2328088
0.9832916 -0.157229
-0.8436139 0.2553362
1.1178 0.2405887
5.184111 0.2130892
0.6668923 -0.09330506
-3.284653 0.1055883
-0.9455407 0.1000979
-1.389793 -0.03815317
-2.7901 -0.1216331
0.9394438 -0.2203669
-3.086163 -0.375669
3.128751 0.2514229
1.468003 0.3118556
0.8644742 0.3295793
-0.8650683 0.4519527
2.888455 0.3012662
-1.061469 -0.125894
-0.7089825 0.0393862
-3.247395 0.2398595
4.952754 -0.04275606
4.833222 0.2801633
5.060064 -0.2147271
-3.232285 -0.009805488
-2.969195 -0.1979043
-5.173002 -0.01099516
1.428694 0.2901593
-1.336462 0.1741233
7.072333 0.2771194
0.7154241 0.1038394
2.774124 -0.1999359
-1.135028 -0.5250918
0.8478907 0.2307234
0.9341555 -0.4233417
5.374892 -0.04605669
-1.125055 0.2145701
6.788626 0.2824422
-3.128364 0.2520465
5.196893 0.07828612
-4.813855 0.3404666
2.834901 0.3914386
-5.317917 -0.1091739
-3.14169 -0.07743344
-5.122884 0.1354787
1.126826 -0.22513
3.325437 0.1322127
-4.785213 -0.1573575
6.988145 0.125582
-4.949378 0.143597
1.192897 -0.3456715
3.51555 -0.2510805
-2.712649 -0.2962091
1.096238 -0.3283026
-0.8191222 0.1745287
1.453673 0.1184605
2.87354 -0.31803
0.9712517 0.1264828
0.7052681 -0.251461
0.7275279 -0.3444039
-2.497648 0.03007899
-2.852944 0.1160987
0.7305614 0.0234459
-5.0007 0.1221857
2.970221 0.4661975
-2.857793 0.04210796
-2.501115 -0.1735157
1.175542 0.3271834
2.62178 0.1599557
-1.34837 0.1261377
-1.192119 0.3119417
0.424432 -0.02471399
-1.229779 0.3037279
-2.856143 -0.4387984
0.7699829 0.2488523
3.642222 0.5624725
-2.730069 0.03688965
-3.07957 0.1341855
1.230462 0.188797
-2.834919 -0.5721207
-0.8696068 -0.1263097
-1.014719 -0.0249572
-2.993003 -0.1381968
1.144516 0.1937611
4.847337 -0.3550399
-1.384913 0.1614343
4.678517 0.2561953
-2.852291 -0.05965651
1.353015 0.1547512
-3.130995 -0.332587
1.289035 -0.2342944
-0.6695351 -0.2480121
-0.8428889 0.1938531
0.665865 0.4688902
-0.8651214 -0.05679111
0.6277308 0.0312943
4.729504 -0.07451069
3.202662 -0.3141067
-3.2196 -0.3133369
3.136081 0.003294136
3.166535 -0.3564917
0.8597161 -0.4378064
-0.8464756 0.2034735
2.894487 -0.1319277
3.180612 0.2233414
2.68799 0.3738203
0.9068158 0.1721763
-0.6969961 0.4204212
-0.8291529 -0.4107309
2.878523 0.04301018
3.021224 0.3636296
-1.211033 -0.05539072
-1.030524 0.1063036
0.6994885 -0.4103348
5.197205 -0.1406332
1.047573 0.2060777
-1.109594 -0.1995627
1.11676 2.182057
0.5363795 0.5703506
1.041607 -0.1806048
-1.026764 3.048144
-1.159601 -2.140693
1.106588 -0.0662768
1.656933 -0.1452893
4.570186 1.762202
-3.975874 0.2300972
1.800617 -0.09161657
-0.9095786 1.418026
-0.6313932 0.8162965
0.984093 -1.978163
4.245378 -2.112098
2.459466 -0.6821163
0.4219155 -2.786841
-1.571719 0.0215092
4.156785 2.151167
3.599354 -1.189535
0.3957476 1.232684
-0.907433 -0.9027444
-2.530585 2.783545
-0.9725206 -0.1679571
0.6515545 3.380645
-1.061352 2.091915
2.393851 -1.208237
-1.122722 -0.5040926
2.78243 -1.972986
1.545279 0.3201952
-1.13844 1.542571
1.133977 -0.09926881
-2.86945 -0.7427985
0.9817886 -2.340808
-1.220357 -1.495257
2.314741 -0.79471
1.059598 -3.188058
1.065593 -1.859792
1.213206 0.9918386
-2.202492 -1.626508
1.133118 -1.310999
0.7799019 -0.1151801
-2.906855 0.4933168
0.5538661 -0.6577481
-1.320355 0.2762024
2.285154 1.599225
0.7056696 4.193865
-0.7898588 -1.55376
-1.080897 -2.291158
0.5108697 0.2023605
1.038559 -0.6363295
1.095791 2.227983
1.588125 -0.2961557
0.1025637 -2.256143
-0.7618345 -2.038078
0.6795645 0.7836058
-1.104046 -1.844619
0.8028376 -2.262897
-1.008269 2.075422
-1.991863 0.9820012
0.1028372 0.05841603
-2.310786 0.9098858
0.7127402 1.691704
0.7855057 0.1888031
-2.524441 -2.961826
1.119274 2.034565
0.4037657 -1.156812
0.8417628 3.20916
-2.535503 1.357816
-0.4694215 -0.8020874
0.6940978 -0.04435222
4.46986 2.038034
-0.7700536 0.1567173
-0.120819 0.9165371
-1.359838 0.04958789
-2.07664 0.8442665
2.624777 -2.642003
-2.252383 -2.640225
-0.9577821 -2.160316
3.1637 -0.7863948
3.101636 0.8936648
2.61382 2.142756
-0.8035584 3.017316
-2.423833 1.914419
1.350265 2.257439
1.215446 1.9555
0.06798333 2.91444
-2.671344 -0.2834904
0.7534761 -3.280859
0.5153093 -3.001288
0.8346254 -2.229864
3.166339 0.004640909
-4.496965 1.86411
-0.9502181 1.851293
-2.841488 -2.91605
-1.135725 -0.1924348
2.101203 -1.278687
-1.632006 0.08868275
2.575541 0.932102
-1.057301 0.230852
1.34564 1.425434
-0.8595862 -0.0919548
3.313139 -0.7241395
2.132928 2.152838
-2.195717 0.9521559
2.260644 0.9387147
-0.7698793 4.488023
0.6103206 -2.868043
-1.592058 -0.0726282
0.05504037 0.8381199
-1.54105 -0.1486525
0.7572781 -2.16227
4.257437 0.06271043
0.6484851 2.283338
-0.1623448 -1.50911
-3.158993 1.36395
-2.939414 1.349562
-2.60668 0.3523989
1.097589 -1.409205
-1.032047 1.963806
-1.37713 -2.056083
0.5738411 -0.5314659
2.673252 -0.7871878
0.455666 0.8264484
2.992835 -1.182236
-0.3666147 -1.290072
0.717694 -1.913671
-2.523118 -0.4952824
-0.515994 4.03016
2.64811 0.7066921
-1.920992 -2.949786
-1.748423 -0.3705795
0.3325685 -2.533525
-0.919189 -2.769791
2.785792 -3.525044
1.198638 -0.005293194
0.6680714 -0.5232716
1.074482 0.235092
1.211876 -0.05089314
0.5546231 -0.4495547
2.133398 -2.776259
-0.5410187 0.6755376
0.62045 0.4169221
0.04452853 3.072334
-0.3799752 2.302681
-1.858226 0.0444147
0.6525353 -0.189082
1.855632 -2.218745
-3.758554 1.863263
0.5688048 -0.970295
-1.679899 -2.527539
2.657249 0.04979908
-1.925383 1.151336
0.1926653 -0.687426
-2.171319 -1.767314
-1.748277 1.678088
-1.333217 0.8134779
4.282771 -0.1512933
-0.8493301 -4.484437
-2.032291 0.2115464
-1.906585 -0.6524824
2.834412 0.5015792
0.5207751 -1.948916
-0.5398185 1.898981
-1.993609 -1.286739
-0.7961913 0.621586
0.04556147 1.553573
1.361852 0.7600299
1.236846 1.50739
0.5131176 0.3652412
0.01849601 -2.914759
-1.315215 -4.054059
-0.8231376 1.245245
-1.942897 1.871115
1.104954 -0.3082865
0.2401402 -2.356506
-1.06818 -2.978167
0.6352071 -0.1675486
-1.693438 2.62198
2.241232 -0.8270943
1.549481 -0.310957
-0.8199919 -0.2888071
-2.426527 0.5713305
-2.033226 -2.641177
-2.702773 0.9355846
0.9382111 -2.557966
0.2701227 -0.8716109
0.3298704 -1.790555
0.4756421 -0.05466221
0.5775333 -1.942219
1.051575 2.844481
-1.277524 -3.961338
-1.506413 2.435263
1.237681 -4.537564
-3.546983 -1.671712
-0.3066151 -2.376024
-2.188922 1.814067
-1.007156 1.834459
0.7371732 -1.037637
0.008374376 -0.5446666
0.7063366 3.590174
1.716395 -2.048729
-3.040425 3.712609
0.1948007 -1.41574
1.442445 2.695522
-2.011429 2.632743
1.295277 -0.212316
3.332773 1.756918
1.683657 1.000153
-1.236313 -0.6591215
0.7913763 -2.554605
1.258303 -1.162381
3.031793 0.03251753
-0.4425897 -0.8145711
-0.6239479 -2.567836
-0.6555905 -0.3372253
-1.99651 -0.856962
-2.338202 -1.458618
1.063322 -2.566478
0.4855668 -0.1624116
-0.09328499 -0.653146
-0.7631254 -4.200606
-1.688897 2.19692
-2.582676 -3.629979
-0.2399811 1.8697
3.421233 0.2164255
-0.4187412 -1.594838
-4.207002 0.09210993
1.202237 -4.129971
-4.799054 0.001259703
3.449879 1.427834
-1.613871 -1.122009
1.973989 1.819987
-2.112715 1.984851
-0.944725 -0.09940973
-0.4598004 2.218769
-1.542705 -0.07803138
-2.359887 -1.979299
-4.232727 0.1347778
-0.8197692 -0.229966
-1.442412 0.3111462
0.9149622 3.0924
-3.763467 -2.371742
-1.912786 1.678645
-2.112182 2.061976
-0.1767901 0.1745458
1.107744 4.481151
-1.061526 2.359319
-1.286464 -2.806775
-0.35492 -3.561121
1.823491 -1.084991
1.221292 -1.694145
-0.1945561 2.252176
4.079036 -1.515549
2.383038 0.6838461
-0.315293 2.204477
-0.9553155 -0.2319331
-0.1444421 3.855216
-1.018678 -3.712795
2.952392 0.03776439
2.003289 0.3200062
-1.301987 1.356877
-0.2702106 -0.08329304
0.5236586 -0.07513425
-0.07087724 -1.70876
-1.217377 0.02048519
0.6391968 -0.175002
-1.694733 -1.534348
1.339437 -3.567554
1.736408 1.938354
0.2869697 1.705769
1.263889 3.685867
-1.916396 -0.3254309
-0.4838232 0.06832407
0.3095373 -1.853068
-0.0158971 -2.024906
0.2329172 1.736893
1.558627 4.186923
0.1288624 0.1420218
-2.428129 -0.1387194
-1.094372 0.1796766
-1.505693 -1.69291
1.628824 -1.736691
2.912776 -1.899755
-1.581988 1.918323
-0.6158729 0.2875434
-1.529412 -1.435975
2.417821 -0.324325
-0.3148038 3.838058
0.1330687 1.841236
1.803111 -1.821418
1.393758 -1.958076
-1.071454 -0.1018161
1.763737 1.631184
-2.238914 1.664267
1.676544 1.578054
-2.726002 -1.717262
1.484504 -0.09958798
-1.020443 -3.754514
1.872358 0.24272
-0.9154498 5.748213
2.288057 1.856863
0.891223 2.108492
1.728269 -1.682718
-1.219921 1.951837
1.119947 0.2825773
-0.8789567 3.736509
0.1923118 -1.837336
0.06729181 0.5562498
2.032022 -3.835064
-0.07380403 1.248041
-1.488126 -3.684752
-0.8293442 1.836641
1.021197 1.747592
-1.948824 -1.474768
-1.333922 2.068093
1.398762 0.1341889
-1.289514 2.00575
0.9103599 -1.47977
1.954176 0.187343
0.1680855 -0.2915261
0.7118581 -1.275156
0.1295088 -1.743587
-1.640346 0.2025253
0.3149968 2.1243
2.48366 -2.205046
0.864324 -5.328956
0.0171958 -1.48591
-1.541346 0.06289663
0.5803431 2.050857
-0.1115589 -0.136051
-1.180693 1.585019
-0.1452644 -0.341753
-0.1774785 -0.2915713
-2.052577 -3.742759
-0.5950875 -1.880483
0.1492548 -3.647519
-1.882618 -1.763964
1.567186 0.3554931
2.099595 -1.79861
0.436245 3.778722
1.784698 -1.382803
-2.016845 0.4655428
2.946691 0.3656971
-1.029937 -0.03162634
-1.045096 -0.2379776
0.9964304 1.800534
-2.743203 -0.09992773
-0.03938793 -1.524758
-0.8897058 -1.392986
-0.1087767 0.04355518
0.1262672 -0.07194269
1.249149 -1.763028
1.098749 -0.2119051
1.247113 1.607093
0.9227137 -0.1184232
1.152622 -1.32593
0.6897605 0.1375606
-0.7903237 -2.181879
-1.802843 -1.843806
-1.937856 2.167333
2.277038 2.132343
-0.8818147 2.259419
-1.679572 -0.1260664
-0.5826572 0.2245214
-0.8127288 2.232807
0.7814281 -0.3643977
2.488476 -3.143742
1.256463 -0.1153264
1.245274 -2.248791
0.1550702 -1.624928
0.2386211 1.627934
0.248823 1.793084
2.735345 0.1163863
1.070221 1.457197
-1.071087 -1.812399
-0.969234 1.553365
2.444222 0.03335131
0.3700658 3.910841
-2.626204 1.933012
1.000588 3.408577
0.1338443 -2.021123
0.3000945 1.591803
-1.035508 3.672756
-1.35572 2.410245
-0.4705952 -0.7907969
0.1860038 0.21881
5.004252 -0.02065642
2.811346 -0.4191801
-1.240747 -4.147333
-0.1611656 -2.537531
2.449501 -0.2325869
0.497157 1.320127
-1.999776 0.1132049
2.095949 0.3084836
-3.458188 1.190615
-0.2870703 0.7605603
3.657307 -0.9772056
0.6175373 -1.541925
2.127532 -0.1993133
-2.720087 0.3181489
-2.595131 0.04564244
0.3503185 1.542808
0.7515985 -0.6990178
1.832457 0.9913951
3.029086 -3.264044
0.7799191 -0.2101517
-5.282264 -0.2992961
0.3319635 2.094059
-3.804698 1.290718
3.283228 -0.7279683
4.222796 1.362622
-1.521022 -1.565614
-3.387577 -0.2942399
-0.8018026 -1.258371
5.498084 -0.1155887
1.020938 -3.153541
-1.405348 -1.353177
2.049805 -0.9150358
0.3604427 1.665704
0.1984131 -2.331589
3.943048 -1.680212
-1.385869 0.8890997
1.038839 -1.330205
-4.369599 1.564488
-0.1084666 0.02659767
-1.982047 0.1756901
2.540004 -2.942014
-1.125591 -1.870927
3.61601 0.9286904
0.8317814 0.7851325
1.289133 -0.9224769
-0.5530015 -4.097289
-0.1962752 -0.1374678
0.2881854 -0.2021464
-1.638709 1.332454
2.144059 0.07687438
2.316152 0.1693855
1.935475 -1.534324
-0.0970736 0.0807495
2.124237 -1.419825
1.018339 -4.298929
-3.927054 1.177486
-0.7103467 -1.610376
-0.2485958 -0.206693
-0.762911 -1.721673
0.9799358 4.133417
2.56506 -2.575986
0.4576471 0.21661
1.319713 -1.572828
1.851904 -1.286962
-2.945791 -0.1609925
-0.4732328 0.8981566
4.448048 1.376757
0.7362025 2.239468
0.4984288 1.25597
-2.445389 2.863707
1.153541 -1.792855
0.1065833 2.664794
-0.5348871 -1.781744
-0.4882246 0.3327889
0.6359418 0.3628975
-2.285745 0.3946948
-2.243 1.658993
-0.6812295 3.214372
-1.720504 1.226335
2.343448 -0.1805827
2.097693 1.465702
-0.4117219 -0.8057533
3.797809 1.30453
-2.928114 -0.5884224
2.784009 -0.01220811
-0.176529 -2.465515
0.195779 -2.110024
1.222855 -3.889529
-2.858622 0.04485585
-0.207609 1.372683
-1.116609 -1.671078
0.3001032 -0.007191477
0.6614227 -2.763634
0.7795928 1.969375
0.4000894 -0.1765276
0.9519774 -1.486523
3.201243 0.04167054
1.04481 -1.354245
3.201389 0.2152226
-2.113578 1.914452
-1.558355 1.348317
-3.496958 1.111894
3.665864 1.105192
-1.365782 0.8952639
-2.583475 0.2737134
-2.25107 -0.3971306
-1.312774 -1.689968
3.455206 0.003423089
2.23391 0.6228294
1.386503 -0.2897445
1.08027 4.075917
1.527735 -0.9847545
-0.540577 0.806388
-0.4776229 0.8754348
3.050669 -0.19514
0.8407515 1.104726
-0.5703644 3.809224
-1.207242 -3.801713
2.298962 -2.760384
-1.042036 -3.245347
-4.34489 -1.718823
2.125807 -0.5683237
-1.227086 -1.633068
-1.833394 -1.025301
-2.622325 -0.5290316
-0.7241746 0.8063052
2.766815 0.6500232
-2.478239 1.490368
-0.3810215 -0.2032479
2.430829 1.945477
-1.231918 -0.04795781
2.163277 1.059553
2.846804 -0.1200178
-2.934837 0.9786285
4.14087 -0.08834143
3.23002 -0.01069117
-0.9178028 1.40808
2.821747 1.403326
1.371461 -1.246894
-3.022619 -1.426016
-0.9462042 -1.234307
-2.924429 -1.946899
-2.70429 -0.06106161
-2.891672 1.292403
0.9939921 0.4277817
-4.432642 -0.5853358
3.125057 -0.6193278
1.382103 2.121908
0.2893753 -0.04432601
-2.987613 0.9128706
-1.282513 1.41505
-2.683444 0.03553017
1.303864 -0.9080413
-4.758117 -1.555447
2.73744 0.08633481
-1.371751 2.556697
-0.5352839 0.02069147
0.6606911 -0.3766703
0.9301206 -0.9872482
0.5748817 0.5705807
-2.77898 -0.7483906
-2.757026 -1.150666
1.311533 -1.338606
-1.374468 -0.3459698
4.830227 -1.290127
-1.39723 -1.004858
-0.5370078 -0.1913016
0.4881232 1.252512
-0.3139567 1.098697
-1.054827 -0.6545206
-2.269411 -0.4743944
1.146047 1.790993
1.703907 0.07287999
-0.7817842 -0.03139807
-0.8362274 0.09864733
-2.881332 -1.278627
0.9750524 1.313228
3.136579 0.2350252
-0.8013431 -0.4321672
-0.8408244 -1.212094
-3.040649 1.168676
-1.02898 -1.181803
1.252812 -0.03801784
-1.285356 1.470408
2.688136 1.242623
-0.6536154 -0.08618449
2.32799 0.5570961
0.6872704 0.5144737
-0.7571285 0.8930956
0.8733702 -1.832356
0.5869923 2.348972
-4.531503 0.3441041
-2.95394 2.254064
-0.8703247 0.06458203
1.476682 -0.6068752
1.225377 0.3872638
-2.332381 1.405775
0.8580625 -1.26594
4.390408 0.6347301
-2.406644 -1.108969
2.637862 1.061036
-1.127912 -1.672473
0.6780455 -1.955564
0.5068512 -0.7963299
0.9131226 -0.9487958
-1.055524 0.03195924
-4.555393 1.494268
2.642902 1.681839
4.901225 1.382638
2.38403 0.6960604
1.068689 1.132285
-2.766205 1.976698
3.006835 0.1401348
-2.703689 -1.098686
-2.925266 -1.280296
0.876641 -0.3187593
-2.958424 0.414132
2.942897 0.9722714
-0.7864758 2.514695
0.6648284 -2.406391
-2.771562 1.240929
-2.676018 -0.6325647
6.104124 0.005706801
-2.617667 0.7531586
-2.806936 -0.05695955
0.959666 2.12444
-2.209405 0.2720959
0.5172586 -1.2361
-4.657355 1.128749
2.209554 -0.1908118
-2.108322 -0.846957
-0.7254761 2.105799
-3.052023 -2.210055
-3.044279 -0.1069287
-4.470151 0.8278663
-2.588823 -0.106469
-0.6508554 -1.083471
-4.752083 -0.1645775
0.8130887 0.2360209
-4.654612 0.4005507
-0.6649151 -0.3108574
-0.9535894 -0.2658834
3.482486 -0.5451068
1.017781 -2.447332
-0.7554823 0.1852244
-1.351163 0.4289608
-0.5998856 1.237182
-1.346593 -0.3029404
-1.382805 1.264493
-1.186812 -1.545052
4.30544 -0.242081
0.880294 -1.523648
1.080483 -1.51103
-0.9046786 1.556285
2.211142 -0.9489447
0.7369493 0.03800573
3.449648 0.1268116
2.684786 -1.696327
-0.8864089 3.345015
1.73843 1.125994
4.686514 0.09305453
1.304107 -2.047965
-0.4751015 -0.1171201
5.735841 0.1183752
-4.379892 -1.570827
-0.8422874 -0.5522633
4.453936 1.958338
1.691058 2.044762
2.865796 0.1983314
-2.49363 1.711382
-5.420761 -0.2232825
1.308787 -1.761993
3.766475 1.507947
-0.3329799 -1.466922
2.277889 2.101443
0.6939363 -2.379725
-3.509573 -0.1668516
1.258333 -2.912441
-4.275822 -1.675097
1.991733 1.360895
1.54417 -0.3700004
0.06662442 1.78848
-1.340305 0.01317171
-1.471378 -0.3732623
2.977248 -0.1267385
0.8397982 2.038576
-2.729865 1.892335
-1.934285 1.637084
-0.9654765 -0.2662591
1.511197 3.407526
4.55769 1.936129
1.9595 -1.165328
0.2566101 1.746131
-1.275772 0.1780299
-3.156181 0.03508867
-2.975656 -0.5182759
0.401515 1.39935
-0.9839588 1.312213
2.596539 -1.239654
0.6914808 -3.493917
-1.689377 1.022255
-0.9143021 3.780729
-3.013166 -0.006662383
0.6648968 0.3941744
-2.22781 -1.720717
5.5474 -0.1898538
-0.07155435 1.113923
2.34685 1.577893
1.068436 -0.3063774
1.863642 1.861896
0.6641252 3.274794
-4.354043 -2.288735
1.079851 0.1433791
-3.218151 0.1132862
1.484185 0.1554653
0.8748172 -3.581481
0.5818705 1.824512
0.07422666 1.651818
1.121175 -0.7838209
-0.2408595 1.39351
-2.485032 -1.426037
-3.187897 -1.00272
1.667862 -0.07876859
1.055187 -0.3019602
1.475322 -2.088769
-0.05217905 -1.69783
3.130137 0.1384429
-2.292148 -1.645382
1.340919 0.5543101
-0.4475625 1.945319
0.3450843 1.50339
-0.3565861 1.45771
0.4859617 -0.3755745
-0.5655543 -1.983336
-0.8452006 -1.649256
2.31503 -1.440808
0.597133 -2.012424
1.661097 -1.092093
4.51686 -2.030436
-2.595047 -1.758093
-0.5691387 -0.2427938
0.8529131 3.112399
0.6881744 3.301979
1.004409 3.271606
0.2382227 -0.2684671
-1.309775 -1.961736
-0.9376197 -0.3483712
0.7388335 1.398714
-1.945332 2.068467
-1.290333 -0.09316562
1.282104 -0.09759079
-1.332761 -0.3437467
1.980925 -0.01554131
0.9031718 -0.2788824
1.59857 0.3908021
0.7647959 0.006020861
-0.2963208 -1.718653
-2.116943 -1.405548
2.031316 -1.575628
-1.110647 -3.152205
-2.185256 1.864157
-5.232015 -0.4353749
-3.469087 0.02964832
1.617182 0.3902645
0.1224454 1.108872
0.719 0.07344251
0.990837 -3.234787
0.1492323 1.202975
-3.938743 -1.302598
-3.561381 -1.282674
-0.2713869 -0.1805606
1.113442 0.3884681
-0.594116 -3.327717
-1.048285 3.405799
-0.3793768 1.740974
-0.3841418 2.154496
-1.68917 0.2743225
3.063784 0.5831712
-0.1129283 1.125942
-2.329122 1.491521
-2.768942 -0.04521355
-0.7248353 -3.315407
-0.8837736 -3.158042
-2.506234 1.15239
1.275754 -0.3195022
1.47999 -1.687129
-0.9873719 1.769027
-1.231642 0.3400487
-2.72461 -0.5015514
-0.8890794 -0.2790653
-1.021098 0.2891364
-2.282857 -0.1035767
0.4864836 -0.8127013
2.337797 1.583944
-0.00418854 0.1084529
-1.208934 0.5518498
-0.6147159 -1.683582
-1.292835 1.362631
2.514529 -0.06588771
-0.8761914 -0.363949
-2.172607 2.276275
-0.9013369 -1.673507
1.270543 -0.4436794
-0.6764545 -1.662889
-1.74169 -0.09708328
-2.376786 -2.530505
0.5052673 -0.8286878
1.509949 1.911362
3.099742 1.262173
-3.286843 0.3385918
0.3031957 -0.006075067
-1.06188 0.08253206
1.831319 -0.2205539
-0.8425737 -0.3639555
2.016793 0.214986
4.47248 1.759616
2.85755 1.639672
-2.614711 2.360115
-0.126095 0.4820703
-4.634319 -2.047979
2.961382 0.6910937
-3.192167 1.33326
4.877586 -0.06503319
0.8211951 1.089703
2.985471 1.001432
-1.171166 -2.6294
1.215362 -1.998691
0.4231173 -3.788841
4.39702 2.221234
-0.6576403 1.352316
4.4344 -0.0797033
-2.480941 -1.863916
2.155482 -0.6251851
-2.655047 -0.03399796
2.532719 2.914438
-2.655422 0.4025969
-2.647379 1.341841
-2.436254 0.5125811
1.278108 1.711061
0.5594968 -0.1990649
-2.497889 -1.102535
4.449859 0.006773242
-2.819837 -1.176492
1.214372 -1.335277
2.914495 0.6732112
-0.6586396 1.826163
0.5676043 0.1491909
-1.150371 2.38302
-1.177652 -1.742548
2.460413 -2.204208
3.082422 0.8058508
1.05025 2.785465
-0.7152078 -0.756741
-2.760438 -0.5299996
-0.7625536 -1.159406
1.106158 -0.5224172
-2.641961 -1.292592
0.6837587 1.761224
-0.7565799 1.596287
-2.780819 3.207118
-1.26313 1.300791
0.5369006 0.7504192
-3.548025 -0.3203079
1.435475 -2.067893
2.76659 -0.8241345
-1.179189 -3.508596
-0.2193042 -0.2039673
-1.304213 -1.717168
4.840104 -0.1655439
-2.5202 2.6706
-2.890965 2.282832
1.38772 1.431334
-5.297245 -0.07342152
0.8422248 -0.352817
-1.224157 0.4216847
-0.625819 1.679637
0.8545253 0.6923235
2.862893 1.433051
0.8764508 -0.1593281
2.751649 -1.297147
-0.5552626 0.1858904
0.8577973 0.3366992
-0.6378692 -0.1951401
-1.622597 1.398131
-3.209541 -0.4963145
-1.119074 -1.656521
1.422754 -2.082867
-1.152379 -3.824937
-1.380732 1.715601
2.164084 0.2161947
0.3393102 -0.9713219
-0.5518533 0.2537417
2.969938 3.037704
1.013701 -0.02872174
1.241721 -1.44737
-0.6035656 2.341184
2.364063 -1.752794
2.592015 -2.113482
4.782071 -0.3037103
1.327435 -0.2963406
-0.9681002 -1.012089
-0.7699831 1.585785
3.04144 0.4511594
0.5798536 -0.7079638
-3.15694 -1.285215
-0.8654876 -1.374592
0.816185 2.135369
2.266993 0.4610685
0.5196382 -1.537661
-0.7068222 -3.605999
-1.325438 -0.5262981
-2.982397 0.3510118
-1.311803 -0.411008
-1.206944 -0.05655299
-1.27228 -0.1259744
-1.14351 0.2003043
-4.708694 0.166844
0.8857086 0.06842086
-3.096815 -0.2347073
-5.283433 -0.5900482
2.839123 0.07002244
2.996359 0.1500365
-3.02441 0.2328088
0.9832916 -0.157229
-0.8436139 0.2553362
1.1178 0.2405887
5.184111 0.2130892
0.6668923 -0.09330506
-3.284653 0.1055883
-0.9455407 0.1000979
-1.389793 -0.03815317
-2.7901 -0.1216331
0.9394438 -0.2203669
-3.086163 -0.375669
3.128751 0.2514229
1.468003 0.3118556
0.8644742 0.3295793
-0.8650683 0.4519527
2.888455 0.3012662
-1.061469 -0.125894
-0.7089825 0.0393862
-3.247395 0.2398595
4.952754 -0.04275606
4.833222 0.2801633
5.060064 -0.2147271
-3.232285 -0.009805488
-2.969195 -0.1979043
-5.173002 -0.01099516
1.428694 0.2901593
-1.336462 0.1741233
7.072333 0.2771194
0.7154241 0.1038394
2.774124 -0.1999359
-1.135028 -0.5250918
0.8478907 0.2307234
0.9341555 -0.4233417
5.374892 -0.04605669
-1.125055 0.2145701
6.788626 0.2824422
-3.128364 0.2520465
5.196893 0.07828612
-4.813855 0.3404666
2.834901 0.3914386
-5.317917 -0.1091739
-3.14169 -0.07743344
-5.122884 0.1354787
1.126826 -0.22513
3.325437 0.1322127
-4.785213 -0.1573575
6.988145 0.125582
-4.949378 0.143597
1.192897 -0.3456715
3.51555 -0.2510805
-2.712649 -0.2962091
1.096238 -0.3283026
-0.8191222 0.1745287
1.453673 0.1184605
2.87354 -0.31803
0.9712517 0.1264828
0.7052681 -0.251461
0.7275279 -0.3444039
-2.497648 0.03007899
-2.852944 0.1160987
0.7305614 0.0234459
-5.0007 0.1221857
2.970221 0.4661975
-2.857793 0.04210796
-2.501115 -0.1735157
1.175542 0.3271834
2.62178 0.1599557
-1.34837 0.1261377
-1.192119 0.3119417
0.424432 -0.02471399
-1.229779 0.3037279
-2.856143 -0.4387984
0.7699829 0.2488523
3.642222 0.5624725
-2.730069 0.03688965
-3.07957 0.1341855
1.230462 0.188797
-2.834919 -0.5721207
-0.8696068 -0.1263097
-1.014719 -0.0249572
-2.993003 -0.1381968
1.144516 0.1937611
4.847337 -0.3550399
-1.384913 0.1614343
4.678517 0.2561953
-2.852291 -0.05965651
1.353015 0.1547512
-3.130995 -0.332587
1.289035 -0.2342944
-0.6695351 -0.2480121
-0.8428889 0.1938531
0.665865 0.4688902
-0.8651214 -0.05679111
0.6277308 0.0312943
4.729504 -0.07451069
3.202662 -0.3141067
-3.2196 -0.3133369
3.136081 0.003294136
3.166535 -0.3564917
0.8597161 -0.4378064
-0.8464756 0.2034735
2.894487 -0.1319277
3.180612 0.2233414
2.68799 0.3738203
0.9068158 0.1721763
-0.6969961 0.4204212
-0.8291529 -0.4107309
2.878523 0.04301018
3.021224 0.3636296
-1.211033 -0.05539072
-1.030524 0.1063036
0.6994885 -0.4103348
5.197205 -0.1406332
1.047573 0.2060777
-1.109594 -0.1995627
1.11676 2.182057
0.5363795 0.5703506
1.041607 -0.1806048
-1.026764 3.048144
-1.159601 -2.140693
1.106588 -0.0662768
1.656933 -0.1452893
4.570186 1.762202
-3.975874 0.2300972
1.800617 -0.09161657
-0.9095786 1.418026
-0.6313932 0.8162965
0.984093 -1.978163
4.245378 -2.112098
2.459466 -0.6821163
0.4219155 -2.786841
-1.571719 0.0215092
4.156785 2.151167
3.599354 -1.189535
0.3957476 1.232684
-0.907433 -0.9027444
-2.530585 2.783545
-0.9725206 -0.1679571
0.6515545 3.380645
-1.061352 2.091915
2.393851 -1.208237
-1.122722 -0.5040926
2.78243 -1.972986
1.545279 0.3201952
-1.13844 1.542571
1.133977 -0.09926881
-2.86945 -0.7427985
0.9817886 -2.340808
-1.220357 -1.495257
2.314741 -0.79471
1.059598 -3.188058
1.065593 -1.859792
1.213206 0.9918386
-2.202492 -1.626508
1.133118 -1.310999
0.7799019 -0.1151801
-2.906855 0.4933168
0.5538661 -0.6577481
-1.320355 0.2762024
2.285154 1.599225
0.7056696 4.193865
-0.7898588 -1.55376
-1.080897 -2.291158
0.5108697 0.2023605
1.038559 -0.6363295
1.095791 2.227983
1.588125 -0.2961557
0.1025637 -2.256143
-0.7618345 -2.038078
0.6795645 0.7836058
-1.104046 -1.844619
0.8028376 -2.262897
-1.008269 2.075422
-1.991863 0.9820012
0.1028372 0.05841603
-2.310786 0.9098858
0.7127402 1.691704
0.7855057 0.1888031
-2.524441 -2.961826
1.119274 2.034565
0.4037657 -1.156812
0.8417628 3.20916
-2.535503 1.357816
-0.4694215 -0.8020874
0.6940978 -0.04435222
4.46986 2.038034
-0.7700536 0.1567173
-0.120819 0.9165371
-1.359838 0.04958789
-2.07664 0.8442665
2.624777 -2.642003
-2.252383 -2.640225
-0.9577821 -2.160316
3.1637 -0.7863948
3.101636 0.8936648
2.61382 2.142756
-0.8035584 3.017316
-2.423833 1.914419
1.350265 2.257439
1.215446 1.9555
0.06798333 2.91444
-2.671344 -0.2834904
0.7534761 -3.280859
0.5153093 -3.001288
0.8346254 -2.229864
3.166339 0.004640909
-4.496965 1.86411
-0.9502181 1.851293
-2.841488 -2.91605
-1.135725 -0.1924348
2.101203 -1.278687
-1.632006 0.08868275
2.575541 0.932102
-1.057301 0.230852
1.34564 1.425434
-0.8595862 -0.0919548
3.313139 -0.7241395
2.132928 2.152838
-2.195717 0.9521559
2.260644 0.9387147
-0.7698793 4.488023
0.6103206 -2.868043
-1.592058 -0.0726282
0.05504037 0.8381199
-1.54105 -0.1486525
0.7572781 -2.16227
4.257437 0.06271043
0.6484851 2.283338
-0.1623448 -1.50911
-3.158993 1.36395
-2.939414 1.349562
-2.60668 0.3523989
1.097589 -1.409205
-1.032047 1.963806
-1.37713 -2.056083
0.5738411 -0.5314659
2.673252 -0.7871878
0.455666 0.8264484
2.992835 -1.182236
-0.3666147 -1.290072
0.717694 -1.913671
-2.523118 -0.4952824
-0.515994 4.03016
2.64811 0.7066921
-1.920992 -2.949786
-1.748423 -0.3705795
0.3325685 -2.533525
-0.919189 -2.769791
2.785792 -3.525044
1.198638 -0.005293194
0.6680714 -0.5232716
1.074482 0.235092
1.211876 -0.05089314
0.5546231 -0.4495547
2.133398 -2.776259
-0.5410187 0.6755376
0.62045 0.4169221
0.04452853 3.072334
-0.3799752 2.302681
-1.858226 0.0444147
0.6525353 -0.189082
1.855632 -2.218745
-3.758554 1.863263
0.5688048 -0.970295
-1.679899 -2.527539
2.657249 0.04979908
-1.925383 1.151336
0.1926653 -0.687426
-2.171319 -1.767314
-1.748277 1.678088
-1.333217 0.8134779
4.282771 -0.1512933
-0.8493301 -4.484437
-2.032291 0.2115464
-1.906585 -0.6524824
2.834412 0.5015792
0.5207751 -1.948916
-0.5398185 1.898981
-1.993609 -1.286739
-0.7961913 0.621586
0.04556147 1.553573
1.361852 0.7600299
1.236846 1.50739
0.5131176 0.3652412
0.01849601 -2.914759
-1.315215 -4.054059
-0.8231376 1.245245
-1.942897 1.871115
1.104954 -0.3082865
0.2401402 -2.356506
-1.06818 -2.978167
0.6352071 -0.1675486
-1.693438 2.62198
2.241232 -0.8270943
1.549481 -0.310957
-0.8199919 -0.2888071
-2.426527 0.5713305
-2.033226 -2.641177
-2.702773 0.9355846
0.9382111 -2.557966
0.2701227 -0.8716109
0.3298704 -1.790555
0.4756421 -0.05466221
0.5775333 -1.942219
1.051575 2.844481
-1.277524 -3.961338
-1.506413 2.435263
1.237681 -4.537564
-3.546983 -1.671712
-0.3066151 -2.376024
-2.188922 1.814067
-1.007156 1.834459
0.7371732 -1.037637
0.008374376 -0.5446666
0.7063366 3.590174
1.716395 -2.048729
-3.040425 3.712609
0.1948007 -1.41574
1.442445 2.695522
-2.011429 2.632743
1.295277 -0.212316
3.332773 1.756918
1.683657 1.000153
-1.236313 -0.6591215
0.7913763 -2.554605
1.258303 -1.162381
3.031793 0.03251753
-0.4425897 -0.8145711
-0.6239479 -2.567836
-0.6555905 -0.3372253
-1.99651 -0.856962
-2.338202 -1.458618
1.063322 -2.566478
0.4855668 -0.1624116
-0.09328499 -0.653146
-0.7631254 -4.200606
-1.688897 2.19692
-2.582676 -3.629979
-0.2399811 1.8697
3.421233 0.2164255
-0.4187412 -1.594838
-4.207002 0.09210993
1.202237 -4.129971
-4.799054 0.001259703
3.449879 1.427834
-1.613871 -1.122009
1.973989 1.819987
-2.112715 1.984851
-0.944725 -0.09940973
-0.4598004 2.218769
-1.542705 -0.07803138
-2.359887 -1.979299
-4.232727 0.1347778
-0.8197692 -0.229966
-1.442412 0.3111462
0.9149622 3.0924
-3.763467 -2.371742
-1.912786 1.678645
-2.112182 2.061976
-0.1767901 0.1745458
1.107744 4.481151
-1.061526 2.359319
-1.286464 -2.806775
-0.35492 -3.561121
1.823491 -1.084991
1.221292 -1.694145
-0.1945561 2.252176
4.079036 -1.515549
2.383038 0.6838461
-0.315293 2.204477
-0.9553155 -0.2319331
-0.1444421 3.855216
-1.018678 -3.712795
2.952392 0.03776439
2.003289 0.3200062
-1.301987 1.356877
-0.2702106 -0.08329304
0.5236586 -0.07513425
-0.07087724 -1.70876
-1.217377 0.02048519
0.6391968 -0.175002
-1.694733 -1.534348
1.339437 -3.567554
1.736408 1.938354
0.2869697 1.705769
1.263889 3.685867
-1.916396 -0.3254309
-0.4838232 0.06832407
0.3095373 -1.853068
-0.0158971 -2.024906
0.2329172 1.736893
1.558627 4.186923
0.1288624 0.1420218
-2.428129 -0.1387194
-1.094372 0.1796766
-1.505693 -1.69291
1.628824 -1.736691
2.912776 -1.899755
-1.581988 1.918323
-0.6158729 0.2875434
-1.529412 -1.435975
2.417821 -0.324325
-0.3148038 3.838058
0.1330687 1.841236
1.803111 -1.821418
1.393758 -1.958076
-1.071454 -0.1018161
1.763737 1.631184
-2.238914 1.664267
1.676544 1.578054
-2.726002 -1.717262
1.484504 -0.09958798
-1.020443 -3.754514
1.872358 0.24272
-0.9154498 5.748213
2.288057 1.856863
0.891223 2.108492
1.728269 -1.682718
-1.219921 1.951837
1.119947 0.2825773
-0.8789567 3.736509
0.1923118 -1.837336
0.06729181 0.5562498
2.032022 -3.835064
-0.07380403 1.248041
-1.488126 -3.684752
-0.8293442 1.836641
1.021197 1.747592
-1.948824 -1.474768
-1.333922 2.068093
1.398762 0.1341889
-1.289514 2.00575
0.9103599 -1.47977
1.954176 0.187343
0.1680855 -0.2915261
0.7118581 -1.275156
0.1295088 -1.743587
-1.640346 0.2025253
0.3149968 2.1243
2.48366 -2.205046
0.864324 -5.328956
0.0171958 -1.48591
-1.541346 0.06289663
0.5803431 2.050857
-0.1115589 -0.136051
-1.180693 1.585019
-0.1452644 -0.341753
-0.1774785 -0.2915713
-2.052577 -3.742759
-0.5950875 -1.880483
0.1492548 -3.647519
-1.882618 -1.763964
1.567186 0.3554931
2.099595 -1.79861
0.436245 3.778722
1.784698 -1.382803
-2.016845 0.4655428
2.946691 0.3656971
-1.029937 -0.03162634
-1.045096 -0.2379776
0.9964304 1.800534
-2.743203 -0.09992773
-0.03938793 -1.524758
-0.8897058 -1.392986
-0.1087767 0.04355518
0.1262672 -0.07194269
1.249149 -1.763028
1.098749 -0.2119051
1.247113 1.607093
0.9227137 -0.1184232
1.152622 -1.32593
0.6897605 0.1375606
-0.7903237 -2.181879
-1.802843 -1.843806
-1.937856 2.167333
2.277038 2.132343
-0.8818147 2.259419
-1.679572 -0.1260664
-0.5826572 0.2245214
-0.8127288 2.232807
0.7814281 -0.3643977
2.488476 -3.143742
1.256463 -0.1153264
1.245274 -2.248791
0.1550702 -1.624928
0.2386211 1.627934
0.248823 1.793084
2.735345 0.1163863
1.070221 1.457197
-1.071087 -1.812399
-0.969234 1.553365
2.444222 0.03335131
0.3700658 3.910841
-2.626204 1.933012
1.000588 3.408577
0.1338443 -2.021123
0.3000945 1.591803
-1.035508 3.672756
-1.35572 2.410245
-0.4705952 -0.7907969
0.1860038 0.21881
5.004252 -0.02065642
2.811346 -0.4191801
-1.240747 -4.147333
-0.1611656 -2.537531
2.449501 -0.2325869
0.497157 1.320127
-1.999776 0.1132049
2.095949 0.3084836
-3.458188 1.190615
-0.2870703 0.7605603
3.657307 -0.9772056
0.6175373 -1.541925
2.127532 -0.1993133
-2.720087 0.3181489
-2.595131 0.04564244
0.3503185 1.542808
0.7515985 -0.6990178
1.832457 0.9913951
3.029086 -3.264044
0.7799191 -0.2101517
-5.282264 -0.2992961
0.3319635 2.094059
-3.804698 1.290718
3.283228 -0.7279683
4.222796 1.362622
-1.521022 -1.565614
-3.387577 -0.2942399
-0.8018026 -1.258371
5.498084 -0.1155887
1.020938 -3.153541
-1.405348 -1.353177
2.049805 -0.9150358
0.3604427 1.665704
0.1984131 -2.331589
3.943048 -1.680212
-1.385869 0.8890997
1.038839 -1.330205
-4.369599 1.564488
-0.1084666 0.02659767
-1.982047 0.1756901
2.540004 -2.942014
-1.125591 -1.870927
3.61601 0.9286904
0.8317814 0.7851325
1.289133 -0.9224769
-0.5530015 -4.097289
-0.1962752 -0.1374678
0.2881854 -0.2021464
-1.638709 1.332454
2.144059 0.07687438
2.316152 0.1693855
1.935475 -1.534324
-0.0970736 0.0807495
2.124237 -1.419825
1.018339 -4.298929
-3.927054 1.177486
-0.7103467 -1.610376
-0.2485958 -0.206693
-0.762911 -1.721673
0.9799358 4.133417
2.56506 -2.575986
0.4576471 0.21661
1.319713 -1.572828
1.851904 -1.286962
-2.945791 -0.1609925
-0.4732328 0.8981566
4.448048 1.376757
0.7362025 2.239468
0.4984288 1.25597
-2.445389 2.863707
1.153541 -1.792855
0.1065833 2.664794
-0.5348871 -1.781744
-0.4882246 0.3327889
0.6359418 0.3628975
-2.285745 0.3946948
-2.243 1.658993
-0.6812295 3.214372
-1.720504 1.226335
2.343448 -0.1805827
2.097693 1.465702
-0.4117219 -0.8057533
3.797809 1.30453
-2.928114 -0.5884224
2.784009 -0.01220811
-0.176529 -2.465515
0.195779 -2.110024
1.222855 -3.889529
-2.858622 0.04485585
-0.207609 1.372683
-1.116609 -1.671078
0.3001032 -0.007191477
0.6614227 -2.763634
0.7795928 1.969375
0.4000894 -0.1765276
0.9519774 -1.486523
3.201243 0.04167054
1.04481 -1.354245
3.201389 0.2152226
-2.113578 1.914452
-1.558355 1.348317
-3.496958 1.111894
3.665864 1.105192
-1.365782 0.8952639
-2.583475 0.2737134
-2.25107 -0.3971306
-1.312774 -1.689968
3.455206 0.003423089
2.23391 0.6228294
1.386503 -0.2897445
1.08027 4.075917
1.527735 -0.9847545
-0.540577 0.806388
-0.4776229 0.8754348
3.050669 -0.19514
0.8407515 1.104726
-0.5703644 3.809224
-1.207242 -3.801713
2.298962 -2.760384
-1.042036 -3.245347
-4.34489 -1.718823
2.125807 -0.5683237
-1.227086 -1.633068
-1.833394 -1.025301
-2.622325 -0.5290316
-0.7241746 0.8063052
2.766815 0.6500232
-2.478239 1.490368
-0.3810215 -0.2032479
2.430829 1.945477
-1.231918 -0.04795781
2.163277 1.059553
2.846804 -0.1200178
-2.934837 0.9786285
4.14087 -0.08834143
3.23002 -0.01069117
-0.9178028 1.40808
2.821747 1.403326
1.371461 -1.246894
-3.022619 -1.426016
-0.9462042 -1.234307
-2.924429 -1.946899
-2.70429 -0.06106161
-2.891672 1.292403
0.9939921 0.4277817
-4.432642 -0.5853358
3.125057 -0.6193278
1.382103 2.121908
0.2893753 -0.04432601
-2.987613 0.9128706
-1.282513 1.41505
-2.683444 0.03553017
1.303864 -0.9080413
-4.758117 -1.555447
2.73744 0.08633481
-1.371751 2.556697
-0.5352839 0.02069147
0.6606911 -0.3766703
0.9301206 -0.9872482
0.5748817 0.5705807
-2.77898 -0.7483906
-2.757026 -1.150666
1.311533 -1.338606
-1.374468 -0.3459698
4.830227 -1.290127
-1.39723 -1.004858
-0.5370078 -0.1913016
0.4881232 1.252512
-0.3139567 1.098697
-1.054827 -0.6545206
-2.269411 -0.4743944
1.146047 1.790993
1.703907 0.07287999
-0.7817842 -0.03139807
-0.8362274 0.09864733
-2.881332 -1.278627
0.9750524 1.313228
3.136579 0.2350252
-0.8013431 -0.4321672
-0.8408244 -1.212094
-3.040649 1.168676
-1.02898 -1.181803
1.252812 -0.03801784
-1.285356 1.470408
2.688136 1.242623
-0.6536154 -0.08618449
2.32799 0.5570961
0.6872704 0.5144737
-0.7571285 0.8930956
0.8733702 -1.832356
0.5869923 2.348972
-4.531503 0.3441041
-2.95394 2.254064
-0.8703247 0.06458203
1.476682 -0.6068752
1.225377 0.3872638
-2.332381 1.405775
0.8580625 -1.26594
4.390408 0.6347301
-2.406644 -1.108969
2.637862 1.061036
-1.127912 -1.672473
0.6780455 -1.955564
0.5068512 -0.7963299
0.9131226 -0.9487958
-1.055524 0.03195924
-4.555393 1.494268
2.642902 1.681839
4.901225 1.382638
2.38403 0.6960604
1.068689 1.132285
-2.766205 1.976698
3.006835 0.1401348
-2.703689 -1.098686
-2.925266 -1.280296
0.876641 -0.3187593
-2.958424 0.414132
2.942897 0.9722714
-0.7864758 2.514695
0.6648284 -2.406391
-2.771562 1.240929
-2.676018 -0.6325647
6.104124 0.005706801
-2.617667 0.7531586
-2.806936 -0.05695955
0.959666 2.12444
-2.209405 0.2720959
0.5172586 -1.2361
-4.657355 1.128749
2.209554 -0.1908118
-2.108322 -0.846957
-0.7254761 2.105799
-3.052023 -2.210055
-3.044279 -0.1069287
-4.470151 0.8278663
-2.588823 -0.106469
-0.6508554 -1.083471
-4.752083 -0.1645775
0.8130887 0.2360209
-4.654612 0.4005507
-0.6649151 -0.3108574
-0.9535894 -0.2658834
3.482486 -0.5451068
1.017781 -2.447332
-0.7554823 0.1852244
-1.351163 0.4289608
-0.5998856 1.237182
-1.346593 -0.3029404
-1.382805 1.264493
-1.186812 -1.545052
4.30544 -0.242081
0.880294 -1.523648
1.080483 -1.51103
-0.9046786 1.556285
2.211142 -0.9489447
0.7369493 0.03800573
3.449648 0.1268116
2.684786 -1.696327
-0.8864089 3.345015
1.73843 1.125994
4.686514 0.09305453
1.304107 -2.047965
-0.4751015 -0.1171201
5.735841 0.1183752
-4.379892 -1.570827
-0.8422874 -0.5522633
4.453936 1.958338
1.691058 2.044762
2.865796 0.1983314
-2.49363 1.711382
-5.420761 -0.2232825
1.308787 -1.761993
3.766475 1.507947
-0.3329799 -1.466922
2.277889 2.101443
0.6939363 -2.379725
-3.509573 -0.1668516
1.258333 -2.912441
-4.275822 -1.675097
1.991733 1.360895
1.54417 -0.3700004
0.06662442 1.78848
-1.340305 0.01317171
-1.471378 -0.3732623
2.977248 -0.1267385
0.8397982 2.038576
-2.729865 1.892335
-1.934285 1.637084
-0.9654765 -0.2662591
1.511197 3.407526
4.55769 1.936129
1.9595 -1.165328
0.2566101 1.746131
-1.275772 0.1780299
-3.156181 0.03508867
-2.975656 -0.5182759
0.401515 1.39935
-0.9839588 1.312213
2.596539 -1.239654
0.6914808 -3.493917
-1.689377 1.022255
-0.9143021 3.780729
-3.013166 -0.006662383
0.6648968 0.3941744
-2.22781 -1.720717
5.5474 -0.1898538
-0.07155435 1.113923
2.34685 1.577893
1.068436 -0.3063774
1.863642 1.861896
0.6641252 3.274794
-4.354043 -2.288735
1.079851 0.1433791
-3.218151 0.1132862
1.484185 0.1554653
0.8748172 -3.581481
0.5818705 1.824512
0.07422666 1.651818
1.121175 -0.7838209
-0.2408595 1.39351
-2.485032 -1.426037
-3.187897 -1.00272
1.667862 -0.07876859
1.055187 -0.3019602
1.475322 -2.088769
-0.05217905 -1.69783
3.130137 0.1384429
-2.292148 -1.645382
1.340919 0.5543101
-0.4475625 1.945319
0.3450843 1.50339
-0.3565861 1.45771
0.4859617 -0.3755745
-0.5655543 -1.983336
-0.8452006 -1.649256
2.31503 -1.440808
0.597133 -2.012424
1.661097 -1.092093
4.51686 -2.030436
-2.595047 -1.758093
-0.5691387 -0.2427938
0.8529131 3.112399
0.6881744 3.301979
1.004409 3.271606
0.2382227 -0.2684671
-1.309775 -1.961736
-0.9376197 -0.3483712
0.7388335 1.398714
-1.945332 2.068467
-1.290333 -0.09316562
1.282104 -0.09759079
-1.332761 -0.3437467
1.980925 -0.01554131
0.9031718 -0.2788824
1.59857 0.3908021
0.7647959 0.006020861
-0.2963208 -1.718653
-2.116943 -1.405548
2.031316 -1.575628
-1.110647 -3.152205
-2.185256 1.864157
-5.232015 -0.4353749
-3.469087 0.02964832
1.617182 0.3902645
0.1224454 1.108872
0.719 0.07344251
0.990837 -3.234787
0.1492323 1.202975
-3.938743 -1.302598
-3.561381 -1.282674
-0.2713869 -0.1805606
1.113442 0.3884681
-0.594116 -3.327717
-1.048285 3.405799
-0.3793768 1.740974
-0.3841418 2.154496
-1.68917 0.2743225
3.063784 0.5831712
-0.1129283 1.125942
-2.329122 1.491521
-2.768942 -0.04521355
-0.7248353 -3.315407
-0.8837736 -3.158042
-2.506234 1.15239
1.275754 -0.3195022
1.47999 -1.687129
-0.9873719 1.769027
-1.231642 0.3400487
-2.72461 -0.5015514
-0.8890794 -0.2790653
-1.021098 0.2891364
-2.282857 -0.1035767
0.4864836 -0.8127013
2.337797 1.583944
-0.00418854 0.1084529
-1.208934 0.5518498
-0.6147159 -1.683582
-1.292835 1.362631
2.514529 -0.06588771
-0.8761914 -0.363949
-2.172607 2.276275
-0.9013369 -1.673507
1.270543 -0.4436794
-0.6764545 -1.662889
-1.74169 -0.09708328
-2.376786 -2.530505
0.5052673 -0.8286878
1.509949 1.911362
3.099742 1.262173
-3.286843 0.3385918
0.3031957 -0.006075067
-1.06188 0.08253206
1.831319 -0.2205539
-0.8425737 -0.3639555
2.016793 0.214986
4.47248 1.759616
2.85755 1.639672
-2.614711 2.360115
-0.126095 0.4820703
-4.634319 -2.047979
2.961382 0.6910937
-3.192167 1.33326
4.877586 -0.06503319
0.8211951 1.089703
2.985471 1.001432
-1.171166 -2.6294
1.215362 -1.998691
0.4231173 -3.788841
4.39702 2.221234
-0.6576403 1.352316
4.4344 -0.0797033
-2.480941 -1.863916
2.155482 -0.6251851
-2.655047 -0.03399796
2.532719 2.914438
-2.655422 0.4025969
-2.647379 1.341841
-2.436254 0.5125811
1.278108 1.711061
0.5594968 -0.1990649
-2.497889 -1.102535
4.449859 0.006773242
-2.819837 -1.176492
1.214372 -1.335277
2.914495 0.6732112
-0.6586396 1.826163
0.5676043 0.1491909
-1.150371 2.38302
-1.177652 -1.742548
2.460413 -2.204208
3.082422 0.8058508
1.05025 2.785465
-0.7152078 -0.756741
-2.760438 -0.5299996
-0.7625536 -1.159406
1.106158 -0.5224172
-2.641961 -1.292592
0.6837587 1.761224
-0.7565799 1.596287
-2.780819 3.207118
-1.26313 1.300791
0.5369006 0.7504192
-3.548025 -0.3203079
1.435475 -2.067893
2.76659 -0.8241345
-1.179189 -3.508596
-0.2193042 -0.2039673
-1.304213 -1.717168
4.840104 -0.1655439
-2.5202 2.6706
-2.890965 2.282832
1.38772 1.431334
-5.297245 -0.07342152
0.8422248 -0.352817
-1.224157 0.4216847
-0.625819 1.679637
0.8545253 0.6923235
2.862893 1.433051
0.8764508 -0.1593281
2.751649 -1.297147
-0.5552626 0.1858904
0.8577973 0.3366992
-0.6378692 -0.1951401
-1.622597 1.398131
-3.209541 -0.4963145
-1.119074 -1.656521
1.422754 -2.082867
-1.152379 -3.824937
-1.380732 1.715601
2.164084 0.2161947
0.3393102 -0.9713219
-0.5518533 0.2537417
2.969938 3.037704
1.013701 -0.02872174
1.241721 -1.44737
-0.6035656 2.341184
2.364063 -1.752794
2.592015 -2.113482
4.782071 -0.3037103
1.327435 -0.2963406
-0.9681002 -1.012089
-0.7699831 1.585785
3.04144 0.4511594
0.5798536 -0.7079638
-3.15694 -1.285215
-0.8654876 -1.374592
0.816185 2.135369
2.266993 0.4610685
0.5196382 -1.537661
-0.7068222 -3.605999
