6.308757782e+00 0.000000000e+00 
6.306551933e+00 0.000000000e+00 
6.297839165e+00 0.000000000e+00 
6.284510612e+00 0.000000000e+00 
6.264583111e+00 0.000000000e+00 
6.239932060e+00 0.000000000e+00 
6.208150864e+00 0.000000000e+00 
6.171432495e+00 0.000000000e+00 
6.128507614e+00 0.000000000e+00 
6.078912258e+00 0.000000000e+00 
6.022530079e+00 0.000000000e+00 
5.959002972e+00 0.000000000e+00 
5.888081074e+00 0.000000000e+00 
5.809472561e+00 0.000000000e+00 
5.722664356e+00 0.000000000e+00 
5.627579689e+00 0.000000000e+00 
5.523626328e+00 0.000000000e+00 
5.412074566e+00 0.000000000e+00 
5.290999889e+00 0.000000000e+00 
5.159083843e+00 0.000000000e+00 
5.018529415e+00 0.000000000e+00 
4.869561672e+00 0.000000000e+00 
4.708813667e+00 0.000000000e+00 
4.538012505e+00 0.000000000e+00 
4.358539104e+00 0.000000000e+00 
4.169216633e+00 0.000000000e+00 
3.970151663e+00 0.000000000e+00 
3.763552189e+00 0.000000000e+00 
3.548402786e+00 0.000000000e+00 
3.325360775e+00 0.000000000e+00 
3.095493317e+00 0.000000000e+00 
2.861610174e+00 0.000000000e+00 
2.623322248e+00 0.000000000e+00 
2.383753300e+00 0.000000000e+00 
2.143123627e+00 0.000000000e+00 
1.904886961e+00 0.000000000e+00 
1.669600129e+00 0.000000000e+00 
1.439733505e+00 0.000000000e+00 
1.218862534e+00 0.000000000e+00 
1.009434223e+00 0.000000000e+00 
8.128614426e-01 0.000000000e+00 
6.326829791e-01 0.000000000e+00 
4.704903662e-01 0.000000000e+00 
3.294965029e-01 0.000000000e+00 
2.117049992e-01 0.000000000e+00 
1.188432723e-01 0.000000000e+00 
5.207588151e-02 0.000000000e+00 
1.286693756e-02 0.000000000e+00 
1.687935670e-03 0.000000000e+00 
1.849449798e-02 0.000000000e+00 
6.255989522e-02 0.000000000e+00 
1.325297505e-01 0.000000000e+00 
2.263907045e-01 0.000000000e+00 
3.418974578e-01 0.000000000e+00 
4.747131467e-01 0.000000000e+00 
6.211801171e-01 0.000000000e+00 
7.767460942e-01 0.000000000e+00 
9.362693429e-01 0.000000000e+00 
1.094349504e+00 0.000000000e+00 
1.244756341e+00 0.000000000e+00 
1.382539988e+00 0.000000000e+00 
1.502238750e+00 0.000000000e+00 
1.598634601e+00 0.000000000e+00 
1.667714953e+00 0.000000000e+00 
1.705976367e+00 0.000000000e+00 
1.710909486e+00 0.000000000e+00 
1.681424618e+00 0.000000000e+00 
1.617853522e+00 0.000000000e+00 
1.521896958e+00 0.000000000e+00 
1.396475673e+00 0.000000000e+00 
1.246982694e+00 0.000000000e+00 
1.077823997e+00 0.000000000e+00 
8.977290392e-01 0.000000000e+00 
7.134011984e-01 0.000000000e+00 
5.345613956e-01 0.000000000e+00 
3.689137995e-01 0.000000000e+00 
2.259794772e-01 0.000000000e+00 
1.128490195e-01 0.000000000e+00 
3.705549613e-02 0.000000000e+00 
4.201189149e-03 0.000000000e+00 
1.782836020e-02 0.000000000e+00 
7.974767685e-02 0.000000000e+00 
1.891331971e-01 0.000000000e+00 
3.438937068e-01 0.000000000e+00 
5.381033421e-01 0.000000000e+00 
7.643321753e-01 0.000000000e+00 
1.014051795e+00 0.000000000e+00 
1.275965452e+00 0.000000000e+00 
1.539340496e+00 0.000000000e+00 
1.791538000e+00 0.000000000e+00 
2.020912170e+00 0.000000000e+00 
2.216825962e+00 0.000000000e+00 
2.370317221e+00 0.000000000e+00 
2.473479033e+00 0.000000000e+00 
2.521478653e+00 0.000000000e+00 
2.512092829e+00 0.000000000e+00 
2.446272850e+00 0.000000000e+00 
2.326926947e+00 0.000000000e+00 
2.160847187e+00 0.000000000e+00 
1.955881953e+00 0.000000000e+00 
1.722219825e+00 0.000000000e+00 
1.470930338e+00 0.000000000e+00 
1.214342713e+00 0.000000000e+00 
9.632468224e-01 0.000000000e+00 
7.287603617e-01 0.000000000e+00 
5.191894174e-01 0.000000000e+00 
3.420000076e-01 0.000000000e+00 
2.014720887e-01 0.000000000e+00 
9.944492579e-02 0.000000000e+00 
3.497843817e-02 0.000000000e+00 
5.241497420e-03 0.000000000e+00 
5.089120939e-03 0.000000000e+00 
2.780271880e-02 0.000000000e+00 
6.597965211e-02 0.000000000e+00 
1.117794216e-01 0.000000000e+00 
1.577623188e-01 0.000000000e+00 
1.973583549e-01 0.000000000e+00 
2.256813496e-01 0.000000000e+00 
2.394448221e-01 0.000000000e+00 
2.374031991e-01 0.000000000e+00 
2.202748358e-01 0.000000000e+00 
1.904395819e-01 0.000000000e+00 
1.519532204e-01 0.000000000e+00 
1.095471084e-01 0.000000000e+00 
6.858733296e-02 0.000000000e+00 
3.411208466e-02 0.000000000e+00 
1.069692802e-02 0.000000000e+00 
1.455054968e-03 0.000000000e+00 
8.147040382e-03 0.000000000e+00 
3.071802855e-02 0.000000000e+00 
6.723982096e-02 0.000000000e+00 
1.143059805e-01 0.000000000e+00 
1.673332900e-01 0.000000000e+00 
2.204453051e-01 0.000000000e+00 
2.678219676e-01 0.000000000e+00 
3.039897680e-01 0.000000000e+00 
3.244218528e-01 0.000000000e+00 
3.259477019e-01 0.000000000e+00 
3.075686991e-01 0.000000000e+00 
2.704572380e-01 0.000000000e+00 
2.183715105e-01 0.000000000e+00 
1.570844352e-01 0.000000000e+00 
9.501558542e-02 0.000000000e+00 
4.155828804e-02 0.000000000e+00 
7.671374828e-03 0.000000000e+00 
4.526929930e-03 0.000000000e+00 
4.291220009e-02 0.000000000e+00 
1.325249970e-01 0.000000000e+00 
2.807920873e-01 0.000000000e+00 
4.933789372e-01 0.000000000e+00 
7.728926539e-01 0.000000000e+00 
1.118990541e+00 0.000000000e+00 
1.526804328e+00 0.000000000e+00 
1.990635991e+00 0.000000000e+00 
2.499536753e+00 0.000000000e+00 
3.041630030e+00 0.000000000e+00 
3.604893923e+00 0.000000000e+00 
4.174957752e+00 0.000000000e+00 
4.734114647e+00 0.000000000e+00 
5.271312237e+00 0.000000000e+00 
5.770865440e+00 0.000000000e+00 
6.224595547e+00 0.000000000e+00 
6.622519016e+00 0.000000000e+00 
6.958497524e+00 0.000000000e+00 
7.228548050e+00 0.000000000e+00 
7.433703423e+00 0.000000000e+00 
7.575133324e+00 0.000000000e+00 
7.657923698e+00 0.000000000e+00 
7.688667774e+00 0.000000000e+00 
7.675331116e+00 0.000000000e+00 
7.627105713e+00 0.000000000e+00 
7.554283619e+00 0.000000000e+00 
7.465584755e+00 0.000000000e+00 
7.370818138e+00 0.000000000e+00 
7.277746677e+00 0.000000000e+00 
7.193610191e+00 0.000000000e+00 
7.124067307e+00 0.000000000e+00 
7.072937965e+00 0.000000000e+00 
7.042371750e+00 0.000000000e+00 
7.033623219e+00 0.000000000e+00 
7.045752525e+00 0.000000000e+00 
7.077044964e+00 0.000000000e+00 
7.124488831e+00 0.000000000e+00 
7.184844494e+00 0.000000000e+00 
7.253735542e+00 0.000000000e+00 
7.327251911e+00 0.000000000e+00 
7.401319981e+00 0.000000000e+00 
7.472088337e+00 0.000000000e+00 
7.536028385e+00 0.000000000e+00 
7.590496540e+00 0.000000000e+00 
7.633730888e+00 0.000000000e+00 
7.664054871e+00 0.000000000e+00 
7.680994034e+00 0.000000000e+00 
7.684666634e+00 0.000000000e+00 
7.675815582e+00 0.000000000e+00 
7.655856133e+00 0.000000000e+00 
7.626381397e+00 0.000000000e+00 
7.589420319e+00 0.000000000e+00 
7.547244549e+00 0.000000000e+00 
7.502022266e+00 0.000000000e+00 
7.456038952e+00 0.000000000e+00 
7.411629677e+00 0.000000000e+00 
7.370201111e+00 0.000000000e+00 
7.333760262e+00 0.000000000e+00 
7.303519726e+00 0.000000000e+00 
7.280175686e+00 0.000000000e+00 
7.264510155e+00 0.000000000e+00 
7.256844521e+00 0.000000000e+00 
7.256987572e+00 0.000000000e+00 
7.264296055e+00 0.000000000e+00 
7.278535843e+00 0.000000000e+00 
7.298547268e+00 0.000000000e+00 
7.323371887e+00 0.000000000e+00 
7.351761818e+00 0.000000000e+00 
7.382638454e+00 0.000000000e+00 
7.414554119e+00 0.000000000e+00 
7.446352005e+00 0.000000000e+00 
7.476665974e+00 0.000000000e+00 
7.504702091e+00 0.000000000e+00 
7.529261589e+00 0.000000000e+00 
7.549299717e+00 0.000000000e+00 
7.564353466e+00 0.000000000e+00 
7.573709488e+00 0.000000000e+00 
7.576920509e+00 0.000000000e+00 
7.573686600e+00 0.000000000e+00 
7.563873291e+00 0.000000000e+00 
7.547437668e+00 0.000000000e+00 
7.524763584e+00 0.000000000e+00 
7.495627880e+00 0.000000000e+00 
7.460881233e+00 0.000000000e+00 
7.420621872e+00 0.000000000e+00 
7.375234127e+00 0.000000000e+00 
7.325726509e+00 0.000000000e+00 
7.272058010e+00 0.000000000e+00 
7.215995789e+00 0.000000000e+00 
7.156809807e+00 0.000000000e+00 
7.096092224e+00 0.000000000e+00 
7.033331871e+00 0.000000000e+00 
6.971049309e+00 0.000000000e+00 
6.908817291e+00 0.000000000e+00 
6.846730709e+00 0.000000000e+00 
6.785894394e+00 0.000000000e+00 
6.727137089e+00 0.000000000e+00 
6.670505524e+00 0.000000000e+00 
6.616928101e+00 0.000000000e+00 
6.566758633e+00 0.000000000e+00 
6.520078182e+00 0.000000000e+00 
6.477582455e+00 0.000000000e+00 
6.439393044e+00 0.000000000e+00 
6.405820847e+00 0.000000000e+00 
6.376130104e+00 0.000000000e+00 
6.352422237e+00 0.000000000e+00 
6.332889557e+00 0.000000000e+00 
6.319720745e+00 0.000000000e+00 
6.310971260e+00 0.000000000e+00 
6.309874535e+00 0.000000000e+00 
0.000000000e+00 0.000000000e+00 
0.000000000e+00 0.000000000e+00 
0.000000000e+00 0.000000000e+00 
0.000000000e+00 0.000000000e+00 
0.000000000e+00 0.000000000e+00 
1.000000000e+00 0.000000000e+00 
1.000000000e+00 0.000000000e+00 
0.000000000e+00 0.000000000e+00 
0.000000000e+00 0.000000000e+00 
1.000000000e+00 0.000000000e+00 
1.000000000e+00 0.000000000e+00 
0.000000000e+00 0.000000000e+00 
0.000000000e+00 0.000000000e+00 
1.000000000e+00 0.000000000e+00 
1.000000000e+00 0.000000000e+00 
1.000000000e+00 0.000000000e+00 
1.000000000e+00 0.000000000e+00 
1.000000000e+00 0.000000000e+00 
1.000000000e+00 0.000000000e+00 
0.000000000e+00 0.000000000e+00 
0.000000000e+00 0.000000000e+00 
0.000000000e+00 0.000000000e+00 
0.000000000e+00 0.000000000e+00 
0.000000000e+00 0.000000000e+00 
0.000000000e+00 0.000000000e+00 
0.000000000e+00 0.000000000e+00 
0.000000000e+00 0.000000000e+00 
0.000000000e+00 0.000000000e+00 
0.000000000e+00 0.000000000e+00 
0.000000000e+00 0.000000000e+00 
0.000000000e+00 0.000000000e+00 
0.000000000e+00 0.000000000e+00 
6.308757782e+00 0.000000000e+00 
6.306551933e+00 0.000000000e+00 
6.297839165e+00 0.000000000e+00 
6.284510612e+00 0.000000000e+00 
6.264583111e+00 0.000000000e+00 
6.239932060e+00 0.000000000e+00 
6.208150864e+00 0.000000000e+00 
6.171432495e+00 0.000000000e+00 
6.128507614e+00 0.000000000e+00 
6.078912258e+00 0.000000000e+00 
6.022530079e+00 0.000000000e+00 
5.959002972e+00 0.000000000e+00 
5.888081074e+00 0.000000000e+00 
5.809472561e+00 0.000000000e+00 
5.722664356e+00 0.000000000e+00 
5.627579689e+00 0.000000000e+00 
5.523626328e+00 0.000000000e+00 
5.412074566e+00 0.000000000e+00 
5.290999889e+00 0.000000000e+00 
5.159083843e+00 0.000000000e+00 
5.018529415e+00 0.000000000e+00 
4.869561672e+00 0.000000000e+00 
4.708813667e+00 0.000000000e+00 
4.538012505e+00 0.000000000e+00 
4.358539104e+00 0.000000000e+00 
4.169216633e+00 0.000000000e+00 
3.970151663e+00 0.000000000e+00 
3.763552189e+00 0.000000000e+00 
3.548402786e+00 0.000000000e+00 
3.325360775e+00 0.000000000e+00 
3.095493317e+00 0.000000000e+00 
2.861610174e+00 0.000000000e+00 
2.623322248e+00 0.000000000e+00 
2.383753300e+00 0.000000000e+00 
2.143123627e+00 0.000000000e+00 
1.904886961e+00 0.000000000e+00 
1.669600129e+00 0.000000000e+00 
1.439733505e+00 0.000000000e+00 
1.218862534e+00 0.000000000e+00 
1.009434223e+00 0.000000000e+00 
8.128614426e-01 0.000000000e+00 
6.326829791e-01 0.000000000e+00 
4.704903662e-01 0.000000000e+00 
3.294965029e-01 0.000000000e+00 
2.117049992e-01 0.000000000e+00 
1.188432723e-01 0.000000000e+00 
5.207588151e-02 0.000000000e+00 
1.286693756e-02 0.000000000e+00 
1.687935670e-03 0.000000000e+00 
1.849449798e-02 0.000000000e+00 
6.255989522e-02 0.000000000e+00 
1.325297505e-01 0.000000000e+00 
2.263907045e-01 0.000000000e+00 
3.418974578e-01 0.000000000e+00 
4.747131467e-01 0.000000000e+00 
6.211801171e-01 0.000000000e+00 
7.767460942e-01 0.000000000e+00 
9.362693429e-01 0.000000000e+00 
1.094349504e+00 0.000000000e+00 
1.244756341e+00 0.000000000e+00 
1.382539988e+00 0.000000000e+00 
1.502238750e+00 0.000000000e+00 
1.598634601e+00 0.000000000e+00 
1.667714953e+00 0.000000000e+00 
1.705976367e+00 0.000000000e+00 
1.710909486e+00 0.000000000e+00 
1.681424618e+00 0.000000000e+00 
1.617853522e+00 0.000000000e+00 
1.521896958e+00 0.000000000e+00 
1.396475673e+00 0.000000000e+00 
1.246982694e+00 0.000000000e+00 
1.077823997e+00 0.000000000e+00 
8.977290392e-01 0.000000000e+00 
7.134011984e-01 0.000000000e+00 
5.345613956e-01 0.000000000e+00 
3.689137995e-01 0.000000000e+00 
2.259794772e-01 0.000000000e+00 
1.128490195e-01 0.000000000e+00 
3.705549613e-02 0.000000000e+00 
4.201189149e-03 0.000000000e+00 
1.782836020e-02 0.000000000e+00 
7.974767685e-02 0.000000000e+00 
1.891331971e-01 0.000000000e+00 
3.438937068e-01 0.000000000e+00 
5.381033421e-01 0.000000000e+00 
7.643321753e-01 0.000000000e+00 
1.014051795e+00 0.000000000e+00 
1.275965452e+00 0.000000000e+00 
1.539340496e+00 0.000000000e+00 
1.791538000e+00 0.000000000e+00 
2.020912170e+00 0.000000000e+00 
2.216825962e+00 0.000000000e+00 
2.370317221e+00 0.000000000e+00 
2.473479033e+00 0.000000000e+00 
2.521478653e+00 0.000000000e+00 
2.512092829e+00 0.000000000e+00 
2.446272850e+00 0.000000000e+00 
2.326926947e+00 0.000000000e+00 
2.160847187e+00 0.000000000e+00 
1.955881953e+00 0.000000000e+00 
1.722219825e+00 0.000000000e+00 
1.470930338e+00 0.000000000e+00 
1.214342713e+00 0.000000000e+00 
9.632468224e-01 0.000000000e+00 
7.287603617e-01 0.000000000e+00 
5.191894174e-01 0.000000000e+00 
3.420000076e-01 0.000000000e+00 
2.014720887e-01 0.000000000e+00 
9.944492579e-02 0.000000000e+00 
3.497843817e-02 0.000000000e+00 
5.241497420e-03 0.000000000e+00 
5.089120939e-03 0.000000000e+00 
2.780271880e-02 0.000000000e+00 
6.597965211e-02 0.000000000e+00 
1.117794216e-01 0.000000000e+00 
1.577623188e-01 0.000000000e+00 
1.973583549e-01 0.000000000e+00 
2.256813496e-01 0.000000000e+00 
2.394448221e-01 0.000000000e+00 
2.374031991e-01 0.000000000e+00 
2.202748358e-01 0.000000000e+00 
1.904395819e-01 0.000000000e+00 
1.519532204e-01 0.000000000e+00 
1.095471084e-01 0.000000000e+00 
6.858733296e-02 0.000000000e+00 
3.411208466e-02 0.000000000e+00 
1.069692802e-02 0.000000000e+00 
1.455054968e-03 0.000000000e+00 
8.147040382e-03 0.000000000e+00 
3.071802855e-02 0.000000000e+00 
6.723982096e-02 0.000000000e+00 
1.143059805e-01 0.000000000e+00 
1.673332900e-01 0.000000000e+00 
2.204453051e-01 0.000000000e+00 
2.678219676e-01 0.000000000e+00 
3.039897680e-01 0.000000000e+00 
3.244218528e-01 0.000000000e+00 
3.259477019e-01 0.000000000e+00 
3.075686991e-01 0.000000000e+00 
2.704572380e-01 0.000000000e+00 
2.183715105e-01 0.000000000e+00 
1.570844352e-01 0.000000000e+00 
9.501558542e-02 0.000000000e+00 
4.155828804e-02 0.000000000e+00 
7.671374828e-03 0.000000000e+00 
4.526929930e-03 0.000000000e+00 
4.291220009e-02 0.000000000e+00 
1.325249970e-01 0.000000000e+00 
2.807920873e-01 0.000000000e+00 
4.933789372e-01 0.000000000e+00 
7.728926539e-01 0.000000000e+00 
1.118990541e+00 0.000000000e+00 
1.526804328e+00 0.000000000e+00 
1.990635991e+00 0.000000000e+00 
2.499536753e+00 0.000000000e+00 
3.041630030e+00 0.000000000e+00 
3.604893923e+00 0.000000000e+00 
4.174957752e+00 0.000000000e+00 
4.734114647e+00 0.000000000e+00 
5.271312237e+00 0.000000000e+00 
5.770865440e+00 0.000000000e+00 
6.224595547e+00 0.000000000e+00 
6.622519016e+00 0.000000000e+00 
6.958497524e+00 0.000000000e+00 
7.228548050e+00 0.000000000e+00 
7.433703423e+00 0.000000000e+00 
7.575133324e+00 0.000000000e+00 
7.657923698e+00 0.000000000e+00 
7.688667774e+00 0.000000000e+00 
7.675331116e+00 0.000000000e+00 
7.627105713e+00 0.000000000e+00 
7.554283619e+00 0.000000000e+00 
7.465584755e+00 0.000000000e+00 
7.370818138e+00 0.000000000e+00 
7.277746677e+00 0.000000000e+00 
7.193610191e+00 0.000000000e+00 
7.124067307e+00 0.000000000e+00 
7.072937965e+00 0.000000000e+00 
7.042371750e+00 0.000000000e+00 
7.033623219e+00 0.000000000e+00 
7.045752525e+00 0.000000000e+00 
7.077044964e+00 0.000000000e+00 
7.124488831e+00 0.000000000e+00 
7.184844494e+00 0.000000000e+00 
7.253735542e+00 0.000000000e+00 
7.327251911e+00 0.000000000e+00 
7.401319981e+00 0.000000000e+00 
7.472088337e+00 0.000000000e+00 
7.536028385e+00 0.000000000e+00 
7.590496540e+00 0.000000000e+00 
7.633730888e+00 0.000000000e+00 
7.664054871e+00 0.000000000e+00 
7.680994034e+00 0.000000000e+00 
7.684666634e+00 0.000000000e+00 
7.675815582e+00 0.000000000e+00 
7.655856133e+00 0.000000000e+00 
7.626381397e+00 0.000000000e+00 
7.589420319e+00 0.000000000e+00 
7.547244549e+00 0.000000000e+00 
7.502022266e+00 0.000000000e+00 
7.456038952e+00 0.000000000e+00 
7.411629677e+00 0.000000000e+00 
7.370201111e+00 0.000000000e+00 
7.333760262e+00 0.000000000e+00 
7.303519726e+00 0.000000000e+00 
7.280175686e+00 0.000000000e+00 
7.264510155e+00 0.000000000e+00 
7.256844521e+00 0.000000000e+00 
7.256987572e+00 0.000000000e+00 
7.264296055e+00 0.000000000e+00 
7.278535843e+00 0.000000000e+00 
7.298547268e+00 0.000000000e+00 
7.323371887e+00 0.000000000e+00 
7.351761818e+00 0.000000000e+00 
7.382638454e+00 0.000000000e+00 
7.414554119e+00 0.000000000e+00 
7.446352005e+00 0.000000000e+00 
7.476665974e+00 0.000000000e+00 
7.504702091e+00 0.000000000e+00 
7.529261589e+00 0.000000000e+00 
7.549299717e+00 0.000000000e+00 
7.564353466e+00 0.000000000e+00 
7.573709488e+00 0.000000000e+00 
7.576920509e+00 0.000000000e+00 
7.573686600e+00 0.000000000e+00 
7.563873291e+00 0.000000000e+00 
7.547437668e+00 0.000000000e+00 
7.524763584e+00 0.000000000e+00 
7.495627880e+00 0.000000000e+00 
7.460881233e+00 0.000000000e+00 
7.420621872e+00 0.000000000e+00 
7.375234127e+00 0.000000000e+00 
7.325726509e+00 0.000000000e+00 
7.272058010e+00 0.000000000e+00 
7.215995789e+00 0.000000000e+00 
7.156809807e+00 0.000000000e+00 
7.096092224e+00 0.000000000e+00 
7.033331871e+00 0.000000000e+00 
6.971049309e+00 0.000000000e+00 
6.908817291e+00 0.000000000e+00 
6.846730709e+00 0.000000000e+00 
6.785894394e+00 0.000000000e+00 
6.727137089e+00 0.000000000e+00 
6.670505524e+00 0.000000000e+00 
6.616928101e+00 0.000000000e+00 
6.566758633e+00 0.000000000e+00 
6.520078182e+00 0.000000000e+00 
6.477582455e+00 0.000000000e+00 
6.439393044e+00 0.000000000e+00 
6.405820847e+00 0.000000000e+00 
6.376130104e+00 0.000000000e+00 
6.352422237e+00 0.000000000e+00 
6.332889557e+00 0.000000000e+00 
6.319720745e+00 0.000000000e+00 
6.310971260e+00 0.000000000e+00 
6.309874535e+00 0.000000000e+00 
0.000000000e+00 0.000000000e+00 
0.000000000e+00 0.000000000e+00 
0.000000000e+00 0.000000000e+00 
0.000000000e+00 0.000000000e+00 
0.000000000e+00 0.000000000e+00 
1.000000000e+00 0.000000000e+00 
1.000000000e+00 0.000000000e+00 
0.000000000e+00 0.000000000e+00 
0.000000000e+00 0.000000000e+00 
1.000000000e+00 0.000000000e+00 
1.000000000e+00 0.000000000e+00 
0.000000000e+00 0.000000000e+00 
0.000000000e+00 0.000000000e+00 
1.000000000e+00 0.000000000e+00 
1.000000000e+00 0.000000000e+00 
1.000000000e+00 0.000000000e+00 
1.000000000e+00 0.000000000e+00 
1.000000000e+00 0.000000000e+00 
1.000000000e+00 0.000000000e+00 
0.000000000e+00 0.000000000e+00 
0.000000000e+00 0.000000000e+00 
0.000000000e+00 0.000000000e+00 
0.000000000e+00 0.000000000e+00 
0.000000000e+00 0.000000000e+00 
0.000000000e+00 0.000000000e+00 
0.000000000e+00 0.000000000e+00 
0.000000000e+00 0.000000000e+00 
0.000000000e+00 0.000000000e+00 
0.000000000e+00 0.000000000e+00 
0.000000000e+00 0.000000000e+00 
0.000000000e+00 0.000000000e+00 
0.000000000e+00 0.000000000e+00 
6.308757782e+00 0.000000000e+00 
6.306551933e+00 0.000000000e+00 
6.297839165e+00 0.000000000e+00 
6.284510612e+00 0.000000000e+00 
6.264583111e+00 0.000000000e+00 
6.239932060e+00 0.000000000e+00 
6.208150864e+00 0.000000000e+00 
6.171432495e+00 0.000000000e+00 
6.128507614e+00 0.000000000e+00 
6.078912258e+00 0.000000000e+00 
6.022530079e+00 0.000000000e+00 
5.959002972e+00 0.000000000e+00 
5.888081074e+00 0.000000000e+00 
5.809472561e+00 0.000000000e+00 
5.722664356e+00 0.000000000e+00 
5.627579689e+00 0.000000000e+00 
5.523626328e+00 0.000000000e+00 
5.412074566e+00 0.000000000e+00 
5.290999889e+00 0.000000000e+00 
5.159083843e+00 0.000000000e+00 
5.018529415e+00 0.000000000e+00 
4.869561672e+00 0.000000000e+00 
4.708813667e+00 0.000000000e+00 
4.538012505e+00 0.000000000e+00 
4.358539104e+00 0.000000000e+00 
4.169216633e+00 0.000000000e+00 
3.970151663e+00 0.000000000e+00 
3.763552189e+00 0.000000000e+00 
3.548402786e+00 0.000000000e+00 
3.325360775e+00 0.000000000e+00 
3.095493317e+00 0.000000000e+00 
2.861610174e+00 0.000000000e+00 
2.623322248e+00 0.000000000e+00 
2.383753300e+00 0.000000000e+00 
2.143123627e+00 0.000000000e+00 
1.904886961e+00 0.000000000e+00 
1.669600129e+00 0.000000000e+00 
1.439733505e+00 0.000000000e+00 
1.218862534e+00 0.000000000e+00 
1.009434223e+00 0.000000000e+00 
8.128614426e-01 0.000000000e+00 
6.326829791e-01 0.000000000e+00 
4.704903662e-01 0.000000000e+00 
3.294965029e-01 0.000000000e+00 
2.117049992e-01 0.000000000e+00 
1.188432723e-01 0.000000000e+00 
5.207588151e-02 0.000000000e+00 
1.286693756e-02 0.000000000e+00 
1.687935670e-03 0.000000000e+00 
1.849449798e-02 0.000000000e+00 
6.255989522e-02 0.000000000e+00 
1.325297505e-01 0.000000000e+00 
2.263907045e-01 0.000000000e+00 
3.418974578e-01 0.000000000e+00 
4.747131467e-01 0.000000000e+00 
6.211801171e-01 0.000000000e+00 
7.767460942e-01 0.000000000e+00 
9.362693429e-01 0.000000000e+00 
1.094349504e+00 0.000000000e+00 
1.244756341e+00 0.000000000e+00 
1.382539988e+00 0.000000000e+00 
1.502238750e+00 0.000000000e+00 
1.598634601e+00 0.000000000e+00 
1.667714953e+00 0.000000000e+00 
1.705976367e+00 0.000000000e+00 
1.710909486e+00 0.000000000e+00 
1.681424618e+00 0.000000000e+00 
1.617853522e+00 0.000000000e+00 
1.521896958e+00 0.000000000e+00 
1.396475673e+00 0.000000000e+00 
1.246982694e+00 0.000000000e+00 
1.077823997e+00 0.000000000e+00 
8.977290392e-01 0.000000000e+00 
7.134011984e-01 0.000000000e+00 
5.345613956e-01 0.000000000e+00 
3.689137995e-01 0.000000000e+00 
2.259794772e-01 0.000000000e+00 
1.128490195e-01 0.000000000e+00 
3.705549613e-02 0.000000000e+00 
4.201189149e-03 0.000000000e+00 
1.782836020e-02 0.000000000e+00 
7.974767685e-02 0.000000000e+00 
1.891331971e-01 0.000000000e+00 
3.438937068e-01 0.000000000e+00 
5.381033421e-01 0.000000000e+00 
7.643321753e-01 0.000000000e+00 
1.014051795e+00 0.000000000e+00 
1.275965452e+00 0.000000000e+00 
1.539340496e+00 0.000000000e+00 
1.791538000e+00 0.000000000e+00 
2.020912170e+00 0.000000000e+00 
2.216825962e+00 0.000000000e+00 
2.370317221e+00 0.000000000e+00 
2.473479033e+00 0.000000000e+00 
2.521478653e+00 0.000000000e+00 
2.512092829e+00 0.000000000e+00 
2.446272850e+00 0.000000000e+00 
2.326926947e+00 0.000000000e+00 
2.160847187e+00 0.000000000e+00 
1.955881953e+00 0.000000000e+00 
1.722219825e+00 0.000000000e+00 
1.470930338e+00 0.000000000e+00 
1.214342713e+00 0.000000000e+00 
9.632468224e-01 0.000000000e+00 
7.287603617e-01 0.000000000e+00 
5.191894174e-01 0.000000000e+00 
3.420000076e-01 0.000000000e+00 
2.014720887e-01 0.000000000e+00 
9.944492579e-02 0.000000000e+00 
3.497843817e-02 0.000000000e+00 
5.241497420e-03 0.000000000e+00 
5.089120939e-03 0.000000000e+00 
2.780271880e-02 0.000000000e+00 
6.597965211e-02 0.000000000e+00 
1.117794216e-01 0.000000000e+00 
1.577623188e-01 0.000000000e+00 
1.973583549e-01 0.000000000e+00 
2.256813496e-01 0.000000000e+00 
2.394448221e-01 0.000000000e+00 
2.374031991e-01 0.000000000e+00 
2.202748358e-01 0.000000000e+00 
1.904395819e-01 0.000000000e+00 
1.519532204e-01 0.000000000e+00 
1.095471084e-01 0.000000000e+00 
6.858733296e-02 0.000000000e+00 
3.411208466e-02 0.000000000e+00 
1.069692802e-02 0.000000000e+00 
1.455054968e-03 0.000000000e+00 
8.147040382e-03 0.000000000e+00 
3.071802855e-02 0.000000000e+00 
6.723982096e-02 0.000000000e+00 
1.143059805e-01 0.000000000e+00 
1.673332900e-01 0.000000000e+00 
2.204453051e-01 0.000000000e+00 
2.678219676e-01 0.000000000e+00 
3.039897680e-01 0.000000000e+00 
3.244218528e-01 0.000000000e+00 
3.259477019e-01 0.000000000e+00 
3.075686991e-01 0.000000000e+00 
2.704572380e-01 0.000000000e+00 
2.183715105e-01 0.000000000e+00 
1.570844352e-01 0.000000000e+00 
9.501558542e-02 0.000000000e+00 
4.155828804e-02 0.000000000e+00 
7.671374828e-03 0.000000000e+00 
4.526929930e-03 0.000000000e+00 
4.291220009e-02 0.000000000e+00 
1.325249970e-01 0.000000000e+00 
2.807920873e-01 0.000000000e+00 
4.933789372e-01 0.000000000e+00 
7.728926539e-01 0.000000000e+00 
1.118990541e+00 0.000000000e+00 
1.526804328e+00 0.000000000e+00 
1.990635991e+00 0.000000000e+00 
2.499536753e+00 0.000000000e+00 
3.041630030e+00 0.000000000e+00 
3.604893923e+00 0.000000000e+00 
4.174957752e+00 0.000000000e+00 
4.734114647e+00 0.000000000e+00 
5.271312237e+00 0.000000000e+00 
5.770865440e+00 0.000000000e+00 
6.224595547e+00 0.000000000e+00 
6.622519016e+00 0.000000000e+00 
6.958497524e+00 0.000000000e+00 
7.228548050e+00 0.000000000e+00 
7.433703423e+00 0.000000000e+00 
7.575133324e+00 0.000000000e+00 
7.657923698e+00 0.000000000e+00 
7.688667774e+00 0.000000000e+00 
7.675331116e+00 0.000000000e+00 
7.627105713e+00 0.000000000e+00 
7.554283619e+00 0.000000000e+00 
7.465584755e+00 0.000000000e+00 
7.370818138e+00 0.000000000e+00 
7.277746677e+00 0.000000000e+00 
7.193610191e+00 0.000000000e+00 
7.124067307e+00 0.000000000e+00 
7.072937965e+00 0.000000000e+00 
7.042371750e+00 0.000000000e+00 
7.033623219e+00 0.000000000e+00 
7.045752525e+00 0.000000000e+00 
7.077044964e+00 0.000000000e+00 
7.124488831e+00 0.000000000e+00 
7.184844494e+00 0.000000000e+00 
7.253735542e+00 0.000000000e+00 
7.327251911e+00 0.000000000e+00 
7.401319981e+00 0.000000000e+00 
7.472088337e+00 0.000000000e+00 
7.536028385e+00 0.000000000e+00 
7.590496540e+00 0.000000000e+00 
7.633730888e+00 0.000000000e+00 
7.664054871e+00 0.000000000e+00 
7.680994034e+00 0.000000000e+00 
7.684666634e+00 0.000000000e+00 
7.675815582e+00 0.000000000e+00 
7.655856133e+00 0.000000000e+00 
7.626381397e+00 0.000000000e+00 
7.589420319e+00 0.000000000e+00 
7.547244549e+00 0.000000000e+00 
7.502022266e+00 0.000000000e+00 
7.456038952e+00 0.000000000e+00 
7.411629677e+00 0.000000000e+00 
7.370201111e+00 0.000000000e+00 
7.333760262e+00 0.000000000e+00 
7.303519726e+00 0.000000000e+00 
7.280175686e+00 0.000000000e+00 
7.264510155e+00 0.000000000e+00 
7.256844521e+00 0.000000000e+00 
7.256987572e+00 0.000000000e+00 
7.264296055e+00 0.000000000e+00 
7.278535843e+00 0.000000000e+00 
7.298547268e+00 0.000000000e+00 
7.323371887e+00 0.000000000e+00 
7.351761818e+00 0.000000000e+00 
7.382638454e+00 0.000000000e+00 
7.414554119e+00 0.000000000e+00 
7.446352005e+00 0.000000000e+00 
7.476665974e+00 0.000000000e+00 
7.504702091e+00 0.000000000e+00 
7.529261589e+00 0.000000000e+00 
7.549299717e+00 0.000000000e+00 
7.564353466e+00 0.000000000e+00 
7.573709488e+00 0.000000000e+00 
7.576920509e+00 0.000000000e+00 
7.573686600e+00 0.000000000e+00 
7.563873291e+00 0.000000000e+00 
7.547437668e+00 0.000000000e+00 
7.524763584e+00 0.000000000e+00 
7.495627880e+00 0.000000000e+00 
7.460881233e+00 0.000000000e+00 
7.420621872e+00 0.000000000e+00 
7.375234127e+00 0.000000000e+00 
7.325726509e+00 0.000000000e+00 
7.272058010e+00 0.000000000e+00 
7.215995789e+00 0.000000000e+00 
7.156809807e+00 0.000000000e+00 
7.096092224e+00 0.000000000e+00 
7.033331871e+00 0.000000000e+00 
6.971049309e+00 0.000000000e+00 
6.908817291e+00 0.000000000e+00 
6.846730709e+00 0.000000000e+00 
6.785894394e+00 0.000000000e+00 
6.727137089e+00 0.000000000e+00 
6.670505524e+00 0.000000000e+00 
6.616928101e+00 0.000000000e+00 
6.566758633e+00 0.000000000e+00 
6.520078182e+00 0.000000000e+00 
6.477582455e+00 0.000000000e+00 
6.439393044e+00 0.000000000e+00 
6.405820847e+00 0.000000000e+00 
6.376130104e+00 0.000000000e+00 
6.352422237e+00 0.000000000e+00 
6.332889557e+00 0.000000000e+00 
6.319720745e+00 0.000000000e+00 
6.310971260e+00 0.000000000e+00 
6.309874535e+00 0.000000000e+00 
0.000000000e+00 0.000000000e+00 
0.000000000e+00 0.000000000e+00 
0.000000000e+00 0.000000000e+00 
0.000000000e+00 0.000000000e+00 
0.000000000e+00 0.000000000e+00 
1.000000000e+00 0.000000000e+00 
1.000000000e+00 0.000000000e+00 
0.000000000e+00 0.000000000e+00 
0.000000000e+00 0.000000000e+00 
1.000000000e+00 0.000000000e+00 
1.000000000e+00 0.000000000e+00 
0.000000000e+00 0.000000000e+00 
0.000000000e+00 0.000000000e+00 
1.000000000e+00 0.000000000e+00 
1.000000000e+00 0.000000000e+00 
1.000000000e+00 0.000000000e+00 
1.000000000e+00 0.000000000e+00 
1.000000000e+00 0.000000000e+00 
1.000000000e+00 0.000000000e+00 
0.000000000e+00 0.000000000e+00 
0.000000000e+00 0.000000000e+00 
0.000000000e+00 0.000000000e+00 
0.000000000e+00 0.000000000e+00 
0.000000000e+00 0.000000000e+00 
0.000000000e+00 0.000000000e+00 
0.000000000e+00 0.000000000e+00 
0.000000000e+00 0.000000000e+00 
0.000000000e+00 0.000000000e+00 
0.000000000e+00 0.000000000e+00 
0.000000000e+00 0.000000000e+00 
0.000000000e+00 0.000000000e+00 
0.000000000e+00 0.000000000e+00 
6.308757782e+00 0.000000000e+00 
6.306551933e+00 0.000000000e+00 
6.297839165e+00 0.000000000e+00 
6.284510612e+00 0.000000000e+00 
6.264583111e+00 0.000000000e+00 
6.239932060e+00 0.000000000e+00 
6.208150864e+00 0.000000000e+00 
6.171432495e+00 0.000000000e+00 
6.128507614e+00 0.000000000e+00 
6.078912258e+00 0.000000000e+00 
6.022530079e+00 0.000000000e+00 
5.959002972e+00 0.000000000e+00 
5.888081074e+00 0.000000000e+00 
5.809472561e+00 0.000000000e+00 
5.722664356e+00 0.000000000e+00 
5.627579689e+00 0.000000000e+00 
5.523626328e+00 0.000000000e+00 
5.412074566e+00 0.000000000e+00 
5.290999889e+00 0.000000000e+00 
5.159083843e+00 0.000000000e+00 
5.018529415e+00 0.000000000e+00 
4.869561672e+00 0.000000000e+00 
4.708813667e+00 0.000000000e+00 
4.538012505e+00 0.000000000e+00 
4.358539104e+00 0.000000000e+00 
4.169216633e+00 0.000000000e+00 
3.970151663e+00 0.000000000e+00 
3.763552189e+00 0.000000000e+00 
3.548402786e+00 0.000000000e+00 
3.325360775e+00 0.000000000e+00 
3.095493317e+00 0.000000000e+00 
2.861610174e+00 0.000000000e+00 
2.623322248e+00 0.000000000e+00 
2.383753300e+00 0.000000000e+00 
2.143123627e+00 0.000000000e+00 
1.904886961e+00 0.000000000e+00 
1.669600129e+00 0.000000000e+00 
1.439733505e+00 0.000000000e+00 
1.218862534e+00 0.000000000e+00 
1.009434223e+00 0.000000000e+00 
8.128614426e-01 0.000000000e+00 
6.326829791e-01 0.000000000e+00 
4.704903662e-01 0.000000000e+00 
3.294965029e-01 0.000000000e+00 
2.117049992e-01 0.000000000e+00 
1.188432723e-01 0.000000000e+00 
5.207588151e-02 0.000000000e+00 
1.286693756e-02 0.000000000e+00 
1.687935670e-03 0.000000000e+00 
1.849449798e-02 0.000000000e+00 
6.255989522e-02 0.000000000e+00 
1.325297505e-01 0.000000000e+00 
2.263907045e-01 0.000000000e+00 
3.418974578e-01 0.000000000e+00 
4.747131467e-01 0.000000000e+00 
6.211801171e-01 0.000000000e+00 
7.767460942e-01 0.000000000e+00 
9.362693429e-01 0.000000000e+00 
1.094349504e+00 0.000000000e+00 
1.244756341e+00 0.000000000e+00 
1.382539988e+00 0.000000000e+00 
1.502238750e+00 0.000000000e+00 
1.598634601e+00 0.000000000e+00 
1.667714953e+00 0.000000000e+00 
1.705976367e+00 0.000000000e+00 
1.710909486e+00 0.000000000e+00 
1.681424618e+00 0.000000000e+00 
1.617853522e+00 0.000000000e+00 
1.521896958e+00 0.000000000e+00 
1.396475673e+00 0.000000000e+00 
1.246982694e+00 0.000000000e+00 
1.077823997e+00 0.000000000e+00 
8.977290392e-01 0.000000000e+00 
7.134011984e-01 0.000000000e+00 
5.345613956e-01 0.000000000e+00 
3.689137995e-01 0.000000000e+00 
2.259794772e-01 0.000000000e+00 
1.128490195e-01 0.000000000e+00 
3.705549613e-02 0.000000000e+00 
4.201189149e-03 0.000000000e+00 
1.782836020e-02 0.000000000e+00 
7.974767685e-02 0.000000000e+00 
1.891331971e-01 0.000000000e+00 
3.438937068e-01 0.000000000e+00 
5.381033421e-01 0.000000000e+00 
7.643321753e-01 0.000000000e+00 
1.014051795e+00 0.000000000e+00 
1.275965452e+00 0.000000000e+00 
1.539340496e+00 0.000000000e+00 
1.791538000e+00 0.000000000e+00 
2.020912170e+00 0.000000000e+00 
2.216825962e+00 0.000000000e+00 
2.370317221e+00 0.000000000e+00 
2.473479033e+00 0.000000000e+00 
2.521478653e+00 0.000000000e+00 
2.512092829e+00 0.000000000e+00 
2.446272850e+00 0.000000000e+00 
2.326926947e+00 0.000000000e+00 
2.160847187e+00 0.000000000e+00 
1.955881953e+00 0.000000000e+00 
1.722219825e+00 0.000000000e+00 
1.470930338e+00 0.000000000e+00 
1.214342713e+00 0.000000000e+00 
9.632468224e-01 0.000000000e+00 
7.287603617e-01 0.000000000e+00 
5.191894174e-01 0.000000000e+00 
3.420000076e-01 0.000000000e+00 
2.014720887e-01 0.000000000e+00 
9.944492579e-02 0.000000000e+00 
3.497843817e-02 0.000000000e+00 
5.241497420e-03 0.000000000e+00 
5.089120939e-03 0.000000000e+00 
2.780271880e-02 0.000000000e+00 
6.597965211e-02 0.000000000e+00 
1.117794216e-01 0.000000000e+00 
1.577623188e-01 0.000000000e+00 
1.973583549e-01 0.000000000e+00 
2.256813496e-01 0.000000000e+00 
2.394448221e-01 0.000000000e+00 
2.374031991e-01 0.000000000e+00 
2.202748358e-01 0.000000000e+00 
1.904395819e-01 0.000000000e+00 
1.519532204e-01 0.000000000e+00 
1.095471084e-01 0.000000000e+00 
6.858733296e-02 0.000000000e+00 
3.411208466e-02 0.000000000e+00 
1.069692802e-02 0.000000000e+00 
1.455054968e-03 0.000000000e+00 
8.147040382e-03 0.000000000e+00 
3.071802855e-02 0.000000000e+00 
6.723982096e-02 0.000000000e+00 
1.143059805e-01 0.000000000e+00 
1.673332900e-01 0.000000000e+00 
2.204453051e-01 0.000000000e+00 
2.678219676e-01 0.000000000e+00 
3.039897680e-01 0.000000000e+00 
3.244218528e-01 0.000000000e+00 
3.259477019e-01 0.000000000e+00 
3.075686991e-01 0.000000000e+00 
2.704572380e-01 0.000000000e+00 
2.183715105e-01 0.000000000e+00 
1.570844352e-01 0.000000000e+00 
9.501558542e-02 0.000000000e+00 
4.155828804e-02 0.000000000e+00 
7.671374828e-03 0.000000000e+00 
4.526929930e-03 0.000000000e+00 
4.291220009e-02 0.000000000e+00 
1.325249970e-01 0.000000000e+00 
2.807920873e-01 0.000000000e+00 
4.933789372e-01 0.000000000e+00 
7.728926539e-01 0.000000000e+00 
1.118990541e+00 0.000000000e+00 
1.526804328e+00 0.000000000e+00 
1.990635991e+00 0.000000000e+00 
2.499536753e+00 0.000000000e+00 
3.041630030e+00 0.000000000e+00 
3.604893923e+00 0.000000000e+00 
4.174957752e+00 0.000000000e+00 
4.734114647e+00 0.000000000e+00 
5.271312237e+00 0.000000000e+00 
5.770865440e+00 0.000000000e+00 
6.224595547e+00 0.000000000e+00 
6.622519016e+00 0.000000000e+00 
6.958497524e+00 0.000000000e+00 
7.228548050e+00 0.000000000e+00 
7.433703423e+00 0.000000000e+00 
7.575133324e+00 0.000000000e+00 
7.657923698e+00 0.000000000e+00 
7.688667774e+00 0.000000000e+00 
7.675331116e+00 0.000000000e+00 
7.627105713e+00 0.000000000e+00 
7.554283619e+00 0.000000000e+00 
7.465584755e+00 0.000000000e+00 
7.370818138e+00 0.000000000e+00 
7.277746677e+00 0.000000000e+00 
7.193610191e+00 0.000000000e+00 
7.124067307e+00 0.000000000e+00 
7.072937965e+00 0.000000000e+00 
7.042371750e+00 0.000000000e+00 
7.033623219e+00 0.000000000e+00 
7.045752525e+00 0.000000000e+00 
7.077044964e+00 0.000000000e+00 
7.124488831e+00 0.000000000e+00 
7.184844494e+00 0.000000000e+00 
7.253735542e+00 0.000000000e+00 
7.327251911e+00 0.000000000e+00 
7.401319981e+00 0.000000000e+00 
7.472088337e+00 0.000000000e+00 
7.536028385e+00 0.000000000e+00 
7.590496540e+00 0.000000000e+00 
7.633730888e+00 0.000000000e+00 
7.664054871e+00 0.000000000e+00 
7.680994034e+00 0.000000000e+00 
7.684666634e+00 0.000000000e+00 
7.675815582e+00 0.000000000e+00 
7.655856133e+00 0.000000000e+00 
7.626381397e+00 0.000000000e+00 
7.589420319e+00 0.000000000e+00 
7.547244549e+00 0.000000000e+00 
7.502022266e+00 0.000000000e+00 
7.456038952e+00 0.000000000e+00 
7.411629677e+00 0.000000000e+00 
7.370201111e+00 0.000000000e+00 
7.333760262e+00 0.000000000e+00 
7.303519726e+00 0.000000000e+00 
7.280175686e+00 0.000000000e+00 
7.264510155e+00 0.000000000e+00 
7.256844521e+00 0.000000000e+00 
7.256987572e+00 0.000000000e+00 
7.264296055e+00 0.000000000e+00 
7.278535843e+00 0.000000000e+00 
7.298547268e+00 0.000000000e+00 
7.323371887e+00 0.000000000e+00 
7.351761818e+00 0.000000000e+00 
7.382638454e+00 0.000000000e+00 
7.414554119e+00 0.000000000e+00 
7.446352005e+00 0.000000000e+00 
7.476665974e+00 0.000000000e+00 
7.504702091e+00 0.000000000e+00 
7.529261589e+00 0.000000000e+00 
7.549299717e+00 0.000000000e+00 
7.564353466e+00 0.000000000e+00 
7.573709488e+00 0.000000000e+00 
7.576920509e+00 0.000000000e+00 
7.573686600e+00 0.000000000e+00 
7.563873291e+00 0.000000000e+00 
7.547437668e+00 0.000000000e+00 
7.524763584e+00 0.000000000e+00 
7.495627880e+00 0.000000000e+00 
7.460881233e+00 0.000000000e+00 
7.420621872e+00 0.000000000e+00 
7.375234127e+00 0.000000000e+00 
7.325726509e+00 0.000000000e+00 
7.272058010e+00 0.000000000e+00 
7.215995789e+00 0.000000000e+00 
7.156809807e+00 0.000000000e+00 
7.096092224e+00 0.000000000e+00 
7.033331871e+00 0.000000000e+00 
6.971049309e+00 0.000000000e+00 
6.908817291e+00 0.000000000e+00 
6.846730709e+00 0.000000000e+00 
6.785894394e+00 0.000000000e+00 
6.727137089e+00 0.000000000e+00 
6.670505524e+00 0.000000000e+00 
6.616928101e+00 0.000000000e+00 
6.566758633e+00 0.000000000e+00 
6.520078182e+00 0.000000000e+00 
6.477582455e+00 0.000000000e+00 
6.439393044e+00 0.000000000e+00 
6.405820847e+00 0.000000000e+00 
6.376130104e+00 0.000000000e+00 
6.352422237e+00 0.000000000e+00 
6.332889557e+00 0.000000000e+00 
6.319720745e+00 0.000000000e+00 
6.310971260e+00 0.000000000e+00 
6.309874535e+00 0.000000000e+00 
0.000000000e+00 0.000000000e+00 
0.000000000e+00 0.000000000e+00 
0.000000000e+00 0.000000000e+00 
0.000000000e+00 0.000000000e+00 
0.000000000e+00 0.000000000e+00 
1.000000000e+00 0.000000000e+00 
1.000000000e+00 0.000000000e+00 
0.000000000e+00 0.000000000e+00 
0.000000000e+00 0.000000000e+00 
1.000000000e+00 0.000000000e+00 
1.000000000e+00 0.000000000e+00 
0.000000000e+00 0.000000000e+00 
0.000000000e+00 0.000000000e+00 
1.000000000e+00 0.000000000e+00 
1.000000000e+00 0.000000000e+00 
1.000000000e+00 0.000000000e+00 
1.000000000e+00 0.000000000e+00 
1.000000000e+00 0.000000000e+00 
1.000000000e+00 0.000000000e+00 
0.000000000e+00 0.000000000e+00 
0.000000000e+00 0.000000000e+00 
0.000000000e+00 0.000000000e+00 
0.000000000e+00 0.000000000e+00 
0.000000000e+00 0.000000000e+00 
0.000000000e+00 0.000000000e+00 
0.000000000e+00 0.000000000e+00 
0.000000000e+00 0.000000000e+00 
0.000000000e+00 0.000000000e+00 
0.000000000e+00 0.000000000e+00 
0.000000000e+00 0.000000000e+00 
0.000000000e+00 0.000000000e+00 
0.000000000e+00 0.000000000e+00 
