6.777643204e+00 0.000000000e+00 
6.775540352e+00 0.000000000e+00 
6.767148972e+00 0.000000000e+00 
6.754359722e+00 0.000000000e+00 
6.735238075e+00 0.000000000e+00 
6.711575508e+00 0.000000000e+00 
6.681021690e+00 0.000000000e+00 
6.645716190e+00 0.000000000e+00 
6.604425907e+00 0.000000000e+00 
6.556673050e+00 0.000000000e+00 
6.502363682e+00 0.000000000e+00 
6.441089630e+00 0.000000000e+00 
6.372607231e+00 0.000000000e+00 
6.296616554e+00 0.000000000e+00 
6.212581635e+00 0.000000000e+00 
6.120342255e+00 0.000000000e+00 
6.019339085e+00 0.000000000e+00 
5.910711765e+00 0.000000000e+00 
5.792505264e+00 0.000000000e+00 
5.663387299e+00 0.000000000e+00 
5.525376320e+00 0.000000000e+00 
5.378616333e+00 0.000000000e+00 
5.219646454e+00 0.000000000e+00 
5.050043106e+00 0.000000000e+00 
4.870996475e+00 0.000000000e+00 
4.681198120e+00 0.000000000e+00 
4.480544090e+00 0.000000000e+00 
4.271006584e+00 0.000000000e+00 
4.051350117e+00 0.000000000e+00 
3.822014332e+00 0.000000000e+00 
3.583761215e+00 0.000000000e+00 
3.339268923e+00 0.000000000e+00 
3.087838888e+00 0.000000000e+00 
2.832440615e+00 0.000000000e+00 
2.573121309e+00 0.000000000e+00 
2.313238382e+00 0.000000000e+00 
2.053160429e+00 0.000000000e+00 
1.795403957e+00 0.000000000e+00 
1.543814421e+00 0.000000000e+00 
1.301061273e+00 0.000000000e+00 
1.068825960e+00 0.000000000e+00 
8.513938189e-01 0.000000000e+00 
6.508930326e-01 0.000000000e+00 
4.717260897e-01 0.000000000e+00 
3.171123564e-01 0.000000000e+00 
1.901954412e-01 0.000000000e+00 
9.370650351e-02 0.000000000e+00 
3.122712672e-02 0.000000000e+00 
5.470335484e-03 0.000000000e+00 
1.868196949e-02 0.000000000e+00 
7.288798690e-02 0.000000000e+00 
1.694822609e-01 0.000000000e+00 
3.093379736e-01 0.000000000e+00 
4.934931993e-01 0.000000000e+00 
7.199926972e-01 0.000000000e+00 
9.882102013e-01 0.000000000e+00 
1.296154737e+00 0.000000000e+00 
1.640941620e+00 0.000000000e+00 
2.018914223e+00 0.000000000e+00 
2.424088717e+00 0.000000000e+00 
2.852715492e+00 0.000000000e+00 
3.299051762e+00 0.000000000e+00 
3.755316734e+00 0.000000000e+00 
4.216327667e+00 0.000000000e+00 
4.675246239e+00 0.000000000e+00 
5.123593330e+00 0.000000000e+00 
5.556213379e+00 0.000000000e+00 
5.965512276e+00 0.000000000e+00 
6.345480442e+00 0.000000000e+00 
6.692507267e+00 0.000000000e+00 
7.000351906e+00 0.000000000e+00 
7.269063473e+00 0.000000000e+00 
7.493901253e+00 0.000000000e+00 
7.675734997e+00 0.000000000e+00 
7.814177513e+00 0.000000000e+00 
7.911988735e+00 0.000000000e+00 
7.971513271e+00 0.000000000e+00 
7.997113228e+00 0.000000000e+00 
7.993657589e+00 0.000000000e+00 
7.966450214e+00 0.000000000e+00 
7.921560287e+00 0.000000000e+00 
7.865065575e+00 0.000000000e+00 
7.803009033e+00 0.000000000e+00 
7.740536690e+00 0.000000000e+00 
7.683262825e+00 0.000000000e+00 
7.634825230e+00 0.000000000e+00 
7.598961830e+00 0.000000000e+00 
7.577409744e+00 0.000000000e+00 
7.571126938e+00 0.000000000e+00 
7.580084324e+00 0.000000000e+00 
7.603177071e+00 0.000000000e+00 
7.638361931e+00 0.000000000e+00 
7.683018684e+00 0.000000000e+00 
7.733658791e+00 0.000000000e+00 
7.786860943e+00 0.000000000e+00 
7.839464188e+00 0.000000000e+00 
7.887879372e+00 0.000000000e+00 
7.929671288e+00 0.000000000e+00 
7.962464809e+00 0.000000000e+00 
7.985001087e+00 0.000000000e+00 
7.996970177e+00 0.000000000e+00 
7.998440266e+00 0.000000000e+00 
7.990687370e+00 0.000000000e+00 
7.975104809e+00 0.000000000e+00 
7.954258442e+00 0.000000000e+00 
7.930295467e+00 0.000000000e+00 
7.906339645e+00 0.000000000e+00 
7.884235859e+00 0.000000000e+00 
7.866544724e+00 0.000000000e+00 
7.854656219e+00 0.000000000e+00 
7.849678040e+00 0.000000000e+00 
7.851830006e+00 0.000000000e+00 
7.860936165e+00 0.000000000e+00 
7.875883102e+00 0.000000000e+00 
7.895469666e+00 0.000000000e+00 
7.917532921e+00 0.000000000e+00 
7.940161705e+00 0.000000000e+00 
7.961276054e+00 0.000000000e+00 
7.979012966e+00 0.000000000e+00 
7.991803169e+00 0.000000000e+00 
7.998660088e+00 0.000000000e+00 
7.999057293e+00 0.000000000e+00 
7.992973328e+00 0.000000000e+00 
7.981281757e+00 0.000000000e+00 
7.965002060e+00 0.000000000e+00 
7.945777416e+00 0.000000000e+00 
7.925447464e+00 0.000000000e+00 
7.905794621e+00 0.000000000e+00 
7.888769627e+00 0.000000000e+00 
7.875902653e+00 0.000000000e+00 
7.868277550e+00 0.000000000e+00 
7.866410255e+00 0.000000000e+00 
7.870810509e+00 0.000000000e+00 
7.880612373e+00 0.000000000e+00 
7.895182610e+00 0.000000000e+00 
7.913028717e+00 0.000000000e+00 
7.932550430e+00 0.000000000e+00 
7.952149868e+00 0.000000000e+00 
7.969955444e+00 0.000000000e+00 
7.984484196e+00 0.000000000e+00 
7.994482040e+00 0.000000000e+00 
7.999222279e+00 0.000000000e+00 
7.998201370e+00 0.000000000e+00 
7.991784096e+00 0.000000000e+00 
7.980555534e+00 0.000000000e+00 
7.965641975e+00 0.000000000e+00 
7.948284149e+00 0.000000000e+00 
7.930170059e+00 0.000000000e+00 
7.912950039e+00 0.000000000e+00 
7.898283482e+00 0.000000000e+00 
7.887013435e+00 0.000000000e+00 
7.880758762e+00 0.000000000e+00 
7.879575253e+00 0.000000000e+00 
7.883831978e+00 0.000000000e+00 
7.892856598e+00 0.000000000e+00 
7.906075954e+00 0.000000000e+00 
7.922407150e+00 0.000000000e+00 
7.940308571e+00 0.000000000e+00 
7.958115578e+00 0.000000000e+00 
7.974282265e+00 0.000000000e+00 
7.987316608e+00 0.000000000e+00 
7.995985031e+00 0.000000000e+00 
7.999541283e+00 0.000000000e+00 
7.997182369e+00 0.000000000e+00 
7.988803864e+00 0.000000000e+00 
7.974763870e+00 0.000000000e+00 
7.955940247e+00 0.000000000e+00 
7.933350086e+00 0.000000000e+00 
7.908363342e+00 0.000000000e+00 
7.882508755e+00 0.000000000e+00 
7.857309818e+00 0.000000000e+00 
7.834904671e+00 0.000000000e+00 
7.816002846e+00 0.000000000e+00 
7.802230358e+00 0.000000000e+00 
7.794301033e+00 0.000000000e+00 
7.792712688e+00 0.000000000e+00 
7.797632217e+00 0.000000000e+00 
7.808709145e+00 0.000000000e+00 
7.825139999e+00 0.000000000e+00 
7.846114159e+00 0.000000000e+00 
7.870227337e+00 0.000000000e+00 
7.895991802e+00 0.000000000e+00 
7.921721935e+00 0.000000000e+00 
7.946024895e+00 0.000000000e+00 
7.967098713e+00 0.000000000e+00 
7.983811378e+00 0.000000000e+00 
7.994875908e+00 0.000000000e+00 
7.999496460e+00 0.000000000e+00 
7.997070312e+00 0.000000000e+00 
7.987209320e+00 0.000000000e+00 
7.970360279e+00 0.000000000e+00 
7.946802616e+00 0.000000000e+00 
7.917168617e+00 0.000000000e+00 
7.882609367e+00 0.000000000e+00 
7.844271660e+00 0.000000000e+00 
7.803529263e+00 0.000000000e+00 
7.761828899e+00 0.000000000e+00 
7.720520973e+00 0.000000000e+00 
7.681123734e+00 0.000000000e+00 
7.644885063e+00 0.000000000e+00 
7.612985611e+00 0.000000000e+00 
7.586680889e+00 0.000000000e+00 
7.566280365e+00 0.000000000e+00 
7.552869797e+00 0.000000000e+00 
7.546513557e+00 0.000000000e+00 
7.547150135e+00 0.000000000e+00 
7.554860592e+00 0.000000000e+00 
7.569311619e+00 0.000000000e+00 
7.589970589e+00 0.000000000e+00 
7.615786552e+00 0.000000000e+00 
7.646327496e+00 0.000000000e+00 
7.680293560e+00 0.000000000e+00 
7.716801643e+00 0.000000000e+00 
7.754719734e+00 0.000000000e+00 
7.793051243e+00 0.000000000e+00 
7.830533981e+00 0.000000000e+00 
7.866292477e+00 0.000000000e+00 
7.899183273e+00 0.000000000e+00 
7.928647518e+00 0.000000000e+00 
7.953792572e+00 0.000000000e+00 
7.973704338e+00 0.000000000e+00 
7.988246441e+00 0.000000000e+00 
7.996826172e+00 0.000000000e+00 
7.999191284e+00 0.000000000e+00 
7.995199203e+00 0.000000000e+00 
7.984771729e+00 0.000000000e+00 
7.968020439e+00 0.000000000e+00 
7.945304871e+00 0.000000000e+00 
7.916505814e+00 0.000000000e+00 
7.882450581e+00 0.000000000e+00 
7.843223572e+00 0.000000000e+00 
7.799238682e+00 0.000000000e+00 
7.751454830e+00 0.000000000e+00 
7.699783802e+00 0.000000000e+00 
7.645965099e+00 0.000000000e+00 
7.589211464e+00 0.000000000e+00 
7.531078815e+00 0.000000000e+00 
7.471019745e+00 0.000000000e+00 
7.411492348e+00 0.000000000e+00 
7.351990223e+00 0.000000000e+00 
7.292671204e+00 0.000000000e+00 
7.234504700e+00 0.000000000e+00 
7.178330421e+00 0.000000000e+00 
7.124180794e+00 0.000000000e+00 
7.072952271e+00 0.000000000e+00 
7.024927139e+00 0.000000000e+00 
6.980252743e+00 0.000000000e+00 
6.939550400e+00 0.000000000e+00 
6.902940750e+00 0.000000000e+00 
6.870779037e+00 0.000000000e+00 
6.842305183e+00 0.000000000e+00 
6.819555759e+00 0.000000000e+00 
6.800796509e+00 0.000000000e+00 
6.788184166e+00 0.000000000e+00 
6.779752731e+00 0.000000000e+00 
6.778714180e+00 0.000000000e+00 
0.000000000e+00 0.000000000e+00 
0.000000000e+00 0.000000000e+00 
0.000000000e+00 0.000000000e+00 
0.000000000e+00 0.000000000e+00 
0.000000000e+00 0.000000000e+00 
1.000000000e+00 0.000000000e+00 
1.000000000e+00 0.000000000e+00 
0.000000000e+00 0.000000000e+00 
0.000000000e+00 0.000000000e+00 
0.000000000e+00 0.000000000e+00 
0.000000000e+00 0.000000000e+00 
0.000000000e+00 0.000000000e+00 
0.000000000e+00 0.000000000e+00 
0.000000000e+00 0.000000000e+00 
0.000000000e+00 0.000000000e+00 
0.000000000e+00 0.000000000e+00 
0.000000000e+00 0.000000000e+00 
0.000000000e+00 0.000000000e+00 
0.000000000e+00 0.000000000e+00 
0.000000000e+00 0.000000000e+00 
0.000000000e+00 0.000000000e+00 
0.000000000e+00 0.000000000e+00 
0.000000000e+00 0.000000000e+00 
0.000000000e+00 0.000000000e+00 
0.000000000e+00 0.000000000e+00 
0.000000000e+00 0.000000000e+00 
0.000000000e+00 0.000000000e+00 
0.000000000e+00 0.000000000e+00 
0.000000000e+00 0.000000000e+00 
0.000000000e+00 0.000000000e+00 
0.000000000e+00 0.000000000e+00 
0.000000000e+00 0.000000000e+00 
6.777643204e+00 0.000000000e+00 
6.775540352e+00 0.000000000e+00 
6.767148972e+00 0.000000000e+00 
6.754359722e+00 0.000000000e+00 
6.735238075e+00 0.000000000e+00 
6.711575508e+00 0.000000000e+00 
6.681021690e+00 0.000000000e+00 
6.645716190e+00 0.000000000e+00 
6.604425907e+00 0.000000000e+00 
6.556673050e+00 0.000000000e+00 
6.502363682e+00 0.000000000e+00 
6.441089630e+00 0.000000000e+00 
6.372607231e+00 0.000000000e+00 
6.296616554e+00 0.000000000e+00 
6.212581635e+00 0.000000000e+00 
6.120342255e+00 0.000000000e+00 
6.019339085e+00 0.000000000e+00 
5.910711765e+00 0.000000000e+00 
5.792505264e+00 0.000000000e+00 
5.663387299e+00 0.000000000e+00 
5.525376320e+00 0.000000000e+00 
5.378616333e+00 0.000000000e+00 
5.219646454e+00 0.000000000e+00 
5.050043106e+00 0.000000000e+00 
4.870996475e+00 0.000000000e+00 
4.681198120e+00 0.000000000e+00 
4.480544090e+00 0.000000000e+00 
4.271006584e+00 0.000000000e+00 
4.051350117e+00 0.000000000e+00 
3.822014332e+00 0.000000000e+00 
3.583761215e+00 0.000000000e+00 
3.339268923e+00 0.000000000e+00 
3.087838888e+00 0.000000000e+00 
2.832440615e+00 0.000000000e+00 
2.573121309e+00 0.000000000e+00 
2.313238382e+00 0.000000000e+00 
2.053160429e+00 0.000000000e+00 
1.795403957e+00 0.000000000e+00 
1.543814421e+00 0.000000000e+00 
1.301061273e+00 0.000000000e+00 
1.068825960e+00 0.000000000e+00 
8.513938189e-01 0.000000000e+00 
6.508930326e-01 0.000000000e+00 
4.717260897e-01 0.000000000e+00 
3.171123564e-01 0.000000000e+00 
1.901954412e-01 0.000000000e+00 
9.370650351e-02 0.000000000e+00 
3.122712672e-02 0.000000000e+00 
5.470335484e-03 0.000000000e+00 
1.868196949e-02 0.000000000e+00 
7.288798690e-02 0.000000000e+00 
1.694822609e-01 0.000000000e+00 
3.093379736e-01 0.000000000e+00 
4.934931993e-01 0.000000000e+00 
7.199926972e-01 0.000000000e+00 
9.882102013e-01 0.000000000e+00 
1.296154737e+00 0.000000000e+00 
1.640941620e+00 0.000000000e+00 
2.018914223e+00 0.000000000e+00 
2.424088717e+00 0.000000000e+00 
2.852715492e+00 0.000000000e+00 
3.299051762e+00 0.000000000e+00 
3.755316734e+00 0.000000000e+00 
4.216327667e+00 0.000000000e+00 
4.675246239e+00 0.000000000e+00 
5.123593330e+00 0.000000000e+00 
5.556213379e+00 0.000000000e+00 
5.965512276e+00 0.000000000e+00 
6.345480442e+00 0.000000000e+00 
6.692507267e+00 0.000000000e+00 
7.000351906e+00 0.000000000e+00 
7.269063473e+00 0.000000000e+00 
7.493901253e+00 0.000000000e+00 
7.675734997e+00 0.000000000e+00 
7.814177513e+00 0.000000000e+00 
7.911988735e+00 0.000000000e+00 
7.971513271e+00 0.000000000e+00 
7.997113228e+00 0.000000000e+00 
7.993657589e+00 0.000000000e+00 
7.966450214e+00 0.000000000e+00 
7.921560287e+00 0.000000000e+00 
7.865065575e+00 0.000000000e+00 
7.803009033e+00 0.000000000e+00 
7.740536690e+00 0.000000000e+00 
7.683262825e+00 0.000000000e+00 
7.634825230e+00 0.000000000e+00 
7.598961830e+00 0.000000000e+00 
7.577409744e+00 0.000000000e+00 
7.571126938e+00 0.000000000e+00 
7.580084324e+00 0.000000000e+00 
7.603177071e+00 0.000000000e+00 
7.638361931e+00 0.000000000e+00 
7.683018684e+00 0.000000000e+00 
7.733658791e+00 0.000000000e+00 
7.786860943e+00 0.000000000e+00 
7.839464188e+00 0.000000000e+00 
7.887879372e+00 0.000000000e+00 
7.929671288e+00 0.000000000e+00 
7.962464809e+00 0.000000000e+00 
7.985001087e+00 0.000000000e+00 
7.996970177e+00 0.000000000e+00 
7.998440266e+00 0.000000000e+00 
7.990687370e+00 0.000000000e+00 
7.975104809e+00 0.000000000e+00 
7.954258442e+00 0.000000000e+00 
7.930295467e+00 0.000000000e+00 
7.906339645e+00 0.000000000e+00 
7.884235859e+00 0.000000000e+00 
7.866544724e+00 0.000000000e+00 
7.854656219e+00 0.000000000e+00 
7.849678040e+00 0.000000000e+00 
7.851830006e+00 0.000000000e+00 
7.860936165e+00 0.000000000e+00 
7.875883102e+00 0.000000000e+00 
7.895469666e+00 0.000000000e+00 
7.917532921e+00 0.000000000e+00 
7.940161705e+00 0.000000000e+00 
7.961276054e+00 0.000000000e+00 
7.979012966e+00 0.000000000e+00 
7.991803169e+00 0.000000000e+00 
7.998660088e+00 0.000000000e+00 
7.999057293e+00 0.000000000e+00 
7.992973328e+00 0.000000000e+00 
7.981281757e+00 0.000000000e+00 
7.965002060e+00 0.000000000e+00 
7.945777416e+00 0.000000000e+00 
7.925447464e+00 0.000000000e+00 
7.905794621e+00 0.000000000e+00 
7.888769627e+00 0.000000000e+00 
7.875902653e+00 0.000000000e+00 
7.868277550e+00 0.000000000e+00 
7.866410255e+00 0.000000000e+00 
7.870810509e+00 0.000000000e+00 
7.880612373e+00 0.000000000e+00 
7.895182610e+00 0.000000000e+00 
7.913028717e+00 0.000000000e+00 
7.932550430e+00 0.000000000e+00 
7.952149868e+00 0.000000000e+00 
7.969955444e+00 0.000000000e+00 
7.984484196e+00 0.000000000e+00 
7.994482040e+00 0.000000000e+00 
7.999222279e+00 0.000000000e+00 
7.998201370e+00 0.000000000e+00 
7.991784096e+00 0.000000000e+00 
7.980555534e+00 0.000000000e+00 
7.965641975e+00 0.000000000e+00 
7.948284149e+00 0.000000000e+00 
7.930170059e+00 0.000000000e+00 
7.912950039e+00 0.000000000e+00 
7.898283482e+00 0.000000000e+00 
7.887013435e+00 0.000000000e+00 
7.880758762e+00 0.000000000e+00 
7.879575253e+00 0.000000000e+00 
7.883831978e+00 0.000000000e+00 
7.892856598e+00 0.000000000e+00 
7.906075954e+00 0.000000000e+00 
7.922407150e+00 0.000000000e+00 
7.940308571e+00 0.000000000e+00 
7.958115578e+00 0.000000000e+00 
7.974282265e+00 0.000000000e+00 
7.987316608e+00 0.000000000e+00 
7.995985031e+00 0.000000000e+00 
7.999541283e+00 0.000000000e+00 
7.997182369e+00 0.000000000e+00 
7.988803864e+00 0.000000000e+00 
7.974763870e+00 0.000000000e+00 
7.955940247e+00 0.000000000e+00 
7.933350086e+00 0.000000000e+00 
7.908363342e+00 0.000000000e+00 
7.882508755e+00 0.000000000e+00 
7.857309818e+00 0.000000000e+00 
7.834904671e+00 0.000000000e+00 
7.816002846e+00 0.000000000e+00 
7.802230358e+00 0.000000000e+00 
7.794301033e+00 0.000000000e+00 
7.792712688e+00 0.000000000e+00 
7.797632217e+00 0.000000000e+00 
7.808709145e+00 0.000000000e+00 
7.825139999e+00 0.000000000e+00 
7.846114159e+00 0.000000000e+00 
7.870227337e+00 0.000000000e+00 
7.895991802e+00 0.000000000e+00 
7.921721935e+00 0.000000000e+00 
7.946024895e+00 0.000000000e+00 
7.967098713e+00 0.000000000e+00 
7.983811378e+00 0.000000000e+00 
7.994875908e+00 0.000000000e+00 
7.999496460e+00 0.000000000e+00 
7.997070312e+00 0.000000000e+00 
7.987209320e+00 0.000000000e+00 
7.970360279e+00 0.000000000e+00 
7.946802616e+00 0.000000000e+00 
7.917168617e+00 0.000000000e+00 
7.882609367e+00 0.000000000e+00 
7.844271660e+00 0.000000000e+00 
7.803529263e+00 0.000000000e+00 
7.761828899e+00 0.000000000e+00 
7.720520973e+00 0.000000000e+00 
7.681123734e+00 0.000000000e+00 
7.644885063e+00 0.000000000e+00 
7.612985611e+00 0.000000000e+00 
7.586680889e+00 0.000000000e+00 
7.566280365e+00 0.000000000e+00 
7.552869797e+00 0.000000000e+00 
7.546513557e+00 0.000000000e+00 
7.547150135e+00 0.000000000e+00 
7.554860592e+00 0.000000000e+00 
7.569311619e+00 0.000000000e+00 
7.589970589e+00 0.000000000e+00 
7.615786552e+00 0.000000000e+00 
7.646327496e+00 0.000000000e+00 
7.680293560e+00 0.000000000e+00 
7.716801643e+00 0.000000000e+00 
7.754719734e+00 0.000000000e+00 
7.793051243e+00 0.000000000e+00 
7.830533981e+00 0.000000000e+00 
7.866292477e+00 0.000000000e+00 
7.899183273e+00 0.000000000e+00 
7.928647518e+00 0.000000000e+00 
7.953792572e+00 0.000000000e+00 
7.973704338e+00 0.000000000e+00 
7.988246441e+00 0.000000000e+00 
7.996826172e+00 0.000000000e+00 
7.999191284e+00 0.000000000e+00 
7.995199203e+00 0.000000000e+00 
7.984771729e+00 0.000000000e+00 
7.968020439e+00 0.000000000e+00 
7.945304871e+00 0.000000000e+00 
7.916505814e+00 0.000000000e+00 
7.882450581e+00 0.000000000e+00 
7.843223572e+00 0.000000000e+00 
7.799238682e+00 0.000000000e+00 
7.751454830e+00 0.000000000e+00 
7.699783802e+00 0.000000000e+00 
7.645965099e+00 0.000000000e+00 
7.589211464e+00 0.000000000e+00 
7.531078815e+00 0.000000000e+00 
7.471019745e+00 0.000000000e+00 
7.411492348e+00 0.000000000e+00 
7.351990223e+00 0.000000000e+00 
7.292671204e+00 0.000000000e+00 
7.234504700e+00 0.000000000e+00 
7.178330421e+00 0.000000000e+00 
7.124180794e+00 0.000000000e+00 
7.072952271e+00 0.000000000e+00 
7.024927139e+00 0.000000000e+00 
6.980252743e+00 0.000000000e+00 
6.939550400e+00 0.000000000e+00 
6.902940750e+00 0.000000000e+00 
6.870779037e+00 0.000000000e+00 
6.842305183e+00 0.000000000e+00 
6.819555759e+00 0.000000000e+00 
6.800796509e+00 0.000000000e+00 
6.788184166e+00 0.000000000e+00 
6.779752731e+00 0.000000000e+00 
6.778714180e+00 0.000000000e+00 
0.000000000e+00 0.000000000e+00 
0.000000000e+00 0.000000000e+00 
0.000000000e+00 0.000000000e+00 
0.000000000e+00 0.000000000e+00 
0.000000000e+00 0.000000000e+00 
1.000000000e+00 0.000000000e+00 
1.000000000e+00 0.000000000e+00 
0.000000000e+00 0.000000000e+00 
0.000000000e+00 0.000000000e+00 
0.000000000e+00 0.000000000e+00 
0.000000000e+00 0.000000000e+00 
0.000000000e+00 0.000000000e+00 
0.000000000e+00 0.000000000e+00 
0.000000000e+00 0.000000000e+00 
0.000000000e+00 0.000000000e+00 
0.000000000e+00 0.000000000e+00 
0.000000000e+00 0.000000000e+00 
0.000000000e+00 0.000000000e+00 
0.000000000e+00 0.000000000e+00 
0.000000000e+00 0.000000000e+00 
0.000000000e+00 0.000000000e+00 
0.000000000e+00 0.000000000e+00 
0.000000000e+00 0.000000000e+00 
0.000000000e+00 0.000000000e+00 
0.000000000e+00 0.000000000e+00 
0.000000000e+00 0.000000000e+00 
0.000000000e+00 0.000000000e+00 
0.000000000e+00 0.000000000e+00 
0.000000000e+00 0.000000000e+00 
0.000000000e+00 0.000000000e+00 
0.000000000e+00 0.000000000e+00 
0.000000000e+00 0.000000000e+00 
6.777643204e+00 0.000000000e+00 
6.775540352e+00 0.000000000e+00 
6.767148972e+00 0.000000000e+00 
6.754359722e+00 0.000000000e+00 
6.735238075e+00 0.000000000e+00 
6.711575508e+00 0.000000000e+00 
6.681021690e+00 0.000000000e+00 
6.645716190e+00 0.000000000e+00 
6.604425907e+00 0.000000000e+00 
6.556673050e+00 0.000000000e+00 
6.502363682e+00 0.000000000e+00 
6.441089630e+00 0.000000000e+00 
6.372607231e+00 0.000000000e+00 
6.296616554e+00 0.000000000e+00 
6.212581635e+00 0.000000000e+00 
6.120342255e+00 0.000000000e+00 
6.019339085e+00 0.000000000e+00 
5.910711765e+00 0.000000000e+00 
5.792505264e+00 0.000000000e+00 
5.663387299e+00 0.000000000e+00 
5.525376320e+00 0.000000000e+00 
5.378616333e+00 0.000000000e+00 
5.219646454e+00 0.000000000e+00 
5.050043106e+00 0.000000000e+00 
4.870996475e+00 0.000000000e+00 
4.681198120e+00 0.000000000e+00 
4.480544090e+00 0.000000000e+00 
4.271006584e+00 0.000000000e+00 
4.051350117e+00 0.000000000e+00 
3.822014332e+00 0.000000000e+00 
3.583761215e+00 0.000000000e+00 
3.339268923e+00 0.000000000e+00 
3.087838888e+00 0.000000000e+00 
2.832440615e+00 0.000000000e+00 
2.573121309e+00 0.000000000e+00 
2.313238382e+00 0.000000000e+00 
2.053160429e+00 0.000000000e+00 
1.795403957e+00 0.000000000e+00 
1.543814421e+00 0.000000000e+00 
1.301061273e+00 0.000000000e+00 
1.068825960e+00 0.000000000e+00 
8.513938189e-01 0.000000000e+00 
6.508930326e-01 0.000000000e+00 
4.717260897e-01 0.000000000e+00 
3.171123564e-01 0.000000000e+00 
1.901954412e-01 0.000000000e+00 
9.370650351e-02 0.000000000e+00 
3.122712672e-02 0.000000000e+00 
5.470335484e-03 0.000000000e+00 
1.868196949e-02 0.000000000e+00 
7.288798690e-02 0.000000000e+00 
1.694822609e-01 0.000000000e+00 
3.093379736e-01 0.000000000e+00 
4.934931993e-01 0.000000000e+00 
7.199926972e-01 0.000000000e+00 
9.882102013e-01 0.000000000e+00 
1.296154737e+00 0.000000000e+00 
1.640941620e+00 0.000000000e+00 
2.018914223e+00 0.000000000e+00 
2.424088717e+00 0.000000000e+00 
2.852715492e+00 0.000000000e+00 
3.299051762e+00 0.000000000e+00 
3.755316734e+00 0.000000000e+00 
4.216327667e+00 0.000000000e+00 
4.675246239e+00 0.000000000e+00 
5.123593330e+00 0.000000000e+00 
5.556213379e+00 0.000000000e+00 
5.965512276e+00 0.000000000e+00 
6.345480442e+00 0.000000000e+00 
6.692507267e+00 0.000000000e+00 
7.000351906e+00 0.000000000e+00 
7.269063473e+00 0.000000000e+00 
7.493901253e+00 0.000000000e+00 
7.675734997e+00 0.000000000e+00 
7.814177513e+00 0.000000000e+00 
7.911988735e+00 0.000000000e+00 
7.971513271e+00 0.000000000e+00 
7.997113228e+00 0.000000000e+00 
7.993657589e+00 0.000000000e+00 
7.966450214e+00 0.000000000e+00 
7.921560287e+00 0.000000000e+00 
7.865065575e+00 0.000000000e+00 
7.803009033e+00 0.000000000e+00 
7.740536690e+00 0.000000000e+00 
7.683262825e+00 0.000000000e+00 
7.634825230e+00 0.000000000e+00 
7.598961830e+00 0.000000000e+00 
7.577409744e+00 0.000000000e+00 
7.571126938e+00 0.000000000e+00 
7.580084324e+00 0.000000000e+00 
7.603177071e+00 0.000000000e+00 
7.638361931e+00 0.000000000e+00 
7.683018684e+00 0.000000000e+00 
7.733658791e+00 0.000000000e+00 
7.786860943e+00 0.000000000e+00 
7.839464188e+00 0.000000000e+00 
7.887879372e+00 0.000000000e+00 
7.929671288e+00 0.000000000e+00 
7.962464809e+00 0.000000000e+00 
7.985001087e+00 0.000000000e+00 
7.996970177e+00 0.000000000e+00 
7.998440266e+00 0.000000000e+00 
7.990687370e+00 0.000000000e+00 
7.975104809e+00 0.000000000e+00 
7.954258442e+00 0.000000000e+00 
7.930295467e+00 0.000000000e+00 
7.906339645e+00 0.000000000e+00 
7.884235859e+00 0.000000000e+00 
7.866544724e+00 0.000000000e+00 
7.854656219e+00 0.000000000e+00 
7.849678040e+00 0.000000000e+00 
7.851830006e+00 0.000000000e+00 
7.860936165e+00 0.000000000e+00 
7.875883102e+00 0.000000000e+00 
7.895469666e+00 0.000000000e+00 
7.917532921e+00 0.000000000e+00 
7.940161705e+00 0.000000000e+00 
7.961276054e+00 0.000000000e+00 
7.979012966e+00 0.000000000e+00 
7.991803169e+00 0.000000000e+00 
7.998660088e+00 0.000000000e+00 
7.999057293e+00 0.000000000e+00 
7.992973328e+00 0.000000000e+00 
7.981281757e+00 0.000000000e+00 
7.965002060e+00 0.000000000e+00 
7.945777416e+00 0.000000000e+00 
7.925447464e+00 0.000000000e+00 
7.905794621e+00 0.000000000e+00 
7.888769627e+00 0.000000000e+00 
7.875902653e+00 0.000000000e+00 
7.868277550e+00 0.000000000e+00 
7.866410255e+00 0.000000000e+00 
7.870810509e+00 0.000000000e+00 
7.880612373e+00 0.000000000e+00 
7.895182610e+00 0.000000000e+00 
7.913028717e+00 0.000000000e+00 
7.932550430e+00 0.000000000e+00 
7.952149868e+00 0.000000000e+00 
7.969955444e+00 0.000000000e+00 
7.984484196e+00 0.000000000e+00 
7.994482040e+00 0.000000000e+00 
7.999222279e+00 0.000000000e+00 
7.998201370e+00 0.000000000e+00 
7.991784096e+00 0.000000000e+00 
7.980555534e+00 0.000000000e+00 
7.965641975e+00 0.000000000e+00 
7.948284149e+00 0.000000000e+00 
7.930170059e+00 0.000000000e+00 
7.912950039e+00 0.000000000e+00 
7.898283482e+00 0.000000000e+00 
7.887013435e+00 0.000000000e+00 
7.880758762e+00 0.000000000e+00 
7.879575253e+00 0.000000000e+00 
7.883831978e+00 0.000000000e+00 
7.892856598e+00 0.000000000e+00 
7.906075954e+00 0.000000000e+00 
7.922407150e+00 0.000000000e+00 
7.940308571e+00 0.000000000e+00 
7.958115578e+00 0.000000000e+00 
7.974282265e+00 0.000000000e+00 
7.987316608e+00 0.000000000e+00 
7.995985031e+00 0.000000000e+00 
7.999541283e+00 0.000000000e+00 
7.997182369e+00 0.000000000e+00 
7.988803864e+00 0.000000000e+00 
7.974763870e+00 0.000000000e+00 
7.955940247e+00 0.000000000e+00 
7.933350086e+00 0.000000000e+00 
7.908363342e+00 0.000000000e+00 
7.882508755e+00 0.000000000e+00 
7.857309818e+00 0.000000000e+00 
7.834904671e+00 0.000000000e+00 
7.816002846e+00 0.000000000e+00 
7.802230358e+00 0.000000000e+00 
7.794301033e+00 0.000000000e+00 
7.792712688e+00 0.000000000e+00 
7.797632217e+00 0.000000000e+00 
7.808709145e+00 0.000000000e+00 
7.825139999e+00 0.000000000e+00 
7.846114159e+00 0.000000000e+00 
7.870227337e+00 0.000000000e+00 
7.895991802e+00 0.000000000e+00 
7.921721935e+00 0.000000000e+00 
7.946024895e+00 0.000000000e+00 
7.967098713e+00 0.000000000e+00 
7.983811378e+00 0.000000000e+00 
7.994875908e+00 0.000000000e+00 
7.999496460e+00 0.000000000e+00 
7.997070312e+00 0.000000000e+00 
7.987209320e+00 0.000000000e+00 
7.970360279e+00 0.000000000e+00 
7.946802616e+00 0.000000000e+00 
7.917168617e+00 0.000000000e+00 
7.882609367e+00 0.000000000e+00 
7.844271660e+00 0.000000000e+00 
7.803529263e+00 0.000000000e+00 
7.761828899e+00 0.000000000e+00 
7.720520973e+00 0.000000000e+00 
7.681123734e+00 0.000000000e+00 
7.644885063e+00 0.000000000e+00 
7.612985611e+00 0.000000000e+00 
7.586680889e+00 0.000000000e+00 
7.566280365e+00 0.000000000e+00 
7.552869797e+00 0.000000000e+00 
7.546513557e+00 0.000000000e+00 
7.547150135e+00 0.000000000e+00 
7.554860592e+00 0.000000000e+00 
7.569311619e+00 0.000000000e+00 
7.589970589e+00 0.000000000e+00 
7.615786552e+00 0.000000000e+00 
7.646327496e+00 0.000000000e+00 
7.680293560e+00 0.000000000e+00 
7.716801643e+00 0.000000000e+00 
7.754719734e+00 0.000000000e+00 
7.793051243e+00 0.000000000e+00 
7.830533981e+00 0.000000000e+00 
7.866292477e+00 0.000000000e+00 
7.899183273e+00 0.000000000e+00 
7.928647518e+00 0.000000000e+00 
7.953792572e+00 0.000000000e+00 
7.973704338e+00 0.000000000e+00 
7.988246441e+00 0.000000000e+00 
7.996826172e+00 0.000000000e+00 
7.999191284e+00 0.000000000e+00 
7.995199203e+00 0.000000000e+00 
7.984771729e+00 0.000000000e+00 
7.968020439e+00 0.000000000e+00 
7.945304871e+00 0.000000000e+00 
7.916505814e+00 0.000000000e+00 
7.882450581e+00 0.000000000e+00 
7.843223572e+00 0.000000000e+00 
7.799238682e+00 0.000000000e+00 
7.751454830e+00 0.000000000e+00 
7.699783802e+00 0.000000000e+00 
7.645965099e+00 0.000000000e+00 
7.589211464e+00 0.000000000e+00 
7.531078815e+00 0.000000000e+00 
7.471019745e+00 0.000000000e+00 
7.411492348e+00 0.000000000e+00 
7.351990223e+00 0.000000000e+00 
7.292671204e+00 0.000000000e+00 
7.234504700e+00 0.000000000e+00 
7.178330421e+00 0.000000000e+00 
7.124180794e+00 0.000000000e+00 
7.072952271e+00 0.000000000e+00 
7.024927139e+00 0.000000000e+00 
6.980252743e+00 0.000000000e+00 
6.939550400e+00 0.000000000e+00 
6.902940750e+00 0.000000000e+00 
6.870779037e+00 0.000000000e+00 
6.842305183e+00 0.000000000e+00 
6.819555759e+00 0.000000000e+00 
6.800796509e+00 0.000000000e+00 
6.788184166e+00 0.000000000e+00 
6.779752731e+00 0.000000000e+00 
6.778714180e+00 0.000000000e+00 
0.000000000e+00 0.000000000e+00 
0.000000000e+00 0.000000000e+00 
0.000000000e+00 0.000000000e+00 
0.000000000e+00 0.000000000e+00 
0.000000000e+00 0.000000000e+00 
1.000000000e+00 0.000000000e+00 
1.000000000e+00 0.000000000e+00 
0.000000000e+00 0.000000000e+00 
0.000000000e+00 0.000000000e+00 
0.000000000e+00 0.000000000e+00 
0.000000000e+00 0.000000000e+00 
0.000000000e+00 0.000000000e+00 
0.000000000e+00 0.000000000e+00 
0.000000000e+00 0.000000000e+00 
0.000000000e+00 0.000000000e+00 
0.000000000e+00 0.000000000e+00 
0.000000000e+00 0.000000000e+00 
0.000000000e+00 0.000000000e+00 
0.000000000e+00 0.000000000e+00 
0.000000000e+00 0.000000000e+00 
0.000000000e+00 0.000000000e+00 
0.000000000e+00 0.000000000e+00 
0.000000000e+00 0.000000000e+00 
0.000000000e+00 0.000000000e+00 
0.000000000e+00 0.000000000e+00 
0.000000000e+00 0.000000000e+00 
0.000000000e+00 0.000000000e+00 
0.000000000e+00 0.000000000e+00 
0.000000000e+00 0.000000000e+00 
0.000000000e+00 0.000000000e+00 
0.000000000e+00 0.000000000e+00 
0.000000000e+00 0.000000000e+00 
6.777643204e+00 0.000000000e+00 
6.775540352e+00 0.000000000e+00 
6.767148972e+00 0.000000000e+00 
6.754359722e+00 0.000000000e+00 
6.735238075e+00 0.000000000e+00 
6.711575508e+00 0.000000000e+00 
6.681021690e+00 0.000000000e+00 
6.645716190e+00 0.000000000e+00 
6.604425907e+00 0.000000000e+00 
6.556673050e+00 0.000000000e+00 
6.502363682e+00 0.000000000e+00 
6.441089630e+00 0.000000000e+00 
6.372607231e+00 0.000000000e+00 
6.296616554e+00 0.000000000e+00 
6.212581635e+00 0.000000000e+00 
6.120342255e+00 0.000000000e+00 
6.019339085e+00 0.000000000e+00 
5.910711765e+00 0.000000000e+00 
5.792505264e+00 0.000000000e+00 
5.663387299e+00 0.000000000e+00 
5.525376320e+00 0.000000000e+00 
5.378616333e+00 0.000000000e+00 
5.219646454e+00 0.000000000e+00 
5.050043106e+00 0.000000000e+00 
4.870996475e+00 0.000000000e+00 
4.681198120e+00 0.000000000e+00 
4.480544090e+00 0.000000000e+00 
4.271006584e+00 0.000000000e+00 
4.051350117e+00 0.000000000e+00 
3.822014332e+00 0.000000000e+00 
3.583761215e+00 0.000000000e+00 
3.339268923e+00 0.000000000e+00 
3.087838888e+00 0.000000000e+00 
2.832440615e+00 0.000000000e+00 
2.573121309e+00 0.000000000e+00 
2.313238382e+00 0.000000000e+00 
2.053160429e+00 0.000000000e+00 
1.795403957e+00 0.000000000e+00 
1.543814421e+00 0.000000000e+00 
1.301061273e+00 0.000000000e+00 
1.068825960e+00 0.000000000e+00 
8.513938189e-01 0.000000000e+00 
6.508930326e-01 0.000000000e+00 
4.717260897e-01 0.000000000e+00 
3.171123564e-01 0.000000000e+00 
1.901954412e-01 0.000000000e+00 
9.370650351e-02 0.000000000e+00 
3.122712672e-02 0.000000000e+00 
5.470335484e-03 0.000000000e+00 
1.868196949e-02 0.000000000e+00 
7.288798690e-02 0.000000000e+00 
1.694822609e-01 0.000000000e+00 
3.093379736e-01 0.000000000e+00 
4.934931993e-01 0.000000000e+00 
7.199926972e-01 0.000000000e+00 
9.882102013e-01 0.000000000e+00 
1.296154737e+00 0.000000000e+00 
1.640941620e+00 0.000000000e+00 
2.018914223e+00 0.000000000e+00 
2.424088717e+00 0.000000000e+00 
2.852715492e+00 0.000000000e+00 
3.299051762e+00 0.000000000e+00 
3.755316734e+00 0.000000000e+00 
4.216327667e+00 0.000000000e+00 
4.675246239e+00 0.000000000e+00 
5.123593330e+00 0.000000000e+00 
5.556213379e+00 0.000000000e+00 
5.965512276e+00 0.000000000e+00 
6.345480442e+00 0.000000000e+00 
6.692507267e+00 0.000000000e+00 
7.000351906e+00 0.000000000e+00 
7.269063473e+00 0.000000000e+00 
7.493901253e+00 0.000000000e+00 
7.675734997e+00 0.000000000e+00 
7.814177513e+00 0.000000000e+00 
7.911988735e+00 0.000000000e+00 
7.971513271e+00 0.000000000e+00 
7.997113228e+00 0.000000000e+00 
7.993657589e+00 0.000000000e+00 
7.966450214e+00 0.000000000e+00 
7.921560287e+00 0.000000000e+00 
7.865065575e+00 0.000000000e+00 
7.803009033e+00 0.000000000e+00 
7.740536690e+00 0.000000000e+00 
7.683262825e+00 0.000000000e+00 
7.634825230e+00 0.000000000e+00 
7.598961830e+00 0.000000000e+00 
7.577409744e+00 0.000000000e+00 
7.571126938e+00 0.000000000e+00 
7.580084324e+00 0.000000000e+00 
7.603177071e+00 0.000000000e+00 
7.638361931e+00 0.000000000e+00 
7.683018684e+00 0.000000000e+00 
7.733658791e+00 0.000000000e+00 
7.786860943e+00 0.000000000e+00 
7.839464188e+00 0.000000000e+00 
7.887879372e+00 0.000000000e+00 
7.929671288e+00 0.000000000e+00 
7.962464809e+00 0.000000000e+00 
7.985001087e+00 0.000000000e+00 
7.996970177e+00 0.000000000e+00 
7.998440266e+00 0.000000000e+00 
7.990687370e+00 0.000000000e+00 
7.975104809e+00 0.000000000e+00 
7.954258442e+00 0.000000000e+00 
7.930295467e+00 0.000000000e+00 
7.906339645e+00 0.000000000e+00 
7.884235859e+00 0.000000000e+00 
7.866544724e+00 0.000000000e+00 
7.854656219e+00 0.000000000e+00 
7.849678040e+00 0.000000000e+00 
7.851830006e+00 0.000000000e+00 
7.860936165e+00 0.000000000e+00 
7.875883102e+00 0.000000000e+00 
7.895469666e+00 0.000000000e+00 
7.917532921e+00 0.000000000e+00 
7.940161705e+00 0.000000000e+00 
7.961276054e+00 0.000000000e+00 
7.979012966e+00 0.000000000e+00 
7.991803169e+00 0.000000000e+00 
7.998660088e+00 0.000000000e+00 
7.999057293e+00 0.000000000e+00 
7.992973328e+00 0.000000000e+00 
7.981281757e+00 0.000000000e+00 
7.965002060e+00 0.000000000e+00 
7.945777416e+00 0.000000000e+00 
7.925447464e+00 0.000000000e+00 
7.905794621e+00 0.000000000e+00 
7.888769627e+00 0.000000000e+00 
7.875902653e+00 0.000000000e+00 
7.868277550e+00 0.000000000e+00 
7.866410255e+00 0.000000000e+00 
7.870810509e+00 0.000000000e+00 
7.880612373e+00 0.000000000e+00 
7.895182610e+00 0.000000000e+00 
7.913028717e+00 0.000000000e+00 
7.932550430e+00 0.000000000e+00 
7.952149868e+00 0.000000000e+00 
7.969955444e+00 0.000000000e+00 
7.984484196e+00 0.000000000e+00 
7.994482040e+00 0.000000000e+00 
7.999222279e+00 0.000000000e+00 
7.998201370e+00 0.000000000e+00 
7.991784096e+00 0.000000000e+00 
7.980555534e+00 0.000000000e+00 
7.965641975e+00 0.000000000e+00 
7.948284149e+00 0.000000000e+00 
7.930170059e+00 0.000000000e+00 
7.912950039e+00 0.000000000e+00 
7.898283482e+00 0.000000000e+00 
7.887013435e+00 0.000000000e+00 
7.880758762e+00 0.000000000e+00 
7.879575253e+00 0.000000000e+00 
7.883831978e+00 0.000000000e+00 
7.892856598e+00 0.000000000e+00 
7.906075954e+00 0.000000000e+00 
7.922407150e+00 0.000000000e+00 
7.940308571e+00 0.000000000e+00 
7.958115578e+00 0.000000000e+00 
7.974282265e+00 0.000000000e+00 
7.987316608e+00 0.000000000e+00 
7.995985031e+00 0.000000000e+00 
7.999541283e+00 0.000000000e+00 
7.997182369e+00 0.000000000e+00 
7.988803864e+00 0.000000000e+00 
7.974763870e+00 0.000000000e+00 
7.955940247e+00 0.000000000e+00 
7.933350086e+00 0.000000000e+00 
7.908363342e+00 0.000000000e+00 
7.882508755e+00 0.000000000e+00 
7.857309818e+00 0.000000000e+00 
7.834904671e+00 0.000000000e+00 
7.816002846e+00 0.000000000e+00 
7.802230358e+00 0.000000000e+00 
7.794301033e+00 0.000000000e+00 
7.792712688e+00 0.000000000e+00 
7.797632217e+00 0.000000000e+00 
7.808709145e+00 0.000000000e+00 
7.825139999e+00 0.000000000e+00 
7.846114159e+00 0.000000000e+00 
7.870227337e+00 0.000000000e+00 
7.895991802e+00 0.000000000e+00 
7.921721935e+00 0.000000000e+00 
7.946024895e+00 0.000000000e+00 
7.967098713e+00 0.000000000e+00 
7.983811378e+00 0.000000000e+00 
7.994875908e+00 0.000000000e+00 
7.999496460e+00 0.000000000e+00 
7.997070312e+00 0.000000000e+00 
7.987209320e+00 0.000000000e+00 
7.970360279e+00 0.000000000e+00 
7.946802616e+00 0.000000000e+00 
7.917168617e+00 0.000000000e+00 
7.882609367e+00 0.000000000e+00 
7.844271660e+00 0.000000000e+00 
7.803529263e+00 0.000000000e+00 
7.761828899e+00 0.000000000e+00 
7.720520973e+00 0.000000000e+00 
7.681123734e+00 0.000000000e+00 
7.644885063e+00 0.000000000e+00 
7.612985611e+00 0.000000000e+00 
7.586680889e+00 0.000000000e+00 
7.566280365e+00 0.000000000e+00 
7.552869797e+00 0.000000000e+00 
7.546513557e+00 0.000000000e+00 
7.547150135e+00 0.000000000e+00 
7.554860592e+00 0.000000000e+00 
7.569311619e+00 0.000000000e+00 
7.589970589e+00 0.000000000e+00 
7.615786552e+00 0.000000000e+00 
7.646327496e+00 0.000000000e+00 
7.680293560e+00 0.000000000e+00 
7.716801643e+00 0.000000000e+00 
7.754719734e+00 0.000000000e+00 
7.793051243e+00 0.000000000e+00 
7.830533981e+00 0.000000000e+00 
7.866292477e+00 0.000000000e+00 
7.899183273e+00 0.000000000e+00 
7.928647518e+00 0.000000000e+00 
7.953792572e+00 0.000000000e+00 
7.973704338e+00 0.000000000e+00 
7.988246441e+00 0.000000000e+00 
7.996826172e+00 0.000000000e+00 
7.999191284e+00 0.000000000e+00 
7.995199203e+00 0.000000000e+00 
7.984771729e+00 0.000000000e+00 
7.968020439e+00 0.000000000e+00 
7.945304871e+00 0.000000000e+00 
7.916505814e+00 0.000000000e+00 
7.882450581e+00 0.000000000e+00 
7.843223572e+00 0.000000000e+00 
7.799238682e+00 0.000000000e+00 
7.751454830e+00 0.000000000e+00 
7.699783802e+00 0.000000000e+00 
7.645965099e+00 0.000000000e+00 
7.589211464e+00 0.000000000e+00 
7.531078815e+00 0.000000000e+00 
7.471019745e+00 0.000000000e+00 
7.411492348e+00 0.000000000e+00 
7.351990223e+00 0.000000000e+00 
7.292671204e+00 0.000000000e+00 
7.234504700e+00 0.000000000e+00 
7.178330421e+00 0.000000000e+00 
7.124180794e+00 0.000000000e+00 
7.072952271e+00 0.000000000e+00 
7.024927139e+00 0.000000000e+00 
6.980252743e+00 0.000000000e+00 
6.939550400e+00 0.000000000e+00 
6.902940750e+00 0.000000000e+00 
6.870779037e+00 0.000000000e+00 
6.842305183e+00 0.000000000e+00 
6.819555759e+00 0.000000000e+00 
6.800796509e+00 0.000000000e+00 
6.788184166e+00 0.000000000e+00 
6.779752731e+00 0.000000000e+00 
6.778714180e+00 0.000000000e+00 
0.000000000e+00 0.000000000e+00 
0.000000000e+00 0.000000000e+00 
0.000000000e+00 0.000000000e+00 
0.000000000e+00 0.000000000e+00 
0.000000000e+00 0.000000000e+00 
1.000000000e+00 0.000000000e+00 
1.000000000e+00 0.000000000e+00 
0.000000000e+00 0.000000000e+00 
0.000000000e+00 0.000000000e+00 
0.000000000e+00 0.000000000e+00 
0.000000000e+00 0.000000000e+00 
0.000000000e+00 0.000000000e+00 
0.000000000e+00 0.000000000e+00 
0.000000000e+00 0.000000000e+00 
0.000000000e+00 0.000000000e+00 
0.000000000e+00 0.000000000e+00 
0.000000000e+00 0.000000000e+00 
0.000000000e+00 0.000000000e+00 
0.000000000e+00 0.000000000e+00 
0.000000000e+00 0.000000000e+00 
0.000000000e+00 0.000000000e+00 
0.000000000e+00 0.000000000e+00 
0.000000000e+00 0.000000000e+00 
0.000000000e+00 0.000000000e+00 
0.000000000e+00 0.000000000e+00 
0.000000000e+00 0.000000000e+00 
0.000000000e+00 0.000000000e+00 
0.000000000e+00 0.000000000e+00 
0.000000000e+00 0.000000000e+00 
0.000000000e+00 0.000000000e+00 
0.000000000e+00 0.000000000e+00 
0.000000000e+00 0.000000000e+00 
