2415853568
6.315603637695312500e+02
-8.593593139648437500e+02
9.571850585937500000e+02
-4.371063537597656250e+02
2.650477600097656250e+02
-7.743134155273437500e+02
1.070326690673828125e+02
-6.505097045898437500e+02
-6.664941406250000000e+02
1.018536682128906250e+02
9.475318603515625000e+02
6.913104248046875000e+02
3.989855041503906250e+02
8.256856079101562500e+02
-9.383820190429687500e+02
6.501413574218750000e+02
-7.719600219726562500e+02
9.782868041992187500e+02
-4.829583435058593750e+02
8.306073760986328125e+01
-3.246547546386718750e+02
-9.088233032226562500e+02
3.116515197753906250e+02
6.886127929687500000e+02
-9.616373291015625000e+02
-1.866149902343750000e+02
8.095162963867187500e+02
-1.582901153564453125e+02
-4.459006347656250000e+02
-1.972366523742675781e+01
4.169098815917968750e+02
8.275371093750000000e+02
-1.105844192504882812e+02
2.361925125122070312e+01
-6.718390502929687500e+02
-9.594362182617187500e+02
3.009075317382812500e+02
-8.861592407226562500e+02
-5.911110229492187500e+02
9.859242553710937500e+02
9.089530639648437500e+02
8.505372314453125000e+02
4.108841552734375000e+02
9.639205932617187500e+02
2.523122711181640625e+02
6.813546752929687500e+02
5.834193115234375000e+02
-9.008320922851562500e+02
-7.526057739257812500e+02
5.529323577880859375e+01
5.310469970703125000e+02
-7.348197021484375000e+02
5.141638183593750000e+02
-3.304057922363281250e+02
4.351347656250000000e+02
9.397373046875000000e+02
-2.260425109863281250e+02
-2.633050537109375000e+02
-9.240206909179687500e+01
-1.059135894775390625e+02
-1.710100708007812500e+02
2.741533203125000000e+02
-9.228148193359375000e+02
4.618443298339843750e+02
2.141769714355468750e+02
-8.035980224609375000e+02
5.126950683593750000e+02
-8.319034423828125000e+02
-1.596115417480468750e+02
4.139510192871093750e+02
-7.338123168945312500e+02
-3.335770568847656250e+02
3.194373130798339844e+00
6.535942993164062500e+02
-5.144525756835937500e+02
7.663283691406250000e+02
-1.141555976867675781e+01
-8.522634887695312500e+02
-3.509540100097656250e+02
2.017829437255859375e+02
-8.192434082031250000e+02
2.030010070800781250e+02
-2.092645874023437500e+02
5.988113021850585938e+01
-4.899334716796875000e+02
-5.623453979492187500e+02
7.811589355468750000e+02
3.775145263671875000e+02
-6.707925415039062500e+01
3.356900024414062500e+02
-4.855830688476562500e+02
5.117254028320312500e+02
9.609249267578125000e+02
1.047199783325195312e+02
-5.515264282226562500e+02
7.525473632812500000e+02
-1.497727155685424805e+00
1.976498007774353027e+00
-4.209017455577850342e-01
-1.486373662948608398e+00
8.615180253982543945e-01
-2.248258292675018311e-01
9.055542945861816406e-01
-1.955886840820312500e+00
-1.274797439575195312e+00
1.156896471977233887e+00
-1.008470416069030762e+00
1.535970330238342285e+00
-1.455754280090332031e+00
9.238833189010620117e-01
-5.308479666709899902e-01
5.059293508529663086e-01
-7.612811923027038574e-01
6.287135481834411621e-01
-5.396122336387634277e-01
-1.656061172485351562e+00
-1.529849410057067871e+00
-1.909676432609558105e+00
1.932964324951171875e+00
-1.941988945007324219e+00
1.851948976516723633e+00
1.762707948684692383e+00
1.081574797630310059e+00
-1.154640793800354004e+00
6.646463871002197266e-01
-2.122424729168415070e-02
-1.568870902061462402e+00
1.569395661354064941e+00
2.350496351718902588e-01
-1.944478392601013184e+00
-8.392397165298461914e-01
1.855877995491027832e+00
-1.188785195350646973e+00
6.124294400215148926e-01
-1.467247247695922852e+00
1.870375394821166992e+00
1.624100923538208008e+00
-1.250049352645874023e+00
1.704199433326721191e+00
7.759664654731750488e-01
1.845433592796325684e+00
-1.248492375016212463e-01
6.316422820091247559e-01
1.130770325660705566e+00
-8.753525018692016602e-01
7.457224726676940918e-01
-2.654074728488922119e-01
-1.014125704765319824e+00
-1.695672988891601562e+00
-9.180012345314025879e-01
2.632004767656326294e-02
-5.291097164154052734e-01
1.538461089134216309e+00
-6.304847598075866699e-01
-7.765572667121887207e-01
-1.196589469909667969e+00
-1.674957633018493652e+00
-1.048554301261901855e+00
-1.324785470962524414e+00
-1.309079051017761230e+00
-1.010728478431701660e+00
1.490316748619079590e+00
-4.743705391883850098e-01
1.881748795509338379e+00
-1.521015644073486328e+00
1.341776609420776367e+00
-1.389833927154541016e+00
3.282693624496459961e-01
3.434994220733642578e-01
-1.896142840385437012e+00
-3.736427128314971924e-01
1.571509599685668945e+00
3.519090116024017334e-01
-1.364784359931945801e+00
-1.332003712654113770e+00
-1.213673114776611328e+00
1.089094161987304688e+00
1.883620381355285645e+00
-1.085004210472106934e+00
1.135262250900268555e+00
-1.345621466636657715e+00
-1.592917084693908691e+00
1.481459498405456543e+00
1.976379513740539551e+00
1.998824715614318848e+00
-4.037344455718994141e-01
6.943489313125610352e-01
1.326723933219909668e+00
8.979839682579040527e-01
5.166507959365844727e-01
-8.183110356330871582e-01
5.048565566539764404e-02
6.393389282226562500e+02
4.659981994628906250e+02
1.095203682780265808e-01
6.224545898437500000e+02
7.778627319335937500e+02
7.327836303710937500e+02
7.619945678710937500e+02
8.632377929687500000e+02
1.625187072753906250e+02
3.445646057128906250e+02
5.852189331054687500e+02
9.447855834960937500e+02
5.112088775634765625e+01
7.984509277343750000e+02
1.750987548828125000e+02
5.578135375976562500e+02
2.854894714355468750e+02
8.484777832031250000e+02
2.213829040527343750e+02
1.810582427978515625e+02
8.927901000976562500e+02
2.557666397094726562e+01
8.854465332031250000e+02
1.846384429931640625e+01
1.031108551025390625e+02
7.700991210937500000e+02
2.886625976562500000e+02
7.491577758789062500e+02
7.964797973632812500e+02
9.137061767578125000e+02
1.394659881591796875e+02
TLAST
6.218966674804687500e+02
2415853569
4.759214477539062500e+02
-3.391203002929687500e+02
-7.670173645019531250e+01
2.279879760742187500e+01
-6.290734863281250000e+02
-5.981917724609375000e+02
3.701208801269531250e+02
-3.019852905273437500e+02
-3.328758850097656250e+02
-8.570466918945312500e+02
5.471382904052734375e+01
6.025177001953125000e+02
-6.852346191406250000e+02
-9.987356567382812500e+02
8.025358886718750000e+02
-1.444907531738281250e+02
-4.800232849121093750e+02
-9.658865356445312500e+01
-4.369828186035156250e+02
1.044978618621826172e+01
-1.307859344482421875e+02
7.563992919921875000e+02
-7.864828491210937500e+01
-8.803350830078125000e+02
-7.636062622070312500e+01
6.720584106445312500e+02
1.409792327880859375e+02
7.050891113281250000e+02
7.984557628631591797e+00
-4.273511505126953125e+01
2.414302978515625000e+02
8.375429077148437500e+02
-7.727523803710937500e+01
-9.826433105468750000e+02
6.106533203125000000e+02
7.960610351562500000e+02
4.112838134765625000e+02
8.668352661132812500e+02
1.616133117675781250e+01
8.367463378906250000e+02
-3.774320068359375000e+02
-4.549596862792968750e+02
2.075427551269531250e+02
-8.123446044921875000e+02
4.081232833862304688e+01
4.562008361816406250e+02
-8.047168579101562500e+02
5.272267456054687500e+02
9.490236206054687500e+02
-2.426142425537109375e+02
-6.373986816406250000e+02
-2.407680664062500000e+02
-8.836358032226562500e+02
-4.729426879882812500e+02
-7.435849609375000000e+02
-3.095033874511718750e+02
-7.144535522460937500e+02
9.164392700195312500e+02
-8.063270263671875000e+02
4.497802124023437500e+02
-4.057539367675781250e+02
-5.704127807617187500e+02
8.131735229492187500e+02
-9.526398315429687500e+02
8.269430541992187500e+02
-2.402061614990234375e+02
-8.372086181640625000e+02
-5.184949951171875000e+02
3.825507202148437500e+02
-4.628228454589843750e+02
-7.357923889160156250e+01
-6.193877563476562500e+02
-6.620150756835937500e+02
-3.234942932128906250e+02
-3.997568054199218750e+02
-6.950294799804687500e+02
-3.518001708984375000e+02
8.781519165039062500e+02
-5.142869873046875000e+02
-9.183621215820312500e+02
-1.640014343261718750e+02
8.036042480468750000e+02
8.703269042968750000e+02
-4.774242858886718750e+02
-6.899461059570312500e+02
-6.454206848144531250e+01
-8.548291625976562500e+02
8.753352661132812500e+02
2.277290954589843750e+02
1.675450897216796875e+02
9.351563720703125000e+02
-9.324365844726562500e+02
-5.378303833007812500e+02
2.374949493408203125e+02
9.153857421875000000e+02
-5.679956054687500000e+02
-1.403913855552673340e+00
4.628679454326629639e-01
4.847007691860198975e-01
1.223479151725769043e+00
-1.295304775238037109e+00
-2.459408640861511230e-01
1.219035267829895020e+00
3.227564692497253418e-01
1.768472313880920410e+00
1.953651309013366699e+00
8.397728204727172852e-01
-3.627963364124298096e-01
-9.504376053810119629e-01
-1.028289079666137695e+00
5.912963151931762695e-01
-1.919818073511123657e-01
-1.742765545845031738e+00
-1.092585563659667969e+00
1.187586903572082520e+00
-1.809982776641845703e+00
-9.987745881080627441e-01
-4.983449280261993408e-01
-9.140464663505554199e-01
6.294956207275390625e-01
9.666877985000610352e-01
-1.183084726333618164e+00
-4.264193773269653320e-01
-1.396417498588562012e+00
-1.218882560729980469e+00
-7.602844834327697754e-01
-7.559801638126373291e-02
-1.407765865325927734e+00
4.644150659441947937e-02
1.715149402618408203e+00
-3.935711681842803955e-01
-1.239258646965026855e+00
1.461413800716400146e-01
3.178801238536834717e-01
-8.687813282012939453e-01
-1.280374884605407715e+00
-5.798516049981117249e-02
-1.033760786056518555e+00
-1.368508100509643555e+00
-8.472441434860229492e-01
-1.736526370048522949e+00
1.259488463401794434e+00
1.042104840278625488e+00
-5.725865364074707031e-01
1.275550007820129395e+00
-1.130584359169006348e+00
-1.489236593246459961e+00
-1.315185666084289551e+00
-3.732970356941223145e-01
1.514345526695251465e+00
1.810031175613403320e+00
-1.605510950088500977e+00
-1.995859265327453613e+00
5.606321692466735840e-01
-9.549154639244079590e-01
-2.616302669048309326e-01
1.373172044754028320e+00
-2.669657170772552490e-01
5.667927861213684082e-02
8.586781024932861328e-01
-1.831810832023620605e+00
-1.762535333633422852e+00
1.278293609619140625e+00
-3.997260034084320068e-01
-9.581838250160217285e-01
-1.048951029777526855e+00
1.407277584075927734e+00
1.769126296043395996e+00
1.453272938728332520e+00
-1.843602180480957031e+00
8.842074871063232422e-01
-4.979141354560852051e-01
-6.678606867790222168e-01
-1.849348306655883789e+00
-1.933690071105957031e+00
-1.521763086318969727e+00
1.565573513507843018e-01
-1.098531007766723633e+00
-1.903352499008178711e+00
1.404684662818908691e+00
7.831973433494567871e-01
1.338487863540649414e+00
-1.314453244209289551e+00
-3.256854116916656494e-01
1.913609385490417480e+00
-1.933113694190979004e+00
9.656693786382675171e-02
-5.888457894325256348e-01
-1.700597643852233887e+00
-1.707601308822631836e+00
6.255421638488769531e-01
4.580498039722442627e-01
6.938715209960937500e+02
3.229722900390625000e+02
4.446826477050781250e+02
1.236396026611328125e+02
3.067529907226562500e+02
4.056528930664062500e+02
8.499503784179687500e+02
6.652928466796875000e+02
2.809601440429687500e+02
4.212444458007812500e+02
3.619208068847656250e+02
2.258371582031250000e+02
5.569759521484375000e+02
9.533469848632812500e+02
4.546843872070312500e+02
9.244941406250000000e+02
5.573562145233154297e+00
5.233444824218750000e+02
6.522579956054687500e+02
4.448610229492187500e+02
9.981234741210937500e+02
6.088627319335937500e+02
4.375209350585937500e+02
6.309456176757812500e+02
7.992664184570312500e+02
8.411560821533203125e+01
8.371846923828125000e+02
9.857815551757812500e+02
8.003546142578125000e+02
3.477178955078125000e+02
6.164793701171875000e+02
TLAST
7.381893920898437500e+02
2415853570
-5.751356811523437500e+02
2.683869934082031250e+02
7.045002441406250000e+02
5.117455139160156250e+02
-3.652767028808593750e+02
9.465421752929687500e+02
-2.754507751464843750e+02
3.915259399414062500e+02
5.071380615234375000e+02
1.583015136718750000e+02
9.260992431640625000e+02
-5.708049011230468750e+01
5.574793701171875000e+02
-1.994986267089843750e+02
5.079938659667968750e+02
7.637879028320312500e+02
7.834879760742187500e+02
-1.277912750244140625e+02
-6.676487426757812500e+02
-3.086141586303710938e+01
-1.188424301147460938e+02
-8.338619384765625000e+02
-6.834628906250000000e+02
-7.095697021484375000e+02
-5.869315795898437500e+02
9.400919189453125000e+02
2.403020935058593750e+02
1.214855728149414062e+02
-4.812400512695312500e+02
-2.693876037597656250e+02
-4.235486450195312500e+02
-9.930570678710937500e+02
9.934661254882812500e+02
-3.058667602539062500e+02
-3.492573547363281250e+01
1.520225830078125000e+02
1.373448085784912109e+01
-9.341503295898437500e+02
-9.501740112304687500e+02
2.964543762207031250e+02
-2.701468505859375000e+02
6.064233398437500000e+02
-2.126867675781250000e+02
-2.265329589843750000e+02
6.636666870117187500e+02
2.090715484619140625e+02
9.451544952392578125e+01
-2.543440856933593750e+02
6.873223266601562500e+02
-3.777332763671875000e+02
8.306466674804687500e+02
6.167687988281250000e+02
-2.027845153808593750e+02
2.721373596191406250e+02
-1.795061187744140625e+02
-4.263140563964843750e+02
5.726919555664062500e+02
-6.152740478515625000e+02
-6.579479370117187500e+02
4.762157897949218750e+02
4.507619018554687500e+02
6.074700927734375000e+02
7.527048339843750000e+02
-7.178980102539062500e+02
9.608047485351562500e+02
5.477289428710937500e+02
-2.346587066650390625e+02
-5.317172622680664062e+01
-6.963015136718750000e+02
2.516714324951171875e+02
-9.178018188476562500e+02
3.765980529785156250e+02
-2.637954711914062500e+02
-2.223308715820312500e+02
7.598197937011718750e+00
9.831826782226562500e+02
4.801138610839843750e+02
8.555971069335937500e+02
-8.245472412109375000e+02
4.943945007324218750e+02
-4.914993286132812500e+02
9.420665893554687500e+02
-9.109514617919921875e+01
9.730149536132812500e+02
-2.961807861328125000e+02
-6.283044433593750000e+02
-9.916869506835937500e+02
-5.889579467773437500e+02
4.177578430175781250e+02
5.144084930419921875e+00
-8.100897827148437500e+02
-4.512874450683593750e+02
9.876801757812500000e+02
5.221526489257812500e+02
-3.428210754394531250e+02
2.171378631591796875e+02
8.597510457038879395e-01
-1.025911644101142883e-01
1.520117282867431641e+00
1.593842387199401855e+00
-5.706506967544555664e-01
1.127193093299865723e+00
9.276781678199768066e-01
1.666170120239257812e+00
-1.526592850685119629e+00
-9.393227100372314453e-01
1.731503754854202271e-01
-1.135508179664611816e+00
1.698694229125976562e+00
1.020579218864440918e+00
-1.995213150978088379e+00
-7.521964311599731445e-01
1.431239128112792969e+00
1.776080429553985596e-01
-1.222366929054260254e+00
4.405190944671630859e-01
-1.832218885421752930e+00
-1.232692360877990723e+00
1.061454713344573975e-01
1.063614368438720703e+00
-1.215549707412719727e+00
1.654553771018981934e+00
5.743680000305175781e-01
-4.246289655566215515e-02
9.839349389076232910e-01
-1.193342089653015137e+00
-1.344521641731262207e+00
1.755600810050964355e+00
-1.822380304336547852e+00
1.596867084503173828e+00
2.869291603565216064e-01
7.348039746284484863e-01
1.466072946786880493e-01
4.937855601310729980e-01
-6.853858828544616699e-01
1.167626380920410156e+00
-2.480503916740417480e-01
6.809176206588745117e-01
-1.299055218696594238e+00
-9.663916826248168945e-01
6.908388733863830566e-01
3.388435393571853638e-02
4.405774176120758057e-01
-1.250371813774108887e+00
1.888216972351074219e+00
-2.453164756298065186e-01
1.939086914062500000e+00
4.431338608264923096e-02
-1.810530424118041992e-01
-1.693743109703063965e+00
-1.588130474090576172e+00
-8.035595417022705078e-01
4.493266642093658447e-01
-1.827757954597473145e+00
-1.170397847890853882e-01
1.595717072486877441e+00
4.964017570018768311e-01
1.096778273582458496e+00
7.523567676544189453e-01
-1.684483051300048828e+00
-1.606875181198120117e+00
8.254031538963317871e-01
-1.872367709875106812e-01
1.855770349502563477e+00
1.011351704597473145e+00
-7.612839937210083008e-01
-2.846749722957611084e-01
-1.274046421051025391e+00
1.282950401306152344e+00
-1.996277928352355957e+00
-8.262382149696350098e-01
-5.359552055597305298e-02
1.775469064712524414e+00
-1.584329605102539062e+00
5.723083019256591797e-01
8.010560274124145508e-01
-1.555808424949645996e+00
4.715549945831298828e-01
3.808690309524536133e-01
-1.437293291091918945e+00
-1.329679489135742188e+00
8.390628099441528320e-01
6.407911777496337891e-01
-1.862175464630126953e+00
-1.034379363059997559e+00
1.188894510269165039e+00
-6.068627834320068359e-01
1.422997713088989258e+00
-1.589962959289550781e+00
-4.803879559040069580e-01
-2.375016808509826660e-01
-3.646473884582519531e-01
3.205288391113281250e+02
4.159695129394531250e+02
7.552349853515625000e+02
1.845629577636718750e+02
9.059692382812500000e+02
2.070081634521484375e+02
6.228845825195312500e+02
4.280075454711914062e+01
5.525155639648437500e+02
1.002216186523437500e+02
1.626166381835937500e+02
4.988572998046875000e+02
9.827552490234375000e+02
3.657433471679687500e+02
9.119092407226562500e+02
1.259880218505859375e+02
5.768193969726562500e+02
8.729856567382812500e+02
3.539864807128906250e+02
5.043558349609375000e+02
6.625859375000000000e+02
5.367778930664062500e+02
2.030046234130859375e+02
2.649218750000000000e+02
2.986684265136718750e+02
4.250234680175781250e+02
9.736444702148437500e+02
6.433320922851562500e+02
7.359729003906250000e+02
6.720120239257812500e+02
7.553349609375000000e+02
TLAST
7.547097778320312500e+02
2415853571
-4.064323425292968750e+02
-5.519309082031250000e+02
6.634042358398437500e+02
7.743153076171875000e+02
7.133458251953125000e+02
-5.141212158203125000e+02
5.881347656250000000e+02
-6.191598415374755859e+00
-6.328558959960937500e+02
4.061024780273437500e+02
9.694270629882812500e+02
3.147164726257324219e+01
-8.275560302734375000e+02
3.252501831054687500e+02
-9.017301635742187500e+02
8.332228393554687500e+02
9.224222412109375000e+02
9.412893676757812500e+01
-3.360505676269531250e+02
8.438803710937500000e+02
5.259937744140625000e+02
-4.455276489257812500e+02
-3.277251586914062500e+02
-5.182660522460937500e+02
-4.888720703125000000e+02
-4.035806274414062500e+02
-7.867787933349609375e+01
-9.447832031250000000e+02
-9.276141967773437500e+02
1.645558166503906250e+02
-8.875893554687500000e+02
6.312739562988281250e+01
-3.856562194824218750e+02
3.166210021972656250e+02
-8.010257568359375000e+02
-5.431958007812500000e+02
9.548110961914062500e+02
-9.385560302734375000e+02
-9.357646179199218750e+01
8.444234008789062500e+02
6.294260253906250000e+02
8.476588134765625000e+02
-3.077078247070312500e+02
3.788563537597656250e+02
-4.367037658691406250e+02
2.209609680175781250e+02
5.666742553710937500e+02
-7.478001708984375000e+02
-2.039432983398437500e+02
-9.361672973632812500e+02
-9.343212890625000000e+02
-2.528460083007812500e+02
-8.757069091796875000e+02
2.555009155273437500e+02
-9.131086425781250000e+02
-9.457460937500000000e+02
-8.237111816406250000e+02
-1.980305175781250000e+02
3.866540222167968750e+02
-5.832858276367187500e+02
1.397550811767578125e+02
-4.846993408203125000e+02
8.683081054687500000e+02
-4.825238037109375000e+01
-2.214258670806884766e+00
3.870380859375000000e+02
-7.021663208007812500e+02
3.948405761718750000e+02
-8.100203247070312500e+02
4.074403076171875000e+02
-2.228771667480468750e+02
7.075227050781250000e+02
-2.401531372070312500e+02
-2.102470970153808594e+01
-4.890911254882812500e+02
3.925745849609375000e+02
-3.496701354980468750e+02
-6.705289916992187500e+02
-2.762369079589843750e+02
1.929019775390625000e+02
-5.353170166015625000e+02
-1.490652618408203125e+02
-4.485308532714843750e+02
2.298711700439453125e+02
-4.739717712402343750e+02
-2.378383636474609375e+02
9.057149658203125000e+02
-7.533148193359375000e+02
-3.424672851562500000e+02
8.534796142578125000e+01
-2.025570106506347656e+01
-9.110291137695312500e+02
-2.754845886230468750e+02
3.173654785156250000e+02
-7.643250732421875000e+02
-6.612431640625000000e+02
1.394236326217651367e+00
1.187926769256591797e+00
1.337610363960266113e+00
-1.502467989921569824e+00
1.080630183219909668e+00
8.690353035926818848e-01
8.321933150291442871e-01
-5.006780028343200684e-01
1.374471306800842285e+00
4.187448322772979736e-01
1.419772744178771973e+00
-2.193636149168014526e-01
-1.011983275413513184e+00
-1.822310566902160645e+00
-1.293715555220842361e-02
-1.617588043212890625e+00
1.693445257842540741e-02
-9.200597554445266724e-02
-1.941625356674194336e+00
4.328300058841705322e-01
1.970165610313415527e+00
5.092718601226806641e-01
-1.957314848899841309e+00
8.625670671463012695e-01
-4.966592490673065186e-01
-6.442212462425231934e-01
-1.286731243133544922e+00
2.450037151575088501e-01
-1.291918635368347168e+00
9.584439992904663086e-01
6.035862565040588379e-01
6.860112547874450684e-01
4.914930462837219238e-01
-9.411402940750122070e-01
5.349797606468200684e-01
1.028776526451110840e+00
-5.401408672332763672e-01
-1.130734801292419434e+00
8.998460769653320312e-01
-1.943829298019409180e+00
-6.348435878753662109e-01
-5.821332931518554688e-01
1.691441059112548828e+00
-1.999360471963882446e-01
4.957856535911560059e-01
-1.046861931681632996e-01
-1.454922854900360107e-01
1.830696940422058105e+00
-1.243819355964660645e+00
1.395840048789978027e+00
1.194138765335083008e+00
2.965030372142791748e-01
-1.748591542243957520e+00
1.864850401878356934e+00
-1.494640111923217773e+00
4.362147450447082520e-01
-1.628335475921630859e+00
1.704174757003784180e+00
-1.929260253906250000e+00
-3.938392698764801025e-01
1.131497547030448914e-01
-2.656230032444000244e-01
2.408869564533233643e-02
1.793095350265502930e+00
1.860007405281066895e+00
1.204794168472290039e+00
-1.863135099411010742e+00
-1.461130619049072266e+00
1.802020430564880371e+00
-6.377927660942077637e-01
7.178959995508193970e-02
1.625655531883239746e+00
-1.172676920890808105e+00
-1.056209564208984375e+00
-7.844644188880920410e-01
1.489053845405578613e+00
1.481105089187622070e+00
1.955445528030395508e+00
9.426977634429931641e-01
-1.085962414741516113e+00
2.266533225774765015e-01
4.624648988246917725e-01
1.109396934509277344e+00
-5.639271140098571777e-01
-8.936056494712829590e-01
4.349204301834106445e-01
1.697840094566345215e+00
-7.197831571102142334e-02
-9.826713204383850098e-01
6.015496253967285156e-01
2.039919942617416382e-01
-6.012123227119445801e-01
-6.673936247825622559e-01
1.553922891616821289e+00
1.401958346366882324e+00
-1.993645191192626953e+00
4.369380493164062500e+02
3.308131103515625000e+02
1.834439239501953125e+02
7.804682617187500000e+02
3.187137145996093750e+02
9.514736328125000000e+02
5.942176513671875000e+02
4.263242492675781250e+02
9.535420532226562500e+02
7.250982666015625000e+02
2.190681266784667969e+01
3.787681884765625000e+02
6.399121093750000000e+02
3.778467407226562500e+02
1.661812782287597656e+01
5.320971679687500000e+01
6.347833862304687500e+02
4.952228393554687500e+02
8.581200561523437500e+02
4.681645507812500000e+02
8.919591674804687500e+02
4.237484741210937500e+02
9.393628540039062500e+02
4.278469085693359375e+01
9.976100463867187500e+02
9.727248535156250000e+02
9.071958160400390625e+01
4.672749023437500000e+02
2.656530151367187500e+02
6.851130371093750000e+02
4.165736694335937500e+02
TLAST
8.547453613281250000e+02
