2415853568
1139975189
1130817803
1137361567
-1003932419
1146852139
-1005418938
-999550463
-1011713326
-1010356307
-1040062905
-1027763825
1133646596
1144291395
1144795681
1126799935
1144677615
-1004057613
1132195226
1137201711
-1003486582
-1000164104
1115822178
-999815303
-1011270376
-1010749651
-1010328339
1147228999
-1028072183
1133939514
1117457927
1116191819
-1020018620
1145139858
-1013296135
-1019079495
-1004799538
1131195432
-1004080038
-1005089478
-1007007008
-1018647575
-1005938941
1146966262
1146640949
-1008923370
1139717798
1148329641
1141183245
1125774374
-1017984250
-1019595527
-1034517087
1145063195
1124548508
-1000290734
1134010359
1145126541
-1023454710
1144992927
1124780101
-1017351529
1144846746
1142250525
-1020637115
1146409459
-999050211
1147462970
1146813726
1145861579
-998660018
1144494694
1147708060
1133637956
1145446541
-1003323182
-1031026368
-1003837182
-1001436165
-999452037
-1004359546
1148627521
1130974063
1140912294
-1012937419
-1006336432
1134858400
-1031399836
-1005887953
1136942408
1101844437
1127500446
-1003388145
-1012766164
1145543326
-1013422896
-1005297018
1069724053
-1074869682
1068956385
-1079129312
1057375242
-1089845188
1067311450
-1079805014
-1079626683
-1094916844
1048562445
-1118536762
-1093864934
-1084444413
1046033554
-1081943438
-1076776707
-1074087397
1026201556
-1090203890
1032364907
1057653871
1070509103
-1084193966
1052381849
1059741380
1061650153
-1078656770
-1078892583
1062742363
1053272391
-1075677872
-1086327891
1068379680
1068653155
-1077414949
-1096005029
-1077577270
-1104646240
1067116092
1050159655
-1079558789
1063831612
-1103894241
-1087791869
-1079213898
1041637736
-1097860329
1069245091
1072087267
-1076661994
1073222623
1070176139
-1074043073
-1077361123
1052729591
-1115210197
1060817606
1062181629
1070224062
-1092491584
1052850464
1071693676
1062209190
1071175899
1062216505
1068336825
-1093929366
-1078971837
-1114787308
-1084583652
-1075344619
1054123877
1057797531
-1097935626
-1074111874
-1089537010
-1080379816
1066426060
1069597747
-1080364992
-1080450549
1058330915
1053316783
-1098740108
-1079260608
-1091451255
1050397662
-1078944008
1062413534
1059682155
1047094186
-1090404416
-1091255510
-1085186740
-1077980856
1143712137
1134021593
1142241591
1144023225
1142948935
1148261113
1146710231
1121650893
1142416172
1146087741
1138503112
1146253104
1148202761
1105262356
1118274534
1146383706
1110042118
1138421648
1146631022
1143515497
1148765030
1117576860
1145338787
1132562323
1140791923
1138869561
1148181422
1145992103
1134196838
1144159045
1134425383
TLAST
1140076376
2415853569
1126249828
-1002586829
-1002806101
1134195637
1130501269
-1010172558
1142991245
1112266324
-1001295654
-1015082254
1144728727
1141202884
1143519655
1146917894
-1087059418
1140690397
1115434476
1140424039
-1008549202
1132908717
1137422497
1118791598
-998899153
-1006790520
-1020007195
-1012812563
-1002338676
-1006071122
1142662226
-1015227093
1133981318
1140541732
-1013641890
1142082908
1141775027
1112841857
1142538870
-1003352297
-1012532728
1140848408
-1002603726
-1004147630
1148776997
1137481108
1144083502
-1007862455
1142303648
-1009665592
-1000558984
-1008091030
-1005333945
-1015277207
-1001454452
1148772880
-1001075918
1137088804
-1013497823
1137074227
1135712551
-1002366468
1148306520
-1003301907
-1014746762
1143992829
1142549500
-1000885122
-1009450979
-1005938621
1143935873
1138713374
-1006964713
-1002058222
1109287192
-1000754915
1145756968
1141344385
-1030197013
1143968784
1137820490
1147149272
-1027811056
1146692968
-998647499
-1002805757
1147705289
-1026400119
-1003456097
1147591033
-1020991630
-1009012798
1123030471
-1001101187
1115313196
-999711697
1142464542
-1000926808
-1074607780
-1081485515
-1077701629
1057419722
1063221064
-1094247978
1069702950
-1083429997
-1078713971
-1081088169
1063311861
-1092254206
1068875229
1058153019
1070332799
-1076830705
1069971953
-1080926623
1071913784
-1079126188
-1075485140
-1083039671
-1084659481
-1133207398
-1081770424
1062516524
1018815690
1055911826
1019261785
1069657127
1062288785
-1097101861
-1092583061
-1076864542
-1092047264
1041118394
-1095769545
1068831164
-1074990305
1062988877
1054098901
-1085938218
-1075694900
-1074453927
-1077221780
1054357143
-1078430531
1062625162
1046950758
-1087552623
1026485262
1067101565
-1077768387
1057292003
1058227135
1052806597
-1091120844
1047470046
-1073787677
1071383439
1066689885
-1103095068
1053537053
1063220098
1040700205
1067617844
1049473499
-1081578149
-1077251766
1067852934
-1088153817
-1086407188
1059257508
-1089087890
-1083619766
1053620534
1059288910
-1073937428
1047663850
1064437133
1070592192
-1089737988
-1102660569
1071839694
-1093394003
1072327065
-1080742897
1070861219
1057860117
-1086985072
1064447136
-1086263192
-1079145463
1061063215
1070839315
1011438930
1111989494
1148539510
1147103889
1148201129
1118421134
1110933419
1142738203
1143747780
1144100788
1146598622
1144860082
1145270147
1145236382
1144456177
1148470950
1115917252
1128225315
1145362978
1121150453
1096068290
1146811311
1145870973
1144660990
1131156166
1134674287
1148281965
1138937841
1143940447
1144200707
1141377236
1147929774
TLAST
1143261186
2415853570
1143063573
1146620239
-1002244881
1124333945
-1000609649
1134076405
-1014208086
-999988321
1143425922
1145089436
1095495828
-1017837978
1141461725
1128469070
1143536967
1141899092
1143893276
1148289925
1137889023
1127747469
1129583582
-1004783332
1146338512
-1013879972
1141669263
-1019904560
-1016325300
-1002924276
-1003496968
1146448437
-1017099559
-1023847234
-1029136674
-1014690336
-1006249889
1147669227
1129553072
-1003093310
1135279090
-1009917140
1146670519
1138302241
1141158463
-1000696274
-1010060100
1132649414
1144409144
-1009792878
-1010844635
-1002140736
1139255995
-1020420527
-1013061508
-1031246183
1110564995
1136230318
-1016635567
1143100522
1141344400
-999220293
-1016977397
1142493867
1140908433
1144591445
-1002045175
1128933397
1147132743
1129576531
1147006440
-1016075003
-1005477516
-1006344725
-1003453744
-1039583664
1145236387
-1009192474
1141122508
-1015653757
-1006095786
-1006048185
1112237284
1138290740
1124889054
-1004569121
-1011562708
-1010531886
-998798833
-1009998161
1141951491
1131941219
1134970347
1146706516
-1002795241
1119855032
1126238842
-1035108503
-1077781768
1066943068
-1078054687
1053654697
1070634279
-1084342808
1065913325
-1075102750
-1077172297
-1074101269
-1082138863
1062755700
-1075854553
1062198423
1066584157
-1087475893
1058359290
-1076666586
1065908973
1066073033
-1089382217
-1089935129
1051576551
-1082589204
-1078156879
1059784863
1067957856
1069672880
1072468425
1069144773
1065296604
1034901194
-1078004335
-1087254782
-1083313516
-1103119787
1060890462
1064229247
-1080371029
-1081134939
1070441335
1001323240
-1080189793
1071742954
1044957646
-1082235202
1049692508
1054649831
-1086116873
1054956253
1072298093
1068656687
1065025810
-1102365676
1063365179
1064116374
-1081875123
-1078425371
-1076902166
1072645907
1047650806
-1083998833
-1074685736
1067340613
-1076032864
1071797046
-1083590693
1067099153
-1080317670
-1092068342
-1079024423
-1086504899
-1087292352
-1108700178
1056478239
1063111534
1063799297
-1109521239
-1075445449
1061455910
1071692425
-1076942782
1073609229
-1076375356
-1110706468
1067550484
-1082821042
-1076390478
-1082659539
-1093216860
1060357981
-1079062246
1073279089
-1077724224
-1074170818
1057425366
1128183844
1147809902
1138561424
1139727133
1117240263
1121267788
1142655623
1128361623
1146577073
1138702985
1143050096
1146431945
1123603372
1142396591
1140028380
1135576289
1143493685
1147170192
1110989891
1140738978
1137298207
1108541381
1142470958
1130260332
1124618376
1146672393
1148811806
1090420091
1138221820
1135462053
1148810245
TLAST
1135448300
2415853571
1143574477
-1011303869
-1001026862
-1024930131
-999869631
-1004117871
1134937166
-1045335682
1137572688
-1022876174
1141259329
1136597007
-1015694110
-1003960378
1132441135
-998821135
-1004592174
1139004222
-1034273236
-999894739
1147695420
-1005629194
1142402251
1146548524
1141728024
-1009897398
-1008408908
1146576130
1132971756
1148068071
-1007227265
-1003349635
-1010467537
1142039690
1140717045
1124468200
-1002808369
-1030159249
1147679899
1136514678
1135165031
-1001986070
1123417463
-1041683776
-998691978
1135405206
1120168042
-1014631941
-1064274735
1141819186
-1029659728
-1039309727
1147625999
-1007829266
1125905636
-999981216
-1010023015
-1021376498
1132942819
1143786087
-1015228937
-1027102750
1142938959
-1005318229
-1002552148
1135171179
-1000229551
1145147690
1134943333
-1018901878
1142387461
-1005918675
-1013297058
1133091195
1145265248
-1006041626
1122278913
1132689152
1138873001
-1009801139
1135994767
1127610456
1129509563
-1003255348
1144276242
-1064665745
-1003985953
1122637091
-1001054233
-1000935960
1120470951
-1009159416
-1005032492
1126085552
1146311934
-1007920466
-1085263334
1043350762
-1081363301
1072214108
-1093832659
-1075085817
1062436960
1061120434
1072809946
-1099848133
1073425501
1067280004
-1085577512
-1080611269
-1090837800
-1103527185
-1078181754
1073661927
-1077587324
1058127159
-1085372327
1054321115
1025356299
1065297488
-1087024787
-1079461926
1071985423
1065862312
1057731852
-1074552834
1056140584
1070794992
-1096791614
-1075240661
-1077661971
-1093945259
1066290662
-1081154947
-1081989655
1069990602
-1074083722
1064298074
1052856974
-1080043645
1048449214
-1107569428
-1090425052
1047453025
-1074332872
1060035197
1057541783
-1093541374
-1079942672
1072132326
-1081315844
-1075243999
-1092465122
-1137081515
-1086306561
-1086666423
-1079267353
-1075562370
-1109245164
-1075056827
1063098433
-1088469019
-1088982121
1060462140
1067961538
1071524470
1073662509
-1079916498
1065911715
1070136926
-1088626864
1023759148
-1091607979
-1087173972
1069756776
-1074471371
-1077002729
-1124766965
1071057801
-1154112583
1037004035
1059080392
1062152514
1066522448
-1079766751
-1076076925
1067672737
-1082234481
1043266386
-1084215454
1072569421
1049703679
1131505305
1141500220
1103735503
1133302213
1146628123
1136390944
1146500796
1144574411
1147834973
1144610773
1140403383
1146401364
1144571795
1142692034
1147557944
1148146350
1146809294
1148553972
1146715312
1128643974
1146151613
1141534381
1117949564
1142724775
1146821222
1129879350
1135790193
1132476091
1146646140
1132282880
1140448843
TLAST
1139038536
