2415853568
-7.270976562500000000e+02
2.511771774291992188e+01
-7.361645507812500000e+02
-3.070182800292968750e+02
5.005967102050781250e+02
-8.542766113281250000e+02
6.728307342529296875e+01
6.925114135742187500e+02
-8.293949584960937500e+02
2.486880950927734375e+02
2.758524780273437500e+02
-8.795770263671875000e+02
7.220869750976562500e+02
-6.975767211914062500e+02
-2.831391296386718750e+02
-3.541380004882812500e+02
-4.799852294921875000e+02
7.371019287109375000e+02
2.498633956909179688e+01
-6.241199340820312500e+02
5.339888572692871094e+00
-8.963544311523437500e+02
3.121527709960937500e+02
-6.134031982421875000e+02
-1.117469100952148438e+02
-9.439398803710937500e+02
8.833656616210937500e+02
1.740668792724609375e+02
-3.129167366027832031e+01
2.399843444824218750e+02
2.626823425292968750e+01
-5.729899902343750000e+02
7.892145996093750000e+02
-5.670890502929687500e+02
5.256867065429687500e+02
1.540689544677734375e+02
-9.690910644531250000e+02
6.431521606445312500e+02
-1.111181945800781250e+02
9.838523559570312500e+02
7.581292114257812500e+02
8.902332153320312500e+02
9.917005615234375000e+02
3.106592712402343750e+02
6.765619506835937500e+02
4.635781555175781250e+02
-6.287574462890625000e+02
-2.359008789062500000e+02
-7.280631713867187500e+02
-2.387288970947265625e+02
-4.541902160644531250e+02
9.481759643554687500e+02
1.371799468994140625e+02
3.405824584960937500e+02
2.269064941406250000e+02
-8.442481689453125000e+02
-3.693778076171875000e+02
-3.112611999511718750e+02
-4.781240234375000000e+02
-1.617088623046875000e+02
2.867641601562500000e+02
1.989511299133300781e+01
-1.580801391601562500e+02
-5.934632568359375000e+02
-3.740972595214843750e+02
2.627811584472656250e+02
9.930142211914062500e+02
9.541043090820312500e+02
2.714616394042968750e+02
6.647900390625000000e+02
-6.475219116210937500e+02
3.906476135253906250e+02
-1.406429443359375000e+02
-4.969645080566406250e+02
9.422075195312500000e+02
1.559246978759765625e+02
2.425083923339843750e+02
-4.526119995117187500e+02
-7.564382934570312500e+02
-3.593524169921875000e+02
-1.692681732177734375e+02
1.925302124023437500e+02
6.698712158203125000e+02
-3.886419067382812500e+02
1.151164398193359375e+02
-4.280799865722656250e+02
6.689980468750000000e+02
8.630421752929687500e+02
3.563346252441406250e+02
2.712282409667968750e+02
9.424119873046875000e+02
-3.882532043457031250e+02
7.388101196289062500e+02
-5.090042419433593750e+02
2.866673889160156250e+02
-2.435124053955078125e+02
-1.724657177925109863e+00
8.959960341453552246e-01
-1.486988902091979980e+00
-6.942359805107116699e-01
-1.505642294883728027e+00
1.122631505131721497e-01
-9.751556515693664551e-01
8.948577940464019775e-02
-9.790763258934020996e-01
-1.107624769210815430e+00
1.492664694786071777e+00
1.075365304946899414e+00
8.046942353248596191e-01
4.840182065963745117e-01
-1.908289790153503418e+00
8.615645766258239746e-01
1.718530297279357910e+00
-4.597162902355194092e-01
-1.032213926315307617e+00
1.982041239738464355e+00
-2.544431984424591064e-01
-5.021309256553649902e-01
-1.446424245834350586e+00
6.529161334037780762e-02
-1.854196667671203613e+00
7.408668994903564453e-01
8.154583573341369629e-01
-1.413198351860046387e+00
-1.829101085662841797e+00
-1.021131992340087891e+00
-2.335715442895889282e-01
-1.140773892402648926e+00
-1.625423878431320190e-01
-1.144746899604797363e+00
6.745092868804931641e-01
-3.601104021072387695e-01
4.044294357299804688e-01
-6.745309829711914062e-01
1.475096106529235840e+00
1.451749444007873535e+00
-1.215136885643005371e+00
-1.116739273071289062e+00
6.217324137687683105e-01
1.666110873222351074e+00
3.768793046474456787e-01
1.814784169197082520e+00
2.865548133850097656e-01
8.671789169311523438e-01
1.958275556564331055e+00
-1.548951148986816406e+00
-1.539812564849853516e+00
6.428585648536682129e-01
-1.940016746520996094e+00
2.979817092418670654e-01
-1.968051642179489136e-01
-1.650401473045349121e+00
-1.332425594329833984e+00
9.156835079193115234e-01
1.060565710067749023e+00
-1.521216869354248047e+00
-1.183613657951354980e+00
3.904806673526763916e-01
1.036074280738830566e+00
1.209334373474121094e+00
-1.469964861869812012e+00
1.958062350749969482e-01
-2.832468412816524506e-02
1.369068026542663574e+00
1.725150346755981445e+00
-8.031365871429443359e-01
-1.516146421432495117e+00
7.926959395408630371e-01
1.544425129890441895e+00
1.795874238014221191e+00
1.301255170255899429e-02
-7.506946325302124023e-01
7.764066457748413086e-01
-1.916183710098266602e+00
2.875434756278991699e-01
1.379363656044006348e+00
-1.992370128631591797e+00
-1.196954250335693359e+00
-6.216870620846748352e-02
3.266224265098571777e-01
6.540825963020324707e-01
4.289622008800506592e-01
-1.335051536560058594e+00
1.563720464706420898e+00
-1.702544569969177246e+00
8.333335518836975098e-01
7.502886056900024414e-01
1.660021394491195679e-01
1.080062508583068848e+00
-1.066467761993408203e+00
1.706798553466796875e+00
-1.387429833412170410e+00
6.447877807617187500e+02
2.259148406982421875e+02
2.058429565429687500e+02
3.510805053710937500e+02
7.928382396697998047e+00
7.037183837890625000e+02
1.133597793579101562e+02
2.334652862548828125e+02
6.159946441650390625e+01
4.452137145996093750e+02
2.725884094238281250e+02
5.147913818359375000e+02
6.745834960937500000e+02
1.944208984375000000e+02
3.319374084472656250e+02
5.635313720703125000e+02
2.412468109130859375e+02
9.150141601562500000e+02
3.891157150268554688e+01
1.497396087646484375e+02
2.943539123535156250e+02
6.810475463867187500e+02
9.028336334228515625e+01
8.860556640625000000e+02
9.046599731445312500e+02
6.474684448242187500e+02
3.840442504882812500e+02
2.782604064941406250e+02
3.436544189453125000e+02
8.797232666015625000e+02
5.306760864257812500e+02
TLAST
9.283781738281250000e+02
2415853569
9.812358856201171875e+01
3.045522766113281250e+02
1.769157867431640625e+02
-5.477961425781250000e+02
4.311233520507812500e+02
9.189864501953125000e+02
8.506752929687500000e+02
-5.163923339843750000e+02
-6.721118688583374023e-01
5.020993041992187500e+02
-6.980958862304687500e+02
-2.885566101074218750e+02
-7.427866210937500000e+02
-7.084180297851562500e+02
-4.772861862182617188e+01
-6.626906738281250000e+02
-8.980452728271484375e+01
-4.260878601074218750e+02
7.475504760742187500e+02
9.688881225585937500e+02
-6.495319366455078125e+01
8.955384521484375000e+02
-9.038248291015625000e+02
-3.192005920410156250e+02
6.030540084838867188e+01
-5.094854125976562500e+02
-4.316369018554687500e+02
5.499641036987304688e+01
8.726160278320312500e+02
7.101567077636718750e+01
-2.413247375488281250e+02
1.803490142822265625e+02
-3.127900390625000000e+02
-9.361732482910156250e+01
9.674311523437500000e+02
6.968513793945312500e+02
8.631383666992187500e+02
2.585959434509277344e+01
7.106568603515625000e+02
-9.032117919921875000e+02
3.774145812988281250e+02
4.127069091796875000e+02
-7.561303100585937500e+02
7.262203369140625000e+02
-7.884943847656250000e+02
-6.048663330078125000e+02
-7.396681518554687500e+02
8.082006225585937500e+02
-8.377183837890625000e+02
-3.521103210449218750e+02
1.810571441650390625e+02
8.347351684570312500e+02
-5.496575927734375000e+02
-2.838133544921875000e+02
9.290671997070312500e+02
-7.453812599182128906e+00
-7.358493652343750000e+02
6.747438964843750000e+02
3.434239501953125000e+02
8.299606933593750000e+02
8.218698730468750000e+02
-3.613104248046875000e+02
9.998553466796875000e+02
-7.718744659423828125e+01
-7.703392333984375000e+02
-1.073207855224609375e+02
-1.675921020507812500e+02
-7.496115722656250000e+02
5.609085693359375000e+02
3.165886497497558594e+01
-2.662718811035156250e+02
-4.004474487304687500e+02
4.223272705078125000e+01
-7.134879760742187500e+02
2.922469787597656250e+02
-7.435815429687500000e+02
-8.105654907226562500e+02
-1.947276153564453125e+02
-7.236423339843750000e+02
-3.025988769531250000e+02
-1.237475357055664062e+02
-5.641969604492187500e+02
1.189833450317382812e+02
4.853997802734375000e+02
7.964181518554687500e+02
2.244030380249023438e+01
4.579148559570312500e+02
-9.434101562500000000e+02
-8.437670898437500000e+02
7.434935302734375000e+02
-6.916744384765625000e+02
9.807822265625000000e+02
-7.566723022460937500e+02
-2.257611846923828125e+02
-8.117045593261718750e+01
-1.677710723876953125e+02
3.924808502197265625e-01
1.256554245948791504e+00
-1.934943944215774536e-01
2.974029183387756348e-01
-1.686850190162658691e+00
1.519752860069274902e+00
-4.125980734825134277e-01
-2.060672193765640259e-01
1.626796364784240723e+00
1.245455861091613770e+00
-1.567046880722045898e+00
1.032946944236755371e+00
5.383905768394470215e-01
1.299258351325988770e+00
-1.293407559394836426e+00
1.583577990531921387e+00
-3.686841428279876709e-01
1.278494834899902344e+00
1.115436196327209473e+00
-1.315138459205627441e+00
-7.568195462226867676e-01
-2.846275269985198975e-02
1.552167236804962158e-01
-1.203147649765014648e+00
8.380983471870422363e-01
-4.748248308897018433e-02
-2.760534882545471191e-01
6.220630407333374023e-01
-6.284338980913162231e-02
-8.115746974945068359e-01
-3.183809220790863037e-01
-1.583725571632385254e+00
1.348582386970520020e+00
-8.730535507202148438e-01
-1.836017370223999023e+00
-4.085124135017395020e-01
1.233300447463989258e+00
1.700537085533142090e+00
-1.051314473152160645e+00
-8.474383354187011719e-01
1.494464874267578125e+00
1.727175474166870117e+00
-1.708306789398193359e+00
-5.582034587860107422e-01
-9.177850186824798584e-02
-8.686529994010925293e-01
-1.431423187255859375e+00
-1.461471557617187500e+00
-1.116201400756835938e+00
-1.629395365715026855e+00
-1.640966415405273438e+00
2.443726211786270142e-01
-1.483596324920654297e+00
-8.009731769561767578e-02
1.737393617630004883e+00
3.445158600807189941e-01
1.054962635040283203e+00
-1.249373197555541992e+00
7.381922006607055664e-01
-1.724483489990234375e+00
1.141250967979431152e+00
-2.524983882904052734e-01
-7.832446694374084473e-01
1.144341468811035156e+00
-1.387236475944519043e+00
1.506321430206298828e-01
4.943629801273345947e-01
-1.547576427459716797e+00
-6.280125975608825684e-01
5.503596067428588867e-01
9.330093860626220703e-01
5.789449214935302734e-01
1.123263716697692871e+00
-2.075024843215942383e-01
-1.135116696357727051e+00
7.308582663536071777e-01
-1.260440826416015625e+00
1.149021267890930176e+00
1.213821768760681152e+00
1.902776360511779785e+00
1.443012505769729614e-01
1.219045758247375488e+00
-2.914302647113800049e-01
7.821378111839294434e-01
-1.295069098472595215e+00
-1.307175993919372559e+00
7.120596170425415039e-01
-7.041480392217636108e-02
3.133380711078643799e-01
-3.072467632591724396e-02
3.497374951839447021e-01
-5.555680990219116211e-01
6.120930910110473633e-01
1.846847653388977051e+00
8.999791741371154785e-01
1.983260989189147949e+00
4.995864257812500000e+02
2.104395294189453125e+02
9.546629333496093750e+01
6.725198974609375000e+02
2.937828063964843750e+02
6.337567138671875000e+02
9.308318481445312500e+02
1.739065933227539062e+01
5.436398696899414062e+01
3.347490844726562500e+02
3.079536132812500000e+02
3.870645446777343750e+02
4.444913940429687500e+02
4.109260559082031250e+02
9.562149047851562500e+01
3.331353149414062500e+02
1.203590545654296875e+02
2.079293365478515625e+02
5.944872436523437500e+02
4.940561294555664062e+01
2.893226928710937500e+02
5.980373535156250000e+02
2.664376831054687500e+02
5.206393432617187500e+02
4.427182617187500000e+02
6.170811157226562500e+02
8.442225341796875000e+02
2.822716979980468750e+02
8.829095458984375000e+02
6.464220581054687500e+02
4.109189453125000000e+02
TLAST
7.994765014648437500e+02
2415853570
3.746699829101562500e+02
-3.433964843750000000e+02
-7.820817871093750000e+02
1.889178314208984375e+02
-9.407345581054687500e+02
-6.137005615234375000e+02
3.003303222656250000e+02
-1.970319061279296875e+02
4.263254394531250000e+02
7.654309692382812500e+02
-4.388912353515625000e+02
-9.637055053710937500e+02
3.023031005859375000e+02
-4.898002319335937500e+02
1.753868560791015625e+02
3.377575378417968750e+02
-6.873572998046875000e+02
-7.254694824218750000e+02
-9.072955932617187500e+02
3.813694152832031250e+02
-2.256950683593750000e+02
-9.771491241455078125e+01
2.567390136718750000e+02
-6.667681884765625000e+02
-6.601546020507812500e+02
-7.521959838867187500e+02
3.977578430175781250e+02
7.350415039062500000e+02
8.545143432617187500e+02
-5.581301879882812500e+02
-7.935108032226562500e+02
-1.267177276611328125e+02
-6.152730712890625000e+02
4.305641479492187500e+02
5.219368896484375000e+02
3.775554504394531250e+02
2.243539733886718750e+02
2.917560119628906250e+02
4.094625549316406250e+02
1.712851715087890625e+02
7.209056396484375000e+02
2.915013732910156250e+02
9.782714843750000000e+02
6.819752197265625000e+02
2.554014129638671875e+02
-6.006389770507812500e+02
7.598236083984375000e+02
-6.486458129882812500e+02
9.126608886718750000e+02
-3.034468383789062500e+02
-9.384982910156250000e+02
-8.960427856445312500e+02
-9.756132202148437500e+02
-9.156098022460937500e+02
-3.561808471679687500e+02
-5.277043457031250000e+02
-3.730450439453125000e+02
3.802159729003906250e+02
4.370729370117187500e+02
6.506149291992187500e+02
-8.392013549804687500e+02
-2.201279144287109375e+02
6.474351806640625000e+02
9.024324340820312500e+02
-6.674151000976562500e+02
6.920766601562500000e+02
7.239969482421875000e+02
-2.415384368896484375e+02
-8.888624877929687500e+02
-1.226546630859375000e+02
1.152944107055664062e+02
2.658271179199218750e+02
9.085463256835937500e+02
3.481201171875000000e+02
-6.557632446289062500e+02
-4.052680358886718750e+02
-3.342369384765625000e+02
3.645212097167968750e+02
9.058103637695312500e+02
2.407680969238281250e+02
-3.701513061523437500e+02
2.229355316162109375e+02
-4.073431701660156250e+02
6.596264038085937500e+02
1.517555694580078125e+02
-8.877841796875000000e+02
-9.215007934570312500e+02
9.916287841796875000e+02
8.572356567382812500e+02
8.963082275390625000e+02
6.019245605468750000e+02
-3.445065002441406250e+02
-1.070195083618164062e+02
5.138796997070312500e+02
-8.056510009765625000e+02
-7.367640991210937500e+02
-5.520956516265869141e-01
-1.970580577850341797e+00
8.918146491050720215e-01
1.704125642776489258e+00
-1.683405041694641113e+00
2.197922915220260620e-01
3.513064682483673096e-01
-1.134521007537841797e+00
-5.082534551620483398e-01
-1.872179150581359863e+00
1.623464465141296387e+00
3.728230595588684082e-01
7.298139333724975586e-01
-1.365205287933349609e+00
1.611878156661987305e+00
-1.395083367824554443e-01
-1.036458253860473633e+00
1.352000594139099121e+00
-1.612453222274780273e+00
1.709910273551940918e+00
-6.564368009567260742e-01
6.894414424896240234e-01
-1.464898467063903809e+00
-1.889859318733215332e+00
-2.933196024969220161e-03
-5.184673666954040527e-01
1.208584666252136230e+00
-1.992509365081787109e+00
1.627738714218139648e+00
-5.497993230819702148e-01
-5.407359600067138672e-01
-1.125730156898498535e+00
-1.997610569000244141e+00
-1.742709040641784668e+00
-4.842973500490188599e-02
1.306919813156127930e+00
7.037107944488525391e-01
1.694567352533340454e-01
-2.718833088874816895e-01
-1.689064860343933105e+00
-1.469673991203308105e+00
-9.673624485731124878e-02
1.175143122673034668e+00
1.778443694114685059e+00
4.863272607326507568e-01
-7.814891338348388672e-01
-3.019245266914367676e-01
-1.254655599594116211e+00
4.994312822818756104e-01
-1.509090304374694824e+00
6.443502306938171387e-01
-1.875340580940246582e+00
5.320963859558105469e-01
1.040481805801391602e+00
-8.717781901359558105e-01
1.868261456489562988e+00
-2.079271972179412842e-01
1.485800892114639282e-01
1.660746932029724121e+00
-1.696687936782836914e+00
-1.955100893974304199e+00
1.042740702629089355e+00
9.093863964080810547e-01
-1.381290316581726074e+00
7.771294116973876953e-01
7.603510618209838867e-01
5.219777226448059082e-01
-3.341115117073059082e-01
1.164309740066528320e+00
-1.716212987899780273e+00
-4.623603224754333496e-01
4.793293178081512451e-01
-1.471272349357604980e+00
1.644016742706298828e+00
1.048074245452880859e+00
4.895454645156860352e-01
7.107238769531250000e-01
1.293926358222961426e+00
-1.060555458068847656e+00
1.553805828094482422e+00
6.392468810081481934e-01
1.358167886734008789e+00
-2.168560922145843506e-01
-1.861735820770263672e+00
8.188575506210327148e-01
-1.358220696449279785e+00
-1.639252901077270508e-01
-1.970702648162841797e+00
-1.938014030456542969e+00
6.631957292556762695e-01
6.548489928245544434e-01
-1.381702572107315063e-01
-1.076280951499938965e+00
1.708732008934020996e+00
1.147312879562377930e+00
-8.941873311996459961e-01
4.336222534179687500e+02
6.701617431640625000e+02
8.737518310546875000e+02
3.223570556640625000e+02
4.709104309082031250e+02
4.015059204101562500e+02
1.160534515380859375e+02
1.041796951293945312e+02
1.044063949584960938e+02
8.741692504882812500e+02
8.955472412109375000e+02
3.398950500488281250e+02
8.845081176757812500e+02
9.404450073242187500e+02
7.595833129882812500e+02
2.361055908203125000e+02
6.883531494140625000e+02
2.664969177246093750e+02
8.607330322265625000e+02
9.228702392578125000e+02
9.869024047851562500e+02
7.362911987304687500e+02
2.376661682128906250e+02
8.139605712890625000e+02
2.175261688232421875e+02
1.158818283081054688e+02
1.489926757812500000e+02
2.529235382080078125e+02
5.844635009765625000e+02
8.102125244140625000e+02
2.530675811767578125e+02
TLAST
5.586463012695312500e+02
2415853571
8.061132202148437500e+02
7.607765502929687500e+02
1.728692169189453125e+02
5.109311523437500000e+02
-9.436997070312500000e+02
8.985269165039062500e+02
-4.520738220214843750e+02
9.093628692626953125e+01
7.383726196289062500e+02
-5.580549926757812500e+02
-7.553721313476562500e+02
5.362468261718750000e+02
8.704127807617187500e+02
9.137431030273437500e+02
2.176084594726562500e+02
3.364688110351562500e+02
7.621513671875000000e+02
7.387814331054687500e+02
-1.400581512451171875e+02
-8.474963989257812500e+02
4.608905639648437500e+02
6.832869873046875000e+02
-1.262697067260742188e+02
-5.203885498046875000e+02
8.902614135742187500e+02
9.678734130859375000e+02
9.614909057617187500e+02
-1.527064666748046875e+02
-7.335810546875000000e+02
5.839041137695312500e+02
-2.966180114746093750e+02
5.377000732421875000e+02
-8.624221801757812500e+02
9.470786743164062500e+02
5.967666015625000000e+02
-2.815310974121093750e+02
-8.736184692382812500e+02
-8.013383789062500000e+02
-1.389760284423828125e+02
-8.291878662109375000e+02
4.693016357421875000e+02
-3.896532058715820312e+01
-1.514445343017578125e+02
-9.377924194335937500e+02
-4.503460693359375000e+02
-5.905008544921875000e+02
-8.122962188720703125e+01
-1.061657943725585938e+02
-1.902456665039062500e+02
-1.314940338134765625e+02
-8.837344970703125000e+02
-7.728795166015625000e+02
-8.718925781250000000e+02
-1.356793403625488281e+01
-7.557559204101562500e+02
9.395928955078125000e+02
9.954666137695312500e+02
-2.904266967773437500e+02
-8.362652587890625000e+02
-5.038451843261718750e+02
-6.866469116210937500e+02
-9.298372192382812500e+02
4.298286132812500000e+02
1.702621002197265625e+02
3.125097656250000000e+02
3.330352478027343750e+02
-1.044747619628906250e+02
-4.406315612792968750e+02
6.105852661132812500e+02
-9.261097412109375000e+02
4.980724182128906250e+02
-9.637174606323242188e+00
8.734738769531250000e+02
2.136445159912109375e+02
-7.583267211914062500e+02
-2.808225822448730469e+01
-1.430829143524169922e+01
-5.782047729492187500e+02
-4.290568828582763672e+00
-3.265190124511718750e+01
4.888554687500000000e+02
-3.921512756347656250e+02
1.570326995849609375e+02
9.885281372070312500e+02
9.121289062500000000e+02
-8.171114501953125000e+02
9.585867309570312500e+01
-8.594625244140625000e+02
-9.668812866210937500e+02
6.377826538085937500e+02
4.164495239257812500e+02
5.696735229492187500e+02
8.562052612304687500e+02
2.222362060546875000e+02
4.534554138183593750e+02
-8.606937866210937500e+02
1.262549161911010742e-01
-1.600603818893432617e+00
1.299924850463867188e+00
3.105341792106628418e-01
1.866173267364501953e+00
1.163594245910644531e+00
8.639576435089111328e-01
1.424504280090332031e+00
3.440196216106414795e-01
8.211815953254699707e-01
5.387235283851623535e-01
5.599240064620971680e-01
1.647476911544799805e+00
-3.568991124629974365e-01
9.314611554145812988e-01
-1.617497444152832031e+00
-4.516822993755340576e-01
-7.125133872032165527e-01
1.887420892715454102e+00
-1.934996604919433594e+00
1.356003403663635254e+00
5.675795078277587891e-01
-1.365082979202270508e+00
1.874164819717407227e+00
1.619892239570617676e+00
-1.400336742401123047e+00
9.110131263732910156e-01
1.845015048980712891e+00
2.942924499511718750e-01
1.305665493011474609e+00
-4.510565996170043945e-01
-9.285042881965637207e-01
-1.293653964996337891e+00
3.734749555587768555e-01
1.671853899955749512e+00
-1.548298954963684082e+00
-1.494278311729431152e+00
-3.158267959952354431e-02
-1.102676749229431152e+00
8.365565538406372070e-01
9.479416906833648682e-02
1.314440488815307617e+00
1.551492094993591309e+00
-7.399997711181640625e-01
1.443698763847351074e+00
6.774381399154663086e-01
-1.198905557394027710e-01
1.245923638343811035e+00
1.012826859951019287e-01
6.408097743988037109e-01
1.111278533935546875e+00
6.411525607109069824e-01
-2.512260377407073975e-01
-6.924812793731689453e-01
-9.715262055397033691e-02
1.757844924926757812e+00
3.413182497024536133e-01
1.008630990982055664e+00
1.318695545196533203e+00
4.042782634496688843e-02
-4.252515733242034912e-01
-9.854449629783630371e-01
-1.153430938720703125e+00
-1.525051712989807129e+00
-3.389095067977905273e-01
1.617537498474121094e+00
1.822453737258911133e+00
1.860321164131164551e+00
-1.323519110679626465e+00
1.413492083549499512e+00
1.071585938334465027e-01
6.123007535934448242e-01
1.387060999870300293e+00
9.958766698837280273e-01
1.069673538208007812e+00
3.072832226753234863e-01
-7.039601802825927734e-01
1.885817050933837891e+00
6.292275190353393555e-01
-1.018774230033159256e-02
1.099360346794128418e+00
1.430478096008300781e-01
-4.268598556518554688e-01
1.722245097160339355e+00
1.291379630565643311e-01
7.015955448150634766e-01
1.236565947532653809e+00
1.363691091537475586e-01
7.000142931938171387e-01
-1.105198264122009277e+00
-1.700072765350341797e+00
-1.557570815086364746e+00
1.281887769699096680e+00
3.719740509986877441e-01
1.561704874038696289e+00
1.631546258926391602e+00
8.828383178710937500e+02
4.634983215332031250e+02
4.383494186401367188e+01
5.449974975585937500e+02
9.238636474609375000e+02
4.065045471191406250e+02
3.489032592773437500e+02
4.836407165527343750e+02
5.402821044921875000e+02
8.102149200439453125e+01
4.895815734863281250e+02
2.402426147460937500e+02
6.492271118164062500e+02
5.277523803710937500e+02
5.679189453125000000e+02
7.935848999023437500e+02
5.262864990234375000e+02
2.875965576171875000e+02
1.066349792480468750e+02
8.338971710205078125e+01
3.765938720703125000e+02
3.323651733398437500e+02
2.995292663574218750e+02
7.482493286132812500e+02
5.972495727539062500e+02
9.434712524414062500e+02
1.337651977539062500e+02
1.422722625732421875e+02
3.890959472656250000e+02
8.932223510742187500e+02
7.845662841796875000e+02
TLAST
4.595605163574218750e+02
