2415853568
-1020175320
1134510968
-1001829027
-1027944444
1130836890
1129050084
-1006268494
-1023357216
1148112511
-1061767707
-1002765176
-1002606745
-1005897337
-1005575237
1147202697
1148353514
1141901843
1138055839
-1023063649
-1000850165
-1004738590
-1010052376
1143698859
1145165666
1144077244
-1003338607
1121021283
-999273469
-1006925216
1147636223
1144142716
1131844997
1101628833
1141012033
-1005282683
1145861148
1141657383
-1004461235
1126898155
1143071130
1134540888
1141878996
1141906850
1126280395
1129174555
-1003144030
1136646808
-999833902
-1004467506
-999401204
-1045044930
-1020788068
1128596296
-1010147479
1129807786
-1001714451
1142505695
-1021981302
1129676685
-1027763543
1141029192
1129546997
-1013613694
1120623056
1145408600
1143855490
1134244012
-1020279943
-1022866970
1135112800
-1003169750
1141103918
1129402331
-1006917478
-1009620091
-999158296
-1003408972
-1013000518
1148456981
-1006028862
1145077329
-999250486
1145941838
-1010063871
-1012671621
1147035772
-1003359989
-1038909079
-1000995526
1118586412
1142730709
-1006655548
1129614721
1146345292
1137337559
-1003696227
-1095590032
-1085507106
1049247792
1034486891
-1081048714
1024758186
-1081234936
1073178182
1068444020
1028259230
-1078428955
1060037553
1028018740
1072560312
-1086395628
1044717659
-1075936345
-1083274436
1032293695
1068060471
-1079990733
-1086666253
1018965308
1062876918
-1094250958
-1098268377
-1080711103
1045471569
-1093079000
1047519209
-1092984257
-1079075862
-1084991904
-1081482934
1050079877
1062186913
-1103205687
1065646011
1070781661
1047725514
-1086531355
1061066334
1071195257
1069543133
1064077910
-1079870528
1042033104
1016265890
-1101931454
-1096770435
1072302446
-1075698680
1059481734
1070328167
-1090996855
-1076122580
1061253312
-1094910833
-1074052642
1059315630
1071451255
1059263923
-1074354031
1052579599
1067359450
-1087555523
-1095116122
-1076694065
1060623781
-1111496161
-1102380904
1065963268
1070025239
1053722447
-1096671054
1050892757
1049108898
1072955307
-1080941076
-1080505772
-1074462418
1071341625
-1091468264
-1080768639
-1091766015
1045829752
1060976302
1060218732
-1081537414
1071366982
1061584919
1058754226
1072290392
-1092159175
1072026615
1073477021
1141395024
1140201484
1147989845
1134404514
1146865303
1116048160
1145495885
1118663502
1148385951
1143227686
1131659040
1144222404
1135629441
1148230160
1130931151
1125468130
1139187459
1142527791
1133834330
1144520845
1143566264
1133696823
1143958493
1143905972
1132812306
1137808687
1132230624
1141643068
1145578542
1146927414
1148010670
TLAST
1125260179
2415853569
-1005298859
-1008006309
-1026713760
-1009413673
-1005580792
1144444315
1148774366
1143019826
1131307090
1116014086
-1012383863
1139767165
-1011316577
-1005792745
1143000455
-1055364298
1140509093
-1005663508
1141722289
-1000860234
-1005108120
1145299394
1138781736
1105418938
-1019833388
1148599032
1135255528
1135335231
-1012997387
1141421038
1147039561
1147805777
-999984385
1092874338
1144999360
1143358338
1141869809
-1004593524
-1003780997
1147019346
-1005912360
1129777515
1147112149
1147807837
-999052964
-999615977
1143653052
1139815691
-1000292245
1141861313
-1009324399
-1005462863
1127610013
1135155563
1140167717
-1002364163
-1005729762
1142359620
1134661173
1142043601
-1002128537
-998708618
1117439521
-1011713963
-1003684923
-1004514770
-1024366920
1135784322
1130444114
-1013884798
-1017780779
-999310109
1114679154
1144062950
1138636710
1124598993
-1003912752
-1013572192
-1044158901
1144120636
1138253709
-1044326635
-1011579550
-1010593671
-1028998283
-1013082093
-1002166214
1140259493
-1005313682
1135148245
1137322230
1114156030
-1011691857
-1005062978
-1010441637
-1012525944
-1103453020
1064985638
-1075181543
1068274049
-1087138604
1039890734
1028727517
-1076527538
-1077023848
1046601856
-1086539017
1069261180
1055548304
1049973774
1062770519
-1087101753
-1103014059
-1085427136
-1076577250
1027014513
1047577820
1049185097
-1087476325
1071983680
-1075213600
1063888631
-1075435554
-1080250392
-1122648918
1029350501
1064603231
-1083488722
1041342736
1039782971
1047721736
1058001683
1065701770
1056625666
-1077970512
1062434947
992658988
-1081840164
1052554683
-1078326036
-1107042515
1065785879
-1092153439
1070603733
1041411294
-1081196014
1064880731
-1090719242
-1078582148
-1082232165
1071358386
1049670045
1067415071
1070823283
1071535257
1059192236
-1129969688
-1077142592
1050733566
-1074941326
1059137151
1053066868
1070977654
1072237402
1034872870
1070413375
1057555067
-1076554983
1061509161
-1080914250
1068926410
-1086825450
-1078329385
1066881210
1061396435
1063078438
-1074739777
1069039416
-1077719072
-1096336249
-1078028095
1067658936
1046015454
1065979079
1066541074
1057086281
-1075597198
1058073678
1061832121
-1076421734
-1087266921
1059122382
1139392114
1138431082
1136277612
1148061846
1145171248
1146830372
1147919377
1135108936
1137857612
1147631036
1104969422
1141740372
1141116286
1146183386
1129967868
1131913193
1143092556
1146631602
1131991590
1135442667
1145817636
1145389052
1141869174
1110771186
1145831884
1100509407
1147787303
1136540521
1145596330
1135781881
1148117013
TLAST
1136096858
2415853570
1145616349
1137190513
-998900686
1142231132
1148701509
1147530670
1141670408
1146767581
-1010894575
-1008317484
-998941297
1118841070
-1012236588
-1003547190
1142822509
1137074216
-1040161438
1145058834
-1000543893
-1000277670
1148389418
-1003030792
1130818618
1144447122
-1001115625
-1014885377
-1001124185
1146946142
-1032860890
-1005018757
-1009785133
-1012459740
-1015882708
1135543992
1138094193
-1003699373
-1032607987
-999936450
1148486751
1141047907
-1007757109
1141773802
1129569884
-1003766727
1144742157
1141956156
1146368403
-1008128826
1143761019
-1004234783
-1010228751
-1031213561
-1010024989
-1004727985
1101418228
1143879491
1129621489
1141713703
-1019700807
1143357469
1147398703
-1023209927
1136323319
-1003334584
1113549347
1115887656
1119537571
-1004530964
-1003226260
1121304907
1130833078
-1000222128
1144139762
1131560483
1146616544
-1001945304
1138654181
-1018798904
1128829629
1133493586
1141115757
1147595374
1144391233
-1000550880
1144819135
1141428377
1140941430
-1006289163
1146316046
1146586635
-1004289397
1119177986
1128957662
1130933775
-1008421458
-1009340102
1066377231
-1086903493
1057502746
1048481778
-1080153933
1050842562
-1113539091
1064096570
-1080439692
1047441216
1036764353
1071793391
-1082722923
-1100884506
-1083532049
-1128027912
-1080455949
1057706503
1063271945
-1080267375
1044041542
1065819673
1068323464
1057551857
-1089809364
1070615498
1072863099
1068970963
1050326689
1053735346
1073079969
-1119198342
1043411313
-1078433906
-1086264367
-1088174939
1061688130
-1090670179
-1089653241
1057812945
1073037576
-1087396909
-1087578978
1069387922
-1113559715
-1109124072
-1083162046
1063686613
-1074868482
1070861334
-1090837342
1069387373
-1076716677
-1081395137
-1079413846
1069052531
-1089803534
1059425466
-1084625661
-1109838404
-1077335994
-1101185319
1072369856
-1074172230
-1079588179
1072273066
-1087443104
-1090084948
1050727514
-1081181235
-1090965769
1056664382
-1079656873
1069772876
-1103670093
1071675334
1036871999
-1076775594
1064249816
1071833811
-1087297186
-1077854366
1071019240
1035226651
1065520854
1069652329
1032982840
-1083838295
1065547773
-1096428074
1071176339
-1089361651
-1105011712
1066376972
-1091328870
1052411954
1122369916
1145956414
1141955109
1106723503
1113158446
1095512121
1148778638
1137976375
1145977121
1146681547
1142317478
1148257013
1143050257
1128772167
1134750962
1141989101
1143544605
1139443925
1143734497
1110044066
1140230961
1146534815
1142987732
1141608162
1145990567
1145265588
1146680622
1143680239
1142338506
1141627670
1114592507
TLAST
1107560047
2415853571
-1025508994
1140981345
-1003370436
1136823557
-1005903243
-1031009044
-1000577768
-1036495470
-1000446197
1122114668
1133728414
1122589217
1097465707
-1001612932
-1014732925
1145198791
1138774733
1067208393
-1000634878
1146701007
1140022926
1148726597
-1037325620
-1003702337
1144712649
1118325691
1144517007
1143226810
1148330193
1145840343
-1000810884
1135291179
1133612070
-1014676699
1126621822
-1005450390
1120767466
-1006581797
-1001517060
1133496625
-1005521854
1134913848
1138236711
1101881543
-1004609470
1128074869
-1003724200
-1000565452
-1000185635
1099765547
-1017322567
-1000311698
1133680545
1145681567
1142149328
1148121091
-1006246103
-1002222409
-1014569705
1146288617
1120472089
1113652091
-1002698052
1141747774
-1014027466
1116244463
1141571585
-999536138
-1011156945
1141366761
1093677732
-1029542178
-998802745
1145339365
1146376914
-1002189932
1143425583
-1012109138
1135267183
-1019462305
1145679172
1146671756
-1119787942
1137873069
-1002501855
-1009778128
1143356873
-1003492077
1147737750
1143630063
-1013116206
-1031090034
-1000908257
-1011600669
-1013326296
-1035061923
-1076840733
1055258532
-1083099704
-1088102219
1042953736
1071456742
-1080005809
-1106903238
-1094619709
1059627816
-1086186620
1068528826
1026265777
-1080396752
-1086313228
-1103013518
-1077151018
-1078564333
1056021212
1072223460
1068399347
-1089931262
1067566044
-1081376742
1065815273
1038539776
1071119761
-1076072683
1062159390
1061802617
1072250037
1065799454
-1115192828
-1093302679
1059010155
-1081527732
1062783570
-1084936469
1067457139
1062752912
-1086190166
1062014266
-1076651764
-1082752135
-1078134033
-1081867671
-1082615460
-1090586545
1060428591
1071635738
1067623694
1061891014
1063008989
-1100980918
-1089866348
1060302955
1062901647
-1075434530
-1078172927
-1078916860
1068636331
1073642399
-1085092301
1065724634
-1079888123
-1074743227
1062977873
1065443522
-1083317170
1067250871
1071272913
1060294963
1062883713
-1087594610
-1080392956
-1081250912
-1076106295
-1073942092
1058284505
1072271165
1050114987
-1076445947
-1089633219
-1084146352
1073055525
-1096905692
1059157798
1068178392
-1082092370
-1098346001
-1079298706
1054730942
-1081687470
-1103096583
-1074978660
-1077350123
1148253273
1130725777
1129070514
1119602110
1147723933
1138471580
1135693841
1145580848
1146733026
1148263498
1140931821
1148707938
1128490896
1118880628
1128712212
1148240626
1147970385
1121880203
1120356038
1148735591
1124647433
1148126614
1146813476
1115012923
1143108389
1139842172
1143528547
1097026711
1147359022
1146451098
1129771205
TLAST
1142361875
