2415853568
-6.976326904296875000e+02
6.329088592529296875e+01
1.291360015869140625e+02
2.812061462402343750e+02
2.950369873046875000e+02
-7.680332031250000000e+02
-4.976663513183593750e+02
2.150474739074707031e+01
-6.175858154296875000e+02
-9.147544555664062500e+02
-3.581900329589843750e+02
-3.298851318359375000e+02
-6.390063476562500000e+02
7.716925048828125000e+02
2.988134765625000000e+02
-9.166951293945312500e+02
-3.905635070800781250e+02
-4.887925109863281250e+02
-5.445016479492187500e+02
6.171565551757812500e+02
-4.109861145019531250e+02
5.289788818359375000e+01
-9.242457275390625000e+02
-1.601318054199218750e+02
1.379110717773437500e+02
4.874960327148437500e+02
6.959314727783203125e+01
4.362937622070312500e+02
8.105148925781250000e+02
7.121452026367187500e+02
2.887720031738281250e+02
9.151383056640625000e+02
-2.786423034667968750e+02
6.065691528320312500e+02
7.801795043945312500e+02
8.869595947265625000e+02
-7.696937866210937500e+02
-6.089644241333007812e+01
4.968716430664062500e+02
6.118075561523437500e+02
9.803911132812500000e+02
-4.676231079101562500e+02
7.558662719726562500e+02
-5.800620117187500000e+02
7.574584350585937500e+02
5.978831176757812500e+02
-1.152459640502929688e+02
7.842453002929687500e+02
-4.201060485839843750e+02
1.680040740966796875e+02
-2.519197845458984375e+02
-5.339367065429687500e+02
5.896190185546875000e+02
2.568149414062500000e+02
-9.825020751953125000e+02
-9.987285766601562500e+02
-9.621538696289062500e+02
2.244305419921875000e+02
8.617155761718750000e+02
-4.644657287597656250e+02
6.903717041015625000e+02
-6.673863220214843750e+01
4.187074890136718750e+02
-4.643433837890625000e+02
9.684487915039062500e+02
-3.374765625000000000e+02
-7.009010009765625000e+02
5.171430969238281250e+01
3.165184631347656250e+02
-4.070515441894531250e+02
-8.820585937500000000e+02
-2.709195861816406250e+02
-9.833768920898437500e+02
5.285062255859375000e+02
-6.021586914062500000e+02
3.632497253417968750e+02
-9.720392456054687500e+02
-7.723693847656250000e+02
-5.305811157226562500e+02
-9.867849731445312500e+01
-2.616693115234375000e+02
-7.151683807373046875e+01
-9.936134643554687500e+02
6.833501586914062500e+02
-4.886085510253906250e+02
-3.827308654785156250e+02
-4.497436218261718750e+02
4.630536499023437500e+02
3.029056396484375000e+02
-1.406418914794921875e+02
6.727313232421875000e+02
5.168937683105468750e+01
3.533009338378906250e+02
-5.480169677734375000e+02
8.838874511718750000e+02
-1.709588317871093750e+02
-1.500825643539428711e+00
5.045769810676574707e-01
-1.253170609474182129e+00
1.057917714118957520e+00
1.286507725715637207e+00
-1.758626818656921387e+00
8.285464644432067871e-01
-1.735743641853332520e+00
-1.218998312950134277e+00
-1.347731500864028931e-01
-3.023788332939147949e-01
1.326422452926635742e+00
-1.098615407943725586e+00
1.399351716041564941e+00
-1.183711662888526917e-01
-1.554160237312316895e+00
-4.783113002777099609e-01
1.441766858100891113e+00
9.956380128860473633e-01
-9.448882937431335449e-01
9.106038808822631836e-01
1.127943873405456543e+00
-1.094879746437072754e+00
2.931448817253112793e-01
1.570206522941589355e+00
-4.314433038234710693e-01
-1.775339245796203613e+00
-1.327032446861267090e+00
1.026498913764953613e+00
-1.782886624336242676e+00
-1.550149083137512207e+00
-1.247910141944885254e+00
1.133403658866882324e+00
4.988141059875488281e-01
-1.513808250427246094e+00
-1.376928806304931641e+00
1.582797288894653320e+00
-1.689769625663757324e+00
-1.336920619010925293e+00
7.578945159912109375e-01
-1.582048416137695312e+00
-1.948515653610229492e+00
9.835416674613952637e-01
-8.020346760749816895e-01
-1.891452550888061523e+00
3.033741749823093414e-02
-1.704608321189880371e+00
1.009395599365234375e+00
1.945174217224121094e+00
-1.886335730552673340e+00
5.122744441032409668e-01
1.957434654235839844e+00
5.254660248756408691e-01
9.738938808441162109e-01
-1.732871890068054199e+00
-4.035883843898773193e-01
9.388279318809509277e-01
9.675960242748260498e-02
-1.802950978279113770e+00
-1.944343209266662598e+00
-1.375135421752929688e+00
3.562559485435485840e-01
9.915105104446411133e-01
-1.148240804672241211e+00
1.307246804237365723e+00
-5.640369653701782227e-01
-6.680056452751159668e-01
-1.980222821235656738e+00
7.143996357917785645e-01
-3.190291225910186768e-01
7.386195659637451172e-01
-6.303922533988952637e-01
1.283876419067382812e+00
1.753007292747497559e+00
-1.646514058113098145e+00
1.473710894584655762e+00
-1.547717928886413574e+00
-3.961738348007202148e-01
-1.734844088554382324e+00
-6.743810772895812988e-01
-1.131520986557006836e+00
8.869880437850952148e-01
-6.209551542997360229e-02
1.335208654403686523e+00
-1.699474304914474487e-01
1.006893992424011230e+00
1.398214459419250488e+00
-2.653878629207611084e-01
1.610616326332092285e+00
-1.797271132469177246e+00
1.516879081726074219e+00
-1.780338168144226074e+00
-1.790358573198318481e-01
-7.864187955856323242e-01
-1.240550279617309570e+00
1.178349852561950684e+00
9.220077514648437500e+02
3.042138366699218750e+02
2.780103149414062500e+02
9.047349243164062500e+02
2.911669921875000000e+02
2.220954742431640625e+02
3.093356018066406250e+02
6.734649047851562500e+02
2.161845588684082031e+01
1.538163909912109375e+02
1.109311447143554688e+02
5.233251953125000000e+02
5.128644943237304688e+01
9.206489257812500000e+02
4.683119201660156250e+02
6.152140502929687500e+02
2.006757965087890625e+02
6.958544311523437500e+02
2.397908210754394531e+01
7.851153564453125000e+01
9.126258544921875000e+02
2.150495758056640625e+02
4.903238220214843750e+02
5.231138916015625000e+02
1.853688812255859375e+02
5.894971923828125000e+02
2.612796936035156250e+02
6.557249755859375000e+02
2.572366333007812500e+02
4.325020446777343750e+02
5.007597351074218750e+02
TLAST
1.938608169555664062e+01
2415853569
-9.620233154296875000e+02
7.617776489257812500e+02
-4.317259521484375000e+02
-3.039433898925781250e+02
3.748222351074218750e+02
3.559013671875000000e+02
-4.678820190429687500e+02
-2.844864845275878906e+00
4.831552886962890625e+01
6.528815917968750000e+02
-8.089878540039062500e+02
-1.164468383789062500e+02
-3.043096008300781250e+02
5.969157791137695312e+01
9.362733764648437500e+02
-9.643690185546875000e+02
-5.030567550659179688e+01
9.638654785156250000e+02
-9.696352539062500000e+02
8.156210327148437500e+02
-8.803634643554687500e+02
5.820238647460937500e+02
2.877003784179687500e+02
-2.864284057617187500e+02
-3.277203979492187500e+02
-1.044884490966796875e+02
-7.833362426757812500e+02
1.611265563964843750e+02
4.993235015869140625e+01
1.064181671142578125e+02
7.661277465820312500e+02
9.434193115234375000e+02
-1.655002212524414062e+01
-5.043075866699218750e+02
6.208775520324707031e+00
-7.506301116943359375e+01
-2.238031616210937500e+02
8.179139404296875000e+02
1.200153427124023438e+02
-4.914007873535156250e+02
-8.913148193359375000e+02
4.156327209472656250e+02
-4.062107849121093750e+02
6.317272949218750000e+02
7.783441162109375000e+02
4.932609558105468750e+02
6.794351806640625000e+02
-9.867589111328125000e+02
6.242999267578125000e+02
6.344879760742187500e+02
2.825445413589477539e+00
-5.419782714843750000e+02
-1.485285949707031250e+02
-3.315706481933593750e+02
9.283164672851562500e+02
5.384765625000000000e+02
2.631262512207031250e+02
3.786830444335937500e+02
-3.616753845214843750e+02
6.850333251953125000e+02
-2.633767089843750000e+02
1.851940155029296875e+02
-2.254064483642578125e+02
9.353596801757812500e+02
8.922240600585937500e+02
-4.937229309082031250e+02
2.137131500244140625e+02
7.391588745117187500e+02
-6.508171997070312500e+02
6.457147216796875000e+01
9.478994140625000000e+02
6.342942504882812500e+02
2.562782287597656250e+02
6.922680664062500000e+02
2.025825347900390625e+02
-6.223359985351562500e+02
1.235252952575683594e+01
-9.091226959228515625e+01
1.240952682495117188e+02
-9.207196044921875000e+02
-5.212173461914062500e+02
-8.174741821289062500e+02
7.038634033203125000e+02
-2.224943847656250000e+02
-4.743296508789062500e+02
3.335009155273437500e+02
-3.192723083496093750e+02
-4.907030639648437500e+02
-8.501875610351562500e+02
7.842378234863281250e+01
2.879090576171875000e+02
-7.566873779296875000e+02
-8.294393310546875000e+02
-8.831135864257812500e+02
3.707227783203125000e+02
-3.291841735839843750e+02
6.769571900367736816e-01
5.734522342681884766e-01
4.761497974395751953e-01
7.505370378494262695e-01
-3.926575481891632080e-01
-3.355683088302612305e-01
-1.672162413597106934e+00
6.087858080863952637e-01
2.711687982082366943e-01
-5.261005759239196777e-01
1.250577330589294434e+00
-1.407687664031982422e+00
-1.247077226638793945e+00
-1.471035242080688477e+00
1.688387751579284668e+00
1.594399094581604004e+00
1.870915889739990234e+00
6.386852264404296875e-01
-9.621697664260864258e-01
2.998295128345489502e-01
-4.999682009220123291e-01
-6.751818656921386719e-01
-2.916003167629241943e-01
-7.744863033294677734e-01
-6.265818476676940918e-01
-1.575013637542724609e+00
1.045171618461608887e+00
9.199195504188537598e-01
-7.326178550720214844e-01
3.105329871177673340e-01
1.170623302459716797e-01
5.044853687286376953e-02
1.075079321861267090e+00
8.478127717971801758e-01
-1.435468912124633789e+00
-1.323898434638977051e+00
1.806779980659484863e+00
5.309076607227325439e-02
-1.608871936798095703e+00
1.254100799560546875e+00
-1.515039920806884766e+00
-1.171062946319580078e+00
-7.578995227813720703e-01
-1.778993725776672363e+00
-3.519551455974578857e-01
7.773798704147338867e-01
-1.923900991678237915e-01
3.461512327194213867e-01
3.208131790161132812e-01
2.544468343257904053e-01
5.634990930557250977e-01
7.710034847259521484e-01
1.311792254447937012e+00
-1.257668972015380859e+00
4.432489871978759766e-01
-1.118338227272033691e+00
-1.912143111228942871e+00
-9.173422455787658691e-01
1.362474560737609863e+00
8.037718385457992554e-02
1.507863044738769531e+00
1.082112669944763184e+00
1.424515247344970703e+00
1.741232514381408691e+00
1.567346453666687012e+00
7.486807703971862793e-01
1.638072967529296875e+00
2.545631527900695801e-01
-1.687190979719161987e-01
4.629141092300415039e-01
1.210300683975219727e+00
5.624076128005981445e-01
-7.162860035896301270e-02
-5.592209100723266602e-01
6.290929317474365234e-01
-1.060236245393753052e-01
1.670649200677871704e-01
-1.032618522644042969e+00
-1.661554425954818726e-01
1.149625182151794434e-01
6.228868365287780762e-01
-1.239186525344848633e+00
-1.194637537002563477e+00
-1.208299160003662109e+00
3.732309639453887939e-01
-4.235354363918304443e-01
1.932263851165771484e+00
4.255340099334716797e-01
-7.486720085144042969e-01
4.199007451534271240e-01
-1.807138323783874512e+00
1.672957301139831543e+00
9.142068624496459961e-01
-1.528811335563659668e+00
-2.945515811443328857e-01
-1.515395164489746094e+00
1.086533432006835938e+02
8.844197082519531250e+01
4.503698730468750000e+02
5.375231933593750000e+02
9.767732543945312500e+02
3.449453430175781250e+02
1.788553466796875000e+02
9.671928100585937500e+02
5.356013793945312500e+02
9.626563110351562500e+02
3.517091369628906250e+02
7.446317291259765625e+01
4.540087890625000000e+02
9.789061889648437500e+02
7.154198455810546875e+01
4.758214416503906250e+02
8.487979736328125000e+02
2.109866943359375000e+02
7.921599731445312500e+02
6.465066528320312500e+01
3.147180786132812500e+02
1.706734771728515625e+02
9.743510131835937500e+02
6.068532104492187500e+02
2.789200439453125000e+02
9.224811401367187500e+02
5.538729248046875000e+02
3.560683288574218750e+02
7.087192382812500000e+02
6.749891967773437500e+02
9.622424926757812500e+02
TLAST
6.121883010864257812e+01
2415853570
-2.131029205322265625e+02
9.699736022949218750e+01
-3.011588439941406250e+02
-5.900388183593750000e+02
2.958362197875976562e+01
-1.886824951171875000e+02
-1.283156127929687500e+02
-6.387712402343750000e+02
-4.312767028808593750e+01
4.054347534179687500e+02
3.653692016601562500e+02
-6.883103027343750000e+02
-1.939113006591796875e+02
-3.788952636718750000e+02
-5.227631835937500000e+02
-7.232485351562500000e+02
-1.562426300048828125e+02
-9.167446899414062500e+02
-5.374163208007812500e+02
-2.787765197753906250e+02
-8.404291992187500000e+02
-3.099313354492187500e+02
-5.541688232421875000e+02
-7.599657440185546875e+01
-2.910096435546875000e+02
4.730515441894531250e+02
4.701654663085937500e+02
-9.837332153320312500e+01
7.216672973632812500e+02
-2.636164855957031250e+02
-2.988692321777343750e+02
-5.241777343750000000e+02
-7.930792236328125000e+02
4.330109024047851562e+01
5.990435180664062500e+02
-6.878873291015625000e+02
-9.600870361328125000e+02
-7.715191650390625000e+02
4.635880126953125000e+02
-1.968075561523437500e+02
7.910905761718750000e+02
2.918808288574218750e+02
-4.775625000000000000e+02
4.946398315429687500e+02
9.523739013671875000e+02
-5.840566406250000000e+02
-7.219064941406250000e+02
6.827482299804687500e+02
4.972406616210937500e+02
6.560182495117187500e+02
5.258620605468750000e+02
2.322342224121093750e+02
6.772510375976562500e+02
-7.540578613281250000e+02
-7.882314453125000000e+02
-7.060610961914062500e+01
4.799707336425781250e+02
-7.216017456054687500e+02
9.243910789489746094e+00
-4.511786193847656250e+02
1.728015747070312500e+02
3.285854187011718750e+02
-9.735714111328125000e+02
-6.912050170898437500e+02
-5.977556762695312500e+02
-2.304231262207031250e+02
4.445826110839843750e+02
-9.454212646484375000e+02
-8.087127075195312500e+02
-2.785002441406250000e+02
5.933696899414062500e+02
5.971571731567382812e+01
-1.558807067871093750e+02
2.954215698242187500e+02
-2.754998779296875000e+02
9.750575561523437500e+02
-4.261138305664062500e+02
8.463472900390625000e+02
-6.314422607421875000e+02
4.816700439453125000e+02
-3.302908020019531250e+02
-7.114098510742187500e+02
5.703309936523437500e+02
-3.840588684082031250e+02
5.137982940673828125e+01
1.622362518310546875e+02
-2.379431304931640625e+02
5.014634094238281250e+02
-6.032746582031250000e+02
5.108827514648437500e+02
-5.979758300781250000e+02
4.338601303100585938e+01
9.222284545898437500e+02
4.125693969726562500e+02
3.342416381835937500e+02
-4.239620971679687500e+02
-3.196425735950469971e-01
7.642808556556701660e-01
-1.892724394798278809e+00
4.563268423080444336e-01
-1.728556990623474121e+00
-2.587887942790985107e-01
1.257110238075256348e+00
-1.017514348030090332e+00
-5.182405710220336914e-01
-6.900980472564697266e-01
2.414504736661911011e-01
-1.369613260030746460e-01
1.971155047416687012e+00
-9.255461692810058594e-01
-1.952361226081848145e+00
-1.430102348327636719e+00
-4.834354817867279053e-01
1.566486597061157227e+00
-1.183521389961242676e+00
1.803936958312988281e+00
1.883784294128417969e+00
-9.860661625862121582e-01
-3.940868377685546875e-01
-1.902824044227600098e-01
-1.387603580951690674e-01
-3.395882546901702881e-01
1.280138254165649414e+00
-4.160396009683609009e-02
8.874709159135818481e-02
1.132886767387390137e+00
3.950684368610382080e-01
5.666888952255249023e-01
-1.278565675020217896e-01
2.063450813293457031e-01
1.222032666206359863e+00
1.041865468025207520e+00
-1.673203229904174805e+00
8.966391906142234802e-03
1.264346957206726074e+00
-1.971869945526123047e+00
-1.735459685325622559e+00
3.732406198978424072e-01
9.126197099685668945e-01
7.228178977966308594e-01
8.068529367446899414e-01
-2.633009254932403564e-01
-1.645748615264892578e+00
-1.162984490394592285e+00
1.136605381965637207e+00
-6.479506492614746094e-01
1.488491773605346680e+00
-8.399520069360733032e-02
-7.134616971015930176e-01
1.086923003196716309e+00
-1.976908922195434570e+00
-3.607231006026268005e-02
-1.740786433219909668e+00
5.348052382469177246e-01
-1.437089800834655762e+00
4.209578931331634521e-01
4.548965021967887878e-02
1.290946245193481445e+00
3.868474066257476807e-01
-1.963685154914855957e+00
-1.124180793762207031e+00
9.002430438995361328e-01
1.916190743446350098e+00
1.751666665077209473e+00
-8.880282044410705566e-01
-1.381125748157501221e-01
-1.167673826217651367e+00
-3.327023237943649292e-02
4.830983281135559082e-01
9.460749030113220215e-01
4.157516956329345703e-01
9.465615749359130859e-01
4.965212941169738770e-01
-1.212979197502136230e+00
1.005926251411437988e+00
3.563232719898223877e-01
1.865725040435791016e+00
1.808893322944641113e+00
-4.307049810886383057e-01
-1.637530922889709473e+00
9.628176689147949219e-02
-1.128621578216552734e+00
-1.366354584693908691e+00
-1.058165907859802246e+00
-1.672366380691528320e+00
8.029682636260986328e-01
-1.611452221870422363e+00
2.612871527671813965e-01
-1.040333628654479980e+00
1.461509585380554199e+00
1.272066980600357056e-01
1.503574609756469727e+00
8.772470703125000000e+02
6.518392944335937500e+02
1.535447998046875000e+02
4.076041564941406250e+02
5.687286376953125000e+01
8.705106201171875000e+02
1.002175827026367188e+02
2.192781677246093750e+02
7.086797485351562500e+02
7.609606933593750000e+02
2.170334167480468750e+02
1.552687683105468750e+02
2.517442703247070312e+01
7.988576507568359375e+01
8.823524780273437500e+02
1.791220092773437500e+02
4.035790100097656250e+02
7.700354003906250000e+02
9.830781250000000000e+02
8.725120849609375000e+02
9.227803344726562500e+02
8.319938354492187500e+02
3.488546752929687500e+02
6.371711425781250000e+02
7.072908325195312500e+02
4.127972106933593750e+02
6.033657226562500000e+02
9.708656005859375000e+02
3.266196594238281250e+02
9.205250244140625000e+02
9.873342285156250000e+02
TLAST
5.869497070312500000e+02
2415853571
2.722271728515625000e+02
-5.026443786621093750e+02
2.909440040588378906e+01
2.244886322021484375e+02
-3.215867919921875000e+02
-7.032681274414062500e+02
-2.055921936035156250e+02
1.446871185302734375e+02
8.431691894531250000e+02
-5.300306396484375000e+02
-1.293515777587890625e+02
-2.304543762207031250e+02
7.766718750000000000e+02
1.764208221435546875e+02
-8.589380493164062500e+02
1.647166290283203125e+02
9.181990966796875000e+02
-1.106334915161132812e+02
3.113288574218750000e+02
7.429652099609375000e+02
2.265369262695312500e+02
7.603833007812500000e+02
-8.373676757812500000e+02
-1.335143127441406250e+02
6.040870971679687500e+02
-7.369741210937500000e+02
-8.664351196289062500e+02
3.147868347167968750e+01
-3.093429756164550781e+01
-3.252750854492187500e+02
3.946972351074218750e+02
-3.611430358886718750e+02
2.469385375976562500e+02
-7.138620605468750000e+02
-2.142265014648437500e+02
-5.579582977294921875e+01
7.846171875000000000e+02
6.703275756835937500e+02
-6.622189941406250000e+02
-8.436066284179687500e+02
-9.572008056640625000e+02
2.930012817382812500e+02
7.820513916015625000e+02
-8.376142578125000000e+02
-4.080155029296875000e+02
-4.289347534179687500e+02
9.246616210937500000e+02
-6.796266479492187500e+02
7.131119995117187500e+02
4.148273849487304688e+01
1.616899566650390625e+02
-9.972780151367187500e+02
5.664241943359375000e+02
-4.569534912109375000e+02
-2.746220703125000000e+02
5.170625000000000000e+02
8.316516113281250000e+02
7.413850097656250000e+02
7.828652954101562500e+02
1.489877319335937500e+02
3.893287048339843750e+02
-4.512695312500000000e+02
3.965261840820312500e+02
-9.956655120849609375e+01
6.555615844726562500e+02
1.383687133789062500e+02
7.912445068359375000e+02
8.762260742187500000e+02
5.819087524414062500e+02
-9.210764770507812500e+02
7.347294921875000000e+02
-4.678031921386718750e+02
-6.758340454101562500e+02
2.232827453613281250e+02
-5.826204833984375000e+02
7.144792480468750000e+02
-1.404344024658203125e+02
-3.353167114257812500e+02
7.049328613281250000e+02
-4.113583068847656250e+02
-3.116986694335937500e+02
4.140708007812500000e+02
-1.740168914794921875e+02
-9.608942260742187500e+02
-4.637504882812500000e+02
9.417949218750000000e+02
8.256804809570312500e+02
-8.406606445312500000e+02
8.793460693359375000e+02
-1.199625854492187500e+02
5.447932739257812500e+02
-4.123736877441406250e+02
-6.184111938476562500e+02
-4.306099700927734375e+01
8.323214721679687500e+02
5.804010620117187500e+02
-1.555165410041809082e+00
8.814316987991333008e-01
-1.705396413803100586e+00
-8.476422429084777832e-01
-1.812879443168640137e+00
-1.538098096847534180e+00
7.526623606681823730e-01
7.309980988502502441e-01
9.968633651733398438e-01
-1.697500944137573242e+00
-1.271129846572875977e+00
7.452421188354492188e-01
-5.100287795066833496e-01
-1.544800162315368652e+00
1.923862814903259277e+00
-1.679195165634155273e+00
1.012956351041793823e-01
6.810218095779418945e-01
-1.837829798460006714e-01
1.172423481941223145e+00
1.802823305130004883e+00
-9.784656763076782227e-01
5.012443065643310547e-01
8.161453008651733398e-01
1.674386620521545410e+00
-1.877328157424926758e+00
3.916263878345489502e-01
8.043450117111206055e-01
-5.891106128692626953e-01
-1.702120184898376465e+00
3.499339222908020020e-01
-2.254859805107116699e-01
1.448217988014221191e+00
1.671092748641967773e+00
1.549481987953186035e+00
1.162685275077819824e+00
1.384921312332153320e+00
2.371201515197753906e-01
-5.678761601448059082e-01
-1.676448345184326172e+00
-5.215246677398681641e-01
1.746540904045104980e+00
-1.566527843475341797e+00
4.783561825752258301e-01
1.854516625404357910e+00
-1.690502762794494629e+00
-1.841370940208435059e+00
-1.643051385879516602e+00
-1.691402196884155273e+00
1.727398633956909180e+00
2.200587689876556396e-01
1.277732133865356445e+00
9.852247834205627441e-01
-1.430921554565429688e-01
-1.942221283912658691e+00
1.062811851501464844e+00
8.007952570915222168e-01
9.334259629249572754e-01
1.009761810302734375e+00
1.450697064399719238e+00
1.425487160682678223e+00
6.119806766510009766e-01
1.654528141021728516e+00
5.360053181648254395e-01
2.155520468950271606e-01
8.750861138105392456e-02
-3.761249482631683350e-01
4.649797379970550537e-01
-2.918850779533386230e-01
1.283270239830017090e+00
-1.128303170204162598e+00
-9.599877595901489258e-01
-1.891071438789367676e+00
-1.433627486228942871e+00
-1.172696471214294434e+00
1.705265283584594727e+00
5.079801678657531738e-01
1.311951279640197754e+00
5.216358602046966553e-02
7.839672565460205078e-01
-8.871711492538452148e-01
-1.415884017944335938e+00
-1.427446126937866211e+00
1.949076533317565918e+00
-1.484924077987670898e+00
-4.898088574409484863e-01
-1.889274835586547852e+00
2.195582985877990723e-01
-7.259951829910278320e-01
-7.895598411560058594e-01
-1.235292315483093262e+00
-7.519454509019851685e-02
-1.646543979644775391e+00
1.431908130645751953e+00
-1.407608389854431152e+00
-3.366693258285522461e-01
9.150484619140625000e+02
7.436668701171875000e+02
7.187416381835937500e+02
1.131447830200195312e+02
7.462805175781250000e+02
1.789560241699218750e+02
7.570037231445312500e+02
5.977993392944335938e+01
8.760246582031250000e+02
1.869048767089843750e+02
8.581534423828125000e+02
8.955238647460937500e+02
1.024369659423828125e+02
1.158289184570312500e+02
9.751069335937500000e+02
9.842164306640625000e+02
9.629147338867187500e+01
6.360090942382812500e+02
3.692925720214843750e+02
5.897309875488281250e+01
8.517730712890625000e+02
6.635825805664062500e+02
6.054717254638671875e+01
4.533136901855468750e+02
4.067994384765625000e+02
9.849930419921875000e+02
9.945513305664062500e+02
2.266068420410156250e+02
7.630792846679687500e+02
6.627363281250000000e+02
4.343235168457031250e+02
TLAST
5.757737426757812500e+02
