2415853568
9.640697021484375000e+02
8.142656250000000000e+02
-4.722840576171875000e+02
9.636452026367187500e+02
-6.344144287109375000e+02
-3.031622314453125000e+02
8.870637207031250000e+02
1.557555294036865234e+01
1.296910667419433594e+01
-5.205987930297851562e+01
-8.290102539062500000e+02
7.442705688476562500e+02
4.292196044921875000e+02
-6.001907348632812500e+02
2.950016174316406250e+02
-6.773580932617187500e+02
5.206782836914062500e+02
-7.490841064453125000e+02
-7.231185913085937500e+02
-6.421461181640625000e+02
-3.716287841796875000e+02
5.571691894531250000e+02
2.578673706054687500e+02
-7.628092651367187500e+02
-6.644628295898437500e+02
4.355701293945312500e+02
-8.818302917480468750e+01
4.047417297363281250e+02
-2.023533020019531250e+02
-4.401018371582031250e+02
7.373250732421875000e+02
-2.251181182861328125e+02
7.226707153320312500e+02
1.639004516601562500e+02
5.852697143554687500e+02
8.930371093750000000e+02
-4.865439453125000000e+02
-6.109141845703125000e+02
4.164283447265625000e+02
1.980587615966796875e+02
-5.897257690429687500e+02
-5.191870498657226562e+01
-1.713781585693359375e+02
8.391334838867187500e+02
4.486294250488281250e+02
-2.879457092285156250e+02
-6.078251342773437500e+02
-3.363027038574218750e+02
-9.453669433593750000e+02
-1.041146316528320312e+02
6.075566406250000000e+02
9.147482299804687500e+02
-9.491809082031250000e+02
-7.126606445312500000e+02
6.262662887573242188e+01
-4.727030029296875000e+02
9.286287841796875000e+02
-1.521908111572265625e+02
-9.536333007812500000e+02
8.193233642578125000e+02
6.460761108398437500e+02
-3.049625549316406250e+02
-1.820468597412109375e+02
-5.757311401367187500e+02
4.487351989746093750e+02
-3.367668762207031250e+02
-3.315049133300781250e+02
-1.960408782958984375e+02
9.575805664062500000e+02
7.053585815429687500e+02
-9.787352294921875000e+02
-6.015739746093750000e+02
-3.070965270996093750e+02
5.962343750000000000e+02
7.027279052734375000e+02
2.565818786621093750e+02
2.824408874511718750e+02
1.716569213867187500e+02
-3.306245422363281250e+02
1.727406158447265625e+02
5.450771484375000000e+02
4.015917663574218750e+02
1.135994415283203125e+02
8.286704711914062500e+02
-3.622556762695312500e+02
3.220238952636718750e+02
8.849542999267578125e+01
7.138183593750000000e+01
7.799324798583984375e+01
-1.337240219116210938e+01
-1.610256500244140625e+02
-7.245583496093750000e+02
-7.730551757812500000e+02
-2.294919128417968750e+02
2.947030639648437500e+02
-4.638220214843750000e+02
9.195511043071746826e-02
-2.890991866588592529e-01
2.628200352191925049e-01
-1.209357261657714844e+00
-5.915778875350952148e-01
1.305298805236816406e-01
1.156470537185668945e+00
-1.014298439025878906e+00
8.744327425956726074e-01
2.107147425413131714e-01
7.926042079925537109e-01
-8.654955029487609863e-01
-1.853439450263977051e+00
-5.820841193199157715e-01
4.074343144893646240e-01
-1.355969548225402832e+00
5.702461600303649902e-01
5.324102640151977539e-01
1.327518939971923828e+00
-9.525948762893676758e-01
4.057759046554565430e-01
2.954244613647460938e-01
1.455049216747283936e-01
9.318628311157226562e-01
1.289808750152587891e-01
6.362120509147644043e-01
6.188292503356933594e-01
4.324774444103240967e-01
-1.923807263374328613e+00
2.644108533859252930e-01
8.426221013069152832e-01
-1.042294144630432129e+00
-6.555797457695007324e-01
1.494731187820434570e+00
1.958804368972778320e+00
-6.788519620895385742e-01
5.055928826332092285e-01
1.453637957572937012e+00
-1.557798385620117188e+00
-1.251687884330749512e+00
7.767890095710754395e-01
2.594879865646362305e-01
-4.929286614060401917e-02
-1.384265542030334473e+00
-5.806161165237426758e-01
1.253611445426940918e+00
-1.461684346199035645e+00
2.746208310127258301e-01
1.461341738700866699e+00
-1.762317895889282227e+00
1.290315032005310059e+00
5.454970598220825195e-01
-1.185828208923339844e+00
-1.441431522369384766e+00
-1.822008728981018066e+00
-7.507491111755371094e-01
-1.115721583366394043e+00
-2.837958037853240967e-01
1.626285910606384277e+00
9.558569192886352539e-01
1.727445721626281738e+00
1.160588145256042480e+00
1.063865065574645996e+00
5.686267018318176270e-01
-3.293094336986541748e-01
-1.409535259008407593e-01
-7.805928587913513184e-01
1.943983674049377441e+00
1.933476924896240234e+00
-1.363698363304138184e+00
1.924170732498168945e+00
-1.835903525352478027e+00
1.791903734207153320e+00
-5.825433731079101562e-01
1.993185997009277344e+00
-1.117030978202819824e+00
-1.904345154762268066e+00
7.509394288063049316e-01
-1.430580854415893555e+00
-1.080269336700439453e+00
1.200626373291015625e+00
-1.068022489547729492e+00
-7.729989290237426758e-01
-5.011314153671264648e-01
6.284905076026916504e-01
9.399108290672302246e-01
-8.131456375122070312e-01
-1.259018063545227051e+00
7.247123122215270996e-01
3.902980685234069824e-01
-3.895546793937683105e-01
1.694741606712341309e+00
-5.109578967094421387e-01
-1.565904855728149414e+00
-1.049759268760681152e+00
1.547486782073974609e+00
5.347026977539062500e+02
6.824508666992187500e+02
1.615352325439453125e+02
3.593670959472656250e+02
7.634860229492187500e+02
8.710909423828125000e+02
1.037956466674804688e+02
4.696860961914062500e+02
2.163907470703125000e+02
6.129944458007812500e+02
3.554855957031250000e+02
2.668559875488281250e+02
6.529424438476562500e+02
3.144588928222656250e+02
2.579986953735351562e+01
6.351614379882812500e+02
6.405120849609375000e+02
4.041024475097656250e+02
6.969091796875000000e+02
4.589918136596679688e+01
4.123281860351562500e+02
9.376329956054687500e+02
8.111970214843750000e+02
8.438126220703125000e+02
6.325230712890625000e+02
2.197500038146972656e+01
3.266735534667968750e+02
9.474511718750000000e+01
9.262045288085937500e+02
8.727995605468750000e+02
5.463799953460693359e+00
TLAST
5.278073730468750000e+02
2415853569
-3.309558105468750000e+02
6.887148437500000000e+02
5.368112182617187500e+02
-7.243005981445312500e+02
-3.648524169921875000e+02
4.259832763671875000e+02
-8.753706054687500000e+02
-5.424533081054687500e+02
-7.109660644531250000e+02
6.525910644531250000e+02
-5.712296295166015625e+01
-8.776016845703125000e+02
8.628961944580078125e+01
-8.087665557861328125e+01
5.556737060546875000e+02
5.146978759765625000e+02
2.625322570800781250e+02
9.200388183593750000e+02
9.834377441406250000e+02
7.543793334960937500e+02
1.986205482482910156e+01
7.433186035156250000e+02
4.363298034667968750e+02
1.564196777343750000e+02
-4.002229309082031250e+02
6.195183105468750000e+02
-6.656125488281250000e+02
-8.818590087890625000e+02
-6.754422607421875000e+02
-5.770149536132812500e+02
8.198139648437500000e+02
-8.825789642333984375e+01
7.602246704101562500e+02
-1.794338684082031250e+02
-6.346066894531250000e+02
-7.944958496093750000e+02
6.436453247070312500e+02
8.186372070312500000e+02
-6.581046752929687500e+02
6.725463256835937500e+02
8.265985717773437500e+02
7.619277954101562500e+02
3.774801025390625000e+02
-6.848657836914062500e+02
3.949865417480468750e+02
-8.585284423828125000e+02
5.826283569335937500e+02
-2.853873291015625000e+02
-6.812969970703125000e+02
-8.745141601562500000e+01
6.412554931640625000e+02
7.767018432617187500e+02
-9.483566284179687500e+02
9.983994140625000000e+02
2.171244659423828125e+02
-6.981752319335937500e+02
2.914590148925781250e+02
-5.016289978027343750e+02
-3.753772583007812500e+02
2.076707611083984375e+02
-5.522241821289062500e+02
2.153593902587890625e+02
-2.549315185546875000e+02
-7.439259033203125000e+02
-6.445786132812500000e+02
-6.362526245117187500e+02
-2.454482574462890625e+02
4.986203308105468750e+02
3.494524765014648438e+01
7.347853393554687500e+02
-8.632480468750000000e+02
5.017289123535156250e+02
4.272449493408203125e+01
5.440448608398437500e+02
-2.817097473144531250e+02
9.742576293945312500e+02
3.467999267578125000e+01
-1.332598876953125000e+02
-1.980732421875000000e+02
-7.237937622070312500e+02
-3.725107116699218750e+02
-3.627368469238281250e+02
9.821295776367187500e+02
1.995297546386718750e+02
-1.734915008544921875e+02
7.119565429687500000e+02
-6.632529296875000000e+02
8.385992431640625000e+02
7.151637573242187500e+02
-2.012486877441406250e+02
-6.577021484375000000e+02
-8.692613220214843750e+01
-7.152615356445312500e+02
-9.955881958007812500e+02
-5.036867675781250000e+02
2.392705688476562500e+02
5.910509228706359863e-01
-1.644875526428222656e+00
3.044890165328979492e-01
-1.154919385910034180e+00
6.518314480781555176e-01
-7.200102806091308594e-01
-1.917071104049682617e+00
1.456544101238250732e-01
1.789696574211120605e+00
1.440500855445861816e+00
8.092938661575317383e-01
3.813697099685668945e-01
-1.115314960479736328e+00
-7.528659701347351074e-01
-1.777306199073791504e+00
-1.258151173591613770e+00
-1.953755497932434082e+00
-6.727893352508544922e-01
-5.286325812339782715e-01
9.092999100685119629e-01
1.958524465560913086e+00
-1.911007642745971680e+00
1.619231462478637695e+00
-2.748836874961853027e-01
-6.572255492210388184e-01
-3.913259208202362061e-01
9.248298406600952148e-01
1.623470902442932129e+00
-1.237196087837219238e+00
3.713195621967315674e-01
1.007251620292663574e+00
-5.329815745353698730e-01
5.727682635188102722e-02
-4.410941004753112793e-01
-4.393706321716308594e-01
1.193554639816284180e+00
9.200858473777770996e-01
1.876448512077331543e+00
-1.118829846382141113e+00
1.319515109062194824e+00
-1.530107021331787109e+00
-8.452284932136535645e-01
-1.749142259359359741e-01
-1.314695000648498535e+00
1.472456574440002441e+00
-1.661574602127075195e+00
3.961361348628997803e-01
-1.465559959411621094e+00
-2.223541885614395142e-01
1.147165775299072266e+00
-4.608949124813079834e-01
-1.328755378723144531e+00
1.161114215850830078e+00
1.124671697616577148e+00
-8.546277880668640137e-02
1.021925210952758789e-01
-3.339340090751647949e-01
1.713548660278320312e+00
-3.378542363643646240e-01
-9.650980234146118164e-01
1.658991456031799316e+00
1.997894644737243652e+00
1.145512223243713379e+00
2.301159650087356567e-01
5.156700611114501953e-01
-2.377466112375259399e-01
1.504213690757751465e+00
-5.979008674621582031e-01
1.290597319602966309e+00
-4.817910194396972656e-01
9.967362284660339355e-01
7.988438606262207031e-01
-1.641023278236389160e+00
1.911396145820617676e+00
2.655072510242462158e-01
7.767074108123779297e-01
-1.029289126396179199e+00
-1.069487333297729492e+00
5.132897496223449707e-01
-1.795227080583572388e-01
-1.604119777679443359e+00
-2.790929190814495087e-02
6.738405227661132812e-01
-6.997703909873962402e-01
-1.076078891754150391e+00
-6.799763441085815430e-01
1.537658572196960449e+00
-3.408119082450866699e-01
-5.694066882133483887e-01
-9.092287719249725342e-02
-1.469689369201660156e+00
1.659108042716979980e+00
-1.971656799316406250e+00
-1.813727617263793945e+00
-4.896836355328559875e-02
-9.292172640562057495e-02
4.216079711914062500e+02
9.002956542968750000e+02
6.810744628906250000e+02
2.557235260009765625e+02
6.892357177734375000e+02
8.946183776855468750e+01
4.042865600585937500e+02
4.052085876464843750e+02
4.532296752929687500e+02
3.368552017211914062e+01
3.948740234375000000e+02
7.957390747070312500e+02
3.130638732910156250e+02
7.188813476562500000e+02
6.621232299804687500e+02
7.094079589843750000e+01
7.573809814453125000e+02
8.887653808593750000e+02
1.115648193359375000e+02
8.254951782226562500e+02
2.783436889648437500e+02
8.733615112304687500e+02
8.310508422851562500e+02
6.316919555664062500e+02
9.220601806640625000e+02
9.592252807617187500e+02
2.496081542968750000e+02
1.767002563476562500e+02
8.879915161132812500e+02
4.202293395996093750e+01
9.601305389404296875e+01
TLAST
3.794960021972656250e+02
2415853570
-4.897964782714843750e+02
6.095473022460937500e+02
-5.134976577758789062e+01
-8.280169067382812500e+02
9.471921386718750000e+02
7.679447631835937500e+02
-1.128017349243164062e+02
3.165500488281250000e+02
9.813483886718750000e+02
3.472961120605468750e+02
-5.759972763061523438e+01
3.686182556152343750e+02
3.076411437988281250e+02
-1.886013641357421875e+02
-7.731383514404296875e+01
2.842614746093750000e+02
5.770792236328125000e+02
2.454869384765625000e+02
7.900159301757812500e+02
-3.633048706054687500e+02
9.549749755859375000e+02
-4.222897338867187500e+01
9.298865356445312500e+02
-8.046679077148437500e+02
2.627662353515625000e+02
-4.037873535156250000e+02
4.833798217773437500e+02
-9.337663574218750000e+02
-3.206787719726562500e+02
7.694959716796875000e+02
-6.027194213867187500e+02
-6.256490478515625000e+02
-7.660909423828125000e+02
7.046240234375000000e+01
-3.349825744628906250e+02
4.433504943847656250e+02
9.499301757812500000e+02
4.246810302734375000e+02
-3.680962524414062500e+02
4.018836059570312500e+02
-2.736513061523437500e+02
-7.815407104492187500e+02
-5.534842529296875000e+02
-1.223974895477294922e+01
2.084462738037109375e+02
9.817747802734375000e+02
1.986181182861328125e+02
-2.459044952392578125e+02
2.325122833251953125e+02
3.774725341796875000e+02
4.363970336914062500e+02
5.098695983886718750e+02
4.960483093261718750e+02
4.012863464355468750e+02
2.460422668457031250e+02
8.797901611328125000e+02
9.266000366210937500e+02
-4.775111999511718750e+02
3.449827194213867188e+01
-9.311889038085937500e+02
-7.887589721679687500e+02
-1.265013809204101562e+02
9.400458374023437500e+02
-6.673464355468750000e+02
-4.280763854980468750e+02
-1.390098266601562500e+02
-6.282047119140625000e+02
-5.969873046875000000e+02
-2.533480682373046875e+02
-5.873113403320312500e+02
3.010063171386718750e+01
4.513692016601562500e+02
-5.030978088378906250e+02
-1.996398925781250000e+01
-7.645474853515625000e+02
-4.378940200805664062e+01
7.878186645507812500e+02
8.590781250000000000e+02
-1.213095092773437500e+02
-9.648122558593750000e+02
5.117282714843750000e+02
3.501054687500000000e+02
8.244783325195312500e+02
-7.139044799804687500e+02
5.411337280273437500e+02
-4.002169799804687500e+02
5.989910888671875000e+02
3.301632385253906250e+02
5.087099609375000000e+02
-3.160549316406250000e+02
-2.793486022949218750e+02
9.704880981445312500e+02
-4.913982849121093750e+02
-7.017133789062500000e+02
-2.866058044433593750e+02
-8.294442749023437500e+02
1.684430718421936035e+00
1.125347733497619629e+00
5.871066451072692871e-01
3.243251144886016846e-01
9.744320511817932129e-01
-1.632873535156250000e+00
1.167010664939880371e+00
-1.473751902580261230e+00
1.193348765373229980e+00
-1.750846028327941895e+00
-1.487765312194824219e+00
6.237062215805053711e-01
1.305978298187255859e+00
1.703123807907104492e+00
-1.485622763633728027e+00
-1.473070621490478516e+00
1.863531112670898438e+00
5.814756751060485840e-01
1.476877212524414062e+00
1.872122526168823242e+00
-1.634568452835083008e+00
-7.363145947456359863e-01
-1.415481686592102051e+00
-1.379992842674255371e+00
1.607333183288574219e+00
-1.844310045242309570e+00
3.761857002973556519e-02
-2.162597924470901489e-01
-1.058726072311401367e+00
2.899900972843170166e-01
6.489461660385131836e-01
-5.729135870933532715e-01
-1.437671542167663574e+00
-4.693369567394256592e-01
-1.223103284835815430e+00
1.794523954391479492e+00
-3.407990038394927979e-01
-1.947101831436157227e+00
1.454027891159057617e+00
2.443689666688442230e-02
-7.979812622070312500e-01
1.415369272232055664e+00
-7.305788397789001465e-01
-3.511523604393005371e-01
6.841107606887817383e-01
-1.782088398933410645e+00
1.710093855857849121e+00
3.461031913757324219e-01
3.388445377349853516e-01
1.365506410598754883e+00
1.267162442207336426e+00
2.496205270290374756e-01
1.389018893241882324e+00
-4.755925536155700684e-01
1.743443846702575684e+00
1.158098459243774414e+00
-8.926916122436523438e-02
-1.838904738426208496e+00
-1.341276764869689941e+00
-7.883441448211669922e-01
-1.203610301017761230e+00
-9.726942777633666992e-01
1.262803435325622559e+00
1.622328042984008789e+00
1.767541527748107910e+00
-1.627214193344116211e+00
-8.347049951553344727e-01
6.429454088211059570e-01
-7.815558314323425293e-01
5.934844613075256348e-01
-1.750086545944213867e+00
-5.188626646995544434e-01
5.250381231307983398e-01
-5.234284996986389160e-01
1.585881471633911133e+00
3.756626844406127930e-01
-1.597362041473388672e+00
-1.019884198904037476e-01
-1.042871832847595215e+00
-3.462650775909423828e-01
1.378330111503601074e+00
-9.628593325614929199e-01
1.779495239257812500e+00
3.342780470848083496e-01
-1.401834487915039062e+00
1.708296179771423340e+00
1.338539242744445801e+00
-2.432747185230255127e-01
1.447687387466430664e+00
-1.629132390022277832e+00
1.977146148681640625e+00
6.670726537704467773e-01
-1.648839354515075684e+00
8.179302215576171875e-01
9.644211530685424805e-01
-1.141384124755859375e+00
9.826959838867187500e+02
1.180082092285156250e+02
7.681153564453125000e+02
9.738806762695312500e+02
3.263548583984375000e+02
2.531187591552734375e+02
7.191802215576171875e+01
7.839843139648437500e+02
8.374196777343750000e+02
9.416912231445312500e+02
9.721297607421875000e+02
5.050720825195312500e+02
1.029213409423828125e+02
4.905675354003906250e+02
5.924639892578125000e+01
5.579761123657226562e+01
6.333261718750000000e+02
4.152581787109375000e+01
9.935648803710937500e+02
2.807906799316406250e+02
6.658160400390625000e+02
1.933797760009765625e+02
6.350377807617187500e+02
6.626060180664062500e+02
8.919789886474609375e+01
6.711920776367187500e+02
6.670457153320312500e+02
8.688688354492187500e+02
5.494713134765625000e+02
9.928778076171875000e+01
9.686466674804687500e+02
TLAST
3.741743469238281250e+01
2415853571
4.535055541992187500e+02
9.188563232421875000e+02
-2.467566070556640625e+02
7.949832153320312500e+02
-5.208901977539062500e+02
-7.986896972656250000e+02
8.183244018554687500e+02
5.809841918945312500e+02
-1.507360382080078125e+02
5.165550537109375000e+02
2.219388427734375000e+02
-7.863745117187500000e+02
8.689026641845703125e+01
2.314605407714843750e+02
7.895269775390625000e+02
3.791497497558593750e+02
-6.972459106445312500e+02
3.473488464355468750e+02
-9.000821685791015625e+01
-9.907244262695312500e+02
-8.079749755859375000e+02
5.772158050537109375e+01
-7.456517333984375000e+02
-9.245169067382812500e+02
5.568264160156250000e+02
-3.044043884277343750e+02
3.542242126464843750e+02
-2.277618255615234375e+02
5.895034179687500000e+02
-4.561839294433593750e+02
3.118869934082031250e+02
4.269428405761718750e+02
-6.543827514648437500e+02
-5.669565429687500000e+02
-5.311760253906250000e+02
-7.663072509765625000e+02
4.658368301391601562e+01
-2.874791259765625000e+02
5.581398315429687500e+02
-9.258817138671875000e+02
3.664812622070312500e+02
9.490147705078125000e+02
6.535253295898437500e+02
-2.220981140136718750e+02
-9.270513916015625000e+02
5.165996170043945312e+01
-6.717227783203125000e+02
-6.305232543945312500e+02
3.604477233886718750e+02
9.150623168945312500e+02
-5.395841217041015625e+01
5.419086914062500000e+02
-7.076581420898437500e+02
-4.589968566894531250e+02
2.208174285888671875e+02
3.686524658203125000e+02
7.677403564453125000e+02
3.379792175292968750e+02
2.471171951293945312e+01
1.705296783447265625e+02
1.801592254638671875e+02
2.722688102722167969e+01
8.131012725830078125e+01
-8.007554321289062500e+02
3.438934631347656250e+02
4.669132995605468750e+02
-4.120854492187500000e+02
1.017532577514648438e+02
8.262602539062500000e+02
-6.804686889648437500e+02
7.241617431640625000e+02
8.897208251953125000e+02
4.706256713867187500e+02
5.156005859375000000e+02
3.084718627929687500e+02
9.392357177734375000e+02
6.400158691406250000e+02
-5.686974487304687500e+02
5.162677612304687500e+02
-9.651846313476562500e+01
3.495710754394531250e+02
4.265760803222656250e+02
5.157118530273437500e+02
1.058236083984375000e+02
-2.209506530761718750e+02
8.076968383789062500e+02
4.036093444824218750e+02
-8.583636474609375000e+02
8.020533447265625000e+02
4.508640136718750000e+02
-1.291844177246093750e+02
3.765462646484375000e+02
1.215524597167968750e+02
-7.368717956542968750e+01
-5.196672973632812500e+02
-7.115531158447265625e+01
-1.453330874443054199e+00
1.581480503082275391e+00
-1.997398972511291504e+00
1.167435407638549805e+00
-7.370114326477050781e-01
-3.980315849184989929e-02
9.855562448501586914e-01
3.583679497241973877e-01
-7.598168849945068359e-01
1.962492585182189941e+00
-6.663984060287475586e-01
1.165968060493469238e+00
-1.330060839653015137e+00
-1.753098964691162109e+00
9.183126688003540039e-01
1.781639337539672852e+00
-7.173851877450942993e-02
1.976935267448425293e-01
1.870864868164062500e+00
1.238403320312500000e+00
1.126316070556640625e+00
-1.398637890815734863e+00
-3.732093274593353271e-01
-1.574997305870056152e+00
-9.814243316650390625e-01
4.360397160053253174e-01
-3.821299672126770020e-01
1.659856081008911133e+00
-1.920684337615966797e+00
1.047674059867858887e+00
9.532912969589233398e-01
-5.592564940452575684e-01
-7.298607826232910156e-01
-7.779374718666076660e-01
1.493177294731140137e+00
1.739209413528442383e+00
-6.730444431304931641e-01
1.631939291954040527e+00
1.391839027404785156e+00
8.277015089988708496e-01
4.316594004631042480e-01
-3.308475315570831299e-01
-8.431593775749206543e-01
-8.976244330406188965e-01
-1.585821151733398438e+00
-1.417298465967178345e-01
-1.106239080429077148e+00
1.844078898429870605e+00
2.177668958902359009e-01
-5.384094268083572388e-02
1.980009555816650391e+00
-9.203015565872192383e-01
-1.135809898376464844e+00
8.474915623664855957e-01
-3.249776661396026611e-01
6.237864494323730469e-01
4.102045893669128418e-01
1.384385108947753906e+00
-1.275259256362915039e-01
3.578606247901916504e-01
-4.031136333942413330e-01
3.504615724086761475e-01
1.754302382469177246e+00
1.305285930633544922e+00
1.487904310226440430e+00
8.936818838119506836e-01
-1.975130319595336914e+00
-1.758486270904541016e+00
7.971036434173583984e-01
3.315380811691284180e-01
1.613505005836486816e+00
1.773829936981201172e+00
1.659402489662170410e+00
-1.520814180374145508e+00
5.556614398956298828e-01
2.088898420333862305e-01
1.176013350486755371e+00
1.528466582298278809e+00
1.307197031565010548e-03
2.138468474149703979e-01
1.505424618721008301e+00
-1.075867936015129089e-02
5.377559065818786621e-01
-1.452371120452880859e+00
1.514743685722351074e+00
1.717308640480041504e+00
2.818908393383026123e-01
6.893470883369445801e-01
1.540169954299926758e+00
1.835523009300231934e+00
1.015227675437927246e+00
-1.442086249589920044e-01
-5.077435374259948730e-01
5.668373107910156250e-01
6.285745650529861450e-02
-8.955225944519042969e-01
9.579177856445312500e+02
9.825028076171875000e+02
9.607051391601562500e+02
9.665932617187500000e+02
6.635074615478515625e+01
4.845144653320312500e+02
1.294690093994140625e+02
4.155518188476562500e+02
7.596699829101562500e+02
1.579934997558593750e+02
8.903672027587890625e+01
7.266754760742187500e+02
9.776159667968750000e+02
4.407304687500000000e+02
8.761068725585937500e+02
9.020941772460937500e+02
8.666495361328125000e+02
7.786865234375000000e+02
6.907766723632812500e+02
2.701538696289062500e+02
7.106927490234375000e+02
4.497480468750000000e+02
3.273188476562500000e+02
2.073307609558105469e+01
2.951619911193847656e+01
5.994258422851562500e+02
7.234724731445312500e+02
7.744519042968750000e+02
5.397391967773437500e+02
9.692294311523437500e+02
1.823659362792968750e+02
TLAST
8.615362548828125000e+02
