2415853568
8.084757080078125000e+02
5.015783386230468750e+02
-5.419526977539062500e+02
4.643090209960937500e+02
1.904405059814453125e+02
-3.790930786132812500e+02
-4.335098266601562500e+01
3.486967468261718750e+02
-8.697041015625000000e+02
3.462799072265625000e+02
5.754749755859375000e+02
2.409976196289062500e+01
-8.876429443359375000e+02
7.182602539062500000e+02
7.885162353515625000e+02
-8.860883789062500000e+02
-1.361370239257812500e+02
7.601780395507812500e+02
-4.555773315429687500e+02
-1.956582336425781250e+02
5.053901672363281250e+02
9.485732421875000000e+02
7.043027343750000000e+02
7.733853759765625000e+02
-5.228673095703125000e+02
7.801575927734375000e+02
-4.485527954101562500e+02
-6.068830566406250000e+02
1.821046142578125000e+02
9.497252197265625000e+02
-6.529651489257812500e+02
-5.062030639648437500e+02
-3.955261230468750000e+02
5.497791137695312500e+02
3.918731384277343750e+02
9.169957885742187500e+02
-7.249356689453125000e+02
2.040067443847656250e+02
-1.424410552978515625e+02
1.924329223632812500e+02
2.930597229003906250e+02
1.027952880859375000e+02
7.861185913085937500e+02
9.009116210937500000e+02
-7.133873291015625000e+02
-2.595191345214843750e+02
8.552925415039062500e+02
1.433739776611328125e+02
9.678167724609375000e+01
7.513619232177734375e+01
-7.247760620117187500e+02
6.364779052734375000e+02
-4.757678527832031250e+02
-6.875187377929687500e+02
5.639893188476562500e+02
-4.989864807128906250e+02
3.985291137695312500e+02
5.336391601562500000e+02
-7.267032470703125000e+02
3.827043151855468750e+02
3.378214111328125000e+02
-2.519849014282226562e+01
-7.178740692138671875e+01
-4.576789855957031250e+02
7.034827880859375000e+02
3.741631774902343750e+02
2.224205322265625000e+02
-3.015420532226562500e+02
8.439657592773437500e+02
8.130119323730468750e+01
-2.570013732910156250e+02
-4.415993652343750000e+02
7.602765502929687500e+02
4.210594482421875000e+02
-8.215432739257812500e+02
4.088082885742187500e+02
1.891779518127441406e+01
6.771224365234375000e+02
5.555565795898437500e+02
-8.188240966796875000e+02
-6.836530761718750000e+02
5.999762573242187500e+02
6.152457885742187500e+02
6.175169677734375000e+02
-6.345368041992187500e+02
2.952485466003417969e+01
5.306177978515625000e+02
4.704527587890625000e+02
7.418926391601562500e+02
-5.692698364257812500e+02
-9.998322753906250000e+02
-5.539743041992187500e+02
6.334332275390625000e+02
-4.784510498046875000e+02
-1.377624206542968750e+02
8.773828735351562500e+02
1.375941276550292969e+00
1.831726074218750000e+00
-7.032997608184814453e-01
1.804368972778320312e+00
-7.020433545112609863e-01
6.670803427696228027e-01
9.008691459894180298e-02
1.644016861915588379e+00
-1.853780984878540039e+00
1.981251716613769531e+00
-6.254767775535583496e-01
1.500073075294494629e+00
-2.826914787292480469e-01
-7.427501678466796875e-01
-1.653598785400390625e+00
-4.592648446559906006e-01
-1.695664644241333008e+00
-4.570025801658630371e-01
-1.446402311325073242e+00
1.676008701324462891e+00
2.567039728164672852e-01
-9.575602412223815918e-01
1.097147390246391296e-01
1.372911036014556885e-01
9.134021401405334473e-02
-6.242575049400329590e-01
1.725348353385925293e+00
1.344815969467163086e+00
6.628823876380920410e-01
-6.699813008308410645e-01
-7.965039610862731934e-01
-1.905289888381958008e+00
1.652039051055908203e+00
-1.286703944206237793e+00
1.562702655792236328e+00
-1.494993090629577637e+00
9.676443338394165039e-01
-1.935966134071350098e+00
1.979856491088867188e+00
-3.378783464431762695e-01
-1.885605096817016602e+00
-1.616244763135910034e-02
-1.310084760189056396e-01
1.407969236373901367e+00
-8.370192646980285645e-01
2.304592430591583252e-01
-2.280940674245357513e-02
-1.910602301359176636e-01
-1.182446241378784180e+00
7.886065840721130371e-01
1.509947776794433594e+00
-1.881632208824157715e-01
7.343180179595947266e-01
-1.389319300651550293e+00
-9.275453090667724609e-01
-4.225601255893707275e-01
-1.106589794158935547e+00
-6.017192006111145020e-01
-2.137029170989990234e-01
-4.129750430583953857e-01
1.685837507247924805e+00
-1.758098721504211426e+00
-1.999500274658203125e+00
4.871365427970886230e-01
5.007706880569458008e-01
6.645681858062744141e-01
1.084079504013061523e+00
1.472861289978027344e+00
8.751048892736434937e-02
-6.688999533653259277e-01
-9.222437739372253418e-01
-5.383372902870178223e-01
-1.607230663299560547e+00
-1.646305322647094727e+00
1.346722960472106934e+00
-8.338572382926940918e-01
-1.826351881027221680e+00
5.142459869384765625e-01
6.922447681427001953e-01
6.321232318878173828e-01
-1.409781813621520996e+00
-1.558291673660278320e+00
2.231032848358154297e-01
-8.575367331504821777e-01
-1.962625741958618164e+00
1.787615299224853516e+00
6.378234624862670898e-01
3.239200711250305176e-01
1.349361181259155273e+00
1.961837410926818848e+00
-1.725700944662094116e-01
3.381391167640686035e-01
9.805162549018859863e-01
1.886904239654541016e-01
-1.384914636611938477e+00
-1.095610141754150391e+00
3.839128112792968750e+02
5.452885627746582031e+00
5.937086791992187500e+02
6.672460937500000000e+02
6.296798095703125000e+02
1.146572723388671875e+02
2.216879577636718750e+02
5.492999877929687500e+02
6.980055999755859375e+01
3.322251892089843750e+02
9.230727539062500000e+02
6.826178588867187500e+02
7.251868896484375000e+02
3.388487854003906250e+02
9.120172882080078125e+01
3.287524414062500000e+02
8.327858276367187500e+02
2.953339538574218750e+02
5.756578369140625000e+02
9.459137573242187500e+02
7.140234375000000000e+02
6.137137451171875000e+02
7.884697265625000000e+02
4.722713012695312500e+02
8.701900634765625000e+02
5.941924438476562500e+02
8.205391235351562500e+02
2.393054962158203125e+02
9.434960937500000000e+01
4.570164184570312500e+02
2.080738067626953125e+02
TLAST
7.505933837890625000e+02
2415853569
-7.024641113281250000e+02
7.169835815429687500e+02
5.449187011718750000e+02
9.340224609375000000e+02
4.695594482421875000e+02
-4.693016052246093750e+02
-2.311446075439453125e+02
-3.124907836914062500e+02
-9.417830810546875000e+02
-7.489592285156250000e+02
9.688121337890625000e+02
2.890101928710937500e+02
6.003988647460937500e+02
3.031993865966796875e+01
-2.994762268066406250e+02
-4.913354492187500000e+02
-5.316749267578125000e+02
4.015024719238281250e+02
4.194538879394531250e+02
6.914045410156250000e+02
1.084222183227539062e+02
5.335391845703125000e+02
6.121367187500000000e+02
-7.028236083984375000e+02
9.490775146484375000e+02
1.973659667968750000e+02
-8.998673095703125000e+02
-9.829200744628906250e+01
-2.464167480468750000e+02
-5.531643676757812500e+02
8.492340087890625000e+02
6.524221038818359375e+01
1.774918556213378906e+01
2.634047546386718750e+02
5.147987060546875000e+02
4.424884033203125000e+02
5.803156738281250000e+02
4.216470336914062500e+02
9.614784545898437500e+02
8.430540161132812500e+02
-4.204521560668945312e+01
-3.025689392089843750e+02
4.932114257812500000e+02
-8.579041748046875000e+02
6.224619293212890625e+01
-1.554500675201416016e+01
3.843773651123046875e+01
-5.766823730468750000e+02
-4.363056945800781250e+01
3.894408569335937500e+02
7.714174804687500000e+02
-6.673837280273437500e+02
7.120028076171875000e+02
-1.824344177246093750e+02
-5.012956848144531250e+02
-5.733539428710937500e+02
-9.524236450195312500e+02
7.474239501953125000e+02
4.313964233398437500e+02
-8.072237548828125000e+02
-6.132328491210937500e+02
-3.217756958007812500e+02
2.990979309082031250e+02
4.710383300781250000e+02
7.063015747070312500e+02
5.004727363586425781e+00
1.950151824951171875e+02
-7.778971557617187500e+02
7.010394287109375000e+02
3.436233520507812500e+02
-6.486402587890625000e+02
-1.993463516235351562e+01
4.099772338867187500e+02
-6.350327758789062500e+02
6.275894775390625000e+02
-8.437460937500000000e+02
1.281168823242187500e+02
-8.820937500000000000e+02
-3.002231140136718750e+02
-2.723765258789062500e+02
-3.682233886718750000e+02
-5.241171875000000000e+02
-2.784739990234375000e+02
1.193695907592773438e+02
1.203506393432617188e+02
3.790202331542968750e+01
7.916273803710937500e+02
-8.701205444335937500e+02
9.811048889160156250e+01
8.808469848632812500e+02
-2.364282836914062500e+02
-4.864438476562500000e+02
-6.508316040039062500e+01
-8.190086059570312500e+02
1.050115203857421875e+01
6.606156005859375000e+02
-1.260449647903442383e+00
-4.956431686878204346e-01
1.343726832419633865e-02
-7.600334882736206055e-01
1.702178239822387695e+00
-5.011332035064697266e-01
-1.236164718866348267e-01
-6.750963926315307617e-01
-1.609352111816406250e+00
-7.426367998123168945e-01
-1.173424243927001953e+00
5.929085426032543182e-03
1.712418198585510254e+00
-5.021815299987792969e-01
1.243951097130775452e-01
-1.951972246170043945e+00
1.644660592079162598e+00
1.209185719490051270e+00
1.412522554397583008e+00
-1.195604562759399414e+00
1.825619220733642578e+00
1.302378922700881958e-01
-8.424872159957885742e-01
1.921749114990234375e+00
-8.126142024993896484e-01
-1.322307705879211426e+00
1.250951051712036133e+00
1.513408541679382324e+00
-4.526632726192474365e-01
1.145080476999282837e-01
1.451254367828369141e+00
6.304082870483398438e-01
1.287683367729187012e+00
3.705677986145019531e-01
1.961497426033020020e+00
-1.980873584747314453e+00
8.389987945556640625e-01
1.193543672561645508e+00
-7.022120952606201172e-01
6.392286419868469238e-01
1.970868587493896484e+00
-1.705037474632263184e+00
-1.655889630317687988e+00
1.347027063369750977e+00
1.162120580673217773e+00
-3.459030389785766602e-01
-1.289271235466003418e+00
-9.343307614326477051e-01
-7.721174955368041992e-01
-5.325195193290710449e-01
3.428198397159576416e-01
1.041484117507934570e+00
-5.722896456718444824e-01
1.226898670196533203e+00
-8.792166113853454590e-01
1.422928333282470703e+00
6.829074621200561523e-01
6.849988102912902832e-01
5.250052213668823242e-01
9.985290765762329102e-01
9.969683289527893066e-01
-9.242420196533203125e-01
-1.989698410034179688e-02
1.226682588458061218e-01
1.338550567626953125e+00
-7.071404457092285156e-01
-1.940232634544372559e+00
-8.418965935707092285e-01
-1.836237549781799316e+00
-1.871588230133056641e+00
1.616835117340087891e+00
1.248434782028198242e+00
1.343463301658630371e+00
-8.541471958160400391e-01
8.606526851654052734e-01
-1.949669837951660156e+00
1.796262741088867188e+00
1.401320695877075195e+00
1.157797098159790039e+00
-1.975529313087463379e+00
4.773689210414886475e-01
-6.291503310203552246e-01
-1.090503096580505371e+00
-4.496813714504241943e-01
1.499841451644897461e+00
1.668031334877014160e+00
1.893751144409179688e+00
1.412186622619628906e+00
5.421769618988037109e-01
5.365397930145263672e-01
9.645089507102966309e-01
3.986075520515441895e-01
6.854122877120971680e-01
-5.907201170921325684e-01
-1.244387388229370117e+00
1.271055459976196289e+00
1.835921936035156250e+02
1.195545196533203125e+02
3.741079406738281250e+02
9.360365600585937500e+02
4.728570175170898438e+01
3.104393005371093750e+02
7.649951171875000000e+02
2.504775238037109375e+02
8.912913208007812500e+02
6.068331909179687500e+02
2.547040405273437500e+02
4.224761352539062500e+02
4.394192886352539062e+01
2.054017639160156250e+02
9.375673217773437500e+02
7.368547363281250000e+02
3.204702758789062500e+02
4.574304504394531250e+02
2.179561004638671875e+02
1.572246551513671875e+01
3.212890319824218750e+02
6.752560424804687500e+02
9.002175140380859375e+01
6.744852905273437500e+02
4.474412841796875000e+02
8.271263427734375000e+02
6.571000366210937500e+02
3.254729003906250000e+02
3.508484191894531250e+02
1.977054748535156250e+02
9.123874511718750000e+02
TLAST
7.549777221679687500e+02
2415853570
4.892189941406250000e+02
7.625090026855468750e+01
-6.170498046875000000e+02
8.544537353515625000e+02
8.096372680664062500e+02
-1.323876495361328125e+02
9.049781494140625000e+02
3.485135498046875000e+02
5.325718383789062500e+02
4.612093200683593750e+02
-3.618358154296875000e+02
-4.141022949218750000e+02
1.282229003906250000e+02
-6.643251953125000000e+02
9.659812622070312500e+02
8.638004150390625000e+02
-5.246115112304687500e+02
4.328577880859375000e+02
9.839783325195312500e+02
7.216324462890625000e+02
-7.848469238281250000e+02
-9.222579956054687500e+02
-7.451653442382812500e+02
9.230585327148437500e+02
5.275859375000000000e+02
-4.228825683593750000e+02
8.679703979492187500e+02
-3.629895629882812500e+02
9.825253295898437500e+02
-6.696311645507812500e+02
-1.584730052947998047e+01
-2.739793090820312500e+02
-3.735297851562500000e+02
-1.231936340332031250e+02
-5.875641479492187500e+02
-3.664570007324218750e+02
2.985412597656250000e+02
-5.362908554077148438e+01
-7.805506591796875000e+02
6.599604492187500000e+02
9.279834594726562500e+02
-6.866694335937500000e+02
-8.992913818359375000e+02
-8.388392333984375000e+02
-2.001011962890625000e+02
3.268731689453125000e+02
8.642411041259765625e+01
-5.572839355468750000e+02
9.931334228515625000e+02
9.527213745117187500e+02
-2.320962066650390625e+02
6.197326660156250000e+02
-7.579949951171875000e+02
-3.703540649414062500e+02
-2.422638549804687500e+02
5.475612792968750000e+02
3.661489562988281250e+02
1.730490570068359375e+02
-9.270538940429687500e+02
-5.509237060546875000e+02
-5.939862670898437500e+02
-8.187812805175781250e+01
2.343363342285156250e+02
-6.177213134765625000e+02
-9.316677856445312500e+02
7.420926513671875000e+02
9.318302001953125000e+02
9.643203125000000000e+02
-1.457894287109375000e+02
1.464825592041015625e+02
1.748128662109375000e+02
-3.770820922851562500e+02
-8.637571411132812500e+02
-1.915374298095703125e+02
-5.095347213745117188e+01
9.589346313476562500e+02
9.394504394531250000e+02
-6.870707702636718750e+01
-6.478117065429687500e+02
-4.513571777343750000e+02
-6.020363235473632812e+01
-1.993035583496093750e+02
7.443372802734375000e+02
2.316255645751953125e+02
4.551390686035156250e+02
3.081649780273437500e+02
9.204492187500000000e+02
-8.535928955078125000e+02
4.786083679199218750e+02
7.995670437812805176e-01
9.528146972656250000e+02
-3.174757690429687500e+02
-4.467507019042968750e+02
9.653068847656250000e+02
-3.954885253906250000e+02
-2.535279083251953125e+02
-1.042880654335021973e+00
-3.814187645912170410e-01
1.199545025825500488e+00
-1.560974597930908203e+00
-7.879827618598937988e-01
2.886027991771697998e-01
1.562884449958801270e+00
1.664775133132934570e+00
-1.661565184593200684e+00
-1.863273859024047852e+00
-1.737124443054199219e+00
3.463189899921417236e-01
-8.519250154495239258e-01
-7.592131942510604858e-02
1.595863342285156250e+00
-4.795145988464355469e-01
-1.190335869789123535e+00
-9.162483215332031250e-01
-4.347964823246002197e-01
-1.234479665756225586e+00
1.850562810897827148e+00
-8.578493595123291016e-01
6.339105963706970215e-01
1.948868781328201294e-01
-1.325972676277160645e+00
-1.198367714881896973e+00
2.887469530105590820e-01
6.888675689697265625e-01
-5.310825705528259277e-01
1.142462491989135742e+00
-4.431506097316741943e-01
1.550311688333749771e-02
1.123603582382202148e+00
-1.910738348960876465e+00
1.571929574012756348e+00
1.714319467544555664e+00
1.618326663970947266e+00
1.064029335975646973e+00
-1.866464734077453613e+00
1.414356946945190430e+00
8.433337211608886719e-01
-2.211873978376388550e-01
1.182709097862243652e+00
-1.360037177801132202e-01
3.205146193504333496e-01
-1.463072448968887329e-01
3.802979290485382080e-01
1.871561765670776367e+00
-9.665881395339965820e-01
-9.222242236137390137e-01
5.527973771095275879e-01
1.754798769950866699e+00
7.600250095129013062e-02
1.678345322608947754e+00
-1.102499842643737793e+00
-1.538545727729797363e+00
1.926456689834594727e+00
-5.745505690574645996e-01
1.053789854049682617e-01
-1.504635334014892578e+00
7.681996226310729980e-01
-1.318695306777954102e+00
3.096039891242980957e-01
1.466091752052307129e+00
-1.614604353904724121e+00
2.243012338876724243e-01
-7.628892660140991211e-01
9.432990550994873047e-01
2.118999212980270386e-01
1.878483891487121582e-01
1.222943305969238281e+00
-8.167299628257751465e-01
-3.979898095130920410e-01
1.839790105819702148e+00
-1.515893697738647461e+00
-8.775310516357421875e-01
1.846985459327697754e+00
-8.550258278846740723e-01
-1.413815855979919434e+00
9.612072706222534180e-01
-1.398209691047668457e+00
2.508967816829681396e-01
1.437425374984741211e+00
1.359405636787414551e+00
-1.135993719100952148e+00
-1.263202071189880371e+00
1.835594654083251953e+00
1.687734723091125488e+00
1.283371686935424805e+00
-1.215740203857421875e+00
-1.257451653480529785e+00
1.700010895729064941e+00
1.973438978195190430e+00
-6.733953207731246948e-02
-1.448592245578765869e-01
1.626468896865844727e+00
8.095980224609375000e+02
4.312587890625000000e+02
3.555776062011718750e+02
1.752470550537109375e+02
2.267400817871093750e+02
4.583609924316406250e+02
8.124630126953125000e+02
6.964836120605468750e+01
2.201170806884765625e+02
2.946710510253906250e+02
6.546393432617187500e+02
4.765497970581054688e+01
9.599084472656250000e+02
3.296888122558593750e+02
4.338097229003906250e+02
8.763018798828125000e+02
6.610451660156250000e+02
3.652125244140625000e+02
1.791722564697265625e+02
7.808590698242187500e+02
5.734789428710937500e+02
2.057741699218750000e+02
3.548251647949218750e+02
5.053950805664062500e+02
1.332933235168457031e+01
4.795422058105468750e+02
2.837271728515625000e+02
5.147894287109375000e+02
7.934149169921875000e+02
3.586409606933593750e+02
8.764473266601562500e+02
TLAST
1.626483154296875000e+02
2415853571
-8.048200683593750000e+02
5.901608276367187500e+02
5.133428344726562500e+02
9.240834808349609375e+01
2.679618225097656250e+02
2.899554748535156250e+02
1.184226455688476562e+02
1.245052871704101562e+02
4.018051757812500000e+02
-7.701763305664062500e+02
3.586994628906250000e+02
6.703430175781250000e+02
-3.355860290527343750e+02
3.777356262207031250e+02
9.991436157226562500e+02
2.663302001953125000e+02
5.682227783203125000e+02
-7.715294799804687500e+02
7.539834594726562500e+02
-6.110316772460937500e+02
3.171852111816406250e+02
1.595003662109375000e+02
-4.470678100585937500e+02
7.785081481933593750e+01
6.621452636718750000e+02
-5.118272705078125000e+02
5.423890380859375000e+02
-5.653795166015625000e+02
2.088745574951171875e+02
-2.366144409179687500e+02
2.776662597656250000e+02
-2.950183715820312500e+02
-5.592003631591796875e+01
2.432033348083496094e+01
2.626770629882812500e+02
3.337774047851562500e+02
3.375678405761718750e+02
-2.973740539550781250e+02
-3.057135314941406250e+02
3.926069641113281250e+02
4.312164306640625000e+02
6.333810424804687500e+02
-3.963126373291015625e+01
5.381630249023437500e+02
-6.567119750976562500e+02
-7.220167236328125000e+02
7.083226318359375000e+02
6.884785156250000000e+02
-8.116643676757812500e+02
8.191124877929687500e+02
-1.435609893798828125e+02
7.890294189453125000e+02
-7.114577026367187500e+02
7.159329833984375000e+02
-1.480487518310546875e+02
-3.192640075683593750e+02
8.174134521484375000e+02
9.887600708007812500e+02
9.279218292236328125e+01
-2.203817596435546875e+02
-1.943263092041015625e+02
-8.429845581054687500e+02
4.772979431152343750e+02
4.697294616699218750e+02
-8.339589233398437500e+02
-2.340583343505859375e+02
3.933082885742187500e+02
2.007140197753906250e+02
-9.802764282226562500e+02
3.482725219726562500e+02
3.064871826171875000e+02
4.988558044433593750e+02
-9.852170410156250000e+02
-2.036183929443359375e+02
5.195664978027343750e+01
6.163863525390625000e+02
7.827745361328125000e+02
4.875702819824218750e+02
6.574492797851562500e+02
-7.814447021484375000e+02
7.523291625976562500e+02
-3.103799133300781250e+02
5.023412780761718750e+02
-5.019866638183593750e+02
7.230410766601562500e+02
7.151881713867187500e+02
-2.993642272949218750e+02
5.361377563476562500e+02
7.609896850585937500e+02
3.822689514160156250e+02
-7.416020507812500000e+02
-5.951071166992187500e+02
8.233656616210937500e+02
7.307421875000000000e+01
-4.902733612060546875e+01
5.174776000976562500e+02
-3.561205565929412842e-01
1.225532054901123047e+00
-1.079380035400390625e+00
-9.945440292358398438e-01
1.385524868965148926e+00
-6.581774353981018066e-01
1.828941941261291504e+00
1.038310647010803223e+00
1.746355295181274414e+00
-1.227625966072082520e+00
4.201995730400085449e-01
-1.506015300750732422e+00
-1.731603503227233887e+00
1.890184640884399414e+00
3.749740421772003174e-01
-1.398432493209838867e+00
1.040127158164978027e+00
1.043736577033996582e+00
-2.266219854354858398e-01
-1.784366130828857422e+00
-1.139662384986877441e+00
-1.561509251594543457e+00
1.757306456565856934e+00
-4.261306524276733398e-01
9.230819940567016602e-01
-1.377010703086853027e+00
-1.047861456871032715e+00
-1.212815284729003906e+00
-6.733543872833251953e-01
-1.102056264877319336e+00
6.603457927703857422e-01
2.098773121833801270e-01
1.665038824081420898e+00
1.363973736763000488e+00
1.137947440147399902e+00
-1.407901048660278320e+00
1.907669752836227417e-01
6.601899266242980957e-01
-1.277783751487731934e+00
-3.791058063507080078e-02
-1.452767252922058105e+00
3.400834202766418457e-01
-1.284012198448181152e+00
-1.131030797958374023e+00
-1.215312838554382324e+00
-9.116714447736740112e-02
-6.454433798789978027e-01
1.040519356727600098e+00
-3.944121897220611572e-01
-1.351782679557800293e+00
-1.595244288444519043e+00
-1.542605757713317871e+00
-1.119083404541015625e+00
-1.949078083038330078e+00
-4.087516963481903076e-01
8.241626024246215820e-01
-1.250222802162170410e+00
4.478569328784942627e-01
-2.720504403114318848e-01
-1.239352703094482422e+00
-1.577772796154022217e-01
1.543083786964416504e+00
-1.404030561447143555e+00
-1.152650952339172363e+00
4.234022200107574463e-01
1.569362878799438477e-01
-7.158178687095642090e-01
9.387770295143127441e-01
-1.839137673377990723e+00
2.526343464851379395e-01
1.359058856964111328e+00
1.659011817537248135e-03
-7.669103741645812988e-01
1.391157031059265137e+00
1.328819513320922852e+00
-1.038059353828430176e+00
1.292646765708923340e+00
1.596733927726745605e+00
-2.154940813779830933e-01
-5.051076784729957581e-02
5.868417024612426758e-01
3.495218455791473389e-01
-1.033697724342346191e+00
2.286025434732437134e-01
-9.690862894058227539e-01
-1.023095130920410156e+00
8.255996704101562500e-01
7.487210631370544434e-01
1.875533759593963623e-01
1.409815788269042969e+00
-1.755738973617553711e+00
1.961715340614318848e+00
3.952406644821166992e-01
1.008696928620338440e-01
-1.462922215461730957e+00
-9.689870476722717285e-01
4.819382324218750000e+02
4.493420410156250000e+02
6.348215332031250000e+02
9.643894958496093750e+01
1.855019073486328125e+02
9.871755218505859375e+01
4.015199279785156250e+02
1.555996551513671875e+02
3.089799804687500000e+02
8.591754150390625000e+02
2.989432373046875000e+02
1.442976379394531250e+02
1.213925857543945312e+02
5.102147521972656250e+02
4.549582214355468750e+02
5.220244140625000000e+02
7.196661376953125000e+02
4.705176391601562500e+02
6.328862915039062500e+02
9.818873901367187500e+02
2.938809967041015625e+01
3.006406250000000000e+02
1.595009994506835938e+01
8.368110961914062500e+02
7.355685424804687500e+02
8.989204711914062500e+02
9.820825195312500000e+02
6.197935867309570312e+01
1.352589416503906250e+02
1.621732330322265625e+02
2.355494079589843750e+02
TLAST
4.459318237304687500e+02
