2415853568
-1006239532
1148463281
1146703074
1113822389
1134749105
1137963965
-1005817239
-999489078
1134848668
1146956950
1147445004
-1009751811
-1047318324
1103717014
1138135993
-1025622329
-1010238078
-1002358206
1147786424
-1020461993
1145179728
1148525300
1144117420
1139721920
1147967973
-1004304926
-1003153607
1140192294
1128949589
-1003745735
1135677142
-1022092189
1132736398
-1010213585
1148621085
1147025154
1138255875
-1001286857
-1007088323
-1000829193
-1028803257
-1002766963
1144238957
1145539289
1148088783
1140159181
1145105207
1137355770
1142732222
1140952774
1119293267
-1004134811
1113097072
1104718298
-999130793
1125609637
-998977914
-1008785608
1137554920
1144534729
-999012193
1143763247
-1025386647
1141162314
-1016450126
1121568055
-1001957971
1135949026
-1005271096
-1017926620
1146213248
1142817533
1145511149
1144350351
1141872336
-1005739198
1131720837
1143165298
1133290350
1141661889
-1034907593
1145177249
1136476840
1143946247
-999055776
-1014735799
1142474204
1135607987
1141410432
-1004347339
-1010142062
-1014124007
-1004794068
-1001669387
-1023475132
1120142712
-1083153364
1072361606
1069759617
1060359068
1034904092
-1081158765
-1087573138
-1087759941
1043898441
1046910385
1068684287
-1082115387
-1081684072
-1081337833
-1102631768
1066051809
1042792399
-1099359282
-1077944410
1042835118
1051764060
1038720106
-1076971622
-1079062083
-1080857368
1050245511
1072319144
-1074305521
-1096909956
1071466887
1066785333
1070788931
-1088381417
-1084525514
1050569417
-1109988791
1060339681
-1091652157
1070349401
-1082211697
1070240656
-1092285610
1044772237
1058191948
-1078336595
-1073843853
-1085677336
1066310835
1069285333
-1083188554
-1078140024
-1079147028
-1079953475
-1077538305
1068551541
1060432088
-1078228260
-1078300945
1066565088
-1097895569
-1093887758
-1094605954
-1076786392
1051623682
1066426818
-1090072478
1041494966
1071630141
-1074138893
1041970146
-1078805386
-1078308855
-1089725900
-1087931854
1066788037
-1081856009
1066939076
-1076258319
-1085841856
-1080869321
1046038692
1071530496
-1098261302
-1078242495
-1085909493
1064241059
1069659653
1073153660
1066240924
1023573401
-1083082748
-1098188122
-1080816015
-1105684112
1067646612
-1076009601
1133922335
1147368671
1126052347
1142921002
1139033372
1147616232
1138514153
1128965768
1148774925
1144323170
1124182927
1141116216
1134108810
1146911307
1126233176
1143011633
1148151098
1147352331
1147215734
1143334320
1134003691
1117113967
1126947641
1147102716
1144060467
1120974785
1148387876
1140781628
1126944276
1139789144
1137153875
TLAST
1129701701
2415853569
-1006389358
1134866221
1143035989
1148809215
-1022349516
-998967898
-1000993140
-1002052364
-999399315
1129872134
1144897228
1144563509
1148093318
-1014080384
1141004778
-1011700638
1139297062
-1002538791
-1009497560
-1002666738
1144430218
-1000560911
1125277702
-1003383629
-1016437035
-1020672595
1146817496
-1020505394
1147791967
-1000735337
-1000599419
-1001931030
-1004680831
-1047677300
1143458291
-1015187899
-1003644320
1146319784
1148181973
-1024561536
-1001621532
1135985837
1142690642
1121859566
1148714926
1135959736
-999185379
-1014487410
-1005448539
1122947185
1147486424
-1004399783
-1004199557
-1003591142
-1002041983
1143326046
-999264003
1139364192
-1017005653
1148396395
-1018574496
-1003363775
-1005111994
-1011130632
-1007919556
1146228842
-999898384
-1000540064
-1025219887
-1013659174
1133729227
1137576177
-1031332088
-1038695857
1134506205
1138816852
1148139616
-1006269759
1142257969
-1023422897
1143096016
-1021053239
-1025565712
-1034284087
-1006222463
-999663217
1088235046
1122655116
-1000612449
1131796377
1134406966
1137543425
-1005997440
-1023029427
1115554926
1137865573
1064446443
-1075456804
1048623323
1066597186
-1078312589
1071461920
1068901655
1067726954
1068754534
1058614200
1069457029
-1089433271
-1081429738
-1090768376
-1077923015
991987891
1073678022
-1076093782
1071865061
1066083105
1039446077
-1089070536
1071925900
1072875108
-1080144876
1070996869
-1087724168
-1095400057
1069474811
-1074620289
1048651593
-1081096297
-1114425021
-1073807465
-1077028299
-1086546573
1062277219
1066485399
-1080568398
-1126872907
1066573823
1068349186
-1088871149
1063644887
1067527512
1067899033
1072436219
1072126661
1057915824
1070228833
-1078296857
1071275620
1042998273
-1076570052
-1075146274
1072095961
-1101687784
-1076454061
1059821218
1072867074
1052774060
1042657322
-1105530909
-1083391953
-1075245030
-1076678793
1068672381
1067748335
1059022810
-1074985243
-1083728669
-1095622280
1060599293
-1074023822
1040335255
-1073788861
1063805916
1065368686
1066395211
1066918802
-1126751799
-1107275422
1068027418
1064904730
-1077060082
-1078657229
-1088573001
1052126059
1066495453
-1077821139
-1089139293
-1087507461
-1098840837
-1081730354
1037043523
1053028145
1142832120
1141081602
1133055754
1145614701
1141289927
1135196096
1126027316
1140439693
1125775009
1147462863
1140291050
1147416262
1134555167
1139155107
1141004133
1147180548
1123935644
1137135600
1118354816
1147442580
1145840531
1137199117
1143420350
1141359227
1142485555
1146424252
1148624546
1117898642
1141766389
1147261009
1137066654
TLAST
1132372067
2415853570
1148671229
1144776553
-1014385616
1140931719
-1012562935
1131677039
-1033105067
-1002734092
1119181340
1136770518
1141783894
1147032411
1145548510
-999983002
1143240209
1142953830
1133761867
1135263556
1146711010
-1009975676
1140327895
-1002730070
1133734495
1135385500
-1009620972
1133104529
1134849629
1134905919
-1005843082
1139801316
1124402516
-1009989106
1141785588
-1017976681
1145219480
-1010628202
-1027752301
-1011179326
-1000058479
-1016620794
1147974819
1138577872
-1003213676
1142296311
1148350833
1141057237
-1006111524
-1024557573
1128996898
1119192845
1125193615
-1001090744
1136767940
-1001703737
-1020129931
1141712094
-1002334012
1142507053
-1001629300
1143598693
1148037314
1148302343
1134059638
-1023447876
-1001886618
-1017549731
1148604475
1148676149
1140996859
-1012761237
1146832288
-1031280960
-1002476393
1110951669
-1011539104
1125441562
1137650241
1109303417
1143284830
1129654137
-1022363647
-999592645
1145464428
-1001337345
1141793586
1130815861
-1012996845
1128179300
-1005921407
-1006666544
-1005402995
1134649178
1145988639
-1001404364
1108877067
1139223437
1062455550
1066732762
-1092888123
-1085312065
1016488716
-1082554311
1058726478
1068675089
1069011568
-1075952395
1053840617
-1080105135
1043075424
1017200864
1034375202
-1076207937
1066706835
-1082448143
1072083928
-1101958767
1070703033
1071103692
-1079900864
1060808725
-1084175919
1069939943
-1080031251
-1103798797
-1098151094
-1075071557
1072635643
-1076012861
1066324731
-1085229660
1073147652
-1076046183
1067890272
-1080984468
1065889525
1070224059
-1074529791
-1080759087
1067110059
1070778372
1050402621
1057033728
-1079205809
-1084932856
-1099893800
-1081776665
-1080560878
1066130030
1059132243
1059458233
1061303816
-1094999253
-1100489320
-1087637747
-1103268360
1058231542
1055321584
-1110455450
1058538543
1046002268
1064099655
1071122782
-1077269338
-1093138664
1064746656
-1098145096
-1082078203
1064541942
-1083109423
-1085140936
-1082888261
1050997258
1049010701
1057034954
-1074819207
-1074203774
-1089664868
1071588017
-1074156719
-1111661035
-1075230872
1041659882
-1099584921
1070996720
1067346415
1053605552
1069794114
-1102215120
1067187436
1060441375
-1081266455
1061271859
1124281988
1142705692
1129514317
1136470808
1137221592
1142693025
1148113144
1148658850
1133868945
1132741119
1144262786
1143760478
1132965263
1147960970
1145591811
1128702022
1140344451
1119393621
1141062867
1141791317
1127568869
1117071332
1127486582
1140057863
1113570264
1127090509
1128406054
1138134347
1141247435
1136116243
1143036214
TLAST
1147732797
2415853571
-1000264542
-1002070749
1141900142
1135961926
1141086152
-1002891957
-1006433332
1133463868
-1013207584
1141973188
1126274717
1142913348
-1005692269
1146871020
1092559034
1108807136
-1016467112
-1005074900
1086713772
-1017011650
1108771847
1143641544
1146383670
-1002893516
1141092726
-1006255053
-1008146562
-1021520561
1137229266
-1004590466
-1022377103
-1010612858
1133325212
-1010125099
1147089742
-999191969
-1013467004
-1008589193
-1016643227
1143320238
1137745518
-1019273108
-1024394526
-1008666369
1142378444
1144719423
-1019890275
1137681052
1144824172
-1013090809
1148266953
1147451704
-1013241243
-1039674508
-1019261229
1124998562
-1023415928
-1019346128
1125993745
1135845934
-1016000382
1125127446
-1001903308
1142510842
1133322346
-998665236
1133347705
1143466064
1140384154
-1015547928
-1015524853
1137351981
1116754592
1145488727
1145445809
1135050646
1131720226
-1005117751
1110774047
-1004335402
-1013924020
-1014110850
1146018040
1134389326
1131609163
-1003211982
1147682568
-999532076
1142930328
-1004784678
-1005504229
1095187705
1141380500
-1006708219
1140864420
-1027233448
1051390979
1065644497
1022477397
1053926308
1060396971
-1074737524
-1077068621
1051898946
-1089733318
988730251
1065083014
-1094439814
1059559774
-1096536382
1053286495
-1074782534
1064123592
1054866619
1071343326
1070301985
1072430683
-1090552190
-1096496865
-1111311867
-1077843581
1072715173
-1077842783
-1074745976
-1086628825
-1093628813
1053202926
-1088126693
-1088810239
1062479042
1053368000
-1080003393
-1073795756
-1117715152
1056930042
1061080227
1058644238
1034615561
1040743615
-1078192240
1058482759
-1082124954
1072331258
-1079251587
1064967812
1040763647
-1101438337
1069063137
1068267247
-1077231600
1033215737
-1090673184
1068001134
1072424262
-1078055208
-1090386726
1072171162
1071604464
1023954358
-1081138774
1068833118
1052379542
1067789072
-1088306141
-1076760700
-1089861880
1071266688
1069365552
1070662733
1067825361
-1074228163
-1080071790
-1080622627
1071958355
-1087657996
-1075193803
1065699664
1065370786
-1087766409
1070691730
1008599866
-1078612481
-1086553024
-1091829659
-1080821004
-1077048902
-1080232025
-1076865491
-1087624398
-1081294602
1069358266
-1091578226
1130949686
1148682572
1135007229
1142267981
1135834567
1143609614
1146440906
1145452012
1142650349
1141728527
1125690308
1145789429
1148575121
1142842575
1141988352
1125422943
1133139507
1135887080
1128248773
1148688691
1147588920
1136265638
1125197783
1137035624
1126452722
1141280260
1127373490
1111764329
1142527414
1136558260
1143660133
TLAST
1141022773
