2415853568
4.852818908691406250e+02
2.309103240966796875e+02
4.055204772949218750e+02
-6.768279418945312500e+02
8.782994995117187500e+02
-5.860980224609375000e+02
-9.442813110351562500e+02
-3.569595336914062500e+02
-3.983724670410156250e+02
-3.247488021850585938e+01
-9.478429412841796875e+01
2.921485595703125000e+02
7.220040893554687500e+02
7.527832641601562500e+02
1.696025238037109375e+02
7.455770874023437500e+02
-6.691867065429687500e+02
2.519281311035156250e+02
4.006420593261718750e+02
-7.040396728515625000e+02
-9.068276367187500000e+02
6.504762268066406250e+01
-9.281167602539062500e+02
-3.704772949218750000e+02
-3.863685607910156250e+02
-3.992259826660156250e+02
9.013012084960937500e+02
-9.243170928955078125e+01
3.010877075195312500e+02
7.752739715576171875e+01
6.786775970458984375e+01
-1.797510375976562500e+02
7.737901611328125000e+02
-3.086560363769531250e+02
-1.940809478759765625e+02
-6.239031982421875000e+02
2.366724853515625000e+02
-6.678179931640625000e+02
-6.062066650390625000e+02
-5.005849609375000000e+02
-2.006715240478515625e+02
-5.543595581054687500e+02
8.852650146484375000e+02
8.654094848632812500e+02
-4.421022338867187500e+02
4.774269409179687500e+02
9.684790649414062500e+02
5.322976684570312500e+02
1.539537048339843750e+02
-2.107930603027343750e+02
-1.862069244384765625e+02
-5.363049697875976562e+01
7.691110229492187500e+02
1.352484741210937500e+02
-8.990987548828125000e+02
3.032497253417968750e+02
7.729773559570312500e+02
-1.276602325439453125e+02
7.648222045898437500e+02
1.387823028564453125e+02
-2.204476165771484375e+02
7.559000244140625000e+02
5.974392700195312500e+02
-1.703135528564453125e+02
8.512804565429687500e+02
-9.748142700195312500e+02
9.155816650390625000e+02
8.759549560546875000e+02
8.178405151367187500e+02
-9.986297607421875000e+02
7.344124755859375000e+02
9.305407714843750000e+02
2.918848876953125000e+02
7.925086059570312500e+02
-7.140128173828125000e+02
-6.989306640625000000e+01
-6.826407470703125000e+02
-8.291871948242187500e+02
-9.502887573242187500e+02
-6.507581787109375000e+02
9.866602172851562500e+02
2.332946624755859375e+02
5.157601318359375000e+02
-3.196031799316406250e+02
-5.300986328125000000e+02
3.291298828125000000e+02
-6.704373168945312500e+01
-5.574716186523437500e+02
3.927287597656250000e+02
2.160148048400878906e+01
1.802914733886718750e+02
-7.100477905273437500e+02
-3.248294677734375000e+02
7.984158935546875000e+02
-3.047875976562500000e+02
-5.935394287109375000e+02
1.521044373512268066e+00
-1.865548849105834961e+00
1.429531216621398926e+00
-1.357761383056640625e+00
5.244756937026977539e-01
-5.401647090911865234e-01
1.233439683914184570e+00
-1.277211427688598633e+00
-1.298470139503479004e+00
-3.689352273941040039e-01
2.497980147600173950e-01
-5.187585204839706421e-02
-4.002845883369445801e-01
-8.620759844779968262e-01
2.121146023273468018e-01
-1.022291421890258789e+00
-1.638213753700256348e+00
-1.958804488182067871e+00
4.164870083332061768e-02
-5.187844038009643555e-01
6.671794503927230835e-02
5.410832762718200684e-01
1.614629626274108887e+00
-8.770037889480590820e-01
3.634231388568878174e-01
6.655085086822509766e-01
7.792802453041076660e-01
-1.414092779159545898e+00
-1.385981678962707520e+00
8.443810343742370605e-01
3.899633586406707764e-01
-1.769205093383789062e+00
-7.498119473457336426e-01
1.360782623291015625e+00
1.393383383750915527e+00
-1.562129378318786621e+00
-3.365047872066497803e-01
-1.542779207229614258e+00
-1.644883155822753906e-01
1.210151195526123047e+00
2.971965968608856201e-01
-1.306563735008239746e+00
9.093053340911865234e-01
-1.756939738988876343e-01
-6.625520586967468262e-01
-1.347677946090698242e+00
1.466118097305297852e-01
-2.812125384807586670e-01
1.463947653770446777e+00
1.802761435508728027e+00
-1.651888608932495117e+00
1.938106417655944824e+00
1.574937224388122559e+00
-1.964088320732116699e+00
-1.568545937538146973e+00
3.737866580486297607e-01
-6.603654474020004272e-02
7.296565771102905273e-01
8.109586834907531738e-01
1.580650091171264648e+00
-4.412136077880859375e-01
3.773889541625976562e-01
1.755841732025146484e+00
8.126014471054077148e-01
1.694117903709411621e+00
8.130374550819396973e-01
1.355673909187316895e+00
-3.983643651008605957e-01
-1.376533865928649902e+00
-6.918731331825256348e-02
-8.537766933441162109e-01
-1.808931946754455566e+00
4.153396189212799072e-01
5.496460795402526855e-01
-2.789685130119323730e-01
-1.955886602401733398e+00
-5.585335493087768555e-01
-1.208689689636230469e+00
1.127892971038818359e+00
1.505987524986267090e+00
-1.210456848144531250e+00
-1.200257658958435059e+00
5.814382433891296387e-01
3.912863433361053467e-01
-2.549930810928344727e-01
-1.342109680175781250e+00
-4.722178280353546143e-01
3.042897582054138184e-01
-1.379851341247558594e+00
8.247812986373901367e-01
6.619784235954284668e-01
2.279192507266998291e-01
-5.068321228027343750e-01
-4.780514836311340332e-01
-8.178298473358154297e-01
-1.494668006896972656e+00
6.866489868164062500e+02
3.035925598144531250e+02
5.968939819335937500e+02
7.056362915039062500e+02
6.400668334960937500e+02
9.642964477539062500e+02
8.696381225585937500e+02
1.095171890258789062e+02
6.075495605468750000e+02
8.316443481445312500e+02
4.403576660156250000e+02
8.417373046875000000e+02
9.607349243164062500e+02
2.812064361572265625e+01
8.375761413574218750e+01
8.497086181640625000e+02
4.247463226318359375e+01
4.378715820312500000e+02
8.648035888671875000e+02
6.746470336914062500e+02
9.950531005859375000e+02
7.843478393554687500e+01
7.859318237304687500e+02
2.590591735839843750e+02
5.102066345214843750e+02
4.515408020019531250e+02
9.594324951171875000e+02
8.258070678710937500e+02
3.089406127929687500e+02
7.139260864257812500e+02
3.159152526855468750e+02
TLAST
4.883698730468750000e+02
2415853569
1.612085571289062500e+02
-7.589562377929687500e+02
-7.455729370117187500e+02
3.089039611816406250e+02
2.260803985595703125e+02
-4.039800415039062500e+02
6.426492309570312500e+02
5.095930480957031250e+01
-8.377633056640625000e+02
-2.550740051269531250e+02
7.486967163085937500e+02
5.334963378906250000e+02
6.749008178710937500e+02
8.823128662109375000e+02
-7.062095403671264648e-01
5.071083068847656250e+02
6.304484558105468750e+01
4.989797058105468750e+02
-4.535209350585937500e+02
2.696302795410156250e+02
4.073799133300781250e+02
8.770249938964843750e+01
-9.840341186523437500e+02
-5.071916503906250000e+02
-1.799253692626953125e+02
-3.234134826660156250e+02
-7.741022949218750000e+02
-5.462918701171875000e+02
6.225675048828125000e+02
-2.528639373779296875e+02
3.023634643554687500e+02
5.025714111328125000e+02
-2.981044311523437500e+02
5.872087402343750000e+02
5.684171752929687500e+02
5.315478897094726562e+01
6.150384521484375000e+02
-7.122357788085937500e+02
-3.319533691406250000e+02
5.119304199218750000e+02
-7.579249267578125000e+02
-6.636925048828125000e+02
9.957835083007812500e+02
4.091685791015625000e+02
7.093153076171875000e+02
-4.744787902832031250e+02
6.006816406250000000e+02
-4.194514160156250000e+02
-8.827260742187500000e+02
-4.675032348632812500e+02
-5.912855834960937500e+02
-2.520992584228515625e+02
-8.280710449218750000e+02
9.955322265625000000e+02
-8.511749267578125000e+02
3.971964111328125000e+02
-3.025010070800781250e+02
3.967515563964843750e+02
3.551965026855468750e+02
-7.724060058593750000e+02
9.670678710937500000e+02
-7.153113403320312500e+02
-2.643864135742187500e+02
7.037810668945312500e+02
6.156872558593750000e+02
-8.628201904296875000e+02
-4.260008850097656250e+02
-5.543790893554687500e+02
7.003047485351562500e+02
4.467743530273437500e+02
-5.018757019042968750e+02
-7.912198486328125000e+02
3.959481811523437500e+01
-8.707673950195312500e+02
8.114555664062500000e+02
5.421328735351562500e+02
-7.622054290771484375e+01
7.023134765625000000e+02
4.195256958007812500e+02
8.964350585937500000e+02
-9.442395019531250000e+01
8.685844726562500000e+02
-9.993938598632812500e+02
-7.455939331054687500e+02
9.303716430664062500e+02
-1.051885452270507812e+02
-7.059003295898437500e+02
9.233980102539062500e+02
-1.649040832519531250e+02
-4.393731079101562500e+02
1.200425338745117188e+02
-8.496326293945312500e+02
6.258219909667968750e+01
-9.344403686523437500e+02
6.105018310546875000e+02
-8.602758789062500000e+02
-1.896770000457763672e+00
-1.076880097389221191e+00
-1.527954459190368652e+00
5.271269083023071289e-01
8.729138374328613281e-01
-3.888689875602722168e-01
1.518528699874877930e+00
-9.225398898124694824e-01
-1.407273888587951660e+00
-1.124247431755065918e+00
8.783257603645324707e-01
-4.482880234718322754e-01
1.419856667518615723e+00
5.708348155021667480e-01
1.593612551689147949e+00
-1.631776690483093262e+00
1.550596356391906738e+00
-1.143505215644836426e+00
1.782080650329589844e+00
-1.358133792877197266e+00
-1.792180538177490234e+00
-9.458051323890686035e-01
-8.492569327354431152e-01
-1.493086852133274078e-02
-1.042916297912597656e+00
8.309199810028076172e-01
2.269210293889045715e-02
4.686246514320373535e-01
2.352301962673664093e-02
1.513066172599792480e+00
8.173456788063049316e-01
-3.038166463375091553e-01
-4.384873807430267334e-01
-1.627743005752563477e+00
-4.544553756713867188e-01
1.388730108737945557e-01
-3.435227572917938232e-01
1.414603710174560547e+00
-1.851169466972351074e+00
8.590744137763977051e-01
4.145952761173248291e-01
-7.730382680892944336e-01
-1.767175197601318359e+00
-1.915110707283020020e+00
-1.585156917572021484e+00
4.222914874553680420e-01
-1.441062569618225098e+00
8.373953104019165039e-01
2.257820069789886475e-01
-6.768122315406799316e-01
4.270558804273605347e-02
1.208419442176818848e+00
-1.519996285438537598e+00
5.195142626762390137e-01
5.752524733543395996e-01
3.760816156864166260e-01
-4.820648431777954102e-01
2.335200011730194092e-01
-1.994533896446228027e+00
1.718858599662780762e+00
1.159343361854553223e+00
-1.876025795936584473e-01
3.978509008884429932e-01
8.728562593460083008e-01
1.326415091753005981e-01
1.269964694976806641e+00
2.767475545406341553e-01
-1.065837264060974121e+00
-1.581582307815551758e+00
1.297989606857299805e+00
-6.409782767295837402e-01
-7.450854778289794922e-01
6.366674900054931641e-01
-5.853031873703002930e-01
-9.112287759780883789e-01
4.003388285636901855e-01
6.385391950607299805e-01
-1.976682186126708984e+00
2.364079058170318604e-01
9.453971982002258301e-01
1.624534606933593750e+00
-5.465543270111083984e-01
-1.940771192312240601e-01
1.773248434066772461e+00
-4.143194258213043213e-01
1.831347584724426270e+00
-1.165407061576843262e+00
1.656605124473571777e+00
5.533764958381652832e-01
-7.106409072875976562e-01
9.459934234619140625e-01
-7.536683082580566406e-01
-1.355836033821105957e+00
7.442960143089294434e-01
1.653993964195251465e+00
1.228840835392475128e-02
4.990328216552734375e+01
9.812884521484375000e+02
8.936651000976562500e+02
9.606353149414062500e+02
8.487608337402343750e+01
4.587467575073242188e+01
6.272047729492187500e+02
6.888244628906250000e+02
7.103703613281250000e+02
8.628260498046875000e+02
7.567139892578125000e+02
7.817423706054687500e+02
7.796815185546875000e+02
7.320615844726562500e+02
9.771038818359375000e+02
6.577297973632812500e+01
1.913520965576171875e+02
7.874083251953125000e+02
1.056991348266601562e+02
1.329217720031738281e+01
8.758075561523437500e+02
8.184138793945312500e+02
7.445623779296875000e+02
2.360733337402343750e+02
3.235111999511718750e+02
9.655691528320312500e+02
4.536245422363281250e+02
7.005839233398437500e+02
7.164689331054687500e+02
5.441379394531250000e+02
9.440731201171875000e+02
TLAST
6.591251220703125000e+02
2415853570
6.470637817382812500e+02
8.641454467773437500e+02
-7.798270874023437500e+02
1.319745025634765625e+02
-8.796337280273437500e+02
3.052652893066406250e+02
-2.808255004882812500e+02
-9.175565795898437500e+02
6.691798095703125000e+02
7.707126464843750000e+02
1.274623489379882812e+01
-2.130249938964843750e+02
5.492947387695312500e+02
1.950715026855468750e+02
6.759574584960937500e+02
5.759895019531250000e+02
6.977048339843750000e+02
9.660549926757812500e+02
4.216171569824218750e+02
1.840607452392578125e+02
2.120776062011718750e+02
-6.248923339843750000e+02
8.469501953125000000e+02
-2.908387451171875000e+02
5.619618530273437500e+02
-1.814914550781250000e+02
-2.361066284179687500e+02
-7.383601074218750000e+02
-7.034057617187500000e+02
8.536594848632812500e+02
-2.242923736572265625e+02
-1.246655120849609375e+02
-8.431028747558593750e+01
-2.661083984375000000e+02
-5.353807983398437500e+02
9.281705932617187500e+02
2.116120605468750000e+02
-7.280430908203125000e+02
3.419683227539062500e+02
-4.117747802734375000e+02
8.672142944335937500e+02
4.342275695800781250e+02
5.307850952148437500e+02
-8.743465576171875000e+02
-4.074119873046875000e+02
2.617169799804687500e+02
7.291909179687500000e+02
-4.155669555664062500e+02
-3.834698791503906250e+02
-7.861835937500000000e+02
4.633338317871093750e+02
-1.736184234619140625e+02
-3.158162841796875000e+02
-6.821601104736328125e+01
4.446924972534179688e+01
3.709974975585937500e+02
-2.313723297119140625e+02
6.493189697265625000e+02
5.421337890625000000e+02
-9.644332885742187500e+02
-2.261564178466796875e+02
6.122916870117187500e+02
5.155244750976562500e+02
7.403176879882812500e+02
-7.920161743164062500e+02
2.021565704345703125e+02
8.954262084960937500e+02
2.119700164794921875e+02
8.877172851562500000e+02
-2.399258575439453125e+02
-5.825227050781250000e+02
-5.295924682617187500e+02
-7.060439453125000000e+02
-3.430303955078125000e+01
7.796818237304687500e+02
-4.338898315429687500e+02
5.285905761718750000e+02
-2.463535614013671875e+02
-5.447864990234375000e+02
-5.476918334960937500e+02
5.084852600097656250e+01
4.338765869140625000e+02
1.404447937011718750e+02
-6.379667358398437500e+02
-3.615560302734375000e+02
-3.930142211914062500e+02
-9.901571655273437500e+02
-4.093022155761718750e+02
5.791876831054687500e+02
2.480522918701171875e+02
3.325462341308593750e+02
8.694113769531250000e+02
-7.462357788085937500e+02
9.581585693359375000e+01
1.610409240722656250e+02
-5.137442398071289062e+01
-1.518401145935058594e+00
1.189525127410888672e+00
-1.485866665840148926e+00
4.013569653034210205e-01
1.629551768302917480e+00
-8.681321144104003906e-01
1.066770195960998535e+00
-1.837764978408813477e+00
-1.591055750846862793e+00
-1.957150816917419434e+00
-9.994974732398986816e-01
8.451759815216064453e-01
-1.748143076896667480e+00
8.119596838951110840e-01
1.146739602088928223e+00
-6.813856959342956543e-01
5.831295251846313477e-01
-1.651341199874877930e+00
1.066251397132873535e+00
1.085808873176574707e+00
-5.677599310874938965e-01
-5.348038077354431152e-01
3.394233882427215576e-01
-9.726550579071044922e-01
-1.473684430122375488e+00
6.681002974510192871e-01
1.310497283935546875e+00
1.514944076538085938e+00
1.848199009895324707e+00
1.451988816261291504e+00
9.966256618499755859e-01
8.561475574970245361e-02
-1.491869091987609863e+00
-6.945649385452270508e-01
-9.294826984405517578e-01
-1.872342377901077271e-01
7.339991331100463867e-01
9.330062270164489746e-01
-1.209737181663513184e+00
-1.118672013282775879e+00
1.606551051139831543e+00
5.339968949556350708e-03
-1.231342196464538574e+00
1.761716127395629883e+00
1.960823237895965576e-01
-9.937552213668823242e-01
2.832745313644409180e-01
4.310142695903778076e-01
-7.623896002769470215e-01
4.401463568210601807e-01
1.827893853187561035e+00
1.393804430961608887e+00
9.804850816726684570e-01
-1.984713673591613770e-01
8.815037608146667480e-01
9.262784719467163086e-01
-1.030435204505920410e+00
-1.441677689552307129e+00
-1.623257875442504883e+00
1.869356513023376465e+00
2.362135350704193115e-01
-8.886346220970153809e-01
-1.887476921081542969e+00
1.236916184425354004e+00
-1.726886749267578125e+00
1.768164396286010742e+00
-9.129616618156433105e-01
1.208131909370422363e+00
-1.216098070144653320e+00
-4.538272023200988770e-01
-1.370265126228332520e+00
-7.392614483833312988e-01
-6.923255920410156250e-01
-1.145399659872055054e-01
4.855050742626190186e-01
8.663853406906127930e-01
9.073792099952697754e-01
-1.084225848317146301e-01
-1.796912074089050293e+00
7.677024602890014648e-01
1.755692601203918457e+00
-1.618416070938110352e+00
1.984193444252014160e+00
-1.686058521270751953e+00
-9.959194064140319824e-02
1.261934757232666016e+00
-9.588364362716674805e-01
-1.684255838394165039e+00
-9.684627652168273926e-01
-4.195986986160278320e-01
7.022607922554016113e-01
-1.365756273269653320e+00
1.944837689399719238e+00
-1.525260925292968750e+00
-1.948859930038452148e+00
5.274633169174194336e-01
1.907192993164062500e+02
9.367567138671875000e+02
4.421372070312500000e+02
4.777118225097656250e+02
7.586675262451171875e+01
1.065943298339843750e+02
6.221644897460937500e+02
1.934319915771484375e+02
8.615108032226562500e+02
4.464573059082031250e+02
6.462412109375000000e+02
8.526528930664062500e+02
1.244134216308593750e+02
6.063544311523437500e+02
4.869051513671875000e+02
3.510381164550781250e+02
6.733157348632812500e+02
8.977119140625000000e+02
4.609009933471679688e+01
5.085908813476562500e+02
4.035868835449218750e+02
3.674977493286132812e+01
6.108934326171875000e+02
2.224039916992187500e+02
1.363145751953125000e+02
8.673286743164062500e+02
9.979080810546875000e+02
7.952817440032958984e+00
4.317733154296875000e+02
3.475519104003906250e+02
9.978128051757812500e+02
TLAST
3.471322021484375000e+02
2415853571
6.782468872070312500e+02
-3.694551696777343750e+02
-8.541690673828125000e+02
-1.164036636352539062e+02
-9.248008422851562500e+02
-6.655088500976562500e+02
3.315336303710937500e+02
-2.218041610717773438e+01
4.119633789062500000e+02
-1.361482238769531250e+02
5.369414672851562500e+02
3.821879577636718750e+02
-2.457378234863281250e+02
-6.751214599609375000e+02
2.556804046630859375e+02
-9.887959594726562500e+02
-6.365596923828125000e+02
4.556503295898437500e+02
-5.456071472167968750e+01
-9.232683715820312500e+02
9.297692871093750000e+02
-5.732650146484375000e+02
6.066998901367187500e+02
8.597683105468750000e+02
5.655483398437500000e+02
-4.123772583007812500e+02
-4.578023681640625000e+02
8.614532470703125000e+02
2.715540771484375000e+02
9.525140991210937500e+02
-4.938632507324218750e+02
-7.123982543945312500e+02
-3.949779968261718750e+02
5.845709228515625000e+02
5.079215393066406250e+02
1.340230712890625000e+02
-7.454345092773437500e+02
-7.650865936279296875e+01
9.288219604492187500e+02
3.796754760742187500e+02
3.384875183105468750e+02
-7.956236572265625000e+02
1.229950485229492188e+02
-2.914587402343750000e+01
-9.966790771484375000e+02
3.458170776367187500e+02
9.820393371582031250e+01
-2.678904724121093750e+02
-4.514259815216064453e+00
5.711124267578125000e+02
-8.031970214843750000e+01
-3.534802627563476562e+01
9.255321655273437500e+02
-4.754916381835937500e+02
1.559566040039062500e+02
-9.179902343750000000e+02
-4.085437316894531250e+02
-1.590314636230468750e+02
2.706709899902343750e+02
6.911625366210937500e+02
-2.528358001708984375e+02
-9.982789611816406250e+01
6.394579467773437500e+02
-5.922448120117187500e+02
-7.610729980468750000e+02
3.386751403808593750e+02
-9.028330688476562500e+02
7.742681884765625000e+02
3.317218322753906250e+02
-1.967911682128906250e+02
6.057971801757812500e+02
-5.555964965820312500e+02
-3.086278686523437500e+02
2.751990661621093750e+02
7.814433593750000000e+02
-5.480921630859375000e+02
1.143086013793945312e+02
2.629296875000000000e+02
4.516457824707031250e+02
-4.153148498535156250e+02
3.638090515136718750e+02
1.819700927734375000e+02
2.109481658935546875e+02
-7.181530761718750000e+02
7.210792236328125000e+02
-4.327811717987060547e+00
-6.735604858398437500e+02
1.170412826538085938e+02
-8.524984741210937500e+02
-8.597172851562500000e+02
1.005149459838867188e+02
-4.348986816406250000e+02
-6.096848144531250000e+02
1.587019042968750000e+02
8.453280029296875000e+02
-4.727084350585937500e+02
-8.132644891738891602e-01
1.721378862857818604e-01
-1.091449141502380371e+00
1.817882061004638672e+00
-4.012464582920074463e-01
-1.839783549308776855e+00
8.261775970458984375e-01
7.477065324783325195e-01
1.888911485671997070e+00
-2.359856814146041870e-01
1.962291359901428223e+00
1.229691028594970703e+00
-7.945380210876464844e-01
-1.181098341941833496e+00
-4.905002117156982422e-01
-1.811635345220565796e-01
-1.470719099044799805e+00
1.990475535392761230e+00
-1.541580677032470703e+00
5.692934393882751465e-01
-8.067680001258850098e-01
4.212177693843841553e-01
3.849987313151359558e-02
9.966783523559570312e-01
-7.082737088203430176e-01
-1.318110704421997070e+00
1.790620684623718262e+00
1.060688972473144531e+00
5.457313060760498047e-01
-1.903320074081420898e+00
4.754421710968017578e-01
1.648710250854492188e+00
-3.130627274513244629e-01
-1.821324706077575684e+00
-1.532682061195373535e+00
-3.978907167911529541e-01
1.111752271652221680e+00
-1.116286873817443848e+00
-1.016781926155090332e+00
1.552819490432739258e+00
-1.959242582321166992e+00
9.371086359024047852e-01
3.775829672813415527e-01
-1.248764395713806152e+00
2.481107413768768311e-01
-1.229647099971771240e-01
-5.056021213531494141e-01
2.332663685083389282e-01
-1.929541587829589844e+00
6.830213665962219238e-01
5.344023108482360840e-01
-4.099274277687072754e-01
-1.260801315307617188e+00
1.808132886886596680e+00
-1.097106456756591797e+00
-1.820926785469055176e+00
-4.420022368431091309e-01
-1.132281590253114700e-02
-7.510833144187927246e-01
-7.296338677406311035e-01
-1.341305613517761230e+00
-1.782974004745483398e+00
-1.104795038700103760e-01
-1.843239426612854004e+00
8.656044602394104004e-01
-6.221907734870910645e-01
-5.916075110435485840e-01
7.084691524505615234e-01
1.310936212539672852e+00
1.735670804977416992e+00
1.990544915199279785e+00
-1.263921499252319336e+00
1.066578269004821777e+00
1.570262670516967773e+00
-6.127824783325195312e-01
3.255002200603485107e-02
-4.675470888614654541e-01
-6.993815898895263672e-01
1.524945259094238281e+00
-1.913031220436096191e+00
-1.611269831657409668e+00
-2.995826862752437592e-02
1.680039525032043457e+00
-2.771599451079964638e-03
1.012821421027183533e-01
6.261105537414550781e-01
8.092232942581176758e-01
1.139383316040039062e+00
-1.281772732734680176e+00
-1.721634268760681152e+00
1.276508450508117676e+00
-9.937981963157653809e-01
1.708805859088897705e-01
-8.757230043411254883e-01
1.860238671302795410e+00
2.836074531078338623e-01
2.414007720947265625e+02
5.516442871093750000e+02
2.520840263366699219e+01
2.816388244628906250e+02
8.646266479492187500e+02
3.758994140625000000e+02
8.568552246093750000e+02
7.392780151367187500e+02
9.382869262695312500e+02
7.414973754882812500e+02
4.983493347167968750e+02
8.507863769531250000e+02
7.391183471679687500e+02
6.243868408203125000e+02
9.213784179687500000e+02
9.572918701171875000e+02
8.756844482421875000e+02
9.821711425781250000e+02
8.699482421875000000e+02
1.977403259277343750e+02
8.355427856445312500e+02
5.537293090820312500e+02
8.127828979492187500e+01
6.263851928710937500e+02
8.764124755859375000e+02
2.165906677246093750e+02
3.575659484863281250e+02
2.564275817871093750e+02
8.657263183593750000e+02
2.532656250000000000e+02
4.997366638183593750e+02
TLAST
4.566975097656250000e+02
