2415853568
-8.699606323242187500e+02
-7.369700317382812500e+02
-8.875411376953125000e+02
-4.056593627929687500e+02
-5.334145507812500000e+02
-2.700634765625000000e+02
-4.927488403320312500e+02
-8.346220092773437500e+02
-3.213995361328125000e+02
-7.940756225585937500e+02
2.828729858398437500e+02
-9.044663696289062500e+02
7.611884155273437500e+02
-5.606378173828125000e+02
-5.695846557617187500e+02
2.708171997070312500e+02
6.730492553710937500e+02
-5.981697387695312500e+02
7.741943969726562500e+02
3.759458923339843750e+02
-8.462573852539062500e+02
9.846240234375000000e+02
5.684359741210937500e+02
9.615617675781250000e+02
-5.389228515625000000e+02
-7.570492553710937500e+02
5.020423889160156250e+01
8.130063476562500000e+02
5.689376831054687500e+02
4.401362304687500000e+02
-2.085921936035156250e+02
3.687311172485351562e+01
-1.190284957885742188e+02
1.986868438720703125e+02
-9.306397705078125000e+02
4.004962768554687500e+02
3.369203186035156250e+02
6.561619567871093750e+01
1.071747741699218750e+02
6.320750122070312500e+02
-1.564511566162109375e+02
7.601800537109375000e+02
-3.474817810058593750e+02
8.527069702148437500e+02
9.408058471679687500e+02
5.672813720703125000e+02
8.757614746093750000e+02
9.722534179687500000e+02
-7.053209228515625000e+02
2.045991058349609375e+02
9.478527832031250000e+02
-1.136207275390625000e+02
3.047775878906250000e+02
-5.403618774414062500e+02
-4.712997131347656250e+02
3.699286193847656250e+02
-8.345279541015625000e+02
2.534813537597656250e+02
8.938790283203125000e+02
3.461700134277343750e+02
-4.132908935546875000e+02
-4.002504577636718750e+02
4.143455505371093750e+02
5.125047607421875000e+02
3.831997375488281250e+02
-3.331817321777343750e+02
-4.668802185058593750e+02
8.569573974609375000e+02
-5.490937500000000000e+02
1.082312316894531250e+02
2.799388427734375000e+02
-6.394726562500000000e+02
-6.316910400390625000e+02
3.021537475585937500e+02
6.735235595703125000e+01
-9.399768066406250000e+02
2.681977233886718750e+02
-2.188757781982421875e+02
-3.926885070800781250e+02
9.403970336914062500e+02
1.561062622070312500e+02
2.420615692138671875e+02
-4.945502319335937500e+02
1.904127197265625000e+02
-5.059138488769531250e+02
-2.758168945312500000e+02
7.562951049804687500e+02
7.100950317382812500e+02
5.759937133789062500e+02
-1.216331787109375000e+02
3.103103942871093750e+02
-7.439342041015625000e+02
-8.987959594726562500e+02
9.866691894531250000e+02
7.398927001953125000e+02
-2.898051757812500000e+02
-8.061105012893676758e-01
-1.280767172574996948e-01
-1.288578033447265625e+00
1.971219539642333984e+00
1.668087005615234375e+00
1.889184713363647461e+00
5.017743632197380066e-02
-2.300082147121429443e-01
-1.515464425086975098e+00
1.609261333942413330e-01
-5.680995434522628784e-02
-1.303300619125366211e+00
1.074237465858459473e+00
1.899638295173645020e+00
-5.091028213500976562e-01
1.535790681838989258e+00
8.496756553649902344e-01
-6.301677227020263672e-01
-2.598795667290687561e-02
-1.185005545616149902e+00
1.437988638877868652e+00
-1.827288269996643066e+00
1.316605448722839355e+00
1.488037109375000000e+00
1.827348232269287109e+00
8.559270501136779785e-01
-1.041265726089477539e+00
1.338243246078491211e+00
8.680369853973388672e-01
4.460416734218597412e-01
-3.193397223949432373e-01
8.195350766181945801e-01
-4.778958112001419067e-02
4.298579990863800049e-01
-1.215014934539794922e+00
8.579461574554443359e-01
7.371863126754760742e-01
1.419083476066589355e-01
-4.936777949333190918e-01
1.998122334480285645e+00
-3.968883454799652100e-01
-1.387518763542175293e+00
-6.695923209190368652e-01
1.697358489036560059e-01
1.947308778762817383e+00
-1.838160276412963867e+00
5.125446319580078125e-01
1.439768224954605103e-01
1.801530122756958008e+00
-1.682553172111511230e+00
6.245630383491516113e-01
5.402294993400573730e-01
1.084368526935577393e-01
-1.187909841537475586e+00
6.437234878540039062e-01
-9.914226531982421875e-01
-1.266600012779235840e+00
7.925249338150024414e-01
2.546857297420501709e-01
4.288300871849060059e-01
1.567471861839294434e+00
1.122459053993225098e+00
7.529929280281066895e-01
-1.748483479022979736e-01
-3.539144694805145264e-01
-1.434186577796936035e+00
-1.138070583343505859e+00
-9.096153974533081055e-01
1.424290537834167480e+00
1.756215929985046387e+00
4.043967425823211670e-01
1.449938535690307617e+00
-2.768404185771942139e-01
9.587247967720031738e-01
1.442464113235473633e+00
-1.307557106018066406e+00
1.789003252983093262e+00
-1.694157719612121582e+00
1.671823740005493164e+00
1.786779522895812988e+00
9.970445930957794189e-02
-1.914895534515380859e+00
-2.630258500576019287e-01
-3.477491140365600586e-01
-2.356313467025756836e-01
8.583698272705078125e-01
-6.954221725463867188e-01
1.813543677330017090e+00
-2.324547469615936279e-01
2.478649653494358063e-02
7.360153794288635254e-01
-1.962677478790283203e+00
1.583741068840026855e+00
-1.766275525093078613e+00
-1.280056715011596680e+00
-1.526773452758789062e+00
4.808755493164062500e+01
1.116288833618164062e+02
5.208297729492187500e+02
3.672733154296875000e+02
4.254577026367187500e+02
5.238554000854492188e+01
4.807897338867187500e+02
5.608951416015625000e+02
5.953236083984375000e+02
8.491522827148437500e+02
3.105700378417968750e+02
1.336715984344482422e+01
9.657970581054687500e+02
2.681080436706542969e+01
6.953193664550781250e+00
6.272710571289062500e+02
8.179758911132812500e+02
3.323001403808593750e+02
5.824235229492187500e+02
3.306032714843750000e+02
6.147438354492187500e+02
3.327769470214843750e+02
8.751759643554687500e+02
3.043493843078613281e+01
3.728766174316406250e+02
6.490254516601562500e+02
9.168856201171875000e+02
6.454257202148437500e+02
9.978632202148437500e+02
7.248398437500000000e+02
9.521483764648437500e+02
TLAST
1.112222061157226562e+02
2415853569
4.823081054687500000e+02
-1.280408477783203125e+02
3.128039855957031250e+02
-8.153527832031250000e+02
-6.971337890625000000e+02
-9.674056243896484375e+01
9.162958526611328125e+01
2.362453155517578125e+02
7.345339355468750000e+02
-8.599880981445312500e+02
-3.837312622070312500e+02
7.818746337890625000e+02
-9.618901977539062500e+02
7.018386840820312500e+02
3.817543640136718750e+02
3.029039916992187500e+02
-2.222841644287109375e+02
-2.894965515136718750e+02
9.944432373046875000e+02
-5.440394897460937500e+02
5.225023803710937500e+02
9.592000122070312500e+02
4.341401062011718750e+02
-4.572253112792968750e+02
1.578176422119140625e+02
-5.563902587890625000e+02
3.628575744628906250e+02
-7.976448364257812500e+02
-7.732222290039062500e+02
6.069053344726562500e+02
1.387370910644531250e+02
8.223078002929687500e+02
-9.549547729492187500e+02
-3.165744018554687500e+01
-8.096452636718750000e+02
2.754800415039062500e+02
3.519849243164062500e+02
-7.759622192382812500e+01
-4.995748291015625000e+02
5.196302490234375000e+02
8.395751953125000000e+01
5.176356201171875000e+02
9.142531738281250000e+02
7.530773315429687500e+02
-7.012723999023437500e+02
8.414453887939453125e+01
-2.003370971679687500e+02
9.806388549804687500e+02
7.672835693359375000e+02
7.161013793945312500e+02
6.105958862304687500e+02
8.319258422851562500e+02
2.345523986816406250e+02
1.894186401367187500e+02
-4.405261840820312500e+02
5.031008605957031250e+02
7.465296630859375000e+02
1.190461578369140625e+02
-3.734129333496093750e+02
1.086055221557617188e+02
7.026071777343750000e+02
9.081627655029296875e+01
-8.636950073242187500e+02
-8.955541992187500000e+02
-3.524788513183593750e+02
-6.067341918945312500e+02
4.211508178710937500e+02
6.663491210937500000e+02
6.877072906494140625e+01
2.911689147949218750e+02
-5.969971313476562500e+02
2.547846221923828125e+02
-1.664651947021484375e+02
7.211842041015625000e+02
-3.718931274414062500e+02
1.950704803466796875e+02
1.724820556640625000e+02
9.529727783203125000e+02
9.298422851562500000e+02
5.881255493164062500e+02
-5.570313720703125000e+02
-8.338402099609375000e+02
3.101647033691406250e+02
-7.610884399414062500e+02
-1.303777465820312500e+02
-1.422493896484375000e+02
3.980275268554687500e+02
6.237395095825195312e+01
-4.866126403808593750e+02
9.488753662109375000e+02
6.630651855468750000e+02
6.880399322509765625e+01
1.362039642333984375e+02
6.041035766601562500e+02
1.069608306884765625e+02
-5.105361938476562500e+02
-4.890713989734649658e-01
-1.105330467224121094e+00
1.507576942443847656e+00
-1.806555271148681641e+00
1.791702389717102051e+00
-1.676505088806152344e+00
1.755031585693359375e+00
-1.988131642341613770e+00
-1.957944631576538086e+00
9.151298403739929199e-01
8.094300627708435059e-01
-1.193808317184448242e+00
2.468848675489425659e-01
1.050628662109375000e+00
-3.468229174613952637e-01
-4.778665900230407715e-01
1.311928629875183105e+00
1.383998394012451172e+00
-1.362681627273559570e+00
-8.209034800529479980e-01
-2.662243545055389404e-01
-1.871468186378479004e+00
1.115567803382873535e+00
-8.625183105468750000e-01
1.607415795326232910e+00
1.089946150779724121e+00
4.921875596046447754e-01
1.843530297279357910e+00
1.229989767074584961e+00
-6.987302899360656738e-01
1.121056079864501953e+00
1.811392903327941895e+00
-1.503168702125549316e+00
1.444554090499877930e+00
1.328751325607299805e+00
3.210058212280273438e-01
8.722810149192810059e-01
1.106929421424865723e+00
-1.363358378410339355e+00
-7.436430454254150391e-01
1.757022976875305176e+00
5.425677895545959473e-01
2.141707092523574829e-01
1.676039576530456543e+00
-1.419426321983337402e+00
1.225674003362655640e-01
-8.696543574333190918e-01
-1.717611908912658691e+00
8.934935331344604492e-01
-6.229438185691833496e-01
-9.054695367813110352e-01
-1.362229347229003906e+00
8.931671828031539917e-02
8.202935457229614258e-01
1.716525852680206299e-01
1.195769831538200378e-01
-1.588907241821289062e+00
1.414731383323669434e+00
1.039477467536926270e+00
3.677031397819519043e-01
1.273696899414062500e+00
4.209904670715332031e-01
-1.331317663192749023e+00
4.351783096790313721e-01
-1.734436154365539551e+00
-1.011657714843750000e+00
1.674914121627807617e+00
-5.985168814659118652e-01
-1.568422555923461914e+00
9.175549149513244629e-01
1.211473345756530762e+00
8.049978613853454590e-01
1.336248219013214111e-01
1.727285146713256836e+00
6.868867278099060059e-01
-2.327997088432312012e-01
1.396656513214111328e+00
-1.719478964805603027e+00
1.957893013954162598e+00
4.760138392448425293e-01
-1.675651311874389648e+00
1.209560871124267578e+00
7.225509881973266602e-01
9.957059621810913086e-01
-1.575676798820495605e+00
1.678925752639770508e+00
-1.378368854522705078e+00
-8.290251493453979492e-01
-1.855496406555175781e+00
9.311130046844482422e-01
-1.206633090972900391e+00
-7.785069942474365234e-02
1.101385831832885742e+00
6.289886832237243652e-01
-1.252722144126892090e+00
-4.019857347011566162e-01
1.998597412109375000e+02
3.765469665527343750e+02
8.088216552734375000e+02
1.806767425537109375e+02
2.535823822021484375e+02
6.662187194824218750e+01
3.210152282714843750e+02
1.967199401855468750e+02
8.916266479492187500e+02
6.555059814453125000e+02
2.187415313720703125e+02
8.921831054687500000e+02
7.206911621093750000e+02
8.850913696289062500e+02
7.887506713867187500e+02
6.188477172851562500e+02
2.947832641601562500e+02
2.006321525573730469e+01
7.960856933593750000e+02
9.217229003906250000e+02
7.152233886718750000e+02
1.684648895263671875e+02
5.121373291015625000e+02
5.241676635742187500e+02
6.038344116210937500e+02
5.998699951171875000e+02
5.774473266601562500e+02
2.016676330566406250e+02
8.101540527343750000e+02
8.435899047851562500e+02
6.565579223632812500e+02
TLAST
9.408442382812500000e+02
2415853570
8.187321166992187500e+02
9.293814086914062500e+02
-8.265139770507812500e+02
2.851012878417968750e+02
-7.197678222656250000e+02
-7.972114868164062500e+02
-9.325211181640625000e+02
-5.941200561523437500e+02
-1.688169708251953125e+02
-7.682713623046875000e+02
5.437919311523437500e+02
3.994385070800781250e+02
-8.586496582031250000e+02
3.723971252441406250e+02
4.589794006347656250e+02
5.001840209960937500e+02
-4.826094665527343750e+02
1.098122253417968750e+02
-2.165029602050781250e+02
-7.255101928710937500e+02
-2.720230407714843750e+02
2.266125030517578125e+02
-5.782638549804687500e+02
1.215911788940429688e+02
-2.734771423339843750e+02
3.294799499511718750e+02
-6.812839355468750000e+02
9.259183959960937500e+02
5.444796142578125000e+02
-5.682803344726562500e+02
-1.597718811035156250e+02
1.986541595458984375e+02
7.364755249023437500e+02
3.778419494628906250e+02
9.504834594726562500e+02
-4.575512084960937500e+02
5.451345825195312500e+02
9.529173583984375000e+02
2.548949279785156250e+02
6.868624877929687500e+01
-3.430696716308593750e+02
4.054736633300781250e+02
1.191610145568847656e+01
7.533614501953125000e+02
-3.326544799804687500e+02
8.146873779296875000e+02
4.959676513671875000e+02
-9.923685913085937500e+02
1.723123779296875000e+02
2.672402954101562500e+02
-1.904627075195312500e+02
9.236255493164062500e+02
-4.287958679199218750e+02
-7.127851867675781250e+01
1.254192199707031250e+02
3.133119812011718750e+02
6.322249145507812500e+02
8.163780975341796875e+01
8.316696777343750000e+02
9.660380249023437500e+02
-8.049223022460937500e+02
2.438615112304687500e+02
-9.711972656250000000e+02
5.711030273437500000e+02
7.700786132812500000e+02
-9.525382080078125000e+02
-1.673235931396484375e+02
-5.760744628906250000e+02
5.531125488281250000e+02
4.980380554199218750e+02
4.147931823730468750e+02
8.191431274414062500e+02
6.443258056640625000e+02
3.770888671875000000e+02
8.090605468750000000e+02
-5.683154296875000000e+01
-8.262302246093750000e+02
1.687113952636718750e+02
8.113996582031250000e+02
-8.944282836914062500e+02
-3.414222412109375000e+02
1.894298095703125000e+02
4.960038757324218750e+02
-6.813280029296875000e+02
-7.254174804687500000e+02
8.853244628906250000e+02
-7.915644531250000000e+02
1.213017883300781250e+02
5.953661499023437500e+02
9.109308471679687500e+02
1.874313354492187500e+02
5.524385452270507812e+01
-7.991352539062500000e+02
1.757912597656250000e+02
-3.561549682617187500e+02
2.360508117675781250e+02
4.801977276802062988e-01
-6.910582780838012695e-01
4.057666957378387451e-01
-1.583142161369323730e+00
-2.335755079984664917e-01
-7.369970083236694336e-01
1.216997027397155762e+00
-1.524237871170043945e+00
1.269121468067169189e-01
-1.290268421173095703e+00
9.701110124588012695e-01
-1.530219793319702148e+00
1.676818728446960449e+00
2.219543904066085815e-01
-7.047111988067626953e-01
1.814100861549377441e+00
1.510580182075500488e+00
1.798213362693786621e+00
1.061883330345153809e+00
-1.638863325119018555e+00
1.096398234367370605e+00
1.717947006225585938e+00
-7.448537349700927734e-01
-1.316028952598571777e+00
1.663968443870544434e+00
-1.022258758544921875e+00
1.134484648704528809e+00
1.959815979003906250e+00
-3.711986914277076721e-02
1.903319239616394043e+00
-1.814428925514221191e+00
1.957654476165771484e+00
6.430124863982200623e-03
-1.805706620216369629e+00
-6.612595319747924805e-01
-1.206732988357543945e+00
1.182316541671752930e+00
-3.668112214654684067e-03
1.491139650344848633e+00
-1.960658907890319824e+00
5.661010742187500000e-01
1.676952362060546875e+00
-1.858499050140380859e+00
-7.995491027832031250e-01
-2.017710208892822266e-01
4.946094453334808350e-01
-6.181988120079040527e-01
-3.867592290043830872e-02
1.896826386451721191e+00
-3.111892044544219971e-01
-2.440468519926071167e-01
-4.966587424278259277e-01
-1.968290805816650391e+00
-1.883218407630920410e+00
-1.020102500915527344e-01
-2.147210538387298584e-01
-5.661097168922424316e-01
1.157594799995422363e+00
1.982275485992431641e+00
5.388380885124206543e-01
-1.698569178581237793e+00
-1.617518186569213867e+00
-3.504023849964141846e-01
-1.378244161605834961e+00
1.559776902198791504e+00
-7.455998659133911133e-01
1.146517395973205566e+00
-3.833997249603271484e-01
-5.051583647727966309e-01
-9.119374752044677734e-01
-1.840805709362030029e-01
-1.711395263671875000e+00
8.898168802261352539e-01
-1.923024415969848633e+00
3.821700066328048706e-02
-1.241976261138916016e+00
8.162007331848144531e-01
1.186891674995422363e+00
-6.017618179321289062e-01
-3.263338804244995117e-01
-8.967139124870300293e-01
1.581904053688049316e+00
-2.474982142448425293e-01
1.833726644515991211e+00
8.691854774951934814e-02
1.565866231918334961e+00
1.388286948204040527e+00
1.025193929672241211e+00
-4.038172066211700439e-01
7.175061702728271484e-01
1.463917613029479980e+00
-3.929791506379842758e-03
1.855277299880981445e+00
-1.299886584281921387e+00
1.801095247268676758e+00
-1.180882453918457031e+00
7.338421020507812500e+02
1.960019836425781250e+02
8.131781005859375000e+02
6.932449340820312500e+02
8.139090576171875000e+02
2.650760498046875000e+02
6.080633544921875000e+02
9.587287597656250000e+02
9.051725463867187500e+02
4.841312255859375000e+02
4.989799499511718750e+02
6.432904052734375000e+02
1.174401092529296875e+02
2.846462631225585938e+01
7.235272827148437500e+02
2.847816772460937500e+02
1.534132843017578125e+02
5.078453063964843750e+02
7.346614379882812500e+02
5.599885864257812500e+02
2.924514770507812500e+02
7.794053955078125000e+02
6.637664794921875000e+02
8.923344726562500000e+02
4.675022277832031250e+02
8.687355957031250000e+02
3.006831054687500000e+02
5.833222656250000000e+02
3.913164367675781250e+02
6.804826049804687500e+02
8.595885276794433594e+00
TLAST
2.911026000976562500e+02
2415853571
-3.635592651367187500e+01
5.024757385253906250e+02
-6.479983520507812500e+02
7.619855346679687500e+02
-2.644006042480468750e+02
-7.691478881835937500e+02
-6.291437377929687500e+02
1.273861236572265625e+02
7.025570678710937500e+01
8.744126586914062500e+02
6.874648437500000000e+02
8.020848388671875000e+02
2.577355651855468750e+02
-9.177506713867187500e+02
3.565733337402343750e+02
-1.249194641113281250e+02
9.338183593750000000e+02
9.026306762695312500e+02
-4.928635559082031250e+02
-2.949465026855468750e+02
5.415650939941406250e+01
-4.161920776367187500e+02
-5.184553222656250000e+02
-6.974851684570312500e+02
-9.099565429687500000e+02
-2.555569000244140625e+02
5.921011962890625000e+02
6.851320800781250000e+02
-9.489258422851562500e+02
-8.616461791992187500e+02
-4.717587585449218750e+02
-3.696122436523437500e+02
7.833286743164062500e+02
5.271849975585937500e+02
-8.882186279296875000e+02
-6.586344604492187500e+02
-1.534413452148437500e+02
9.174232177734375000e+02
9.581829223632812500e+02
3.735754699707031250e+02
7.619904785156250000e+02
-9.910572814941406250e+01
1.752658691406250000e+02
-8.128822631835937500e+02
-8.344797973632812500e+02
-1.474708404541015625e+02
-3.928707580566406250e+02
-8.543789062500000000e+02
-8.124295654296875000e+02
-1.830090484619140625e+02
-3.172966308593750000e+02
-2.056450653076171875e+02
3.006513366699218750e+02
-3.581168518066406250e+02
-9.157041931152343750e+01
-5.573688964843750000e+02
8.178856201171875000e+02
-6.948344726562500000e+02
4.658984375000000000e+02
6.097164306640625000e+02
-2.141739196777343750e+02
-9.096000976562500000e+02
3.193103027343750000e+02
-3.249044799804687500e+02
-5.976964721679687500e+02
-7.826051635742187500e+02
-8.307365722656250000e+02
-9.788920898437500000e+02
2.035651245117187500e+02
2.969414062500000000e+02
-3.169562988281250000e+02
-5.237001342773437500e+02
6.273744506835937500e+02
6.501571044921875000e+02
-8.321987915039062500e+02
1.785519981384277344e+01
-8.504268798828125000e+02
-7.275261840820312500e+02
9.905780639648437500e+02
6.478477172851562500e+02
-5.192952728271484375e+01
-2.945273132324218750e+02
-2.209529685974121094e+01
-3.566336975097656250e+02
2.917067871093750000e+02
-1.183501281738281250e+02
-5.420684204101562500e+02
-8.329207763671875000e+02
1.193096694946289062e+02
8.318690490722656250e+01
9.610789794921875000e+02
4.554276428222656250e+02
6.704032592773437500e+02
-4.635619735717773438e+01
-2.350100402832031250e+02
1.903023834228515625e+02
-1.327822208404541016e+00
-1.465939640998840332e+00
-1.134326815605163574e+00
-1.611690044403076172e+00
-1.028640121221542358e-01
-1.282488822937011719e+00
-1.646291971206665039e+00
3.278536200523376465e-01
9.834964275360107422e-01
1.786128520965576172e+00
1.948155522346496582e+00
2.517053484916687012e-01
-4.850654304027557373e-01
-2.870278954505920410e-01
7.943037748336791992e-01
8.998355269432067871e-01
-1.862184643745422363e+00
-5.102180242538452148e-01
1.850310415029525757e-01
1.039468884468078613e+00
1.169028162956237793e+00
1.339459657669067383e+00
-2.399002760648727417e-01
-1.517442226409912109e+00
5.689863562583923340e-01
-9.199714064598083496e-01
-1.531611561775207520e+00
4.719724357128143311e-01
-1.492309331893920898e+00
-1.385160088539123535e+00
1.467531681060791016e+00
7.844237685203552246e-01
-6.370700001716613770e-01
-1.923971891403198242e+00
-4.862373173236846924e-01
-1.876565933227539062e+00
-9.305487871170043945e-01
-4.978066682815551758e-01
-4.797669947147369385e-01
-1.358061432838439941e+00
3.349084407091140747e-02
-1.620222687721252441e+00
6.567115783691406250e-01
4.619202315807342529e-01
-1.984133243560791016e+00
-1.048617720603942871e+00
9.032752513885498047e-01
4.491300582885742188e-01
1.371246695518493652e+00
6.606727242469787598e-01
1.429525852203369141e+00
-7.170664668083190918e-01
1.992931365966796875e-01
-3.425411507487297058e-02
1.205765247344970703e+00
7.693520188331604004e-01
3.853256702423095703e-01
1.261709213256835938e+00
-1.748517990112304688e+00
-2.318748980760574341e-01
2.660662829875946045e-01
1.484569907188415527e+00
-9.121503233909606934e-01
-5.358830094337463379e-01
-7.366062998771667480e-01
-1.633187055587768555e+00
-1.334620237350463867e+00
2.617423832416534424e-01
-1.582468032836914062e+00
-1.358270287513732910e+00
-2.822135388851165771e-01
1.566696763038635254e+00
-5.823171734809875488e-01
-1.312627196311950684e+00
2.981738559901714325e-02
8.776966929435729980e-01
1.940272569656372070e+00
-3.395519554615020752e-01
6.002154350280761719e-01
-1.550552487373352051e+00
-5.213676691055297852e-01
-2.584827244281768799e-01
1.152794003486633301e+00
-4.563433527946472168e-01
-1.381683349609375000e+00
2.226175218820571899e-01
5.225796699523925781e-01
4.836850166320800781e-01
-2.250180765986442566e-02
-2.429769784212112427e-01
1.454249620437622070e+00
6.262216567993164062e-01
-8.899415135383605957e-01
1.106714129447937012e+00
6.201490163803100586e-01
-7.983060479164123535e-01
2.026082458496093750e+02
3.633000488281250000e+02
2.691169128417968750e+02
8.118902587890625000e+01
7.160510253906250000e+02
5.209516601562500000e+02
5.947643432617187500e+02
3.465883483886718750e+02
8.697341918945312500e+02
9.877730102539062500e+02
6.078306274414062500e+02
1.370756835937500000e+02
3.576311340332031250e+02
8.509816894531250000e+02
7.282933959960937500e+02
3.577144241333007812e+01
1.154166412353515625e+02
2.379803009033203125e+02
5.566949462890625000e+02
5.130963745117187500e+02
9.223743896484375000e+02
7.378366699218750000e+02
8.023782348632812500e+02
9.218828735351562500e+02
5.732818603515625000e+02
2.848206481933593750e+02
8.274434204101562500e+02
2.998952331542968750e+02
7.554923706054687500e+02
8.197578125000000000e+02
1.061629486083984375e+02
TLAST
1.969883422851562500e+02
