2415853568
-1037821965
1148419193
-1030385036
-998928477
1143273291
-1005968434
1139807081
1148650424
1143170972
1141927779
1147890180
1145013773
-1012583662
-1043392853
-1003678669
1143533444
1145578981
1138292191
1148346651
1137427090
-1013140798
1136969989
1136969308
1146832957
1126427712
1118875871
-1000586052
-1003070732
-1002001036
1129132730
-1029363639
-1005408852
1139071299
1146036381
1146441153
1133541426
1142358606
-999045309
1144833066
1143662634
-1021195224
1125963096
-1011269066
-998913969
-1010195923
1134717997
1139017323
-1005328151
-1004117007
1147034326
1120253553
1144720181
1082831209
1146253016
-999626751
-1010187962
1144034652
1134804664
1144454268
-1010233229
-1016266403
-1005643809
1134603048
1135539077
-1016640838
-1004496689
-1014591348
1148202674
1147810363
1144192338
-1005774529
-1049076624
-998870368
-1045753074
-1015072380
-1006340365
-1003860425
-999038557
-1010288643
1142430899
1147484980
-1001279053
-1010433861
1145610247
-999525808
1143140355
-1001735871
-999293078
-1002319976
1140469207
-1013255749
-1007963263
1145761069
-1010074457
-1013069139
-999879072
-1074303680
1065400736
1069338840
1028674323
1065242723
-1141768330
-1097604802
-1091279220
-1088955996
-1090377762
1066821453
-1079431808
1060221008
-1074051334
-1085893247
1053856642
-1074924555
1051573805
1043021483
1072810107
1060823162
-1109778279
-1079972377
-1075193838
1050426910
-1079405079
-1077020381
1070826292
-1080649463
-1080662131
1057077729
-1079824568
1048215204
1069716387
-1089666524
-1087707517
-1089450624
-1084077489
1072063559
1065640149
1068032739
1065451709
1070927779
1072600208
1071285031
-1094966390
-1079650878
-1084677831
-1082728882
1067545190
-1106737799
1073168556
1064676456
1071747347
1059295013
-1085219688
-1082902138
1061274687
-1100911187
1070874832
-1079482264
1073123482
1068823375
1048754192
1039196816
-1075184695
1066216434
1048929922
1073081250
1062063229
-1100033085
1054629612
-1100765808
1050529012
1071672141
-1075514555
-1089573927
-1085903490
-1076564263
1053926862
-1074771682
1054634367
-1090176052
1065600825
-1079531859
-1100455308
1065353322
-1079699144
-1077406018
-1074855828
1073020608
1033970136
-1087529020
-1077470149
-1101770755
1057500516
1141410880
1148494241
1133477116
1140625699
1133335882
1131769825
1141833209
1122963398
1126064573
1144004558
1132843963
1136679674
1134034165
1140481178
1143353344
1135785168
1141186768
1117150446
1143807971
1124819951
1147942946
1143628728
1119341967
1142415406
1146469311
1139780737
1133040870
1147615105
1142859981
1140333138
1145820249
TLAST
1147836287
2415853569
1143378325
1143893356
1146513978
-1000583701
-1027324800
-1045723271
-1009527496
1136620636
-1018394565
1142876445
1145973008
-1007179088
1142911910
1147181627
-1000627200
-1008285229
-1004798861
-1012629583
-1009916797
1133290178
1130246596
-999316974
-1010147740
-1024469291
-999417787
-1000337673
-1000818940
1125161465
-1001681929
1118262486
-1009289539
-1006151892
-1006504775
1123888263
-1003025047
1113679524
-1001796811
-1007789591
1144987750
-1012476059
-1037309371
1142818083
1141510791
1139544550
1141166493
1144988112
1139443076
1145530565
-999727016
1146154156
1135660410
1141441553
1148299881
1132242395
-1023389573
-999591362
1147300438
-1045236321
-1011384981
1138152335
-1001138093
-1006394873
-1006831133
1143463397
-1003584776
1137034961
1126212413
-999996852
1145361015
-999230039
1133219033
-1012412944
1148433429
1137734744
1143029604
1137562970
1134637595
-1002243885
-1011798740
1137500050
-1003597598
1141771236
-1005635916
-1005383871
1146222009
1143279613
-1000572999
1141389664
1133442850
-1012504027
1143185369
-1014899900
1142231633
-1003234012
-1022570159
-1000026057
-1084281834
1071480610
-1075378152
-1084455401
-1074207252
1045066561
-1095709320
-1127113450
-1083827812
1070564183
-1079878135
1067344720
-1086542389
-1091504123
1068784662
-1092140858
1032762748
-1104406401
-1082347782
-1088584380
1063262409
-1093195265
1064932676
-1077472907
-1089879670
1050119203
-1088708326
1063334618
-1075466583
-1079512176
-1087779294
1067175013
-1082126734
-1096144318
1057991194
-1078581446
1049591513
-1078404838
-1100631072
1064619612
1069623726
-1083628166
-1088018705
1050117923
-1109154173
-1077028062
1068020925
-1101054686
1068291346
1066240294
1062484907
-1076069840
1067914571
1070971800
1052424753
-1075337308
1050852057
-1087098774
-1082462773
-1087356397
1063911619
1043128612
-1074956346
1066255848
-1079975055
-1084656844
1049120651
-1088449161
1064319932
1072612004
1055057603
-1096761718
1054712099
-1075683661
1065814554
1043442587
1065885814
-1092335249
1067680605
-1077208506
1058248230
-1079970230
1067742548
-1098650111
-1078041207
-1073748519
-1079202912
-1080423879
1072874637
1060090017
1063980694
1063081822
1073691340
1069385417
-1074320770
-1080935844
1138089659
1147858701
1141646509
1140703058
1126976552
1145249260
1121728229
1133140785
1103285533
1144187121
1146875758
1112505713
1143785304
1141548905
1140090930
1148429666
1133197117
1142462420
1145158662
1147113488
1144247763
1141684230
1146681552
1148692914
1124091001
1095790566
1132499335
1135442745
1135853151
1129237800
1136237372
TLAST
1144481782
2415853570
-1005306012
1148601371
1135821604
-1005531743
1145436153
1141228517
1124272044
-1006319039
1148385420
1143681907
1147368672
-999942940
-1000465821
1139961754
1132910613
-1008210053
1130449798
-1010074855
-1027807129
1136190319
-1015375912
1127849939
1138711068
1124906320
-1001308424
1141469961
1139520161
1146114616
-1021322662
-1000500175
-1003023869
1143679431
-1006827388
-1005948677
1141954140
-1006462256
-1004382277
1146095206
1131276346
1140070816
-1003776784
1135222475
-1005970176
-1019933115
-1010363057
-1001816077
-1010090781
1140327467
1146224153
1136689716
-1003361795
-1008904567
1142568184
-1002837892
-999711407
1103312496
1142442926
1148384677
1139982386
1136490658
-1008314095
-999685897
1146445019
1142224309
1133393657
-1012564999
1142172196
1148379238
1147403319
1145867400
-1008709492
-1023671848
-999294105
1133582331
-1009519736
1140020463
-1001804540
1144425371
-999909470
-1004459574
1143837300
1139534039
-1005037376
1145886958
-1003156615
-1011327009
1146142790
1145819609
-1003776479
-1008898787
1145068974
1130322650
1140217453
-1015901858
-1002308588
1108947299
-1080483433
1050779803
1073095294
-1092700494
1068684100
1072537046
-1089621494
1048280313
-1076753067
1073588805
-1079761326
-1080521229
-1086073086
-1081286037
1052319377
1009930931
1065434862
1070193740
1072497773
-1080922993
-1081101217
1061861009
-1073861207
1068732743
-1094365577
-1079820963
1049943199
-1077378756
1069662345
-1075971558
-1102052590
1066652376
-1077459629
1045870186
1062713118
-1098358885
1065564524
1072790318
1041710919
-1123624629
1062522051
-1078426423
1071046591
-1081449593
1071159474
-1087248602
-1090482187
1072425433
-1078939968
-1097958591
1063756889
1063661727
1072449536
-1076951471
-1085456972
-1080920777
-1077773729
1069825871
-1105642886
-1081895106
1052226878
-1089441124
-1084779289
1067236395
-1080058165
-1077787503
-1098735905
-1185607371
1072569062
-1080499178
-1089071722
-1094694265
-1079314724
1066355558
1053594411
1061360540
1064897849
-1122792494
-1095863982
-1075973311
-1089644089
-1087181142
-1097774596
-1077440979
1060129002
-1081678074
1071658610
-1113111184
1073330320
1064215582
1069550808
1071071382
-1078628713
-1105403880
1026435950
-1085330649
1127432974
1143026756
1144513364
1146707593
1141547834
1140940309
1140439260
1134214946
1141691566
1144216141
1147017729
1133619838
1134634271
1113540302
1132938454
1142362594
1133963839
1133898615
1139293098
1133419812
1134457747
1136257070
1147548183
1125077076
1143133388
1096693539
1123340528
1135909925
1129438304
1129200393
1143381764
TLAST
1143045712
2415853571
1139434962
-1003731292
-1004043087
-1014019687
1146955960
1138529718
1141566982
1144084896
1143407776
-1044067011
1143722861
1136621540
1107222154
-1014632012
-1003233071
1126116245
-1003083620
1143816353
1143697407
-1012109445
-1010080178
-1011200160
-1022847857
1145456751
1147068858
1127433685
-1004499766
-1029240472
-1004983895
-1006414904
-1021958579
-1008559032
-1001722732
1147973921
-1002601244
1137329290
-1008101848
1144058175
-1009852172
1147309610
-1000551121
1133924449
-999436458
-1003982458
-1003004330
-1007547820
-1001597896
1143013539
1145276002
1137061753
-1046234514
-1004333694
-1007206533
-1023002113
-1025896329
-1006110680
1147899328
1146273873
-1003505953
-999714009
1128253415
-1001544025
-1002130462
-1031613588
-1003207386
-998783368
-1023585058
1146318878
1125360870
1137997599
1145853652
-1013540027
1143342008
-1010068985
1144884116
1118649853
-999758377
1140854082
1144290719
1124489688
1120817541
-1000476017
1132476943
1147242948
1102198305
1102944521
1143495547
1137243303
-1010723815
-999753078
1146936562
1136980611
-1007868365
-1002645278
1141806595
-1017926474
-1087594651
-1081771194
1071018243
1065889072
-1073932885
-1080296964
-1082457700
1045545904
-1084158122
-1078866781
1057091497
-1097820902
-1098922014
-1076165643
1067096139
-1075396079
1050344790
-1094549923
-1085921649
-1085278676
1072213367
1068192864
-1121063392
-1084838465
-1093947941
1069916634
1071570443
1051274571
-1078500563
1063715535
1063945626
-1074662801
1070979334
-1080912833
1055979037
1065694702
-1118198860
1056771910
-1080856281
1054379569
1073006677
-1095793639
1068702217
1069778483
1070483282
1066084440
-1106907921
1070169711
1047282243
1071702303
1073110933
-1079854205
1070263426
-1081986722
1060333078
-1075782170
1065783694
1065194449
-1081117989
1068877950
-1074557539
1066110623
1059197667
-1129452105
-1076457020
-1077645488
-1091247967
-1090527950
-1077106892
1054200910
1063276124
1068664425
1071685466
-1077330479
1052610596
-1102077618
1072010768
-1103371530
1070960575
1067980676
-1075764815
1073065431
1064831020
-1096019050
-1077410375
1060157846
1023410308
1069307178
-1093667455
-1077056532
1073107673
-1077595068
-1092637316
-1084090490
1068289148
-1077464253
1146851587
1141487454
1106605875
1148456288
1131682090
1146579145
1141512297
1143978273
1145560066
1144221224
1143360718
1144447459
1112544401
1140177893
1147015081
1147510746
1135538086
1145872969
1142014273
1148635660
1128250760
1120114330
1144634703
1119062757
1141310864
1148389690
1101690538
1126052590
1132154719
1109494342
1146035621
TLAST
1133739668
