2415853568
-1011134705
-1004876670
1110295670
1118257458
-1010693017
-1006003868
1142689668
1127978860
1141845856
1125132334
1125533012
1148024788
1142988730
-1002225903
1146426525
1127644597
1143773715
-999976000
1136096702
-1007501966
-1005627501
-1002683721
1115767217
1146911365
1107955122
-1014299001
1126923102
1147516247
-998721256
1140854703
1136886821
1107735601
1143966824
-1002880290
-1005814664
1121391999
1145588339
1138205071
-1009376615
-1010180146
1119788031
1136512697
1136862376
1136457979
-1000609551
1141208693
1120387824
1122550137
1119307641
1135800414
-1013546785
-1014449655
-1046280640
-1014041874
-1007396933
-1007216092
-1016052700
-999420185
-1009170027
1085588794
-1016163068
-1005874923
1140037822
1097861122
-1005743581
1143969961
1147281855
1145652621
-1010809889
1146869100
1146217345
-1000218208
1144340193
1148111746
-1004722819
1137504963
1131122721
1144585917
-1011144706
1138006746
-1017451246
-1004855206
-1068596221
1135359533
1135160038
1136665292
1117422613
1135169192
1125018789
1116992236
1148765669
1131553577
1145119688
1126080609
-1010693585
1139775780
1051442094
-1076549594
-1096275522
-1081194938
1065773370
1049933074
1056632891
1065523023
-1088379890
-1099284026
-1088410305
-1089574343
-1078220563
-1095957760
1070790507
1061932500
1040525422
1062791579
-1086546981
1061868267
-1092713075
-1093734014
1065454329
-1079868877
-1089718326
-1095266168
1066097763
-1096754987
1043767142
1048393229
-1085945753
1062603236
-1074391334
-1096414315
1045070896
1068509238
-1080338848
1063091375
-1093225105
1067663661
-1085571091
1072846296
1044614243
1064688401
1066614677
1055135794
1049427152
-1078815024
1072360354
1061294539
-1086661377
-1076250152
1073506136
1047807997
-1113104240
1054808347
-1090646494
1050846427
1040258085
-1097764657
1070329132
-1115218233
1059897702
-1077915336
1070893158
1069019847
-1075041022
-1074915945
-1095555171
1069716392
-1078224910
-1084371791
-1076050161
-1082000029
1034512179
-1096585843
1060122359
-1077315166
-1077232868
-1084309908
1058865087
-1089871043
1068804055
-1081083423
-1087594947
1069940073
-1115281814
-1081555850
-1073775904
-1083049008
1062985019
1069408763
-1101604179
-1091367877
1054914933
1073014116
1140524000
1141617236
1146475095
1142239638
1141844110
1134641704
1144105201
1133793502
1135182288
1135154066
1139428150
1147683776
1125601077
1148162986
1134365842
1104477189
1146859575
1143442976
1136439605
1132913019
1142151181
1146086587
1139763621
1141298241
1136685321
1101653896
1141949106
1148156930
1132475436
1143986257
1137055188
TLAST
1138867165
2415853569
-1011649371
-998683173
1117297229
1142383842
1145502596
1143319173
-1003516740
1144810486
-1034368867
-1009249593
-1015934768
-1006339897
-1010053326
-999726304
1134858001
-1006029017
1147310546
-998909978
-1003483608
1132732202
-1043820329
1141609563
-1001195545
-1001372084
1135420889
1136944152
1132723970
1131223159
-1001207704
-1005516318
-1015616020
-1006696079
1133364840
1147728863
-1001656226
1135404842
1134484458
1148668518
-1007526885
-1022808949
-1002163918
1134689134
-1000664839
-1011709316
-1004098211
-1003749021
-1029708290
1141662531
-1019499444
-1017054581
-1023672772
1146984506
-1002351146
-1014017339
1141195807
1143618034
-999177368
1147390231
-999963521
-999861017
-1005000229
1142422561
1146769321
-1005352202
-1023370159
1130229314
1122263536
-1004252217
1122021178
1142447447
1146824419
-1016831821
-1036909344
1146004565
-1003262413
1133523682
-1011129877
1119715134
-1037641710
-1014022185
1144610611
-1037264503
1130596080
1144917751
-1028744914
1107119925
-1003787180
-1005907186
-1010713611
1143725061
1146927364
1108620475
1141282961
1138303256
1118729881
-1000381690
-1090550555
1063390984
-1077555688
1070624038
1073490553
1067910543
-1089366258
1043758916
1066986638
1056016411
-1087205627
-1082326329
1057744360
1066794686
1054848823
-1074776842
-1078824299
1063901630
1059596319
1073730832
-1096765053
1069205226
-1088269572
1066653553
-1101116869
-1080540420
1042078887
-1101222371
1058459952
1052169272
1063827727
-1082717867
1069419365
1069426134
-1086721094
1064104973
-1096454666
1068979669
1065100454
1070471698
-1079557255
-1078206884
-1078115978
-1083888873
1071859417
1059699284
1060955015
-1080818389
1070528960
1057994933
-1076340573
-1082702448
-1083636122
1059910401
-1103492364
1050344801
1062009115
1059733314
-1073756732
1053413850
1043124116
1073328152
1066178049
1054596189
1068110699
-1092688396
1064141738
1048924553
-1078081583
1067274774
1054393772
-1089841170
-1084903233
1071507272
1046167591
-1125713147
1069016816
1059614560
-1081463817
1072182376
-1090796738
-1088143967
-1078755984
-1084556841
1070904162
1056980055
-1090025972
1065396560
-1112525308
1052706619
1055279801
-1100669483
1057788795
-1094569532
-1081801083
1059144467
1145339126
1142491063
1145335107
1146284827
1146132708
1147656375
1135151974
1125036650
1139961847
1128661358
1122927201
1112711990
1145676735
1144756024
1137727637
1141689077
1141862634
1143026830
1141946847
1142504385
1139108780
1135793156
1141636246
1127519604
1148198630
1145286061
1095151291
1132026766
1147547462
1143093178
1147416274
TLAST
1105456982
2415853570
-1006354536
1148802279
-998911105
1144935787
1148104653
-998888549
1144361547
1140192766
1141716002
1125939248
1139804788
-1031896258
1143151338
1140947061
-999575341
1137313087
-1014275821
1132290358
-1004208093
1143444219
-1032309896
1143154388
1121043585
-1001959437
-1044086999
-1006738447
-1019632593
-1042793623
-1010579254
-999067922
-1002684769
-999787790
1131258617
1120624163
-1003878085
1138519102
1122279253
1133714275
-1010939628
-1010274893
1142636653
-1006166008
1120312618
1128049792
-1001422670
1133836133
-1000601334
-1010165697
-1015861544
1134680337
-1009247375
1140558015
1124529573
1139920009
-1002057584
1129264496
-1012809367
1143890879
-1018538122
1146776149
-1000232539
-1008752802
1135663277
-1001262369
-1012739966
-1002843187
-1013345357
1127201283
1105089802
-1002410923
1134609789
-1003062776
-1012546094
-1007909606
1141333667
-1013663356
-1003984972
-1005248261
1131014269
-1046377606
-1001806082
1143361723
-1041542064
1130883387
1147835381
-1014151161
1131044451
-1000198851
1131475012
-1003920137
1139453623
-1006130940
-1039379104
-1005533324
1148266444
1093000511
1066509901
-1074466599
1060274831
1046665513
1063525796
1067976840
1062306094
1055315867
-1083023512
1063496996
-1088420838
-1097288360
1073404642
1070722743
-1076769758
1045320315
1066352462
-1077408154
1071905868
-1084876375
1073092494
-1081084238
-1078462571
-1074638969
-1090025090
1070364539
-1091453072
1050893929
-1102035705
-1076350169
-1081949088
1063032547
1066040719
-1074547477
-1083379415
-1073951709
1071172875
-1088163188
-1079234496
-1077762453
1039856126
-1105539622
1040450955
1061926362
1061852794
-1096023997
-1081095119
-1077921212
-1075940821
1068532895
-1087622115
-1078454650
-1082135413
-1078346126
-1087940465
1072516756
1070029759
1062480239
-1090171363
1071088154
-1081417880
1035183120
1067655340
-1074675564
1072231339
1046559589
-1082125578
-1078892231
1065240065
-1086482730
-1082429706
1073316590
-1077339986
1069096123
1068196759
-1088839976
1055397765
1073330538
1048826246
1069509759
-1085098270
1058136097
-1079773597
1065572074
1065316114
1063996205
1071555189
1071138983
-1086160698
1067966504
-1113029002
-1092514262
1019060995
-1085219073
1071090504
1066405746
1130748825
1116833806
1125754706
1142169729
1141815617
1148480470
1136115427
1130918501
1133289631
1127098767
1141244955
1147037965
1144995199
1148786283
1141415162
1137279772
1148604840
1137655534
1133580039
1089888145
1138009858
1145072645
1147223727
1148691201
1121177664
1130937573
1130712865
1146047040
1133998561
1144444153
1138101029
TLAST
1142508616
2415853571
1124890038
-1001793447
-1047219193
-1005237224
-1017463297
-1007338398
1146805782
1120693472
1147700745
1131251216
1146856972
-1004034386
-1005049383
-1002350206
1137056491
1146693618
-1003011416
1142731429
1139627937
1146377036
-1007691055
1138298363
-1005745896
1143288388
1143590426
1144747554
1146503955
-1017132709
1129649375
1126180547
1147003025
1144115113
-1037548327
-1020792238
1069842050
1124077165
1134726678
-1005520112
-1025286126
-998665215
-1032932122
-1012520513
-1013693090
-1003681371
1148396414
-1001993137
1118276002
1143752365
-1005196563
-1027187406
1132211128
-999774435
1101830886
1144589269
-1004167183
-1011791163
-1024048524
-1004904464
-1003683058
1145806729
1145745854
1137171847
-1028695008
-1004261909
1104031174
1141001416
-1009230608
1082585481
1088813007
1135073214
1147779362
1141441983
-1000004491
1141533930
-1012025730
-1035157928
-1011013530
-999503225
1145276533
1145291444
1146513348
-1001425719
1144638946
-1023115738
-1003203058
-999941010
1127731280
1142306042
1130862765
1140896247
-1003230752
1130213172
-1011474240
1138928108
-1027109537
-1008633847
1065596224
-1075335473
1046895848
-1093072027
-1076035332
1069323568
-1096019919
-1081318135
1072636563
1057873880
1071583848
-1090280036
-1104074782
-1080523499
-1076859415
1033291998
-1084757957
1067564229
-1090670867
-1101455163
1060355672
-1114473793
-1088157411
-1079892619
1064290365
-1110044432
-1105291750
1057426708
-1082733101
-1077824142
1067787676
1065243679
-1077643135
1071173085
1069264857
-1076550603
-1088730656
1066692921
1068482171
1051882525
-1091371573
-1081585091
1070745220
-1074974956
-1083899825
-1076288634
1073462044
1055826882
1067147528
-1074440848
1072301791
-1099443819
1061723062
-1078631230
1070872890
-1097972215
-1076903366
999424312
-1078975228
1058911132
1065206509
1071294995
-1084352224
-1104650354
-1075226192
-1077716009
-1077593797
-1079263434
1067252868
1053536387
-1084350520
-1089332475
1042621654
-1078528808
-1091234379
-1079564324
1065414220
1066918007
-1081490455
1066725995
-1087745431
1027949728
-1077624268
-1075954756
-1115391238
1042913524
-1130168577
1073334127
1071788239
1058382010
-1087768989
1058299269
-1083409903
1061774497
-1090268982
-1095474442
1145539848
1130232908
1138915631
1144695105
1145007461
1144083020
1144600455
1146768647
1143734909
1115178298
1148436299
1145947845
1109679477
1146238600
1133025875
1123143169
1148273012
1142838934
1121450687
1143760526
1104034574
1118682248
1129949316
1142382505
1141037603
1133575353
1142673384
1143486648
1133632088
1139316011
1141460754
TLAST
1142175706
