2415853568
-4.918166637420654297e+00
5.974959106445312500e+02
-1.268592987060546875e+02
6.636399536132812500e+02
-2.879235839843750000e+02
4.089784240722656250e+02
5.625555419921875000e+02
2.989518737792968750e+02
-1.999453430175781250e+02
3.484684448242187500e+02
-2.310510253906250000e+02
1.782547149658203125e+02
-9.978437500000000000e+02
8.925426635742187500e+02
3.373463058471679688e+01
2.085662841796875000e+02
-2.003007888793945312e+01
-3.884953002929687500e+02
-3.604400939941406250e+02
4.773291015625000000e+02
1.584816284179687500e+02
-2.729140319824218750e+02
-2.919724121093750000e+02
9.424918212890625000e+02
2.893728942871093750e+02
6.930863037109375000e+02
-3.036729431152343750e+02
4.790621337890625000e+02
1.854018554687500000e+02
-8.080522460937500000e+02
-3.697417907714843750e+02
-3.542733764648437500e+02
-2.016320953369140625e+02
-2.917131652832031250e+02
1.473434143066406250e+02
-4.160885925292968750e+02
-9.704108276367187500e+02
5.963572998046875000e+02
-1.998887176513671875e+02
2.112268371582031250e+02
-2.420352630615234375e+02
-4.833806152343750000e+02
3.765967407226562500e+02
-4.441161499023437500e+02
-7.947718048095703125e+01
-1.485740661621093750e+02
7.418576049804687500e+01
-2.302349700927734375e+02
-9.085811157226562500e+02
3.159692687988281250e+02
-2.504925384521484375e+02
7.135385742187500000e+02
-8.062479858398437500e+02
-4.292301330566406250e+02
7.562271881103515625e+01
1.552325897216796875e+02
5.727315673828125000e+02
-2.300101928710937500e+02
9.741610717773437500e+02
9.510218048095703125e+01
5.863943481445312500e+02
7.675061035156250000e+02
8.652899780273437500e+02
9.982244262695312500e+02
-6.803537597656250000e+02
9.374197998046875000e+02
2.264153442382812500e+02
-6.522184448242187500e+02
5.813638305664062500e+02
6.702612304687500000e+02
-9.906315917968750000e+02
9.609918823242187500e+02
-3.879984130859375000e+02
1.173450241088867188e+02
-7.668347778320312500e+02
-9.816193237304687500e+02
2.902392272949218750e+02
4.765762939453125000e+02
-9.031198120117187500e+02
8.378070068359375000e+01
5.835298461914062500e+02
-1.702821807861328125e+02
-6.837818603515625000e+02
4.217493591308593750e+02
6.665592651367187500e+02
-5.922619018554687500e+02
-4.839853210449218750e+02
-7.330315399169921875e+01
2.042741241455078125e+02
5.673591308593750000e+02
2.529987182617187500e+02
-5.637788085937500000e+02
-3.775395584106445312e+01
-3.039196472167968750e+02
-9.293325805664062500e+02
-7.605292968750000000e+02
2.119541764259338379e-01
1.984287738800048828e+00
-1.219338085502386093e-02
6.068085134029388428e-02
1.541254281997680664e+00
4.117825031280517578e-01
-1.176669359207153320e+00
9.637390822172164917e-02
1.514913082122802734e+00
-4.680661559104919434e-01
1.606429457664489746e+00
1.883756518363952637e+00
1.292670607566833496e+00
-1.681084871292114258e+00
1.289677739143371582e+00
2.655844688415527344e-01
-1.947960853576660156e+00
-1.077554747462272644e-01
-2.773022837936878204e-02
1.783713221549987793e+00
4.017388522624969482e-01
1.520518779754638672e+00
1.631345868110656738e+00
-1.696838021278381348e+00
-1.300235986709594727e+00
-1.267545938491821289e+00
-1.839941501617431641e+00
-1.651196599006652832e+00
-8.336802124977111816e-01
8.209112882614135742e-01
1.902972698211669922e+00
8.868236839771270752e-02
-6.956799030303955078e-01
2.281444370746612549e-01
9.563535451889038086e-01
-5.406560897827148438e-01
1.237368807196617126e-01
1.750041604042053223e+00
-7.767578363418579102e-01
-1.171761870384216309e+00
-1.289582252502441406e+00
9.250841736793518066e-01
7.397049069404602051e-01
-1.808387637138366699e+00
1.847522735595703125e+00
-1.554485440254211426e+00
-1.260123968124389648e+00
4.419974088668823242e-01
5.576488375663757324e-01
-1.526542305946350098e+00
1.282963633537292480e+00
1.733319044113159180e+00
1.076299190521240234e+00
-1.777362227439880371e+00
-9.170869588851928711e-01
-1.560301899909973145e+00
-7.159520387649536133e-01
4.565362036228179932e-01
-1.076626405119895935e-01
9.628707766532897949e-01
1.794788360595703125e+00
-1.567752003669738770e+00
1.637253999710083008e+00
1.454861760139465332e+00
3.555102348327636719e-01
7.667433023452758789e-01
1.926639676094055176e+00
-1.328405976295471191e+00
-1.508044838905334473e+00
1.496703982353210449e+00
1.222725749015808105e+00
1.468178033828735352e-01
9.422615766525268555e-01
-1.788621664047241211e+00
9.929935336112976074e-01
3.793155848979949951e-01
-3.979214429855346680e-01
-5.416408181190490723e-01
-7.065517306327819824e-01
1.203395009040832520e+00
6.565126180648803711e-01
9.125912785530090332e-01
1.242208361625671387e+00
1.879299759864807129e+00
1.542294979095458984e+00
-5.218114852905273438e-01
1.747077941894531250e+00
7.207836955785751343e-02
-1.909924149513244629e+00
-1.568449616432189941e+00
5.229727029800415039e-01
-1.461885929107666016e+00
-8.064814805984497070e-01
-1.362817406654357910e+00
1.308657646179199219e+00
6.352514624595642090e-01
1.395112152099609375e+02
3.002514648437500000e+02
5.391581420898437500e+02
9.613425903320312500e+02
2.128347778320312500e+02
5.596619262695312500e+02
8.744619140625000000e+02
1.442297973632812500e+02
3.430817260742187500e+02
7.716463012695312500e+02
3.555313110351562500e+02
7.167922973632812500e+02
7.487994384765625000e+02
7.485493774414062500e+02
9.257065429687500000e+02
8.752905273437500000e+02
1.557553558349609375e+02
3.180753479003906250e+02
4.230587005615234375e+01
4.378617248535156250e+02
8.323568725585937500e+02
5.979660644531250000e+02
1.628279724121093750e+02
8.818629760742187500e+02
9.642030029296875000e+02
5.969732284545898438e+01
4.057104187011718750e+02
4.780203857421875000e+02
9.226345214843750000e+02
8.804166259765625000e+02
1.194373474121093750e+02
TLAST
7.924935913085937500e+02
2415853569
-1.085767517089843750e+02
6.970448608398437500e+02
9.274984130859375000e+02
-6.284768066406250000e+02
-2.174364566802978516e+00
-6.671754150390625000e+02
5.009370422363281250e+02
-4.317544555664062500e+02
-3.045406494140625000e+02
-7.025026245117187500e+02
9.966878509521484375e+01
7.113125610351562500e+01
5.748423767089843750e+01
-8.890866088867187500e+02
-6.151543617248535156e+00
6.360320434570312500e+02
8.443829345703125000e+02
-8.380992431640625000e+02
-5.561985473632812500e+02
3.161119384765625000e+02
3.962050781250000000e+02
-7.621301879882812500e+02
1.591232757568359375e+02
6.818554077148437500e+02
6.353609008789062500e+02
9.326308593750000000e+02
-7.366458129882812500e+02
7.239572143554687500e+01
-8.080892333984375000e+02
6.474314575195312500e+02
1.999840850830078125e+02
1.216798934936523438e+02
2.121045989990234375e+02
-2.262341613769531250e+02
2.675680160522460938e+01
9.489373779296875000e+02
-6.917550659179687500e+02
-9.880549926757812500e+02
9.639553833007812500e+01
-6.755826416015625000e+02
-3.120838623046875000e+02
9.048590087890625000e+02
3.713795166015625000e+02
-7.754465332031250000e+02
-6.982365112304687500e+02
-7.054530029296875000e+02
4.004541320800781250e+02
-7.462730407714843750e+01
9.927528686523437500e+02
-5.277053222656250000e+02
5.693430175781250000e+02
8.122086181640625000e+02
2.462451934814453125e+02
6.320928955078125000e+02
-9.034461669921875000e+02
-9.912337646484375000e+02
-3.594324035644531250e+02
7.595861816406250000e+02
2.516735839843750000e+02
-4.571119384765625000e+02
6.401183471679687500e+02
-7.826479339599609375e+01
-4.383982849121093750e+02
1.567486877441406250e+02
-3.272914123535156250e+02
3.934103393554687500e+02
-8.509703369140625000e+02
-7.586831665039062500e+02
2.352540435791015625e+02
2.733619689941406250e+02
-4.413870239257812500e+01
6.595634155273437500e+02
-9.334648437500000000e+02
6.547384643554687500e+02
-2.539116477966308594e+01
8.637892150878906250e+01
1.690704498291015625e+02
5.009640216827392578e+00
3.146538085937500000e+02
-5.355426025390625000e+02
-4.199490051269531250e+02
-6.106072387695312500e+02
-5.654806518554687500e+02
4.588143920898437500e+02
5.119037170410156250e+02
9.469879760742187500e+02
-4.746067199707031250e+02
2.789148559570312500e+02
5.695060424804687500e+02
1.551298980712890625e+02
5.010621948242187500e+02
-3.241487731933593750e+02
2.967269897460937500e+02
2.680852966308593750e+02
-8.505712280273437500e+02
-8.921243286132812500e+02
-8.470169305801391602e-01
-1.583030700683593750e+00
-4.551458358764648438e-01
1.994374394416809082e-01
9.511572718620300293e-01
-1.764697313308715820e+00
-1.767602682113647461e+00
-3.051005303859710693e-01
1.017729401588439941e+00
-3.148407340049743652e-01
-1.512019276618957520e+00
9.212338179349899292e-02
1.265749216079711914e+00
-1.186552524566650391e+00
-1.237275242805480957e+00
-1.323827266693115234e+00
1.345259904861450195e+00
1.382114648818969727e+00
1.778180956840515137e+00
1.162368655204772949e+00
1.443756699562072754e+00
1.459290027618408203e+00
1.824185371398925781e+00
1.479947686195373535e+00
1.297195911407470703e+00
1.611098796129226685e-01
-1.734201073646545410e+00
-2.588743269443511963e-01
1.963767766952514648e+00
-3.378454148769378662e-01
3.779740035533905029e-01
2.820940613746643066e-01
-7.949269413948059082e-01
-1.720969438552856445e+00
-1.961775779724121094e+00
1.920101791620254517e-01
9.064163565635681152e-01
-1.296444296836853027e+00
-1.692329496145248413e-01
1.439735174179077148e+00
1.329384803771972656e+00
1.820370316505432129e+00
1.689375519752502441e+00
-9.324955344200134277e-01
-1.052947044372558594e+00
4.028355181217193604e-01
-1.470355510711669922e+00
-7.234204411506652832e-01
8.910577297210693359e-01
1.117905497550964355e+00
-2.591589987277984619e-01
-1.874792575836181641e+00
2.577927112579345703e-01
-6.292753219604492188e-01
-1.539017438888549805e+00
1.252712130546569824e+00
-9.399110078811645508e-01
1.627479314804077148e+00
2.921851873397827148e-01
-8.959959745407104492e-01
1.758162260055541992e+00
3.298814892768859863e-01
1.399908065795898438e+00
1.302520990371704102e+00
1.112548112869262695e+00
-2.578665018081665039e-01
-8.961153626441955566e-01
-2.054447308182716370e-02
1.435738325119018555e+00
-1.786246418952941895e+00
-1.903551697731018066e+00
-1.194986581802368164e+00
-1.455942273139953613e+00
1.693825602531433105e+00
1.551947712898254395e+00
-1.912092328071594238e+00
1.996444940567016602e+00
-3.940633684396743774e-02
-1.246191382408142090e+00
1.651276946067810059e+00
1.976025104522705078e+00
-2.866611778736114502e-01
9.803724884986877441e-01
1.136807322502136230e+00
1.483545660972595215e+00
-1.505124330520629883e+00
1.794259190559387207e+00
-1.505474090576171875e+00
-1.732797026634216309e+00
-7.006415128707885742e-01
-1.851838946342468262e+00
7.719579339027404785e-01
-3.408437073230743408e-01
-1.155921459197998047e+00
-1.531408905982971191e+00
-6.707267165184020996e-01
3.978535766601562500e+02
4.296252746582031250e+02
6.559581756591796875e+01
2.668757324218750000e+02
2.370033874511718750e+02
3.823471069335937500e+02
7.163728027343750000e+02
2.793305664062500000e+02
9.492163696289062500e+02
5.499716796875000000e+02
4.411376953125000000e+00
9.330297470092773438e+00
2.520196075439453125e+02
6.019238281250000000e+02
9.108596191406250000e+02
8.748651733398437500e+02
2.721161499023437500e+02
1.997009124755859375e+02
1.481452941894531250e+02
2.118400268554687500e+02
1.111759719848632812e+02
5.168010864257812500e+02
9.219747161865234375e+01
3.024392700195312500e+02
7.436146240234375000e+02
3.216007690429687500e+02
4.190300903320312500e+02
2.736877136230468750e+02
5.439624633789062500e+02
1.326008758544921875e+02
7.864124145507812500e+02
TLAST
2.132108764648437500e+02
2415853570
1.307288055419921875e+02
8.996933937072753906e+00
-4.842021942138671875e+01
3.627171325683593750e+01
-4.268090209960937500e+02
9.083413696289062500e+02
4.736584472656250000e+02
8.427194824218750000e+02
4.647451477050781250e+02
7.601010742187500000e+02
6.564207153320312500e+02
-9.449554443359375000e+02
-6.020235595703125000e+02
-1.231395416259765625e+02
3.313639831542968750e+02
-2.412617797851562500e+02
-6.286529541015625000e+02
9.323795776367187500e+02
5.401520385742187500e+02
7.681530151367187500e+02
-5.571852416992187500e+02
-7.489372558593750000e+02
1.566368408203125000e+02
9.980385131835937500e+02
-3.247257080078125000e+02
-3.136568298339843750e+02
-1.152683792114257812e+02
-2.510737609863281250e+02
7.322023925781250000e+02
2.164644775390625000e+02
-8.107990722656250000e+02
5.162460937500000000e+02
-4.126715469360351562e+01
4.787924804687500000e+02
-3.947187805175781250e+02
2.531119995117187500e+02
6.268296508789062500e+02
-4.159107971191406250e+02
-2.330765342712402344e+01
1.512018280029296875e+02
-2.483249816894531250e+02
-6.195300292968750000e+02
2.668614807128906250e+02
3.838014221191406250e+02
-6.591256103515625000e+02
7.511071777343750000e+02
-4.383405456542968750e+02
3.544828796386718750e+02
3.277799987792968750e+02
-8.683952026367187500e+02
-3.596246643066406250e+02
6.552036743164062500e+02
8.354375457763671875e+01
3.032639770507812500e+02
-1.597679138183593750e+02
-7.684190063476562500e+02
-2.505988006591796875e+02
2.491520843505859375e+02
3.145834350585937500e+02
8.086950683593750000e+01
9.487252807617187500e+02
-7.172771606445312500e+02
-7.940227661132812500e+02
-5.471776123046875000e+02
3.961745300292968750e+02
9.878000488281250000e+02
-3.231096801757812500e+02
9.064136505126953125e+01
-2.933472595214843750e+02
-2.222405242919921875e+01
5.676654052734375000e+02
7.399865112304687500e+02
-4.957849731445312500e+02
7.972994995117187500e+02
8.636044311523437500e+02
-6.309527587890625000e+02
7.769051513671875000e+02
-7.289201660156250000e+02
5.475692138671875000e+02
8.269401855468750000e+02
9.688236083984375000e+02
-9.270477294921875000e+02
3.755208587646484375e+01
6.599010009765625000e+02
2.002020721435546875e+02
6.146526489257812500e+02
3.073105335235595703e+00
-1.623131256103515625e+02
5.444484863281250000e+02
-3.631584167480468750e+02
9.330864868164062500e+02
-2.375557250976562500e+02
-6.875354003906250000e+02
1.093525314331054688e+01
6.130523681640625000e+02
-8.420265502929687500e+02
-1.615678906440734863e+00
-9.394322633743286133e-01
-3.218218982219696045e-01
-1.742168784141540527e+00
1.135007023811340332e+00
8.608082532882690430e-01
4.453720450401306152e-01
1.139918804168701172e+00
1.229766130447387695e+00
1.709254503250122070e+00
-2.757512331008911133e-01
-4.673387110233306885e-01
-1.794813394546508789e+00
4.408446550369262695e-01
-1.502307176589965820e+00
-1.622218370437622070e+00
-1.463393568992614746e+00
1.098588705062866211e+00
5.609955266118049622e-02
-7.777634263038635254e-01
9.072465896606445312e-01
4.992927312850952148e-01
-1.760829091072082520e+00
1.561005592346191406e+00
-1.730804681777954102e+00
1.587882995605468750e+00
-1.243038415908813477e+00
-4.178022444248199463e-01
1.864629745483398438e+00
-8.923107385635375977e-01
-1.763493895530700684e+00
-9.708742797374725342e-02
2.726820707321166992e-01
5.887974500656127930e-01
8.057348728179931641e-01
-1.704418897628784180e+00
3.884906172752380371e-01
3.599318265914916992e-01
-1.098037838935852051e+00
-1.956658005714416504e+00
-7.257791757583618164e-01
1.397736191749572754e+00
-1.288127303123474121e+00
1.285849213600158691e+00
-9.262989759445190430e-01
-1.331598520278930664e+00
-1.918212771415710449e+00
-6.325727701187133789e-02
-6.464176774024963379e-01
-5.926554203033447266e-01
6.170454621315002441e-01
5.937905311584472656e-01
-1.036805272102355957e+00
-7.847555279731750488e-01
1.076718866825103760e-01
-2.898049354553222656e-01
-1.827507168054580688e-01
-1.636130094528198242e+00
-8.870509266853332520e-01
5.539994835853576660e-01
1.371681213378906250e+00
-1.336679220199584961e+00
-1.551280736923217773e+00
1.581438183784484863e+00
-8.182775378227233887e-01
1.824556708335876465e+00
1.414357066154479980e+00
1.143747806549072266e+00
-5.541312694549560547e-01
1.310507416725158691e+00
1.811982035636901855e+00
-1.936661005020141602e+00
-7.424863576889038086e-01
-2.733155488967895508e-01
1.796911835670471191e+00
-1.355783939361572266e+00
7.208184003829956055e-01
1.357881546020507812e+00
-1.093663811683654785e+00
5.328685641288757324e-01
-1.090743780136108398e+00
1.392560720443725586e+00
-1.710492014884948730e+00
1.960962057113647461e+00
-2.135612964630126953e-01
-2.762494981288909912e-01
1.587993979454040527e+00
1.470294237136840820e+00
4.776836931705474854e-01
8.662720918655395508e-01
1.119126230478286743e-01
1.482309818267822266e+00
1.365730166435241699e-01
-6.185776591300964355e-01
1.428419470787048340e+00
-1.439358741044998169e-01
3.212110290527343750e+02
4.309063110351562500e+02
5.022326660156250000e+02
1.321762275695800781e+01
4.490403442382812500e+02
7.713174438476562500e+02
4.402739562988281250e+02
5.020555114746093750e+02
8.930672607421875000e+02
9.269019165039062500e+02
1.939046783447265625e+02
7.519878540039062500e+02
7.377193603515625000e+02
4.717655029296875000e+02
3.025903015136718750e+02
4.724577026367187500e+02
9.370903930664062500e+02
6.616820678710937500e+02
7.883863525390625000e+02
9.345368652343750000e+02
4.936706237792968750e+02
9.553345336914062500e+02
8.133512573242187500e+02
9.724774169921875000e+02
2.062637176513671875e+02
7.349384307861328125e+01
7.474859619140625000e+02
9.599502563476562500e+02
1.209947433471679688e+02
1.407413177490234375e+02
2.781911926269531250e+02
TLAST
2.890928955078125000e+02
2415853571
-3.936165161132812500e+02
-5.709550781250000000e+02
9.109962158203125000e+02
-9.897225341796875000e+02
-7.547979125976562500e+02
-1.819173736572265625e+02
4.307033386230468750e+02
-5.455237426757812500e+02
3.847534484863281250e+02
2.896401367187500000e+02
-7.129039001464843750e+01
4.741881408691406250e+02
2.091239471435546875e+02
-2.876505126953125000e+02
-6.183019409179687500e+02
-1.749466705322265625e+01
6.542762451171875000e+02
-1.069189071655273438e+02
-3.152473449707031250e+02
-7.332926177978515625e+01
2.776529235839843750e+02
6.041769409179687500e+02
-7.920315551757812500e+02
-1.402291564941406250e+02
2.920408630371093750e+02
1.248450660705566406e+01
-3.971970520019531250e+02
-4.924254455566406250e+02
2.833347473144531250e+02
-5.839993286132812500e+02
2.983049011230468750e+02
-8.856472778320312500e+02
1.646209869384765625e+02
3.510819091796875000e+02
3.722831726074218750e+02
-8.503973388671875000e+02
-3.940822601318359375e+01
2.359684143066406250e+02
4.806834411621093750e+02
9.072672119140625000e+02
7.551046752929687500e+02
-6.290762939453125000e+02
9.054122924804687500e+02
-7.718870849609375000e+02
-6.661138305664062500e+02
-9.871793212890625000e+02
-8.907821044921875000e+02
6.972446289062500000e+02
-9.186743164062500000e+02
8.263652038574218750e+01
-6.706419677734375000e+02
-3.342500000000000000e+02
-5.616683959960937500e+02
6.587086181640625000e+02
9.185698242187500000e+02
5.604925537109375000e+02
9.103184814453125000e+02
-9.438880615234375000e+02
-1.505039062500000000e+02
-6.723879394531250000e+02
-2.812566528320312500e+02
-9.591824951171875000e+02
2.010848693847656250e+02
4.779953613281250000e+02
-9.311208496093750000e+02
-2.764528503417968750e+02
-9.006928100585937500e+02
-6.338482666015625000e+02
5.463225708007812500e+02
2.738556518554687500e+02
-2.575440368652343750e+02
-6.971110534667968750e+01
5.533692626953125000e+02
-3.775902099609375000e+02
5.817137451171875000e+02
-5.375856933593750000e+02
-2.339431304931640625e+02
-1.624240875244140625e+02
5.329278564453125000e+02
3.600045166015625000e+02
-6.460076141357421875e+01
-4.305335388183593750e+02
-1.294597167968750000e+02
-4.491428375244140625e+01
7.020564575195312500e+02
5.730972900390625000e+02
-1.424791412353515625e+02
-5.323193969726562500e+02
5.968314208984375000e+02
9.043782348632812500e+02
-6.248895874023437500e+02
5.347553100585937500e+02
3.163606452941894531e+01
7.310215454101562500e+02
-6.478217163085937500e+02
9.827241821289062500e+02
-1.584763884544372559e+00
-7.320248484611511230e-01
-1.915014028549194336e+00
-1.806378364562988281e+00
-9.412743449211120605e-01
1.375967741012573242e+00
-1.299215674400329590e+00
-1.934899926185607910e+00
-1.827909708023071289e+00
-1.856715917587280273e+00
1.593804001808166504e+00
-1.305708050727844238e+00
1.537881135940551758e+00
1.953603386878967285e+00
9.573855400085449219e-01
-1.220279097557067871e+00
6.369838863611221313e-02
1.062331795692443848e+00
4.557128548622131348e-01
1.178520321846008301e-01
1.126161813735961914e+00
8.276628255844116211e-01
-1.109845161437988281e+00
6.894967555999755859e-01
-1.818367481231689453e+00
-1.352755069732666016e+00
-1.781439967453479767e-02
-1.219353914260864258e+00
1.791608691215515137e+00
-9.321080446243286133e-01
1.129731893539428711e+00
-1.217462778091430664e+00
-1.622394800186157227e+00
1.404502511024475098e+00
-4.601245522499084473e-01
1.701492071151733398e+00
1.891936510801315308e-01
1.169396996498107910e+00
1.898454427719116211e+00
-2.365197837352752686e-01
-1.372598171234130859e+00
-1.590222477912902832e+00
-1.994651556015014648e+00
1.074407458305358887e+00
-4.712533652782440186e-01
-5.287595391273498535e-01
1.453242540359497070e+00
-1.871047377586364746e+00
1.268870353698730469e+00
1.617257237434387207e+00
-4.305315017700195312e-01
-1.739530086517333984e+00
-1.602807641029357910e-01
1.070073604583740234e+00
4.874013960361480713e-01
1.967603087425231934e+00
1.341232538223266602e+00
-1.395354628562927246e+00
-5.387715622782707214e-02
-4.914205372333526611e-01
8.378579616546630859e-01
9.186894893646240234e-01
1.097740530967712402e+00
1.625879406929016113e+00
1.471141353249549866e-02
-8.343383073806762695e-01
1.813910603523254395e-01
-1.068576455116271973e+00
3.805349171161651611e-01
-1.244056701660156250e+00
-1.742445468902587891e+00
1.100370049476623535e+00
1.333702921867370605e+00
-1.772541046142578125e+00
-6.156458258628845215e-01
-1.032186150550842285e+00
1.337421298027038574e+00
-9.767715334892272949e-01
-1.671431422233581543e+00
7.528389990329742432e-02
-1.927607536315917969e+00
-4.334484338760375977e-01
-1.624135017395019531e+00
1.000506520271301270e+00
1.466573715209960938e+00
6.644999384880065918e-01
-4.727216660976409912e-01
-1.896898895502090454e-01
-2.485181540250778198e-01
1.415234088897705078e+00
2.836381494998931885e-01
3.775131702423095703e-01
3.151437966153025627e-03
1.274054646492004395e+00
1.402616649866104126e-01
-1.507056593894958496e+00
2.016011962890625000e+02
4.064070739746093750e+02
8.696749267578125000e+02
3.298122863769531250e+02
8.597165527343750000e+02
4.921765136718750000e+02
9.994224853515625000e+02
1.872258758544921875e+02
7.772446289062500000e+02
5.768264770507812500e+02
9.413377685546875000e+02
5.325012207031250000e+02
3.462035522460937500e+02
3.316204833984375000e+02
6.786640167236328125e+01
3.974036560058593750e+02
9.091179199218750000e+02
9.863745117187500000e+02
7.185461425781250000e+02
9.985710449218750000e+02
4.892723388671875000e+02
9.269962768554687500e+02
1.084154510498046875e+02
2.931131591796875000e+02
8.373657226562500000e+01
4.658301086425781250e+02
2.788694458007812500e+02
9.950504150390625000e+02
3.245192871093750000e+02
1.056039047241210938e+02
7.280296020507812500e+02
TLAST
5.761901245117187500e+02
