2415853568
-998972447
-1004966107
1130835614
-1002197849
1143157144
-1000029226
-1028590070
-1002753585
-1001118200
-1001839844
-1062384245
-1014741813
1144230961
1138105672
-1000997884
1133247969
1128420520
1140627006
-1028805685
-1003763301
-1001266749
1120805109
-1017775617
1146077378
1145947621
-1001327434
1138977562
-1029378144
1137527993
-1010548224
-1016598478
1136495671
-1031406446
-1038623688
-999197949
-1005451732
-1020926538
1121162731
-999957701
-1005234990
1137822626
-1020892938
1148035910
-1006635913
-998864548
-1004158535
1146118933
-1005881181
1131056991
1132342893
1143607968
-999606983
1145053907
-1010443439
1140614885
-1000751234
-1001976415
1144803839
-1016833313
1143674462
1142799684
-1013941338
-1003100818
-1003166365
-1011975681
-1011131201
1126689391
-999658036
-1021816165
-1040465647
1131587175
-1012210890
1135074567
-1004635478
-1011472322
-999895441
1133457359
-1004585468
-1003841145
-1010663599
1144519072
-1001465723
-1004695822
1107820969
1134195294
-1006549157
1142785099
-1000824229
-1010069093
1143316076
1135719149
-1019286862
-1048150495
1126256319
-1001528642
1141298517
1061816892
-1074963688
1070171766
-1083855536
-1080629862
-1087128676
1071664697
-1078036320
-1089276490
-1086501655
1060764712
-1128698182
1051724029
1042169371
1072859484
1062443050
1065336631
1059138917
1058465734
1057289022
-1090136054
-1088275630
1069294659
1067194316
-1076734737
1073731621
-1075045322
-1078136993
1070185541
1064590893
1066430402
1071034116
-1084084674
-1074720517
1072686415
1072117151
1058951797
-1076962675
1065612056
-1166435478
1071393114
-1081578897
1065999848
1067125162
1057913499
-1076603766
1063018446
-1080807787
-1085993993
-1080247242
-1083164511
-1086068497
1046785937
1065825028
1073082034
1070724629
1067490418
1069538431
1066713811
-1077203953
1071109335
1066947625
-1076588047
-1091466646
-1076262184
1054691658
-1112810454
-1078770907
1067589329
-1081103048
1056834287
1061621854
1067115675
1055384425
-1084086389
-1078811105
1068790506
1059349207
-1077272404
1065801369
-1089001380
1062321716
1057126242
-1077160718
-1083896073
1072111628
-1103699927
1061802506
1062425509
1072282948
-1092289161
1070494796
-1077593309
-1075976738
1072214702
-1077531225
1142109951
1107896506
1148517325
1119444091
1117890733
1092732776
1138129632
1133236059
1138008425
1139365594
1148197056
1126112674
1132395546
1135717450
1133771081
1134948812
1136129253
1146739183
1126693011
1138019736
1123487141
1143056687
1144525783
1127953878
1095509545
1131920126
1143088070
1139943902
1136470221
1147848013
1148075759
TLAST
1135382927
2415853569
1145578678
-1014263575
-1008063707
1142616122
-1023478412
1132505823
1125324734
-1001299159
-1004156501
-1013359656
-1012612344
1124848802
-1039499490
-1005375637
-1013323830
1137725571
1143317098
-1004202166
1145796834
-1001028373
1148683375
-1052343623
1145124329
-1006551238
1143215250
-1001982605
1141412832
1139124684
1142611582
-1012786870
-1000677495
1144544763
1138870269
-1000325578
1146139410
1145005098
1147309468
-1013571230
1147217456
1148371434
1124194523
1110485837
-999997797
-1014045528
1145686792
1081631382
-1014318996
1146707742
1141999330
-1006477373
1132995035
1144780329
-1005768352
-1001005104
1131091559
-999627049
1102496508
1130653089
1132364919
1136721519
1141030395
-1004849915
1144053815
-998749255
-1013979661
-1027053091
1148342986
-1005649257
1142639175
-1026900453
-1007408433
-1006113520
-1002359430
1142837230
1131898967
-1002887220
-1002694759
1143783845
-1003733190
-1003557615
-1007013226
1145028709
-1014817366
1143422622
-1030356748
-1006927595
-1000321471
-1002060329
-1026482658
1140024596
-1003030783
1099538013
1147779401
-1000623103
-1003448298
-1023169351
-1099776897
-1096128434
-1083002723
-1077905174
-1078359395
1069117364
-1083218866
-1078946370
-1082877441
1068219601
1036748438
-1077032038
-1081016691
1066715448
-1118229538
1053685967
-1076082250
1071953541
-1088530665
1066095423
-1086364543
1052917389
1069939105
1063710169
1063786660
1068102739
-1084493996
1033574462
1020378447
1070456157
1072505148
1066928036
1070955285
-1089715361
1053994825
-1100903982
1061419988
-1074047515
1062878596
-1075881538
1071487726
-1074510063
1070787868
-1083823676
-1076482165
-1076762397
1073388020
-1075303197
1050051173
1066545616
-1130956169
-1075442647
-1105939059
1067256390
-1091258001
1069178599
1069353217
-1082599698
-1095934746
1071469570
-1079035110
1066913094
1062991350
1055195058
-1079586397
-1079972219
-1083716946
-1104756673
-1077593710
1058961154
1065086810
-1097666535
-1074172329
1044273380
-1077172264
1069379356
-1074334217
-1074518734
1061016557
-1097710849
1036630205
-1076883400
-1122978127
-1115344918
1058562785
-1078506218
1073340715
-1079524470
1061137682
1066577831
1036991748
1071747363
-1073804043
-1096479809
1047955034
1062977503
1145248023
1141002955
1139012695
1135348830
1141256333
1142812202
1140581098
1127718959
1133653300
1144177482
1141930014
1140665421
1118575336
1145135618
1117706926
1133803340
1137091391
1108157819
1133798714
1147031530
1142219444
1097050708
1133360455
1135056916
1146154217
1132335234
1132081533
1141921419
1107275811
1146871536
1143491396
TLAST
1142960211
2415853570
1148538857
1148235039
1148799430
-1002109450
-1029041955
-1005405931
1131252865
1136736775
-1011415551
-1004305502
1120730502
1110053158
1145700706
1148696037
-1007918880
-999732750
1142905068
1127462250
1142551196
1126099929
1145464723
1140991912
1137736921
-1003169109
1146440314
-1015196953
1147321590
1143597375
-1018782465
-1028372464
-1017844405
1143223414
1140947925
-1004857557
1141180920
1136033561
-1011634491
1142879102
1143721322
1125882997
1146278717
1146234130
-1000558798
1115260995
1147445168
1143713338
1148214858
-1007377090
-1010999187
-1011575684
1147045644
-1008699663
-1015145047
1128562752
1094298045
1129443170
-1000587644
-1003999097
1124668459
1147747837
1138075722
1127779317
-1004895963
-1011281134
1099372310
-1003761846
-1001836747
1128554710
-1021882870
1137182802
-999942046
-1009360769
1144771044
1147988970
-1002096084
-1017968756
1144308721
1139050196
1139591804
-1003150737
1144965364
1109360988
1144681560
-1001386640
1121338868
1142420465
1140703575
-1001310566
1143199365
1137084860
-1000863692
1125734029
-1006193925
1129491147
-1009964772
-1004545576
-1089469341
1058348860
-1083262626
1066352872
-1088905699
-1078900281
1071936093
1067734802
-1095998501
-1086074780
-1077850986
-1100341249
1071258871
1056705032
-1083271918
1067773186
1067537254
1067467616
1065846013
1067715495
-1081443618
1057022033
1063065860
-1079040885
-1088763801
1040408483
1060967796
-1090634946
1071114032
1071469435
-1103204080
1069565674
1063138664
-1075157058
-1084310716
-1088076095
-1103795838
1061782338
-1080459932
1057555836
1063781555
1072249694
1059819560
1061471621
-1088476025
-1079664019
1066106195
1069291944
1054023223
1064887712
-1077250941
1025572075
1067931468
1041847425
1061869515
1066202897
1043290075
-1079469567
-1078863247
1065897477
1061606129
-1121704544
1070775737
-1084892373
1050571064
1052967306
-1074410287
-1077649496
1063051584
1053060452
1069108947
-1098811472
-1088944738
1072451062
1069881164
1045450524
1066452103
-1086619321
1070919808
-1080550171
1066938287
1072262056
1065795094
-1082047491
1061668432
-1075524276
-1078285030
1068615007
1072955937
-1080983331
1054047030
1054547603
1034695575
-1087472513
1070543561
1072344790
1148473843
1140729828
1131654562
1148594597
1141333059
1143341230
1143354052
1133672386
1145688093
1123784080
1128549431
1144678346
1144555137
1134986458
1142571360
1125427067
1113881911
1141800614
1142276284
1141433354
1128783131
1135844454
1141065372
1142036479
1141182854
1120308347
1127001183
1146620066
1134058680
1123129995
1124706718
TLAST
1146017856
2415853571
1143656427
-1013360562
1148304110
1144348173
1116469557
-1013562529
1141506322
1142443263
-1008725386
-1006365813
1137385138
1148179747
-1005113191
1133071508
-1041174138
1148066890
1136916030
-1022197876
-1029575612
-1000580952
1144366582
1143846412
-1007799849
-1007177509
-1021111355
1147748483
-1009037196
-1001381312
-1011449700
1131784807
-1001309794
-998917325
-1007428167
-1010812079
-1007904846
1137796168
1137547117
-1004631171
1132731909
-1015935752
-1012888006
1131381364
1134078790
-1036668801
-1005070921
-1005715969
1147292956
-1015872508
-1011800699
-998778727
-1018489841
1138797999
-1006297327
-1000718651
1141679678
1141246162
1141114724
-1012338835
-1016792405
1144915406
-1002668518
-1047278997
-1004540719
-999389468
-1081138972
1143484737
-1007815750
-1006427908
1134814735
-1033725986
1136690082
1141276000
1145832598
1135178441
-1021399854
1145872905
-1010454979
-1004925915
-1031575458
-1010245358
1118346208
1146005810
-1050876524
-1000011877
1148787242
1135226443
-1000125884
1143929798
-1009242896
1144999537
-1014930215
1135009270
1140158076
-1005917538
-1009519936
-1022436912
1052342219
1028990245
-1075615190
-1082786896
1057020278
1057955695
-1089592557
-1079940525
1052184323
-1095401115
-1084914859
-1088064182
1037839361
1072094278
1073565954
1069768307
1067953749
1071967075
1072096711
1067369604
-1079702456
1073630581
-1083342508
1042022430
-1081184588
1067117940
-1090119596
1069372361
1069992493
-1080910063
1062069752
-1096619484
1041310060
1049541901
-1079005308
1030929852
1058732718
1044799525
-1093308990
-1083409076
1068228349
1058647451
-1091206754
-1090265599
-1089637557
-1080598570
-1079166112
-1082895070
-1076917539
1067592523
1061186598
-1099412769
1051556659
-1080234573
-1077725518
-1079268667
1064564466
1066696027
-1076532180
1039698762
1055522131
-1074565862
-1074130834
1069556274
1067158591
-1088878047
1057885243
1043518386
-1097289764
1068196379
-1080139032
-1081389412
1072038118
1070042534
1071105879
-1076028118
-1074027803
1071201638
1061970930
-1076626758
-1107137110
-1084673353
-1075606685
-1097668660
-1076308417
-1075782180
1071805874
1066369212
1033939892
1070377546
-1077423758
-1092104248
-1087769570
-1077213314
-1075491850
-1107034467
1142963875
1126249159
1132437869
1145052918
1140595512
1142562593
1137821645
1142706775
1146023494
1144752732
1064610390
1147098441
1145444358
1144974320
1138344321
1138775653
1144231286
1146729423
1128536367
1140205171
1126523769
1133252691
1144492101
1135249322
1143399010
1103155744
1125592903
1133916652
1138452396
1129610807
1142600672
TLAST
1146148872
