2415853568
-3.214100646972656250e+01
-4.961859741210937500e+02
-2.708892517089843750e+02
1.210973815917968750e+02
-7.575665283203125000e+01
-1.835573577880859375e+01
8.056093139648437500e+02
7.558568115234375000e+02
-5.845917968750000000e+02
-2.453032531738281250e+02
4.874872436523437500e+02
-6.975701293945312500e+02
6.851596069335937500e+02
9.410634155273437500e+02
-3.083471374511718750e+02
5.516724853515625000e+02
-9.141728515625000000e+02
7.334014892578125000e+02
-2.097755279541015625e+02
-6.075113525390625000e+02
9.261532592773437500e+02
-1.524450378417968750e+02
-6.530178833007812500e+02
2.637200736999511719e+01
3.623279418945312500e+02
9.302104187011718750e+01
-9.912922363281250000e+02
9.441267700195312500e+02
-1.073433685302734375e+01
1.075907516479492188e+02
1.168511962890625000e+02
-6.957653808593750000e+02
7.209154052734375000e+02
-7.298931274414062500e+02
-9.479550170898437500e+02
4.157610473632812500e+02
9.188952636718750000e+02
-7.622438964843750000e+02
4.445646972656250000e+02
2.903078002929687500e+02
8.344165649414062500e+02
-8.901846923828125000e+02
6.907698974609375000e+02
-9.133571166992187500e+02
-8.615729980468750000e+02
6.853456420898437500e+02
4.728785095214843750e+02
1.352948150634765625e+02
-7.594765625000000000e+02
-7.532591552734375000e+02
7.576316833496093750e+01
8.877670898437500000e+02
3.952440185546875000e+02
7.587045898437500000e+02
8.484119873046875000e+02
-8.776610107421875000e+02
3.047243347167968750e+02
2.433285522460937500e+02
1.362507934570312500e+02
-5.755316162109375000e+02
3.245538635253906250e+02
-2.079562683105468750e+02
9.781686401367187500e+02
7.084932861328125000e+02
-5.681489868164062500e+02
8.512708740234375000e+02
-9.020782470703125000e+01
9.622213745117187500e+02
3.217626647949218750e+02
1.620729980468750000e+02
9.435341186523437500e+02
-5.076209411621093750e+02
6.539003295898437500e+02
3.969664306640625000e+02
5.938053588867187500e+02
8.691151123046875000e+02
-1.968152313232421875e+02
5.775117187500000000e+02
7.821048583984375000e+02
-2.347091217041015625e+02
-7.317637329101562500e+02
6.923070678710937500e+02
4.294734191894531250e+02
-5.813531494140625000e+02
8.330762329101562500e+02
6.301708984375000000e+02
-8.102402496337890625e+01
-9.905206909179687500e+02
-8.689916992187500000e+02
-9.384646606445312500e+02
6.165327453613281250e+01
-7.604888916015625000e+02
3.131773681640625000e+02
-2.241568450927734375e+02
7.532137298583984375e+01
3.382476196289062500e+02
-2.410928905010223389e-01
6.251462101936340332e-01
-7.123104333877563477e-01
-4.988874495029449463e-01
8.011897206306457520e-01
6.290143728256225586e-01
1.457976222038269043e+00
-1.023979067802429199e+00
9.538230299949645996e-01
2.114498615264892578e-01
2.227720320224761963e-01
-3.078902363777160645e-01
5.159676074981689453e-01
-1.440371036529541016e+00
-1.747707724571228027e-01
1.141248703002929688e+00
1.704669952392578125e+00
-2.304156273603439331e-01
1.758680701255798340e+00
1.506610155105590820e+00
-6.583875417709350586e-01
-1.819895982742309570e+00
1.756482124328613281e+00
1.962913274765014648e+00
-6.264764666557312012e-01
-2.223043739795684814e-01
-1.529058456420898438e+00
-9.177823066711425781e-01
-1.754666209220886230e+00
9.986333847045898438e-01
-1.817762374877929688e+00
1.505338788032531738e+00
2.199868112802505493e-01
1.196595668792724609e+00
-1.384513974189758301e+00
-4.062825739383697510e-01
-1.540900349617004395e+00
-1.479467272758483887e+00
-1.834734320640563965e+00
-1.809202313423156738e+00
-1.325356125831604004e+00
1.533606410026550293e+00
1.427899360656738281e+00
1.183547616004943848e+00
1.986415982246398926e+00
-1.016890525817871094e+00
-6.690618395805358887e-01
-1.163041666150093079e-01
-9.723244309425354004e-01
1.911475181579589844e+00
-9.049882292747497559e-01
4.297690689563751221e-01
-1.368608951568603516e+00
-2.117675542831420898e-01
8.728999495506286621e-01
-1.216690540313720703e+00
-8.040667176246643066e-01
1.110243916511535645e+00
1.195877552032470703e+00
-8.581685423851013184e-01
-1.245576262474060059e+00
-1.689133167266845703e+00
-8.688609600067138672e-01
1.240595817565917969e+00
-1.567924976348876953e+00
-1.306255578994750977e+00
9.369720220565795898e-01
-1.561398148536682129e+00
8.771002292633056641e-01
-1.384361743927001953e+00
1.058735251426696777e+00
6.758536100387573242e-01
1.935998558998107910e+00
-1.342066377401351929e-01
1.278449416160583496e+00
-1.213003769516944885e-01
1.951172351837158203e+00
-7.831148505210876465e-01
5.680723190307617188e-01
-1.225641489028930664e+00
-3.331914246082305908e-01
3.505597412586212158e-01
8.775702714920043945e-01
-1.376238018274307251e-01
-1.280186653137207031e+00
1.978079557418823242e+00
-1.295851469039916992e+00
1.536920189857482910e+00
1.818954348564147949e+00
-4.569278061389923096e-01
-1.189114809036254883e+00
8.569177985191345215e-01
-4.207696020603179932e-01
-8.999367356300354004e-01
6.028174161911010742e-01
-1.925342798233032227e+00
5.492218627929687500e+02
7.626418457031250000e+02
8.277370605468750000e+02
3.224875183105468750e+02
7.753305664062500000e+02
8.940096435546875000e+02
2.985985107421875000e+02
9.779275512695312500e+02
1.856336517333984375e+02
3.453370666503906250e+02
8.687465209960937500e+02
5.030383911132812500e+02
8.170552978515625000e+02
3.761632385253906250e+02
5.443469848632812500e+02
1.846184539794921875e+02
7.714482421875000000e+02
5.160790405273437500e+02
5.855657958984375000e+02
7.262025146484375000e+02
1.554458465576171875e+02
7.193109893798828125e+01
9.399473266601562500e+02
5.479519653320312500e+02
4.300797424316406250e+02
9.255905151367187500e+02
2.317863464355468750e+02
6.743900299072265625e+01
4.547757873535156250e+02
8.431748046875000000e+02
9.024635009765625000e+02
TLAST
6.386136245727539062e+01
2415853569
-5.469622192382812500e+02
-5.434445571899414062e+01
-8.398724975585937500e+02
2.654392395019531250e+02
3.063367614746093750e+02
3.949717712402343750e+02
-2.265806427001953125e+02
-5.207270507812500000e+02
1.442753448486328125e+02
-2.765639343261718750e+02
3.350433654785156250e+02
9.362216796875000000e+02
-4.002193603515625000e+02
-2.253605499267578125e+02
2.681892089843750000e+02
-4.963818969726562500e+02
-7.870487670898437500e+02
9.343400878906250000e+02
-7.791629638671875000e+02
7.346314086914062500e+02
1.218105010986328125e+02
9.991973876953125000e+02
1.810272979736328125e+02
9.457322387695312500e+02
6.137748413085937500e+02
9.411884765625000000e+02
8.294050292968750000e+02
9.029588012695312500e+02
8.035795288085937500e+02
-7.044998168945312500e+02
-3.958737487792968750e+02
-7.127362060546875000e+02
4.937534790039062500e+02
3.679432373046875000e+02
1.024808731079101562e+02
-9.569394531250000000e+02
-2.488733978271484375e+02
5.242921752929687500e+02
-6.750228881835937500e+02
-5.685019531250000000e+02
-8.226723022460937500e+02
1.704017639160156250e+02
3.328723754882812500e+02
7.693969726562500000e+02
-1.252293930053710938e+02
-1.718759307861328125e+02
2.236908569335937500e+02
-8.950081176757812500e+02
-5.705862426757812500e+02
-7.132604370117187500e+02
7.458475952148437500e+02
-5.854026489257812500e+02
6.764674682617187500e+02
-5.652360534667968750e+01
3.779616088867187500e+02
9.716084289550781250e+01
-7.559364013671875000e+02
-3.593103332519531250e+02
3.751284484863281250e+02
-2.263195495605468750e+02
6.007874755859375000e+02
-4.385773925781250000e+02
-3.089212341308593750e+02
2.461016082763671875e+02
9.451082153320312500e+02
-2.949201049804687500e+02
-5.055305480957031250e+02
7.733536987304687500e+02
5.817551269531250000e+02
-8.895159301757812500e+02
-7.447922973632812500e+02
-7.679884338378906250e+01
-7.945604858398437500e+02
-2.029245910644531250e+02
8.649226074218750000e+02
-4.546398315429687500e+02
7.971818847656250000e+02
-6.694666137695312500e+02
6.327656250000000000e+02
3.739012145996093750e+02
-8.812468872070312500e+02
-1.848038864135742188e+01
3.281206359863281250e+02
6.033354492187500000e+02
4.979203414916992188e+01
9.086008071899414062e+00
-6.661295776367187500e+02
-8.962070312500000000e+02
6.711416015625000000e+02
9.648756103515625000e+02
-4.347129211425781250e+02
-4.398122787475585938e+01
-3.878926515579223633e+00
2.993414306640625000e+02
-3.215055236816406250e+02
-6.050498657226562500e+02
1.723909080028533936e-01
1.301224589347839355e+00
-1.661547899246215820e+00
1.885230660438537598e+00
9.645050764083862305e-02
-1.255038738250732422e+00
1.852398633956909180e+00
-2.526894509792327881e-01
-1.739068925380706787e-01
4.561615586280822754e-01
6.909108757972717285e-01
-1.670627474784851074e+00
5.732128620147705078e-01
-6.306755542755126953e-01
-2.122385650873184204e-01
-8.145729303359985352e-01
7.434443235397338867e-01
-1.516282677650451660e+00
1.431537747383117676e+00
-5.618878602981567383e-01
-1.994889497756958008e+00
-4.738596677780151367e-01
1.209150314331054688e+00
1.401403188705444336e+00
3.571003675460815430e-01
-7.838539779186248779e-02
1.724445939064025879e+00
5.273709893226623535e-01
-1.615822911262512207e+00
4.102406799793243408e-01
-1.630867958068847656e+00
-2.960025966167449951e-01
-3.097402751445770264e-01
-1.698621392250061035e+00
-1.154190659523010254e+00
1.071887373924255371e+00
-2.485699392855167389e-02
6.592221856117248535e-01
-8.080638051033020020e-01
-1.248445153236389160e+00
-1.315509319305419922e+00
-1.238127946853637695e+00
9.377935528755187988e-01
1.759483456611633301e+00
1.022448420524597168e+00
-9.498350620269775391e-01
-2.752018719911575317e-02
-9.976093471050262451e-02
1.252580761909484863e+00
-8.776150345802307129e-01
-5.399816036224365234e-01
-1.717273294925689697e-01
1.035580277442932129e+00
-2.874096632003784180e-01
2.177329063415527344e-01
-2.989015877246856689e-01
-8.662659525871276855e-01
-2.048171460628509521e-01
1.135546088218688965e+00
-1.141239523887634277e+00
1.656644940376281738e-01
-1.254979491233825684e+00
2.339885383844375610e-01
1.444436311721801758e-01
1.906971335411071777e+00
8.771360665559768677e-02
4.082162678241729736e-01
3.493236899375915527e-01
-1.489663362503051758e+00
-9.404203295707702637e-01
-9.795230031013488770e-01
-9.515424966812133789e-01
-8.238750100135803223e-01
3.152063786983489990e-01
1.669340372085571289e+00
-1.399503052234649658e-01
1.176259636878967285e+00
-9.539324641227722168e-01
1.331835865974426270e+00
-1.603629708290100098e+00
-1.055945038795471191e+00
6.452532857656478882e-02
-1.477394223213195801e+00
-1.201236486434936523e+00
1.504522204399108887e+00
-1.489400863647460938e+00
-8.078976869583129883e-01
1.782370090484619141e+00
5.376346111297607422e-01
-7.265369892120361328e-01
-1.272932291030883789e-01
-4.852150380611419678e-01
1.444445371627807617e+00
1.949120521545410156e+00
-1.992832779884338379e+00
-1.552129387855529785e+00
8.204343261718750000e+02
1.928077392578125000e+02
8.337400512695312500e+02
7.441735229492187500e+02
7.241054687500000000e+02
7.902145996093750000e+02
9.227485351562500000e+02
9.872880249023437500e+02
6.975157470703125000e+02
4.786618041992187500e+02
3.197829895019531250e+02
4.387181091308593750e+01
4.407950439453125000e+02
7.052822265625000000e+02
9.730776367187500000e+02
3.861061096191406250e+02
9.766732788085937500e+02
3.454037780761718750e+02
1.223476257324218750e+02
2.498589935302734375e+02
7.256790771484375000e+02
2.057752380371093750e+02
2.636287231445312500e+02
7.447592163085937500e+02
5.574922485351562500e+02
2.206870117187500000e+02
9.943472290039062500e+02
2.527913360595703125e+02
7.960920410156250000e+02
2.870842895507812500e+02
6.248979492187500000e+02
TLAST
5.353428955078125000e+02
2415853570
9.669294433593750000e+02
-9.382418212890625000e+02
-7.503274536132812500e+02
7.299620361328125000e+02
9.032865905761718750e+01
-1.571623992919921875e+02
4.192726135253906250e+02
7.648565673828125000e+01
2.218007202148437500e+02
-1.148866195678710938e+02
6.115378417968750000e+02
-7.602077026367187500e+02
-1.853018035888671875e+02
2.084201660156250000e+02
-9.422408447265625000e+02
7.669619750976562500e+02
-4.900119018554687500e+02
7.015931701660156250e+01
4.693048706054687500e+02
-9.822521972656250000e+02
7.355384521484375000e+02
5.227430419921875000e+02
8.368043823242187500e+02
-4.552985534667968750e+02
-6.755615997314453125e+01
-7.725808715820312500e+02
-9.884322166442871094e+00
-5.955629882812500000e+02
2.248650054931640625e+02
-9.518477783203125000e+02
-8.173941040039062500e+01
7.118890380859375000e+02
3.518343811035156250e+02
-9.432531738281250000e+02
1.922011566162109375e+02
4.016134033203125000e+02
-9.159224243164062500e+02
3.265342407226562500e+02
-4.310586547851562500e+02
5.176404418945312500e+02
5.930687255859375000e+02
-1.223259277343750000e+02
4.082317504882812500e+02
-1.568473968505859375e+02
-3.231312561035156250e+01
-9.213715820312500000e+02
6.179049301147460938e+01
2.262957000732421875e+02
-9.182843627929687500e+02
-5.356074218750000000e+02
7.033153686523437500e+02
-3.016310424804687500e+02
2.565060806274414062e+01
2.088642120361328125e+02
8.112397460937500000e+02
-4.672202148437500000e+02
4.336433715820312500e+02
7.700366210937500000e+02
-6.234631958007812500e+02
2.489363250732421875e+02
3.830681228637695312e+01
5.088348388671875000e+02
-9.527988433837890625e+01
3.994046020507812500e+02
-1.443246459960937500e+02
4.908590087890625000e+02
-1.403920440673828125e+02
4.457797851562500000e+02
7.212795257568359375e+01
4.329718322753906250e+02
1.107443695068359375e+02
2.845065917968750000e+02
4.846391601562500000e+02
-7.070271606445312500e+02
2.011113586425781250e+02
-7.090201416015625000e+02
-2.093896636962890625e+02
9.455416870117187500e+02
8.755455322265625000e+02
2.812169494628906250e+02
7.157013549804687500e+02
2.107171478271484375e+02
-6.668913574218750000e+02
-5.073359375000000000e+02
-6.697224121093750000e+02
-1.373357391357421875e+02
1.107505035400390625e+02
-3.836477661132812500e+02
-2.934745025634765625e+01
2.866777038574218750e+02
-6.678088989257812500e+02
-4.050679931640625000e+02
-6.173234863281250000e+02
-9.030037841796875000e+02
-8.935441894531250000e+02
7.722326660156250000e+02
-1.879832267761230469e+00
-3.268570601940155029e-01
-2.914439141750335693e-02
1.174796462059020996e+00
2.358089089393615723e-01
-6.326534152030944824e-01
4.280326068401336670e-01
-1.815122008323669434e+00
-3.909319937229156494e-01
-1.372754693031311035e+00
1.071409106254577637e+00
4.618613123893737793e-01
-1.334137618541717529e-01
-5.739328861236572266e-01
-1.623808622360229492e+00
-4.215711951255798340e-01
1.985295891761779785e+00
6.003344058990478516e-01
-1.569777607917785645e+00
-1.514623880386352539e+00
4.994189441204071045e-01
-1.593144536018371582e+00
-4.369098246097564697e-01
-7.506949901580810547e-01
-1.962128758430480957e+00
-1.957044005393981934e+00
9.818894863128662109e-01
-1.861644506454467773e+00
1.844425201416015625e+00
-1.207218647003173828e+00
5.102819800376892090e-01
1.253799796104431152e+00
9.822555184364318848e-01
6.949232220649719238e-01
-1.355484247207641602e+00
-1.845251083374023438e+00
-7.992271184921264648e-01
-1.205187916755676270e+00
9.569860696792602539e-01
-5.828428864479064941e-01
1.796189665794372559e+00
-5.968220829963684082e-01
-1.757865309715270996e+00
4.329413175582885742e-01
6.779553294181823730e-01
-4.298568069934844971e-01
1.076552510261535645e+00
-3.901458084583282471e-01
1.850145578384399414e+00
3.416877985000610352e-01
-1.472280502319335938e+00
-8.293125033378601074e-01
-7.406875491142272949e-01
-8.514221310615539551e-01
4.545809030532836914e-01
-1.758697390556335449e+00
-9.675253182649612427e-03
1.332776546478271484e+00
4.407171905040740967e-01
-8.096278905868530273e-01
1.028446316719055176e+00
8.187805414199829102e-01
-1.652222871780395508e+00
2.273557782173156738e-01
-9.370029568672180176e-01
1.291183471679687500e+00
-1.526346504688262939e-01
-2.430454194545745850e-01
-8.309891819953918457e-02
-1.185829520225524902e+00
-3.316977620124816895e-01
-1.778531789779663086e+00
2.502333223819732666e-01
1.851222991943359375e+00
4.834880530834197998e-01
-1.131296038627624512e+00
8.696818947792053223e-01
-1.758204698562622070e+00
-9.761769771575927734e-01
1.926213741302490234e+00
-1.079459905624389648e+00
7.609272003173828125e-01
-1.196417212486267090e+00
1.592517137527465820e+00
-1.885093092918395996e+00
1.965523481369018555e+00
-3.931762278079986572e-01
8.229165673255920410e-01
3.044734597206115723e-01
-1.910322546958923340e+00
1.457501769065856934e+00
-8.922828435897827148e-01
7.268273830413818359e-01
1.331083774566650391e-01
3.730265796184539795e-02
1.837174654006958008e+00
7.962434692382812500e+02
1.054201126098632812e+02
8.378789062500000000e+02
1.384281158447265625e+02
8.420861206054687500e+02
6.387855834960937500e+02
5.316188964843750000e+02
7.907857666015625000e+02
2.653516845703125000e+02
6.867850341796875000e+02
8.647592773437500000e+02
3.147010803222656250e+02
5.992674255371093750e+01
2.884125061035156250e+02
9.167051391601562500e+02
3.014014434814453125e+01
9.398176269531250000e+02
9.855698394775390625e+01
3.477783203125000000e+02
2.132377471923828125e+02
7.692926025390625000e+02
9.776510620117187500e+01
2.764844055175781250e+02
6.391723632812500000e+02
8.067951049804687500e+02
9.709133911132812500e+01
8.863581542968750000e+02
5.998573608398437500e+02
4.538179016113281250e+02
2.538193664550781250e+02
9.728066253662109375e+01
TLAST
6.232456054687500000e+02
2415853571
3.302029418945312500e+02
-1.764327697753906250e+02
-4.992169799804687500e+02
-4.241765441894531250e+02
5.043173522949218750e+02
-5.235888061523437500e+02
9.468197631835937500e+02
-3.985223999023437500e+02
3.112998352050781250e+02
-3.978524475097656250e+02
6.912520751953125000e+02
-8.610390625000000000e+02
7.473789062500000000e+02
-9.829208374023437500e+02
6.394255371093750000e+02
-1.525821228027343750e+02
7.159754638671875000e+02
-3.511436157226562500e+02
-3.154264831542968750e+02
-8.025070190429687500e+02
-6.808078613281250000e+02
4.247388610839843750e+02
-9.684924926757812500e+02
-5.828377685546875000e+02
-7.843244628906250000e+02
8.468319702148437500e+02
-6.332933902740478516e+00
3.168538818359375000e+02
-5.855913696289062500e+02
-9.430757446289062500e+02
6.104234619140625000e+02
-3.028037109375000000e+02
-9.756936035156250000e+02
-2.256415557861328125e+01
-1.350323333740234375e+02
4.432828674316406250e+02
-6.571419525146484375e+01
6.383029174804687500e+01
-5.263464355468750000e+02
-2.363939523696899414e+00
8.647178344726562500e+02
-9.415720825195312500e+02
-9.909368896484375000e+02
7.506694335937500000e+02
-5.417245483398437500e+02
4.835162658691406250e+02
6.743156738281250000e+02
1.330714569091796875e+02
8.960606079101562500e+02
2.623896179199218750e+02
4.091147766113281250e+02
-1.987592773437500000e+02
-3.199761352539062500e+02
-1.394246215820312500e+02
-9.733511352539062500e+02
3.687985839843750000e+02
-1.467403507232666016e+01
-6.257057495117187500e+02
5.040402984619140625e+01
1.502711791992187500e+02
-3.578883361816406250e+02
-8.917644500732421875e+01
3.493407897949218750e+02
-8.354172973632812500e+02
4.993141784667968750e+02
-6.754788970947265625e+01
-6.135112915039062500e+02
6.517913208007812500e+02
-8.775703125000000000e+02
5.466602172851562500e+02
-8.851544189453125000e+02
-9.833649291992187500e+02
-7.839708862304687500e+02
1.670327606201171875e+02
-1.052473373413085938e+02
7.578989868164062500e+02
-4.067002563476562500e+02
-3.918173217773437500e+01
-6.869853515625000000e+02
9.129151611328125000e+02
4.702499694824218750e+02
-8.445570373535156250e+01
4.912583618164062500e+02
-6.311690673828125000e+02
3.387686767578125000e+02
2.524114685058593750e+02
-2.863370971679687500e+02
1.044131851196289062e+02
6.566544799804687500e+02
2.731541748046875000e+02
-2.858721313476562500e+02
9.069425048828125000e+02
-8.693687133789062500e+02
-7.777924804687500000e+02
8.385261230468750000e+02
5.905009155273437500e+02
1.951218128204345703e+00
-2.122866064310073853e-01
-1.650224447250366211e+00
-1.692299604415893555e+00
-4.007051587104797363e-01
-1.506986021995544434e+00
3.613265231251716614e-02
6.989657878875732422e-02
-1.578201413154602051e+00
-1.686914920806884766e+00
-7.790012955665588379e-01
-1.415727257728576660e+00
-1.643548607826232910e+00
1.396203279495239258e+00
1.883700013160705566e+00
9.932793378829956055e-01
-3.832953870296478271e-01
-1.795023441314697266e+00
9.521185159683227539e-01
-9.834161400794982910e-01
-1.500238776206970215e+00
6.503241658210754395e-01
-2.994792163372039795e-01
-2.875390946865081787e-01
1.606885790824890137e+00
6.858403980731964111e-02
1.695486783981323242e+00
1.211961984634399414e+00
-2.641626596450805664e-01
-1.292898178100585938e+00
1.788398742675781250e+00
-1.283901333808898926e+00
-1.250673651695251465e+00
4.926816374063491821e-02
-7.123646140098571777e-01
5.814231038093566895e-01
1.822528988122940063e-02
-1.024503231048583984e+00
3.653534054756164551e-01
-8.120622634887695312e-01
-1.192278981208801270e+00
-4.675676524639129639e-01
7.169193029403686523e-01
1.900156259536743164e+00
-6.223006844520568848e-01
-4.621775746345520020e-01
1.294347047805786133e+00
-1.937195301055908203e+00
1.072472333908081055e-01
-1.714944720268249512e+00
-1.056005135178565979e-01
-6.221250444650650024e-02
1.121528267860412598e+00
1.324980854988098145e+00
1.816381454467773438e+00
-8.228783607482910156e-01
1.152685880661010742e+00
-4.982005357742309570e-01
-5.942567586898803711e-01
1.130409598350524902e+00
-1.137381792068481445e+00
-1.405062675476074219e+00
-1.818636775016784668e+00
8.177451491355895996e-01
-1.535621434450149536e-01
1.065143823623657227e+00
9.445748925209045410e-01
1.079236865043640137e+00
-6.037414669990539551e-01
4.182476997375488281e-01
1.581840872764587402e+00
1.337720274925231934e+00
-3.971349895000457764e-01
5.445466637611389160e-01
-5.489193201065063477e-01
1.842448711395263672e+00
-1.950797200202941895e+00
-4.574909210205078125e-01
4.050005674362182617e-01
-2.324545383453369141e-01
-1.439004063606262207e+00
1.673276066780090332e+00
1.760682463645935059e+00
2.777849733829498291e-01
-6.990063190460205078e-01
-1.326165318489074707e+00
9.932861924171447754e-01
-1.133973836898803711e+00
-1.874654173851013184e+00
-1.284095168113708496e+00
-7.489423751831054688e-01
4.172399938106536865e-01
3.549227416515350342e-01
-2.534539699554443359e-01
-5.594863891601562500e-01
1.480512022972106934e+00
9.072865600585937500e+02
4.287960510253906250e+02
1.601309356689453125e+02
8.530430908203125000e+02
9.867117309570312500e+02
6.846687622070312500e+02
6.354728393554687500e+02
3.039813537597656250e+02
8.056066894531250000e+02
9.937895202636718750e+01
2.995780334472656250e+02
2.560652160644531250e+02
8.718247222900390625e+01
5.526326904296875000e+02
8.402305297851562500e+02
5.388382339477539062e+01
7.272506713867187500e+02
3.046897888183593750e+02
1.411998443603515625e+02
4.007927856445312500e+02
7.854149780273437500e+02
9.802247314453125000e+02
6.253831787109375000e+02
4.289210510253906250e+02
5.066696777343750000e+02
1.661187133789062500e+02
1.003334579467773438e+02
2.041730041503906250e+02
8.315445556640625000e+02
6.650892944335937500e+02
2.878551635742187500e+02
TLAST
5.672059936523437500e+02
