2415853568
6.542055053710937500e+02
2.939118194580078125e+01
9.758165283203125000e+02
-2.244257812500000000e+02
-9.059853515625000000e+02
9.608279418945312500e+02
-7.660700073242187500e+02
-9.271381835937500000e+02
-8.677369995117187500e+02
-5.696702270507812500e+02
-6.115162353515625000e+02
-4.320195007324218750e+02
-1.419266052246093750e+02
1.944194412231445312e+01
9.638526000976562500e+02
-7.689359130859375000e+02
3.308162231445312500e+02
3.698688659667968750e+02
8.794331359863281250e+01
8.080290222167968750e+01
-1.979757080078125000e+02
3.581174621582031250e+02
-3.795408935546875000e+02
-2.817122497558593750e+02
-4.240617065429687500e+02
-4.716427307128906250e+02
-6.548764648437500000e+02
5.653311767578125000e+02
-9.127896728515625000e+02
-6.023360595703125000e+02
-5.809091796875000000e+02
6.495275974273681641e+00
6.878165893554687500e+02
7.402092895507812500e+02
-4.610183105468750000e+02
-8.832094726562500000e+02
8.958425292968750000e+02
3.217777252197265625e+01
-7.238057861328125000e+02
-4.465538940429687500e+02
-3.854442596435546875e+01
-9.981821899414062500e+02
-5.590760498046875000e+02
-5.769147338867187500e+02
-1.702671356201171875e+02
-5.294996948242187500e+02
6.451977539062500000e+02
3.956576232910156250e+02
2.341995391845703125e+02
-7.397963867187500000e+02
5.416557312011718750e+01
-1.008909149169921875e+02
5.541834716796875000e+02
-1.696824035644531250e+02
-4.620782089233398438e+01
-8.075477905273437500e+02
-6.008198852539062500e+02
9.470687866210937500e+02
6.871984252929687500e+02
-4.823501586914062500e+02
-5.352069702148437500e+02
7.618598022460937500e+02
-6.108010101318359375e+01
3.063715515136718750e+02
-2.272827339172363281e+01
8.616235351562500000e+01
-8.980740356445312500e+02
-6.175120849609375000e+02
-4.942805480957031250e+02
5.828337402343750000e+02
-3.750883178710937500e+02
-6.504256591796875000e+02
8.978999023437500000e+02
3.477837219238281250e+02
-9.765513305664062500e+02
-1.965454559326171875e+02
4.531787414550781250e+02
-7.206635742187500000e+02
-6.061220703125000000e+02
1.053151779174804688e+02
4.062582397460937500e+02
-8.056213378906250000e+02
-4.809404602050781250e+02
-1.588733215332031250e+02
4.261811447143554688e+01
3.131255187988281250e+02
3.794316864013671875e+01
4.415777587890625000e+02
5.210638427734375000e+02
2.112174682617187500e+02
3.552697448730468750e+02
-1.273947296142578125e+02
-5.671263427734375000e+02
-6.892902832031250000e+02
1.873177947998046875e+02
-5.385631713867187500e+02
1.531846761703491211e+00
-1.826475024223327637e+00
1.878685474395751953e+00
7.405689954757690430e-01
4.035724997520446777e-01
-1.234670042991638184e+00
-1.312867641448974609e+00
4.793197512626647949e-01
1.804410696029663086e+00
1.237805008888244629e+00
-1.222946524620056152e+00
-8.218172788619995117e-01
1.106767728924751282e-01
8.933216929435729980e-01
-5.893474817276000977e-01
1.493172407150268555e+00
8.714617043733596802e-02
-1.149319171905517578e+00
-4.616974890232086182e-01
1.591921925544738770e+00
5.304032564163208008e-01
-3.762498125433921814e-02
-1.492319822311401367e+00
2.550302147865295410e-01
1.317366242408752441e+00
-1.988691091537475586e+00
1.315361976623535156e+00
-1.974170327186584473e+00
-9.574390053749084473e-01
-4.779063463211059570e-01
1.730918288230895996e+00
1.115000367164611816e+00
-1.349831342697143555e+00
2.940456569194793701e-01
1.928593754768371582e+00
1.241650432348251343e-01
-1.796222686767578125e+00
-1.557972908020019531e+00
-2.737463116645812988e-01
1.446977257728576660e+00
-8.170793056488037109e-01
-7.753750681877136230e-01
-1.387261748313903809e+00
-1.862728834152221680e+00
1.382890105247497559e+00
4.370299726724624634e-02
-1.180803298950195312e+00
8.306146860122680664e-01
-1.333482980728149414e+00
-5.642790198326110840e-01
5.326912999153137207e-01
-1.722926497459411621e+00
-1.234083652496337891e+00
1.225906848907470703e+00
1.284240931272506714e-01
9.873780608177185059e-01
-1.745009660720825195e+00
4.843974709510803223e-01
-1.800021171569824219e+00
5.330439805984497070e-01
1.503733396530151367e+00
4.573532342910766602e-01
-4.334929883480072021e-01
-2.795538902282714844e-01
-9.932760000228881836e-01
1.221937298774719238e+00
1.919454813003540039e+00
-2.254560589790344238e-01
1.134962558746337891e+00
2.096413224935531616e-01
1.037250638008117676e+00
-5.184796079993247986e-02
-1.452753424644470215e+00
-8.494653701782226562e-01
8.570709228515625000e-01
-1.638777494430541992e+00
1.175111055374145508e+00
-8.229915797710418701e-02
-1.340293407440185547e+00
-4.726845026016235352e-01
1.343117594718933105e+00
-1.194687604904174805e+00
-1.904246330261230469e+00
1.495078682899475098e+00
7.058045864105224609e-01
-6.933476775884628296e-02
-1.817928433418273926e+00
1.777945637702941895e+00
-1.410476803779602051e+00
-6.736067682504653931e-02
1.060869097709655762e+00
8.445519953966140747e-02
1.052870273590087891e+00
1.447272419929504395e+00
-9.629979729652404785e-01
1.378231644630432129e+00
6.070051879882812500e+02
6.002214355468750000e+02
5.728124389648437500e+02
2.412175178527832031e+01
5.541690063476562500e+02
5.316752433776855469e+00
6.089769363403320312e+01
1.446306762695312500e+02
4.116460266113281250e+02
4.274423217773437500e+02
4.366495132446289062e+00
3.079332275390625000e+02
3.318149719238281250e+02
1.314193572998046875e+02
9.875620727539062500e+02
7.710980224609375000e+02
2.544226379394531250e+02
5.924782104492187500e+02
2.002002258300781250e+02
3.314714965820312500e+02
8.993139038085937500e+02
8.120576171875000000e+02
8.222387695312500000e+02
3.883392028808593750e+02
5.108428344726562500e+02
1.076835174560546875e+02
8.637700805664062500e+02
7.096428222656250000e+02
8.392902832031250000e+02
9.993127441406250000e+01
2.784983520507812500e+02
TLAST
3.472075195312500000e+02
2415853569
-7.100019073486328125e+01
-1.751493682861328125e+02
5.870741577148437500e+02
8.787764892578125000e+02
8.495214233398437500e+02
-8.762700805664062500e+02
-7.095997314453125000e+02
4.275245666503906250e+02
3.607793273925781250e+02
4.164753112792968750e+02
-2.827673034667968750e+02
5.915806274414062500e+02
6.688211822509765625e+01
-5.274862670898437500e+02
-9.215628662109375000e+02
3.115954589843750000e+02
-8.493422241210937500e+02
3.104377136230468750e+02
7.832763671875000000e+02
9.374829101562500000e+02
-9.840509643554687500e+02
9.293781127929687500e+02
5.546677246093750000e+02
-9.589387207031250000e+02
9.956104736328125000e+02
6.747952270507812500e+02
1.858475952148437500e+02
3.428975524902343750e+02
-1.551785430908203125e+02
-6.739636840820312500e+02
-2.295892028808593750e+02
6.597611083984375000e+02
1.953462028503417969e+01
-2.403358001708984375e+02
6.579473876953125000e+02
-3.198626403808593750e+02
1.406952056884765625e+02
2.180021514892578125e+02
-1.099395523071289062e+02
-4.704809951782226562e+01
3.855205383300781250e+02
9.582434082031250000e+01
9.096437377929687500e+02
-9.004537963867187500e+02
-1.063855819702148438e+02
-2.663600540161132812e+01
-1.554295806884765625e+02
6.781220092773437500e+02
2.582864074707031250e+02
-4.792504882812500000e+02
1.982839660644531250e+02
-6.534277954101562500e+02
-8.351828002929687500e+02
2.243684539794921875e+02
2.587047119140625000e+02
-9.445413818359375000e+02
1.992213287353515625e+02
-3.806301574707031250e+02
-5.004187316894531250e+02
-6.799307250976562500e+02
-6.082198486328125000e+02
3.457757263183593750e+02
-5.443534545898437500e+02
3.739116210937500000e+02
-3.221866760253906250e+02
-2.878935813903808594e+01
-7.335120239257812500e+02
6.765811157226562500e+02
7.194520263671875000e+02
2.030042572021484375e+02
6.854760131835937500e+02
2.982910394668579102e+00
4.012100524902343750e+02
-8.793118896484375000e+02
-5.642209472656250000e+02
-3.578020324707031250e+02
3.063911743164062500e+02
3.390621948242187500e+02
-1.927372169494628906e+01
6.160401611328125000e+02
-5.856156539916992188e+01
7.194437255859375000e+02
1.262798843383789062e+02
-5.295942993164062500e+02
8.489213867187500000e+02
6.218212280273437500e+02
4.271766967773437500e+02
8.594796752929687500e+02
3.338203430175781250e+02
4.368883361816406250e+02
-5.692727661132812500e+02
-9.699938354492187500e+02
9.094651489257812500e+02
9.132286987304687500e+02
6.446207275390625000e+02
8.910454711914062500e+02
-1.595680594444274902e+00
-1.840546250343322754e+00
1.257371008396148682e-01
9.058443903923034668e-01
7.520772814750671387e-01
-9.009596705436706543e-01
-4.199333488941192627e-01
-1.282264709472656250e+00
-1.233809232711791992e+00
1.836523532867431641e+00
-1.456287860870361328e+00
1.091906666755676270e+00
1.389349997043609619e-01
-2.109396457672119141e-02
1.925000548362731934e+00
-1.126141428947448730e+00
3.748352825641632080e-01
1.670426130294799805e+00
5.510351061820983887e-01
-4.302688408643007278e-03
1.845081686973571777e+00
-1.425218462944030762e+00
1.325074553489685059e+00
1.465446710586547852e+00
1.639470219612121582e+00
-4.457912743091583252e-01
-1.967265129089355469e+00
-1.025236606597900391e+00
-1.805684685707092285e+00
-1.766996264457702637e+00
1.132012128829956055e+00
2.046508640050888062e-01
1.245142221450805664e+00
1.667029410600662231e-01
1.968120336532592773e+00
-5.881369579583406448e-03
-1.994344472885131836e+00
9.988998174667358398e-01
1.692996621131896973e-01
-1.698948144912719727e+00
1.360709547996520996e+00
1.900480389595031738e+00
4.790067672729492188e-03
1.061530351638793945e+00
1.489036679267883301e+00
-1.838050782680511475e-01
-9.129185676574707031e-01
7.718589901924133301e-01
-1.749895334243774414e+00
-1.716817855834960938e+00
-1.580411195755004883e+00
-7.413547635078430176e-01
-1.599733710289001465e+00
9.183850884437561035e-01
1.513304710388183594e+00
-1.437202095985412598e+00
7.361232042312622070e-01
-1.756313323974609375e+00
-2.893216311931610107e-01
1.823342204093933105e+00
-1.783243298530578613e+00
-1.273444533348083496e+00
1.121638342738151550e-01
9.472629427909851074e-02
-5.872440934181213379e-01
-1.108524799346923828e+00
-1.403175592422485352e+00
9.474911093711853027e-01
2.100630253553390503e-01
1.575027346611022949e+00
-7.227332592010498047e-01
3.960729241371154785e-01
-1.026204943656921387e+00
-7.511060833930969238e-01
-6.609053015708923340e-01
-1.747391581535339355e+00
9.520744085311889648e-01
1.731125235557556152e+00
-5.917088985443115234e-01
-8.921550512313842773e-01
-8.071014285087585449e-01
-7.215549349784851074e-01
-6.942486166954040527e-01
-3.702484667301177979e-01
3.774040639400482178e-01
-1.957700133323669434e+00
5.400315523147583008e-01
-4.580256938934326172e-01
-1.911006927490234375e+00
1.244374513626098633e+00
-1.503458261489868164e+00
-1.723625421524047852e+00
6.114708781242370605e-01
-6.013497114181518555e-01
1.038375496864318848e+00
-1.643889427185058594e+00
9.655561523437500000e+02
8.350874633789062500e+02
8.276187133789062500e+02
6.741658935546875000e+02
4.344742584228515625e+01
7.871740722656250000e+02
9.464609375000000000e+02
3.671435165405273438e+01
2.505694427490234375e+02
6.946086120605468750e+01
6.142768554687500000e+02
2.169412841796875000e+02
8.177369384765625000e+02
8.419525146484375000e+02
9.150903930664062500e+02
6.283412170410156250e+01
1.366352081298828125e+01
6.603938598632812500e+02
5.263229370117187500e+02
2.496593627929687500e+02
1.140483932495117188e+02
4.068999938964843750e+02
7.824934082031250000e+02
8.045576782226562500e+02
1.740953063964843750e+02
6.651958618164062500e+02
7.439110717773437500e+02
9.001492309570312500e+01
1.642747192382812500e+02
4.723160705566406250e+02
6.007559814453125000e+02
TLAST
1.888955230712890625e+02
2415853570
9.927965698242187500e+02
-5.662500000000000000e+02
-6.354179077148437500e+02
2.508873901367187500e+02
3.371896057128906250e+02
3.557198333740234375e+01
-7.066025390625000000e+02
4.593392639160156250e+02
8.083377685546875000e+02
9.152698364257812500e+02
-1.240922927856445312e+02
-4.827031250000000000e+02
-2.681680870056152344e+01
-7.236206665039062500e+02
6.367393798828125000e+02
-4.801546478271484375e+01
5.596714477539062500e+02
7.111796264648437500e+02
-5.983175659179687500e+02
-8.356389770507812500e+02
6.681031494140625000e+02
8.384918975830078125e+01
7.497164306640625000e+02
8.425972900390625000e+02
-7.680856323242187500e+02
-7.459342041015625000e+02
-2.378033905029296875e+02
6.073794555664062500e+02
3.384577941894531250e+02
1.649472198486328125e+02
-3.116093139648437500e+02
-1.029732284545898438e+02
9.096770019531250000e+02
-8.640808715820312500e+02
-7.443215942382812500e+02
9.273063964843750000e+02
2.677760925292968750e+02
-7.812852172851562500e+02
-7.293950805664062500e+02
9.483654174804687500e+02
4.275594482421875000e+02
-3.763261413574218750e+01
7.935560302734375000e+02
-3.621248626708984375e+01
3.941609497070312500e+02
9.595935668945312500e+02
9.440715332031250000e+02
-1.810142822265625000e+02
-8.333754272460937500e+02
-4.082979125976562500e+02
5.629763793945312500e+02
8.671949462890625000e+02
-7.297930908203125000e+02
-7.789383544921875000e+02
6.876399536132812500e+02
6.615346069335937500e+02
6.570610351562500000e+02
-8.418872070312500000e+02
-7.036426391601562500e+02
-1.257623291015625000e+01
-9.524595642089843750e+01
7.641951904296875000e+02
-1.829311676025390625e+02
-9.608745727539062500e+02
-3.691492004394531250e+02
-2.404959411621093750e+02
7.844940185546875000e+02
-7.832525634765625000e+02
2.561586914062500000e+02
-7.124056396484375000e+02
-3.935972290039062500e+02
-1.439940795898437500e+02
8.237347412109375000e+02
6.504041748046875000e+02
-8.467360839843750000e+02
5.789097900390625000e+02
-8.968444824218750000e+02
-2.374524879455566406e+01
-4.690406799316406250e+02
-9.749857788085937500e+02
-1.502245941162109375e+02
-9.920147094726562500e+02
-4.794987792968750000e+02
2.521838378906250000e+02
-8.506917953491210938e+00
3.829725341796875000e+02
-9.778776550292968750e+01
9.320804443359375000e+02
1.332568817138671875e+02
9.917266235351562500e+02
7.333184814453125000e+02
-1.013704986572265625e+02
-9.107177734375000000e+02
-6.616273193359375000e+02
9.884544067382812500e+02
-4.571361999511718750e+02
-1.480803489685058594e+00
-1.910591721534729004e+00
-1.522369623184204102e+00
-1.186600446701049805e+00
4.692488908767700195e-01
-3.324459493160247803e-01
1.075081706047058105e+00
1.785839200019836426e+00
-5.511490702629089355e-01
1.745695114135742188e+00
-1.075307965278625488e+00
1.397305846214294434e+00
4.855427742004394531e-01
-7.263659834861755371e-01
3.060552477836608887e-01
-5.022282525897026062e-02
-6.400641202926635742e-01
-6.185070872306823730e-01
8.952869772911071777e-01
-1.410811543464660645e+00
-9.421163797378540039e-01
1.538775682449340820e+00
-8.101750612258911133e-01
3.898405432701110840e-01
2.717924416065216064e-01
1.480334877967834473e+00
7.580631375312805176e-01
3.368271514773368835e-03
-4.178091585636138916e-01
-1.420225977897644043e+00
3.795685172080993652e-01
-1.108409643173217773e+00
-4.914326965808868408e-01
-3.188613951206207275e-01
1.726124137639999390e-01
-1.515856027603149414e+00
-9.358848929405212402e-01
3.481267392635345459e-01
1.691302180290222168e+00
1.186356663703918457e+00
-1.265459179878234863e+00
1.733077526092529297e+00
1.507614374160766602e+00
1.130344390869140625e+00
-1.208637714385986328e+00
1.649412631988525391e+00
-4.528836905956268311e-01
2.145904749631881714e-01
-7.963086962699890137e-01
5.736804008483886719e-01
-7.976828813552856445e-01
9.156886935234069824e-01
-4.945174753665924072e-01
-1.998969912528991699e+00
-1.556351184844970703e+00
1.912296414375305176e+00
1.016866207122802734e+00
9.528972506523132324e-01
-6.195724606513977051e-01
-2.135075069963932037e-02
-6.649451851844787598e-01
1.846294641494750977e+00
-6.456834673881530762e-01
-8.435610532760620117e-01
1.110337972640991211e+00
-5.907556414604187012e-01
-4.687214195728302002e-01
1.611412525177001953e+00
1.858064174652099609e+00
5.425099730491638184e-01
-1.241915106773376465e+00
1.846308588981628418e+00
8.097226619720458984e-01
4.170495271682739258e-01
-4.048824310302734375e-01
-1.250166535377502441e+00
6.860550045967102051e-01
1.651456356048583984e+00
-4.627412185072898865e-02
1.388550162315368652e+00
1.489992141723632812e-01
1.314577460289001465e+00
4.580909609794616699e-01
1.446647405624389648e+00
-1.949533373117446899e-01
-1.639457345008850098e+00
-1.282108187675476074e+00
2.617303431034088135e-01
-7.836529016494750977e-01
-5.868631005287170410e-01
-4.400907754898071289e-01
1.053109884262084961e+00
1.365179657936096191e+00
1.015529155731201172e+00
-1.798430085182189941e+00
-5.596075206995010376e-02
9.270773315429687500e+02
6.399090576171875000e+02
2.103077239990234375e+02
9.979347991943359375e+01
9.780945434570312500e+02
9.636362915039062500e+02
3.262458801269531250e+02
8.622114868164062500e+02
2.767789001464843750e+02
6.608444213867187500e+02
1.068340911865234375e+02
6.282706909179687500e+02
5.723986206054687500e+02
2.108920135498046875e+02
2.849267883300781250e+02
4.074956665039062500e+02
8.101871948242187500e+02
7.701417236328125000e+02
7.051809082031250000e+02
9.007005004882812500e+02
2.758741760253906250e+02
1.670059051513671875e+02
5.507873535156250000e+02
8.172893676757812500e+02
1.931594085693359375e+02
4.146667861938476562e+01
7.532586059570312500e+02
9.585168457031250000e+02
8.117400512695312500e+02
5.072922058105468750e+02
8.744583740234375000e+02
TLAST
6.767893066406250000e+02
2415853571
-4.046228332519531250e+02
-6.698257446289062500e+02
-3.557250976562500000e+02
-7.172743988037109375e+01
-4.151617736816406250e+02
-3.919318847656250000e+02
-6.677303466796875000e+02
-6.257572021484375000e+02
6.669929199218750000e+02
5.590591430664062500e+02
-1.722312927246093750e+02
4.492505798339843750e+02
2.578966369628906250e+02
-8.780405883789062500e+02
6.100222778320312500e+02
8.886155700683593750e+01
2.576824188232421875e+00
-3.725434265136718750e+02
5.388339233398437500e+01
5.253308715820312500e+02
-8.867667236328125000e+02
4.515882263183593750e+02
3.945711669921875000e+02
9.920220947265625000e+02
7.097238769531250000e+02
9.593345336914062500e+02
-8.034060058593750000e+02
3.993682861328125000e+02
9.221321105957031250e+01
-7.513624877929687500e+02
8.831932983398437500e+02
8.061314697265625000e+02
1.116942882537841797e+01
-6.904573059082031250e+01
6.766293945312500000e+02
-5.439378051757812500e+02
1.779515686035156250e+02
3.949474716186523438e+01
7.861226196289062500e+02
-2.657160034179687500e+02
8.488855743408203125e+01
-3.462084960937500000e+02
6.183375244140625000e+02
-6.098665618896484375e+01
5.419129028320312500e+02
8.901089477539062500e+02
4.066553344726562500e+02
9.462556762695312500e+02
-6.249151611328125000e+02
9.028286743164062500e+01
9.763428497314453125e+01
8.226560058593750000e+02
8.444878540039062500e+02
3.096118164062500000e+02
-9.412316131591796875e+01
-2.677376403808593750e+02
-6.649956665039062500e+02
3.820274658203125000e+02
-6.460736846923828125e+01
9.154013061523437500e+02
3.744694519042968750e+02
-1.548727416992187500e+02
-9.427680053710937500e+02
-7.049385375976562500e+02
3.998090515136718750e+02
2.112043952941894531e+01
5.159790649414062500e+02
3.282494354248046875e+01
7.287614746093750000e+02
-8.676809692382812500e+02
2.264664916992187500e+02
-6.649146118164062500e+02
3.899413757324218750e+02
7.015676879882812500e+01
7.639169921875000000e+02
7.618975830078125000e+02
1.204364700317382812e+02
-1.849902496337890625e+02
-9.545026855468750000e+02
-8.306461181640625000e+02
8.239109497070312500e+02
-4.016721496582031250e+02
-6.859357910156250000e+02
6.281143188476562500e+02
-1.358131408691406250e+02
9.981192016601562500e+02
-9.680852661132812500e+02
-2.073935699462890625e+02
-8.716785888671875000e+02
-9.305021972656250000e+02
5.044945068359375000e+02
1.176452040672302246e-01
1.022102203369140625e+02
-5.319202270507812500e+02
-3.926414489746093750e+02
-4.373049011230468750e+02
1.970954060554504395e+00
4.973339661955833435e-02
-3.411952257156372070e-01
2.964673340320587158e-01
4.384350180625915527e-01
1.248638749122619629e+00
4.559369385242462158e-01
9.446488022804260254e-01
1.926829218864440918e+00
3.127562403678894043e-01
1.092506408691406250e+00
-1.705632686614990234e+00
7.641125321388244629e-01
6.033524870872497559e-01
-1.923991918563842773e+00
-1.137188225984573364e-01
-1.757173299789428711e+00
7.210352420806884766e-01
-1.083279728889465332e+00
-1.954278945922851562e+00
1.540157794952392578e+00
-1.837015271186828613e+00
5.382754281163215637e-02
-9.820690751075744629e-01
-5.860887169837951660e-01
-1.252040982246398926e+00
-1.750183463096618652e+00
-3.221022486686706543e-01
9.827069640159606934e-01
-1.588740944862365723e+00
3.769772052764892578e-01
1.650924324989318848e+00
-6.517565250396728516e-01
1.825564026832580566e+00
-1.425630003213882446e-01
8.081923723220825195e-01
-5.035453289747238159e-02
-2.936472594738006592e-01
-1.068551421165466309e+00
-1.290192246437072754e+00
5.063244104385375977e-01
1.423937320709228516e+00
8.966984748840332031e-01
1.903614640235900879e+00
1.982960343360900879e+00
1.815290927886962891e+00
6.637873053550720215e-01
1.548169255256652832e+00
1.337246894836425781e+00
4.241120815277099609e-01
-8.028979897499084473e-01
-1.718010783195495605e+00
-2.563318014144897461e-01
3.356482088565826416e-01
1.687839031219482422e+00
-1.702499747276306152e+00
1.357172608375549316e+00
-4.289030730724334717e-01
-5.617863535881042480e-01
-1.910684466361999512e+00
7.254480123519897461e-01
-3.304435610771179199e-01
1.550749778747558594e+00
1.235320925712585449e+00
-5.842935442924499512e-01
-2.896503210067749023e-01
-1.970022201538085938e+00
-1.451085925102233887e+00
-9.604749083518981934e-01
1.153662428259849548e-02
-1.291612386703491211e+00
-1.391614556312561035e+00
-2.883673608303070068e-01
-5.258444231003522873e-03
1.500843167304992676e+00
-5.345239043235778809e-01
9.162878394126892090e-01
2.019787579774856567e-01
6.474868059158325195e-01
-8.944324851036071777e-01
-1.761306762695312500e+00
-7.957823276519775391e-01
-6.056560277938842773e-01
1.936291456222534180e-01
-1.972672939300537109e+00
-1.929787039756774902e+00
-1.082228541374206543e+00
-5.651432089507579803e-03
2.672033011913299561e-02
4.709098935127258301e-01
7.281869053840637207e-01
1.934440255165100098e+00
-1.734920620918273926e+00
-6.687015891075134277e-01
-1.030598998069763184e+00
-1.170204162597656250e+00
4.598074951171875000e+02
4.171245117187500000e+02
9.439638061523437500e+02
1.378067626953125000e+02
8.475021972656250000e+02
8.853941040039062500e+02
6.296610717773437500e+02
9.917415771484375000e+02
4.837520751953125000e+02
3.470828247070312500e+02
1.759561614990234375e+02
5.993447265625000000e+02
3.855324268341064453e+00
8.993046875000000000e+02
9.879313354492187500e+02
7.969277343750000000e+02
8.728649291992187500e+02
7.927905883789062500e+02
5.187285766601562500e+02
8.746047973632812500e+01
5.565695800781250000e+02
3.125557556152343750e+02
1.241936798095703125e+02
9.478626708984375000e+02
6.532403564453125000e+01
9.014939575195312500e+02
9.224260864257812500e+02
6.982645263671875000e+02
8.391772460937500000e+01
3.793028869628906250e+02
6.389135742187500000e+02
TLAST
2.299020843505859375e+02
