2415853568
1133830052
1125228070
1148059561
-1010915763
-998765721
-1016631787
1137551529
-1002390175
-1011419905
1137121247
1125710818
-1005951203
1144462918
1126034787
1122898818
-1018941122
1128386185
1134457000
-1033872739
-1009697575
-1018919764
1118341559
1148049180
1142761640
-1022729174
-1005316296
1144235535
1135540959
1139172561
1144159650
-1011665516
1145960544
-999652077
1130345462
-1006100918
1135310337
1060642038
-1020805681
-1016861366
-1032058520
-1007028673
-1022584272
-1010444310
1148065077
-1006509860
-1027601297
1128686174
1142884057
-999594532
1146523282
1144291422
1142992877
-1004459292
-1015738467
1148198879
-1008162796
1095329968
-1011113967
-1005979660
1128433584
1145460444
-1011918994
-1021808063
1132662249
1140366216
-1004652486
1127403460
-1000892098
1127246014
-1005933600
1148318991
-1011039767
1142901534
-1007900483
-1025271570
1125249957
-999409603
1132539163
-1005846973
1138895451
-1011588536
1095667137
-1002248967
1117912429
-999151851
-1000582883
1140313469
1138677139
1142225076
1143336378
1143828007
-1006034616
1140331499
1143672484
1146077687
1133953823
-1077498674
-1085096486
-1080341921
-1078193798
1070066894
-1078003575
1072936132
1069984725
1066025759
-1098178326
-1081590959
1056645775
-1080029948
-1091347305
1070241628
1040061274
-1077088479
-1080617538
-1076456151
-1082409810
1071202230
1068194349
-1074627005
-1093420747
1067860485
-1103718593
-1092285851
-1090558010
-1088610803
-1092194330
1068058035
1050782248
1071227208
1067674587
-1091816363
-1077679349
-1076360646
1072690221
-1074734303
-1087587062
999971494
1069977984
1068822023
1069680006
1051141514
1068961897
-1079652831
1072472135
-1074376562
-1075702024
1067784233
-1084160322
-1083488706
1068438643
1063647839
-1075870602
1066392837
1063468875
-1107095993
1072663712
1066147632
-1079354995
-1075852048
1054419217
1071233876
-1078826720
1070374432
1028515628
1063218558
-1097866535
-1098190253
1057674404
1062149660
-1074540507
-1097881790
-1075072762
-1089485052
1066205430
1064634738
1071835933
1051047325
1054609391
-1075375977
-1075221995
1070191431
-1077695776
1063257191
1060044506
1045065882
1067756423
1066301535
-1078716083
1056503726
1069153785
-1091301985
1070533032
1127531655
1128872367
1140270420
1138910786
1125278705
1145488760
1147884920
1118078809
1126593772
1145648558
1137710371
1093021396
1132524783
1147429159
1147381186
1134872027
1125483195
1147392807
1137622659
1142972558
1132348586
1135075838
1146280654
1132601382
1133555642
1122724102
1134640926
1146341625
1137724270
1146290556
1144791416
TLAST
1148339053
2415853569
-1005493898
-1007199437
-1007853352
1143157605
-1004110488
-1002967515
1140939879
1122909392
-1004829926
1140621931
-998884830
-1011087913
1126696245
1117317130
1146193791
-1011781095
1146926959
1135136976
1110499345
1145976613
1137461154
1131865347
1138200819
1134114387
1145434154
1136273387
-1006463332
-1007310907
1148526820
1123544685
1132683890
1141647136
1142053244
-1000806093
1145405138
-1014697364
-1001681687
1125705537
1140446601
-999543359
-1001224321
-1028460000
1115717821
1119038472
1146024444
-1004461246
-1002917686
-1033116010
1137801362
-1003252676
-1013504098
1133247500
-1001272775
1136376511
-1004574689
-1033331875
1125528602
1144568097
1119590335
1142450560
1137573543
1136807776
1147025641
-1031960730
-1021277318
1146005711
-1010275259
-1008481083
1132180532
-1008554250
1142415351
1146262294
1144017346
-1005588508
1148226809
-1003813419
-1013897812
-1010139378
-999562395
1124450156
-1001871096
-1007797992
-1049439131
-1010109452
-1000847784
-1020187442
-1002238173
1143462488
-1009339393
1143204943
-1008955354
-1002832335
-1022509025
-1001407687
1138888643
-1007943281
-1093104767
-1084502020
-1082326643
-1086507172
-1081877085
-1103343698
-1103811860
-1081667337
-1080517404
-1078985320
1061292956
-1091650582
-1084626385
1059351055
1069856348
1059814607
-1105097934
1072366262
-1095212291
-1079560660
1060971757
-1077082292
-1086994197
-1079766518
1069253537
1070964839
1057513931
1071547771
-1093382390
-1074780951
-1094668179
1045199249
-1075163488
1052757411
1058341695
-1080584864
-1086422022
-1080855845
-1076073098
1071080678
-1075874571
-1081751276
-1081734067
-1105978312
-1109876966
-1075720468
-1077747496
-1077378073
-1101530698
-1076381502
-1081357738
-1081735823
1067322416
1064339524
-1088153495
1071668288
1073445010
1066364921
1055511204
1068063603
1053035502
1055081561
-1090540749
1060109801
1069177335
1057782350
-1094851651
-1086430697
1072023722
-1077603186
1057062821
1065784773
-1119499863
-1073746873
-1085160067
1063768622
1058810054
1066508709
1069980825
-1074529211
1067377247
1071851104
-1089072265
1052004095
-1075041370
1053968672
1069776476
-1113719255
1046821206
-1088957759
1028456396
1053016646
1072256136
1067635671
-1110809149
1067035569
1135307942
1143895676
1133065000
1146060233
1130632214
1124707584
1125175245
1109768643
1116357560
1126826505
1142758771
1141721680
1141550430
1143518523
1148136265
1129438459
1146850992
1132479033
1144668600
1111523907
1134379622
1147237904
1099101709
1144877961
1144989085
1147593993
1148542085
1146361197
1102911904
1115221455
1148487423
TLAST
1132247538
2415853570
1143505332
1135895854
1141410437
1141824529
-1001929801
1133553451
-1010993891
1088031349
-1016202820
1146650453
-1000773490
1146922841
1146066221
1137395215
1131612594
-1000791657
-1016158423
-1003863595
-1003475842
1141909548
-1010267396
-1011085698
-1003623567
1143096215
1148448129
-1000975546
1136677834
1136923070
-1003927232
1126899690
-999011854
-1020070089
-1013331755
-1001054435
-1014302110
1133653047
1135960353
-1019837988
-1009664314
1135827049
1128308300
-999963782
-1005658070
-1006032671
-1002213681
1129173752
-1033490601
1142613795
1144628045
-1001373595
1117601236
1140485153
1146942859
-998674215
-1005702738
-1007750822
1148389086
1137050127
-1006066291
-1002011984
1130515199
1133873425
-1005221372
1147123980
1109742486
1142907586
-1003571391
1141732948
1136835208
-1002457850
1137781868
1122704791
1127891048
-1008639160
-1003410584
-1006610185
1143481641
-1008715864
-1000171268
1146186945
1142730757
1145000620
1146623021
1146262072
-1021583321
-1022067425
-1020147131
1148457910
-1000829146
1118884322
-1025329602
1141512719
1142837309
1131133186
1141790076
-998741001
1071322994
-1077646909
1073114885
-1080913427
1069383084
-1077631255
1071530445
1055580061
-1098762408
1069763767
-1091748626
-1077472688
-1078567543
-1086067170
-1076256980
-1091654416
-1078691377
1071522557
-1078846790
-1130606512
-1091951687
-1083147399
1037044246
-1098749286
1066481607
-1080904704
-1090663187
-1133914287
-1076934816
1067285681
-1082528623
1052731410
1071135439
-1075222337
1071704500
-1087003809
1048808124
1070831336
1073287744
1037865314
-1077678394
1071256208
-1100345282
1068931870
-1107531705
-1076255721
-1089923858
1070046029
-1081071084
1072017006
1063444354
1064848559
-1077519807
-1085434830
-1075496192
1057312080
-1083414112
1072412736
1067761733
-1075805269
1065776920
-1077594984
-1080975335
1058648495
-1074142923
1066266369
1065559852
-1075869095
-1076170913
-1077683797
1058766915
1065540228
-1079779270
1062007218
-1080483295
-1076648551
1064687922
-1077355335
1046686288
1071661731
-1077306635
-1084531217
1015663026
1059005578
1066076551
1069590038
1069100544
-1075525195
-1086498309
1022285053
-1077843306
-1077672337
-1077703625
-1090045842
-1090160952
-1077611361
1129554447
1131696990
1137735650
1138715793
1108979509
1146335397
1140984472
1132876257
1125313015
1141405790
1133390078
1148536350
1141435137
1129122255
1143259518
1137241107
1115775536
1132295325
1059346915
1124762082
1142895340
1126508367
1133365551
1147501432
1145943066
1135904203
1144342261
1147602316
1146244402
1144954780
1146890061
TLAST
1136792679
2415853571
-999757936
-1004610042
-1010662758
1139275547
1148049115
1119464348
1147294173
-1006340980
-1020476484
-1003947353
-1002186716
1126282690
1144240990
1144998516
-1006230145
1147167510
1117393508
1126797282
-1004218888
-1015071695
-1005610459
-1006762827
-1024966276
-1015528007
1147624700
1136781745
-1000008749
1116297478
1134129505
1138397280
1133293035
1141808041
-1014957547
1108857284
1134944204
1106711790
1133347399
-1000495057
-1017948016
-1000477979
1143310308
-1005363516
-1000895724
1122657696
1141303184
1130196600
1136325024
-1002356205
-1017453369
1134927532
-1010083338
-1006343076
-1006484360
1139300219
-1004307964
-1044637868
-1005577897
1127126736
-1003481529
-1022977780
1143424109
-1011837182
1136986850
1137155802
-1023254926
-1002285138
-1001943798
-1012368180
-1066908796
-1001872745
-1002997719
-1005290078
-1025485632
-1001044477
-1017534723
1141745445
1144079141
-998886875
-1000649501
1107960497
-1031413641
-1008507573
-1000393003
1092920089
-1006235013
1145503258
1141219372
1145427961
-1057302473
1136556613
-1006478952
-1016138974
-1000388980
-1009652898
1142793140
1139742602
1071504995
-1090118172
-1090937907
-1087081845
-1104428878
-1078397848
-1097180367
-1087216937
1071424794
-1088019427
1065473083
-1075379987
1071935251
1051934928
-1077350518
-1077045184
-1080510335
1072567166
1064844655
1064967718
1071857062
-1121095781
-1090175023
-1074778119
-1081773469
-1081083440
-1080782152
1070092760
1072270225
1068805234
-1080097666
1042406163
-1079532370
1048386896
-1075530542
1063432490
-1079774625
1071305711
1041180764
-1081525495
1068609657
1058234957
-1084418265
1071204454
-1080744584
-1075541229
-1074852777
-1084353951
-1076852163
1070441552
-1076734772
1066454316
-1079281612
1067491348
1070593970
1070949597
-1079108403
1073598115
-1077755219
1055452473
-1077013857
-1089772505
-1102567124
-1077371906
-1081405443
1062224265
1030227636
1070161944
-1087683776
1070234135
1048643827
1039858519
1071326236
-1098257053
-1081631712
-1075915695
-1110283881
-1084844296
1071870578
-1081054355
1065440837
1064547060
-1102298400
-1087421139
1066039782
-1079452789
1052935192
-1076079028
1071510818
-1085147988
-1073809474
1071564339
-1080281993
1033438135
-1090903636
1042511503
1136498961
1142863850
1144513362
1133253936
1141283192
1139739765
1147365453
1122486850
1147634295
1144169908
1145952251
1102590724
1148839759
1138672109
1132500070
1135817620
1141409026
1138471573
1109109641
1145671268
1122700916
1123067200
1116743415
1126852185
1103519872
1140400183
1146143429
1141269294
1146245310
1142971870
1146762723
TLAST
1143359327
