2415853568
-1013204604
1127483621
-1011091309
-1036960370
-1012751118
1126821222
-1001336966
1145876845
1148258551
-1013902319
1137824170
1144244611
1129235139
-1002840885
-1002519460
-999328360
1114209470
-1008363624
-1020967653
-1037053226
1124086922
1147198392
-999361522
1142606672
-1005338805
1139610752
1148045863
-1021680036
-1004837968
1144710292
1116145815
-1007251722
-999778419
-1001743817
-1001124284
1143067557
-1006465096
1145483778
-1022760996
1139690213
1143683519
1137076120
-1014006087
-1006786216
1140337434
1110725469
-1005416037
1148271336
-1027616328
1138614697
-1016539302
1144018701
1138641309
1141958357
1146581432
-1002688928
1139787977
1136054771
-1021558520
1142250030
1135826540
1128836474
-999815309
-1013480936
1136143369
-1001564967
-998679056
-1021997765
-999033112
1138693633
-1002258188
1148210264
1144198157
-1007714658
-999635998
-998740230
-1004940667
-1003183135
-1001737196
1118932586
-1006013678
1145345124
-1001688330
1145845909
-1006798866
-999729936
-1003738913
-1012514399
-1022839239
-1022249083
1109503189
1137975418
-998983280
1141453120
-1002630318
1148754578
1062871737
1069198960
1058692354
-1083015929
1056141924
-1080222731
1016426121
1070119018
-1081421654
-1098080946
-1088070607
1062758617
-1074588907
1066313498
1071355257
1045880561
1071834691
-1082120128
1071100075
-1080474312
-1095583937
-1087825654
1071815802
-1079376170
-1089704581
1070870634
1068372675
1069527416
1006312072
-1077093628
1071245823
1037640114
1070925178
1071774242
1043302354
1063477169
-1076556376
-1126536302
1066966009
1068709113
1008990413
1068149905
-1085715291
1069470033
1070235786
1017818770
1065070220
-1100238552
1066773166
1067620266
1065466485
-1086940317
1043041204
-1076290964
1072949842
1072361704
1065660345
-1079477587
1072919483
-1079261962
1068725072
-1076761434
1059861707
1041948249
-1098130400
1066006119
1073643207
-1087331714
1071396634
-1082246751
1068452025
1070924927
-1091843107
-1078081100
1069296306
1063268624
1059348898
-1135959668
1057623472
1063152094
1059645172
1071722227
-1109931181
1053071751
1072450384
1059665955
-1083667077
1055202835
1069559861
1071951503
1064356500
-1090417511
-1077594657
-1079826517
-1088591753
-1091343377
1146520095
1145344551
1121986314
1139525179
1146849549
1143155477
1142530603
1146294164
1146537196
1129610593
1140159073
1146951324
1128113374
1140581881
1119919030
1145897643
1140579337
1145962768
1141131690
1135766033
1138864789
1141141686
1140108476
1144763269
1130478171
1143178842
1135574309
1148137424
1129002282
1141978056
1121676698
TLAST
1148399355
2415853569
-1012764376
1142297072
1134944376
1138695570
1148238895
-1008150979
-1067897383
1140971941
-999862253
-1000735189
-1003629255
-1003799619
-1000956556
-1010694141
1147076116
1135237173
1131287960
1096886257
1144189278
1145382049
1138153962
1148417367
-1003274920
-1001961483
-1002752381
-1007571701
-1000829791
1116700071
1126426226
1092680999
-1006242349
-1014165663
-1003797481
-1005304163
-1008590213
1137299771
-1026433422
-1002420145
1138798625
1141774649
1116894601
-1001253582
1135877845
-1003290919
-1005086241
1136576514
-1007941887
1147385871
-1003231928
-1043555840
1123157851
-1044568942
1138423780
1148644530
1118291634
1124864825
-1008497775
1079525649
1136525822
1143662428
1145333628
1134453410
1135409904
-1015146645
1135744608
-1003618488
1143529649
1133721611
1144232263
1145064161
1142992280
-1025179309
1146620692
-1014862115
1145144486
1144600967
1127976073
-1018452508
-1005513844
1136776633
1148836309
-1000919378
-1039403367
-1005216444
-1031668779
-1009249494
-1002079071
-999631993
1142827795
1147167587
-1019353525
-1008211768
-1013402092
-1013862990
1143629486
1132666640
-1079481692
1050220343
-1098492978
-1089167735
-1083914776
-1076711474
1066486286
1071334494
-1086776102
1068310564
1070765875
1065099501
1072982744
1057635432
1071019784
-1088257231
-1093530121
-1102435441
1057915618
-1130531470
-1075994979
-1083884242
1070719363
1052662687
-1079379989
-1082090612
1057957072
1066307410
-1092198601
-1082052781
-1098554947
1070983072
1069686426
-1125997532
-1081692150
1066752593
-1081025694
-1076503286
-1096727407
-1123254209
1041528781
1072227278
-1088743977
1060113094
-1074860719
-1074793696
-1076444357
-1083272028
1060290087
-1077879258
-1082942025
-1075264941
1060310708
-1076775511
1071850320
1072549459
1063914759
1063114810
1041502487
1065943007
-1099066550
-1081591398
-1080953961
-1089100023
-1073771753
1067583359
-1089811891
-1077258613
-1088310956
-1084679056
1070361036
1069977489
1059049789
1067022653
1070903523
1066209506
-1095335779
1067756314
1071545028
1050028142
-1105214443
-1097101307
1065738974
1067799982
1057412202
1064738446
-1074495147
-1083696368
1065836858
1072838285
1049434938
1066957572
1069216034
-1074624787
-1076593037
-1089152549
1134983274
1137115745
1141572153
1143338711
1137880551
1102173285
1127666016
1148318018
1135668264
1127615677
1147852217
1122743158
1110361572
1121987000
1133906259
1141090943
1146085027
1147070561
1138276494
1137507683
1144072630
1134608341
1100578709
1138542696
1143927425
1145965809
1144706290
1147513940
1134442229
1141041087
1143178579
TLAST
1144739638
2415853570
1133385769
-1004217942
1108793348
1148705879
-1013254328
1136275033
1121845267
1134408724
-1008419254
-999535066
1126516255
1140902176
-1007927017
1138546741
-1018014925
1142107523
-1012295818
-1012873367
-1002278399
-1005558476
-1001568388
-1011187853
1131040661
-1007939798
1125965217
1137491531
1145951723
1144007421
-1002142095
1146815141
-1002656273
1130710122
1143658353
-1017681719
1138456096
1140716931
1145746593
-999657477
1128961730
-1010479590
1147565985
-1033216639
-1000174121
-999423796
-1006093914
1144967614
1134788752
1134493466
1124639898
-1019355866
1143177467
-1015606677
1130921498
1114432251
-1001382138
1145661901
1126231957
-1015099516
1135664837
-999476287
-1004993510
1147434916
1130132905
1146699360
1133800157
1141281577
1120808894
1137784768
-1020494220
1115618523
-1000919221
-1000589311
1141074735
1117923257
-1013456775
-1014587346
1144729718
-1010255756
-998839001
-1009550463
-1021573362
-998934470
-999374693
1119652082
1145344885
-1014605369
-1010460704
-1002705962
1137608111
1131982332
1146807106
-1003866957
1140976040
-1004107224
-1014109963
1135721541
-1079040497
-1096887259
1061917063
1064837987
1059198644
-1089697613
1068233138
-1075191514
-1085702315
1073630508
1061489888
1062870415
1066280809
1070786008
-1084753029
1057009680
1055866256
-1077140597
1071834236
1068594990
-1082159176
-1085988238
1067470715
1070866196
1071471913
1055277884
-1080689473
1070452986
-1081989219
1066493118
1071680459
-1074287971
1053478809
-1075685938
-1087091377
1069967152
-1084082041
1057288289
-1105962519
1056529079
1072426847
1070837636
-1081820876
1067127435
-1074814431
1066353416
-1104590900
-1075117741
1063461742
1067229631
-1076950018
-1074033020
-1074416214
-1080159200
1044240947
1054387585
-1077402792
1058293454
1052496869
1068445653
1068434772
1073229456
-1074547043
1066830700
-1080586236
1071151528
1062711340
1070972836
1062140225
1066025219
1067415699
-1074728822
-1074867248
1065732427
-1093128012
-1088133119
-1080037162
1049248605
1067764301
-1105616685
-1084752310
-1076329108
-1079796762
1067438551
1051680032
1073367149
-1086961656
-1084103106
-1077504255
1058959821
1061419623
1065295660
1069227336
-1079079232
-1078332105
-1089627228
1143731956
1143791490
1110080129
1145265931
1146997286
1143458966
1144567870
1136052385
1141765988
1146372498
1147637513
1124224825
1145437348
1124299535
1139161676
1134265369
1140369860
1141728611
1140973347
1110233138
1133191851
1136476839
1148658536
1128897506
1133955174
1141651715
1125998631
1146318162
1146579236
1126935438
1144528670
TLAST
1138894519
2415853571
-1007315540
1147158490
1145150538
1141291721
1117190735
1138046888
1112666284
-1004949678
1138228339
-1001377743
-1008159650
-999525333
-1010008536
-998893898
1124528540
1118750488
-1013609502
1135056849
-1006564620
1129070534
1127708306
-1003420753
-1004597821
1141351613
1146589894
1136267607
1133434949
-1014058617
-1027130402
-1016942049
1145644872
-1011153010
1146916700
-1030599320
1142902588
-1013267752
-1019583269
1142896097
-999656096
1146638441
-1004432025
-1015935420
-1005281458
-1003854326
1148541842
-1010512515
1146577795
1114537610
-1011690185
-1012322185
-1018179457
1116027817
-1000096633
-1013815650
-1017057542
1142720013
-1011703616
-1001796025
1116558374
-1007642855
-1039617623
-1003386224
1143142883
-1007409086
-1008385998
-999817132
-1013977933
-1003073923
-1025943459
1125360394
-1003101473
1137374240
1131773960
-1002750714
1142466418
1143111151
1130041943
1137091264
-999237623
-1003519281
-1013882703
-1012144907
1131009419
1135654702
-1018711338
1147200426
-1001174750
-1043063047
1138746788
-1014509780
-998919186
1127487494
1144642436
-1004996049
1137087895
-1017678605
1072068249
1054866851
-1081456058
-1091380497
1055595436
1070514077
1068329243
1068083670
-1078969209
1051994129
1068718543
-1085903782
-1075517936
1059812935
1063223431
-1079323251
1066353082
-1074399843
-1081199911
1073036962
-1086970081
-1080061489
1067501766
1068089478
1072217233
-1101186649
-1084475746
1062218028
1073529445
-1076707189
1069234514
-1095856649
-1080684572
-1085536756
1039880263
-1130840216
1055467771
-1087971133
-1080647292
1065406992
-1083827682
-1089562998
1072407658
-1074871738
-1110729252
1060533283
-1079561614
1071265755
1069965017
-1089712284
-1074574525
1065973711
-1077761041
-1080311224
-1090058178
1058117196
-1081479803
-1083990943
1070836103
-1105445782
-1078688946
1062471563
-1074127402
-1102998877
1054648005
-1076173607
1062516422
-1075291798
-1076545979
1050293686
1057086447
1057533796
-1079309145
1052091321
-1121111912
1015200696
1070906615
1072426775
1066521913
1071239255
-1078571599
1067673377
-1078052365
1052999571
-1086779017
-1095825095
1055379010
-1080246359
1069158688
-1077633405
-1136916295
1069073834
1062998307
-1091280722
-1097048233
-1084237714
1148789542
1133560607
1143136191
1140478779
1132347952
1117107830
1134144553
1139055961
1141487798
1139100194
1127253291
1146144781
1141762500
1142587036
1139382162
1145393162
1146057331
1138466596
1087002134
1136218139
1136591179
1138304144
1142897458
1147793103
1110682050
1138692744
1133114660
1142792681
1144894793
1148763866
1141638178
TLAST
1118728637
