2415853568
8.835964965820312500e+01
4.771961975097656250e+02
-2.138467712402343750e+02
-8.723546142578125000e+02
-6.535910644531250000e+02
5.453168334960937500e+02
6.241344604492187500e+02
1.934341888427734375e+02
-2.196048736572265625e+02
-3.910352172851562500e+02
-6.955541992187500000e+02
6.161661376953125000e+02
7.675653076171875000e+02
1.973243408203125000e+02
-8.218316040039062500e+02
3.968757019042968750e+02
1.645047760009765625e+02
-3.334961853027343750e+02
1.292912597656250000e+02
4.888360900878906250e+02
5.552511596679687500e+02
-4.653216857910156250e+02
9.815347900390625000e+02
4.921175537109375000e+02
1.367352390289306641e+01
-5.570490112304687500e+02
2.641053161621093750e+02
-7.490415039062500000e+02
8.957606506347656250e+01
-1.178163146972656250e+02
-2.386775970458984375e+02
4.619675598144531250e+02
-8.781355590820312500e+02
3.854797058105468750e+02
6.930153198242187500e+02
9.506925659179687500e+02
-1.631159820556640625e+02
-6.134809570312500000e+02
7.196211547851562500e+02
1.802134857177734375e+02
-7.403412475585937500e+02
6.057346801757812500e+02
2.448014068603515625e+02
8.674945068359375000e+02
7.876175537109375000e+02
3.915180969238281250e+02
8.529414062500000000e+02
-8.780814208984375000e+02
-9.455114135742187500e+02
-2.290195312500000000e+02
-1.967463684082031250e+02
9.999506835937500000e+02
-1.433997039794921875e+02
-4.313835754394531250e+02
6.104368286132812500e+02
-2.946778869628906250e+02
9.271994628906250000e+02
3.998673095703125000e+02
-8.030470581054687500e+02
-1.320408020019531250e+02
9.942954101562500000e+02
-6.676525878906250000e+02
9.655097656250000000e+02
9.866258544921875000e+02
6.494475097656250000e+02
-4.565664672851562500e+02
4.865381469726562500e+02
-6.750637207031250000e+02
6.315113525390625000e+02
-9.174493408203125000e+02
-7.072703857421875000e+02
8.974689941406250000e+02
8.557194824218750000e+02
8.925870971679687500e+02
-9.517041015625000000e+02
-8.301663970947265625e+01
-3.840126037597656250e+02
2.302812957763671875e+02
7.665109252929687500e+02
-5.395361938476562500e+02
7.988807983398437500e+02
-1.651385650634765625e+02
-2.672298278808593750e+02
1.015259552001953125e+01
-7.420791015625000000e+02
-2.601385803222656250e+02
-2.777018737792968750e+02
2.843200988769531250e+02
8.787153320312500000e+02
1.689746551513671875e+02
2.588516044616699219e+01
9.775184326171875000e+02
7.331542205810546875e+01
-7.842316284179687500e+02
-4.693784484863281250e+02
8.377785034179687500e+02
-2.715084254741668701e-01
-7.590225934982299805e-01
1.649666130542755127e-01
1.637163162231445312e+00
8.670662641525268555e-01
1.209612488746643066e+00
-1.764886260032653809e+00
1.546465873718261719e+00
1.667898178100585938e+00
-1.209703758358955383e-01
-1.173494219779968262e+00
-1.945478916168212891e+00
1.424941301345825195e+00
4.694394767284393311e-01
-1.281675457954406738e+00
4.214373826980590820e-01
-2.286404818296432495e-01
-3.845442831516265869e-01
-1.695000171661376953e+00
2.877757884562015533e-02
-4.361466169357299805e-01
1.003453254699707031e+00
4.752086699008941650e-01
3.234795928001403809e-01
1.877976775169372559e+00
4.197020232677459717e-01
-1.771088004112243652e+00
3.191111683845520020e-01
5.309700965881347656e-01
1.532551527023315430e+00
-1.567655563354492188e+00
-1.127465367317199707e+00
1.582442879676818848e+00
-1.701656579971313477e+00
1.968663573265075684e+00
-1.343574047088623047e+00
1.943156361579895020e+00
-7.815219163894653320e-01
-1.192676424980163574e+00
-1.299486756324768066e+00
3.378252983093261719e-01
-1.476389169692993164e+00
-1.502127766609191895e+00
1.196898937225341797e+00
-1.424972772598266602e+00
3.578400015830993652e-01
-1.985165119171142578e+00
-1.196710824966430664e+00
-1.973199367523193359e+00
-5.093678832054138184e-01
1.100967884063720703e+00
4.528089985251426697e-02
7.421682476997375488e-01
-1.779727220535278320e+00
7.562906742095947266e-01
1.624945521354675293e+00
1.147497773170471191e+00
1.533905506134033203e+00
-7.134314179420471191e-01
-6.582679748535156250e-01
-1.902107238769531250e+00
9.768922328948974609e-01
1.310929775238037109e+00
2.672146558761596680e-01
-1.567510366439819336e+00
2.329926192760467529e-01
5.236660838127136230e-01
-5.884223580360412598e-01
6.177281141281127930e-01
-9.827943444252014160e-01
1.117228031158447266e+00
-9.602158665657043457e-01
-1.100878000259399414e+00
1.099489212036132812e+00
-1.612292170524597168e+00
-9.336422085762023926e-01
1.177324205636978149e-01
5.386313796043395996e-01
-1.869157433509826660e+00
1.072575449943542480e+00
-1.146230816841125488e+00
-1.430099904537200928e-01
-3.614023923873901367e-01
-1.635662198066711426e+00
-1.636972129344940186e-01
3.195511102676391602e-01
-9.451426267623901367e-01
4.439862072467803955e-01
-3.274129470810294151e-03
1.773087978363037109e+00
-1.911043405532836914e+00
1.800996065139770508e+00
1.067286491394042969e+00
-9.432653188705444336e-01
1.886395454406738281e+00
-1.830809712409973145e+00
1.976914215087890625e+02
5.236291503906250000e+01
1.545379180908203125e+02
6.278322753906250000e+02
2.322666320800781250e+02
7.821160278320312500e+02
5.499844970703125000e+02
7.810347900390625000e+02
2.562638549804687500e+02
3.481454467773437500e+02
6.976040039062500000e+02
4.135664749145507812e+01
5.958601684570312500e+02
9.666350097656250000e+02
5.910189208984375000e+02
3.717302551269531250e+02
1.575856018066406250e+02
6.955053100585937500e+02
5.733090209960937500e+02
1.076274108886718750e+02
6.614145507812500000e+02
1.572617187500000000e+02
2.941502990722656250e+02
5.985091552734375000e+02
6.989145278930664062e+00
3.345476684570312500e+02
1.122944030761718750e+02
2.561066894531250000e+02
9.720689392089843750e+01
8.790565795898437500e+02
4.958620910644531250e+02
TLAST
7.755877075195312500e+02
2415853569
8.989646911621093750e+01
-8.088828125000000000e+02
9.264894409179687500e+02
3.326142578125000000e+02
-4.270346984863281250e+02
9.279942626953125000e+02
9.763183593750000000e+02
6.290874633789062500e+02
-2.199175953865051270e-01
4.864728088378906250e+02
7.029443359375000000e+02
1.662179870605468750e+02
7.478984985351562500e+02
4.578379516601562500e+02
-1.018580551147460938e+02
8.406668090820312500e+02
1.147004013061523438e+02
2.521403808593750000e+02
-1.223924560546875000e+02
8.179241180419921875e+01
-2.307521362304687500e+02
8.460508422851562500e+02
6.105567016601562500e+02
-6.193062133789062500e+02
8.132941894531250000e+02
7.892017822265625000e+02
9.907869262695312500e+02
9.319349670410156250e+01
-3.830769042968750000e+02
6.902960205078125000e+02
-6.322532272338867188e+01
7.731304321289062500e+02
-1.804326324462890625e+02
-2.675924777984619141e+00
-9.792456054687500000e+02
1.220666351318359375e+02
-9.613632812500000000e+02
-6.005997848510742188e+01
-8.966947021484375000e+02
-1.419150848388671875e+02
4.659594116210937500e+02
6.690748291015625000e+02
2.634679565429687500e+02
4.933081970214843750e+02
-8.711395263671875000e+02
-7.533801879882812500e+02
-2.980547790527343750e+02
8.536317749023437500e+02
4.048469924926757812e+01
-5.893527221679687500e+02
1.023411483764648438e+02
7.713350219726562500e+02
9.882603149414062500e+02
-7.286149902343750000e+02
5.624187622070312500e+02
2.298154449462890625e+02
-9.174628295898437500e+02
3.215427246093750000e+02
-2.544919586181640625e+02
6.010771484375000000e+02
-9.246829223632812500e+02
4.362551269531250000e+02
9.442847900390625000e+02
-5.033129882812500000e+02
4.379344787597656250e+02
1.263227157592773438e+02
-1.901210327148437500e+02
-6.702400512695312500e+02
7.442420959472656250e+01
1.021605529785156250e+02
-6.543740844726562500e+02
1.383147430419921875e+01
7.960817871093750000e+02
-6.118758544921875000e+02
4.391160888671875000e+02
9.469737243652343750e+01
5.877722778320312500e+02
-7.336247558593750000e+02
7.404231262207031250e+01
9.608632812500000000e+02
-1.297566223144531250e+02
2.029200286865234375e+02
1.287842102050781250e+02
1.840769958496093750e+01
2.038213806152343750e+02
-6.006912231445312500e+02
-9.117375488281250000e+02
4.662460021972656250e+02
-2.509604492187500000e+02
1.244536361694335938e+02
-1.961662139892578125e+02
8.639133300781250000e+02
5.619298095703125000e+02
-3.715245819091796875e+01
4.496755371093750000e+02
-8.470443115234375000e+02
9.077675938606262207e-01
-1.098692178726196289e+00
-1.452787637710571289e+00
-1.852149128913879395e+00
5.267218947410583496e-01
-2.575170695781707764e-01
1.500116229057312012e+00
4.543332755565643311e-02
4.677587151527404785e-01
-1.548656463623046875e+00
-1.618281126022338867e+00
1.793806433677673340e+00
1.499299883842468262e+00
-5.907204747200012207e-01
-1.389229297637939453e+00
-1.685238599777221680e+00
3.688789010047912598e-01
9.735437631607055664e-01
-1.469483971595764160e-01
-1.340996146202087402e+00
1.033724427223205566e+00
-8.746569156646728516e-01
-1.310058474540710449e+00
-9.588269591331481934e-01
-2.791999094188213348e-02
-9.108220338821411133e-01
1.698879241943359375e+00
2.231340259313583374e-01
3.069627881050109863e-01
-1.719462126493453979e-01
-1.944257855415344238e+00
-1.956061482429504395e+00
4.164029955863952637e-01
1.661874055862426758e+00
-1.368704676628112793e+00
-1.152226567268371582e+00
2.278467714786529541e-01
-1.517235398292541504e+00
-7.346906661987304688e-01
-1.526996135711669922e+00
-8.600364327430725098e-01
1.146501898765563965e-01
-1.012955427169799805e+00
-1.086539402604103088e-01
-1.972796320915222168e+00
-1.269549965858459473e+00
-1.034509778022766113e+00
-5.523706674575805664e-01
8.142443895339965820e-01
8.802883028984069824e-01
1.250115990638732910e+00
3.304224461317062378e-02
1.339382410049438477e+00
7.264032363891601562e-01
8.601139187812805176e-01
6.000674962997436523e-01
1.924887061119079590e+00
-1.480627298355102539e+00
7.492853999137878418e-01
-8.850609660148620605e-01
-7.486889362335205078e-01
-1.176098704338073730e+00
1.521688699722290039e+00
7.983459830284118652e-01
-1.050037980079650879e+00
-1.613711833953857422e+00
4.351982474327087402e-01
1.499004602432250977e+00
1.476117521524429321e-01
-1.839707612991333008e+00
-1.248411610722541809e-01
-1.795771479606628418e+00
1.714412927627563477e+00
-1.175209283828735352e+00
1.172218695282936096e-01
-4.890989959239959717e-01
-1.419296860694885254e+00
3.406592905521392822e-01
-7.967064976692199707e-01
-2.867428660392761230e-01
1.803167343139648438e+00
1.653117775917053223e+00
-1.463378071784973145e-01
-1.396708011627197266e+00
-6.430313736200332642e-02
7.835105806589126587e-02
-3.285301625728607178e-01
2.097353637218475342e-01
6.682856678962707520e-01
1.424348354339599609e+00
-3.316228091716766357e-02
-1.819253325462341309e+00
1.260247826576232910e-01
2.696087658405303955e-01
-9.106836318969726562e-01
-9.900347590446472168e-01
5.117081604003906250e+02
9.059431762695312500e+02
6.874572143554687500e+02
9.884751586914062500e+02
4.957681274414062500e+02
9.598556518554687500e+01
6.140877075195312500e+02
9.431127929687500000e+02
9.811125488281250000e+02
5.807745361328125000e+02
4.524928588867187500e+02
6.503513793945312500e+02
2.090321044921875000e+02
2.420761566162109375e+02
1.640564727783203125e+02
3.853262329101562500e+02
9.628805541992187500e+01
7.174409790039062500e+02
2.438997192382812500e+02
2.069065704345703125e+02
4.711872100830078125e+01
9.612074584960937500e+02
2.147240447998046875e+02
7.771848144531250000e+02
1.227442092895507812e+02
5.363873901367187500e+02
9.958143615722656250e+01
7.868152465820312500e+02
6.742929077148437500e+02
6.224731445312500000e+02
6.744216918945312500e+02
TLAST
1.446968078613281250e+02
2415853570
4.210088806152343750e+02
-7.951149902343750000e+02
1.102441253662109375e+02
-1.809069671630859375e+02
1.845867156982421875e+02
-6.565382690429687500e+02
1.873208236694335938e+01
-9.211404418945312500e+02
8.173911132812500000e+02
1.360298614501953125e+02
-1.853922729492187500e+02
-4.088168945312500000e+02
2.832148437500000000e+02
4.471948852539062500e+02
-4.032325744628906250e+02
-5.456555175781250000e+02
-2.701991271972656250e+02
7.054163208007812500e+02
5.891489410400390625e+01
-8.976698608398437500e+02
-7.223021240234375000e+02
-2.523663024902343750e+02
5.456556396484375000e+02
8.413857421875000000e+02
5.102958984375000000e+02
8.807652587890625000e+02
2.573991699218750000e+02
-8.757611083984375000e+02
-9.323125610351562500e+02
3.101420593261718750e+02
-5.596956787109375000e+02
-5.721883544921875000e+02
-2.556864013671875000e+02
2.552199554443359375e+02
-8.141909790039062500e+02
6.783451538085937500e+02
-8.625032348632812500e+02
-6.428760986328125000e+02
-3.739563293457031250e+02
-7.706618652343750000e+02
9.409738769531250000e+02
7.634228515625000000e+02
4.289154357910156250e+02
2.668047714233398438e+01
3.077442626953125000e+02
-5.620903320312500000e+02
6.490993652343750000e+02
-5.251256713867187500e+02
6.086455688476562500e+02
8.327821655273437500e+02
2.384766998291015625e+02
-7.650713500976562500e+02
4.696147766113281250e+02
-1.536765289306640625e+02
4.213163146972656250e+02
-4.783403015136718750e+02
-7.049403686523437500e+02
-9.520346069335937500e+02
-2.949863281250000000e+02
-6.718477172851562500e+02
3.879667968750000000e+02
9.466088867187500000e+02
4.302978820800781250e+02
6.469420776367187500e+02
8.590690917968750000e+02
5.693718261718750000e+02
5.572182617187500000e+02
6.511253662109375000e+02
3.139290466308593750e+02
-9.075863647460937500e+02
-5.027588500976562500e+02
-5.254682617187500000e+02
-1.224517135620117188e+02
-5.928059692382812500e+02
5.728565979003906250e+01
4.527597656250000000e+02
-4.609191589355468750e+02
-7.386612701416015625e+01
1.020461425781250000e+02
7.678635864257812500e+02
7.845081176757812500e+02
2.429505920410156250e+02
-4.936117248535156250e+02
-3.095186462402343750e+02
6.086950073242187500e+02
-5.062220001220703125e+01
3.946134338378906250e+02
-3.043363952636718750e+02
7.137236328125000000e+02
-5.607123565673828125e+01
-9.696892700195312500e+02
4.472323608398437500e+02
6.574447631835937500e+02
2.447230377197265625e+02
8.202076416015625000e+02
2.178098144531250000e+02
-1.146874904632568359e+00
9.996058940887451172e-01
-1.168347954750061035e+00
9.879956394433975220e-02
8.857031166553497314e-02
8.416461348533630371e-01
5.487607121467590332e-01
1.287623167037963867e+00
3.009783686138689518e-04
-1.195836663246154785e+00
8.960133790969848633e-01
-9.916081428527832031e-01
-1.988129973411560059e+00
-7.776606678962707520e-01
3.968057930469512939e-01
1.065393090248107910e+00
1.505408644676208496e+00
-9.042377769947052002e-02
-1.742720723152160645e+00
-1.090792179107666016e+00
1.944083333015441895e+00
-1.758553028106689453e+00
-3.366734683513641357e-01
9.003883600234985352e-01
-1.249118447303771973e+00
-1.371017932891845703e+00
-9.884213805198669434e-01
-1.936635494232177734e+00
-5.178537368774414062e-01
1.470755934715270996e+00
-1.671727180480957031e+00
-1.698692917823791504e+00
-3.035553097724914551e-01
-1.137744933366775513e-01
-1.945689439773559570e+00
1.273856997489929199e+00
-1.106712222099304199e+00
1.336793065071105957e+00
-1.599093794822692871e+00
-1.596228629350662231e-01
2.414505332708358765e-01
-6.567519307136535645e-01
-5.305290818214416504e-01
1.899109244346618652e+00
-1.724467396736145020e+00
-9.233556985855102539e-01
-3.625494241714477539e-01
-1.074300169944763184e+00
-1.657626330852508545e-01
-1.207916975021362305e+00
-1.591714382171630859e+00
-1.904815077781677246e+00
1.945933461189270020e+00
-5.425458550453186035e-01
-3.229320049285888672e-01
-1.369817972183227539e+00
-1.168251112103462219e-01
-9.837623238563537598e-01
1.380928635597229004e+00
3.198592960834503174e-01
-1.407323718070983887e+00
-1.630852103233337402e+00
-1.945552587509155273e+00
-1.325338959693908691e+00
1.827607303857803345e-01
1.147049903869628906e+00
7.531077861785888672e-01
3.021732531487941742e-02
1.564645528793334961e+00
1.600150108337402344e+00
1.629958987236022949e+00
-7.591528892517089844e-01
3.128854334354400635e-01
-8.228668570518493652e-01
-1.030641570687294006e-01
1.745604753494262695e+00
3.898242712020874023e-01
-1.337497591972351074e+00
-9.755820035934448242e-01
6.790871918201446533e-02
-9.369834661483764648e-01
1.471549987792968750e+00
-1.313571572303771973e+00
-1.316663026809692383e+00
-1.188406944274902344e+00
-2.475020140409469604e-01
-1.892689943313598633e+00
-1.795358777046203613e+00
-1.967503070831298828e+00
1.373154163360595703e+00
6.123941540718078613e-01
-1.318754196166992188e+00
-1.829792022705078125e+00
1.305155158042907715e+00
7.068754434585571289e-01
3.614900261163711548e-02
9.420241088867187500e+02
1.065615463256835938e+02
1.116314792633056641e+01
7.461475219726562500e+02
9.876264038085937500e+02
7.250473632812500000e+02
8.070838012695312500e+02
4.643887329101562500e+02
6.363357543945312500e+02
9.649998168945312500e+02
9.266471557617187500e+02
8.951502075195312500e+02
1.772521209716796875e+02
2.695365295410156250e+02
2.663402709960937500e+02
3.920390930175781250e+02
4.437179946899414062e+01
4.530494079589843750e+02
5.860336303710937500e+02
9.391175537109375000e+02
5.284426879882812500e+02
6.046143188476562500e+02
4.695989990234375000e+02
4.897397460937500000e+02
4.251333618164062500e+02
9.473648681640625000e+02
1.301896667480468750e+02
6.478383178710937500e+02
9.297379150390625000e+02
4.988433837890625000e+01
2.944086608886718750e+02
TLAST
1.260035324096679688e+02
2415853571
-7.988700103759765625e+01
-8.432110595703125000e+02
9.167513427734375000e+02
6.946279296875000000e+02
5.432320556640625000e+02
-3.551122436523437500e+02
-2.613226509094238281e+01
8.133462524414062500e+02
-1.587513885498046875e+02
2.280556030273437500e+02
1.977816772460937500e+02
2.715857238769531250e+02
1.010299758911132812e+02
5.044547424316406250e+02
-1.098963317871093750e+02
-1.679009399414062500e+02
9.859333496093750000e+02
-6.925423583984375000e+02
8.333890991210937500e+02
3.547938232421875000e+02
9.426902770996093750e+00
1.468051147460937500e+02
9.954423828125000000e+02
3.635324401855468750e+02
-4.894402770996093750e+02
-6.985856628417968750e+01
4.450136108398437500e+02
-9.155960083007812500e+02
-4.745739135742187500e+02
-5.858850097656250000e+02
1.793719940185546875e+02
-7.686727905273437500e+02
-7.082895507812500000e+02
-1.510196533203125000e+02
-9.488209228515625000e+02
-4.420193481445312500e+02
6.381730957031250000e+02
-7.348397827148437500e+02
3.475609436035156250e+02
-9.279521484375000000e+02
-9.661676635742187500e+02
-3.108503723144531250e+02
7.834107971191406250e+01
-8.633722534179687500e+02
-5.159691772460937500e+02
1.222013854980468750e+02
-5.264860153198242188e+01
-1.742607727050781250e+02
1.533084106445312500e+02
-6.673797607421875000e+02
-7.862218017578125000e+02
4.355947570800781250e+02
-3.596857452392578125e+01
-2.623377380371093750e+02
9.513400268554687500e+02
-1.663373260498046875e+02
8.884004516601562500e+02
4.110038757324218750e+01
-3.258364562988281250e+02
2.199768829345703125e+02
6.347929687500000000e+02
-5.821995239257812500e+02
-2.455552520751953125e+02
7.433911132812500000e+02
-2.038157196044921875e+02
8.487527465820312500e+02
1.716398620605468750e+02
1.610780487060546875e+02
8.572629394531250000e+02
-9.289078979492187500e+02
-4.426134338378906250e+02
-7.782461547851562500e+02
5.438464965820312500e+02
-8.711340332031250000e+02
-5.426494750976562500e+02
5.168583984375000000e+02
3.398045959472656250e+02
-6.902604980468750000e+02
-8.009284667968750000e+02
-2.938080444335937500e+02
5.385078125000000000e+02
3.801705017089843750e+02
-3.372035217285156250e+02
-3.056729431152343750e+02
-4.296105651855468750e+02
-3.132364807128906250e+02
9.936770019531250000e+02
-5.031315917968750000e+02
8.376985473632812500e+02
-8.226571044921875000e+02
9.216415405273437500e+02
5.637813720703125000e+02
5.166466674804687500e+02
-3.403546447753906250e+02
2.105961303710937500e+02
-5.821015014648437500e+02
1.680685281753540039e-01
-1.983335494995117188e+00
4.077361822128295898e-01
-3.099215626716613770e-01
-1.765781402587890625e+00
7.529913187026977539e-01
-9.170589447021484375e-01
-6.144719123840332031e-01
-7.353480458259582520e-01
1.748037695884704590e+00
-8.722667098045349121e-01
-1.184218764305114746e+00
3.168357610702514648e-01
9.885758161544799805e-02
-1.181562185287475586e+00
6.635430455207824707e-01
5.814662575721740723e-01
5.530954897403717041e-02
8.174492716789245605e-01
1.889425992965698242e+00
-1.882945537567138672e+00
8.845233917236328125e-01
2.818790972232818604e-01
-2.934879958629608154e-01
1.896147578954696655e-01
1.044660210609436035e+00
1.811166763305664062e+00
-1.461733460426330566e+00
-1.358417272567749023e+00
-3.235576450824737549e-01
9.013487100601196289e-01
-6.622884869575500488e-01
2.935714125633239746e-01
1.274824976921081543e+00
-1.961349487304687500e+00
-4.152887165546417236e-01
3.582356274127960205e-01
4.814491271972656250e-01
1.194126248359680176e+00
-1.348369717597961426e+00
-1.913012623786926270e+00
-1.582700848579406738e+00
-5.825978517532348633e-01
-1.942432403564453125e+00
-8.752713203430175781e-01
-1.485715389251708984e+00
-7.498472332954406738e-01
7.405577898025512695e-01
8.660050630569458008e-01
3.912181556224822998e-01
-1.635435223579406738e+00
-8.170869946479797363e-01
-2.686127126216888428e-01
1.427890419960021973e+00
-1.457855939865112305e+00
-1.989404797554016113e+00
-1.684238433837890625e+00
7.659723609685897827e-02
-9.188135266304016113e-01
1.876103162765502930e+00
1.374755263328552246e+00
1.534544348716735840e+00
3.345446884632110596e-01
8.488045334815979004e-01
1.944666624069213867e+00
-4.546245634555816650e-01
-1.236976742744445801e+00
6.875138878822326660e-01
-1.196112871170043945e+00
1.646010041236877441e+00
-1.576217293739318848e+00
1.925472497940063477e+00
1.929767131805419922e+00
1.776928782463073730e+00
1.102375507354736328e+00
-1.492889761924743652e+00
-9.185489416122436523e-01
-2.597090005874633789e-01
1.627108573913574219e+00
1.411304831504821777e+00
-5.433911085128784180e-01
1.433081269264221191e+00
1.940765500068664551e+00
-3.108418881893157959e-01
-1.233000159263610840e+00
-1.295290470123291016e+00
7.935506105422973633e-01
1.079213976860046387e+00
6.688714623451232910e-01
-1.143343925476074219e+00
-6.810316443443298340e-01
1.745965957641601562e+00
7.798500061035156250e-01
1.221742033958435059e+00
-1.832044005393981934e+00
1.128956377506256104e-01
8.580673217773437500e+02
4.791208744049072266e+00
4.403323059082031250e+02
5.637090454101562500e+02
9.739058837890625000e+02
2.629736633300781250e+02
2.033560791015625000e+02
9.839657592773437500e+02
3.186772766113281250e+02
7.118761596679687500e+02
9.045811767578125000e+02
5.515928955078125000e+02
6.922882690429687500e+02
2.441239776611328125e+02
1.939907379150390625e+02
7.957682495117187500e+02
1.835984039306640625e+02
9.442634887695312500e+02
4.315226440429687500e+02
6.594754028320312500e+02
5.211418457031250000e+02
8.405713500976562500e+02
1.273666152954101562e+02
9.170794677734375000e+02
7.560317993164062500e+02
9.529159545898437500e+02
2.001306610107421875e+02
3.344353027343750000e+02
5.680202636718750000e+02
1.128088455200195312e+02
8.144469604492187500e+02
TLAST
9.413521118164062500e+02
