2415853568
-1027811513
1141273686
-1004095269
1141834490
1133479138
-1000639705
-1031267088
1135326788
1116692811
1138305864
-1014331227
1140088671
-1002562373
1136985779
-1023450338
1148440614
1144773794
1147923437
-1048777321
1133042959
-1023895930
-1019856554
1134220228
-1024510187
1108111485
1143902619
1135182787
1132894538
-1018591702
1130103836
1147673693
1138176284
-1022249362
1132766472
-1004201294
-1014108898
1117415844
-1005408005
1112500193
-1001180142
1144700984
1144628838
-999630760
-1004530181
-1003609163
1143561301
1142244044
1141335483
-1011525405
1143510318
-1001581134
1139651193
-1026564409
1113546184
1143273028
1124227834
1144804933
-1005489025
-1004324911
1132147217
-1014999976
1147337740
1129734480
1148617853
-1033283934
-1005298747
-1008225307
-1019266722
-1007178205
1073734117
-1011480235
1137754978
1127320662
-1031971501
1134802085
-1008569840
-1004753518
1138895159
-1006681583
-1016566494
1130300735
1143146077
-1003556389
1077349307
-998661830
1142665477
-999011149
1143532816
-1013833660
-1007129719
-1004781346
-1014939053
-1017909884
1146875645
1147702797
-1012221581
-1082345678
-1076257369
-1094734459
1073170166
-1081560721
-1081101170
1064830399
-1089057885
-1077830251
-1081336369
-1077658910
-1116684070
-1089931169
-1082989500
1062854178
-1075851823
1028237134
-1090822771
-1082082687
-1077457298
-1088225680
-1080146478
-1080116550
1073352359
1065431798
-1074317781
-1078337639
1064015702
1047644469
-1083533425
1057777478
-1075754358
1059392027
1052517185
-1079005496
1063636168
-1075821338
-1074051796
1065906113
1069306589
1058295763
-1074927259
1057211158
-1086729726
1072566196
-1081547621
1070825919
1061849777
-1112452085
-1084278149
1058370978
1060011164
1065943889
1055737086
-1073829000
-1093345813
-1087668082
-1073971048
1071850202
1067679784
1050167781
1068046659
1065614418
-1079681903
1037246918
-1080030526
1049885611
1033154355
-1105304254
1071927441
1051291559
1060477219
1067298503
1061429955
1066922180
-1075076180
1068799371
-1079616420
1060465474
1044878750
1068330088
1049593433
-1098797989
1063639447
1044641566
1053973933
-1081720117
-1084548841
-1083480379
-1105476519
-1104095519
-1081664175
-1094252186
-1076380266
1066695457
-1099287304
1136203833
1143417233
1138857391
1085789150
1120723872
1134463300
1142418944
1144196928
1148455480
1136669205
1114571200
1148245852
1138385847
1141078833
1145863229
1126392120
1131355306
1139582860
1145504957
1131215998
1140890317
1124138046
1147266803
1134639512
1136820727
1101421907
1145609603
1148814679
1146434647
1141451760
1129941787
TLAST
1141071357
2415853569
-1028414214
-1021875150
1146944670
1137726443
-1045780211
1119178903
-1011712830
1133937553
-1015595813
-1041233851
1128851298
-1013959442
-1021170830
1144167696
1133673956
-1009537700
-1017348116
-1000473358
1144855601
1139945000
-1005068742
1145452884
1138779273
1144128779
-1013621153
1137983441
1145161245
-1001481341
-1013516518
-998930286
-1001526897
-1014668884
-1008602864
1115757029
1143178740
-1034895911
1130191389
-1026032623
-1008897965
1139390615
-1014940529
1122018319
1135355006
-1006046824
1142111884
-1006767099
1133217558
-1004554735
-1001633912
-1014093216
1117440971
1134213950
-998821761
1116733013
-1017783748
1120315170
-1009244882
1148772703
1122859141
1140139953
-1000520870
1146946419
1104156537
1134846013
1126494328
1107958067
-1004297781
-1015643308
-1029217364
-1001953983
-999261262
1146707346
-1000724613
-1034501874
1145945223
1135024904
-1005191897
1112665225
1131368456
-1006025088
1146219140
-1003730234
1143284415
-1013743931
1130668636
-1006455027
-1010352973
1147381343
1145973144
1140852158
1132817241
-1021181056
1148694399
1109738898
1142154431
1123779058
-1075781804
1070037411
1067594906
-1100769546
-1074639742
-1076375751
-1104214817
-1079427175
-1075392673
-1076460890
-1094714600
1062308609
-1088405416
1072482426
1049338286
1072155018
-1098291423
-1092884187
1070661918
1029261820
1062969591
1066744949
1056717856
1060821239
-1081244040
-1075858025
1070586044
-1082858972
-1073977031
-1081010416
-1087528634
1065684890
-1081517133
1062935027
-1080969547
1068105600
-1075685534
-1084921557
-1114293973
-1076221395
1041737101
-1081778364
-1074097736
-1077325842
-1081876151
-1073869162
-1101731698
1043676121
-1091432229
1072541027
-1073831551
1010578821
-1079064753
-1112629803
-1097986999
-1083737085
-1078025388
1052216188
-1081927277
-1076753660
-1079072712
1069857993
-1087705759
-1076986466
1062336902
1003483688
-1073878796
-1076626774
1045834479
-1074233100
-1087868462
1067074039
1069616103
1069204619
1070971605
1065522884
1073390555
-1074635713
1050600713
1051204082
-1076187848
1067987431
-1097779621
-1114143407
-1086257424
1051938911
-1086665392
-1080927496
1065513562
-1090923437
-1081655381
1070222309
-1113489925
-1077170250
-1082802178
-1081813722
1103710998
1125379946
1145729054
1148220797
1109960026
1134005508
1146984931
1140517115
1145558169
1096750272
1147345989
1146588615
1114795934
1146024910
1148006291
1142309801
1113224208
1128723205
1124658998
1139471277
1142057305
1148063559
1130740489
1140959209
1137551737
1138348968
1143726368
1115494973
1145147027
1109419266
1119182821
TLAST
1136543489
2415853570
1143576228
1129734205
-1023525307
-1001283132
1138579233
1146397222
-1005852030
1101768607
1142695875
-1010748889
-1007342798
-1003422473
-1001497839
-1004010540
1115777912
-1001467163
1127048684
1138810115
-999007640
1107509615
-999378172
-1003648065
-1005455663
-1011223944
-1013984577
1134850115
-1004038672
-1004041701
-1025252685
1142566155
-1003308635
1123271969
-1004765735
-1011187597
-1042710196
-1002560175
1128145498
-1019526040
-1014954046
1138066220
1122791965
-1030191583
-1020496888
1143036599
1132594465
1139622765
1120655939
-1012350478
-1004106921
-1025840735
-1018882530
-1030908436
-1009517778
-1004573510
1118210426
-1003575921
1135405233
1143341727
-1022877026
-1005902053
-1043824530
1134413698
-1012986605
1130746470
1145818310
-1000380649
1134076332
-999387288
-1007990995
-1017548996
-1004025406
-1015151334
1135609316
1144908191
-1028251714
1148775091
-1014837693
1148129338
1135606334
-1023063263
1132984317
-1011943486
-1013263731
1147067667
1134668926
-1006724250
1133154398
-1010407264
-1037043857
1134295601
-1003916645
1125141505
1143962762
1148418114
-1001990796
1146059606
1049492612
1051421056
1069883058
1049810353
1067068127
-1074973055
1015906158
1066680705
-1096238048
1070351907
1071521571
1059450837
-1076531300
-1086960157
-1076605223
-1100780478
1044612124
-1080703364
-1098259914
1069484895
1062710078
-1077578579
-1097135058
-1074493227
-1110677550
-1074078280
-1084826027
-1080363111
1057633427
1065762032
1063136219
1062036068
1059432924
1071292657
-1088949519
-1077735177
1059199360
1065960290
-1085974782
1050901252
-1079727719
-1074614438
1058066230
-1077081837
-1074999060
-1081999638
1067662368
-1082819806
1070965802
-1086483279
-1078525031
1065977676
1057163227
-1097863162
-1097783797
-1075032736
-1094847414
1060096903
-1074971798
-1076017945
-1087848450
-1094138060
1052165366
-1090142797
-1104216419
-1089232913
-1093654516
1058196500
1064039198
-1094620621
-1080747061
-1075385250
-1081224506
1058749045
-1088452244
1039827077
1066257780
-1106546567
1050515626
1056411893
1049874432
1067717983
-1080538125
-1077234334
1032632615
-1080570812
1060238935
1063955406
1066277890
-1080440450
-1079747380
-1080497959
-1098295863
1065607676
1071470164
-1078225791
1133079818
1146179445
1131993596
1140110511
1119768039
1082240011
1143341820
1137456320
1128825469
1133357182
1110035974
1141339779
1145933839
1140931753
1146238167
1142375447
1148666313
1118798648
1143768526
1096816628
1142988789
1135528751
1140982294
1124829061
1142315466
1125679976
1142370829
1098287566
1146576261
1122983517
1132280933
TLAST
1126104700
2415853571
-1035144099
1142590630
-1002672882
-1010783106
1148462193
-1006880500
-1014201382
-1004667856
-1003159112
1148424672
1147498164
-1012092935
1146467352
-1000471849
1135143896
1117368813
-1004249419
-998711544
-1023616588
1113510479
-1005486375
-1008626260
-1015059334
-999407198
-1001676977
1124151080
1137465149
-1007070066
-1000416481
1133553592
-1025181880
1132200703
1145229661
1148065502
-1011765167
-1004318877
1128987429
1141526064
1135626873
-1002572550
-1003881280
-1002087134
1134267002
1135862424
1146603343
-1027428261
1109503796
1141662408
-1007387434
-1017457631
1077110299
1141463251
-1011775588
-1013869170
-1002647930
1145679102
-1019821185
-1006178750
-998656846
1141156033
-1012232515
1124332566
1131222110
1145673371
-1015408495
1144858011
1146594941
1143668351
1106850066
1147456533
-1003363491
-1005530492
-1002401583
1142612108
1125155398
1146634560
-999318456
1145231095
-999719790
-1014451702
1125234314
1138923225
-1023498142
-1026722683
1144459037
1137685049
-1003091813
-1004102164
1142320283
1147319149
1144401429
-1000111854
-1085721519
1141913923
1130634979
1141758887
1048063976
1047083541
-1075746142
-1086766521
1069031622
-1079335507
1059025005
-1078668414
1071307220
-1088302729
1069232932
-1074671420
-1074339042
-1102047654
1051723047
1059833567
1038204849
1073481487
-1073909731
1068819251
1046773966
-1078668653
-1094960397
1071939901
1068048010
1068249372
-1081768712
-1097204615
1071302294
-1075026963
-1088477212
-1080190348
1054296272
-1077896516
1041807051
-1075697031
1063551717
-1089855584
-1097140526
-1087399188
-1074398249
-1077744924
1065902769
-1090835451
1068997393
1067737914
-1078155757
1067799170
-1078176066
1072591679
-1117800292
1044727301
1071811506
1057175757
-1107164443
-1079285334
-1082767118
1067037640
-1074941911
1060735088
-1076074170
-1078423169
-1077926517
-1078098425
-1081400320
1068333949
1062502887
-1103368062
-1074713974
1048508335
1062640988
-1115496524
-1073805531
-1086156097
-1081141485
1043566058
1071685970
-1078516062
1067067313
1057107583
-1096620955
1067830048
-1113708013
-1086645769
-1075959245
1064401368
1065948399
-1079737754
1045902747
1030611148
-1087881092
1059518061
-1086987890
-1074701614
-1079264998
-1077247271
1128998167
1129990064
1146034260
1144482003
1126618557
1125435829
1071867338
1140834788
1143176639
1147104707
1132628492
1146362889
1136309835
1142221832
1147237427
1135083557
1134823342
1131112334
1144875702
1140106948
1133677587
1086472558
1132458280
1144943931
1128245013
1142166647
1139597187
1133592792
1142798224
1144834752
1147513239
TLAST
1132264305
