2415853568
-5.360129394531250000e+02
9.766358032226562500e+02
8.692012939453125000e+02
5.689522171020507812e+01
3.257944641113281250e+02
4.239042053222656250e+02
-5.617876586914062500e+02
-9.480279541015625000e+02
3.288328857421875000e+02
8.846966552734375000e+02
9.144851074218750000e+02
-4.168202209472656250e+02
-1.839882659912109375e+01
2.517313766479492188e+01
4.291540832519531250e+02
-1.111226119995117188e+02
-4.019805297851562500e+02
-7.729102783203125000e+02
9.353237304687500000e+02
-1.729857025146484375e+02
7.762236328125000000e+02
9.804211425781250000e+02
7.113854980468750000e+02
4.775527343750000000e+02
9.464046020507812500e+02
-6.540919189453125000e+02
-7.243628540039062500e+02
4.919074096679687500e+02
2.024036407470703125e+02
-6.882222290039062500e+02
3.541159057617187500e+02
-1.481108856201171875e+02
2.643715209960937500e+02
-4.027279968261718750e+02
9.862673950195312500e+02
8.888594970703125000e+02
4.328125915527343750e+02
-8.383002319335937500e+02
-4.981034240722656250e+02
-8.662338256835937500e+02
-8.685405731201171875e+01
-7.479617309570312500e+02
7.188035278320312500e+02
7.981694946289062500e+02
9.537782592773437500e+02
4.908968811035156250e+02
7.716752319335937500e+02
4.053435668945312500e+02
6.268397216796875000e+02
5.182308349609375000e+02
9.152993011474609375e+01
-6.644749145507812500e+02
5.412835693359375000e+01
2.708293533325195312e+01
-9.698959350585937500e+02
1.514400177001953125e+02
-9.792269287109375000e+02
-4.463063964843750000e+02
4.114211425781250000e+02
7.368560180664062500e+02
-9.771347045898437500e+02
6.897684936523437500e+02
-1.129207229614257812e+02
5.310201416015625000e+02
-2.342019348144531250e+02
1.088851852416992188e+02
-7.973386840820312500e+02
3.624131469726562500e+02
-5.951215820312500000e+02
-2.116724243164062500e+02
8.393046875000000000e+02
6.320466918945312500e+02
7.964519653320312500e+02
7.256024780273437500e+02
5.743564453125000000e+02
-5.665509033203125000e+02
2.446895294189453125e+02
6.532725830078125000e+02
2.812767944335937500e+02
5.615117797851562500e+02
-5.214083480834960938e+01
7.760723266601562500e+02
3.785207519531250000e+02
7.009379272460937500e+02
-9.744746093750000000e+02
-2.647209777832031250e+02
6.110915527343750000e+02
3.520054626464843750e+02
5.461640625000000000e+02
-6.515032348632812500e+02
-4.049107055664062500e+02
-2.833913879394531250e+02
-6.242370605468750000e+02
-8.149524536132812500e+02
-1.275044250488281250e+02
9.801068115234375000e+01
-9.390285015106201172e-01
1.835465192794799805e+00
1.525283932685852051e+00
7.023255825042724609e-01
8.563634753227233887e-02
-1.115831732749938965e+00
-6.755894422531127930e-01
-6.644551157951354980e-01
1.802989393472671509e-01
2.251804023981094360e-01
1.397094607353210449e+00
-1.001793503761291504e+00
-1.053210258483886719e+00
-1.094485163688659668e+00
-1.945062875747680664e-01
1.083278775215148926e+00
1.638176292181015015e-01
-2.432701289653778076e-01
-1.499012708663940430e+00
1.644541919231414795e-01
3.450115919113159180e-01
1.140678673982620239e-01
-1.614978075027465820e+00
-1.365775704383850098e+00
-1.151761054992675781e+00
2.997553050518035889e-01
1.830403327941894531e+00
-1.932802081108093262e+00
-3.095358610153198242e-01
1.728806376457214355e+00
1.170721650123596191e+00
1.647987723350524902e+00
-6.274122595787048340e-01
-8.572419881820678711e-01
3.094084560871124268e-01
-1.049390509724617004e-01
7.011700272560119629e-01
-4.662304818630218506e-01
1.595591664314270020e+00
-9.951562285423278809e-01
1.582628250122070312e+00
-4.473521113395690918e-01
1.933195143938064575e-01
5.731551647186279297e-01
-1.452260613441467285e+00
-1.987837195396423340e+00
-7.885880470275878906e-01
1.114157080650329590e+00
1.468744874000549316e+00
-9.369310140609741211e-01
-1.475693702697753906e+00
-1.355649471282958984e+00
-1.259513497352600098e+00
-1.547424197196960449e+00
1.381270051002502441e+00
7.066779136657714844e-01
-1.465175151824951172e+00
-1.456510424613952637e+00
1.144466400146484375e+00
-2.801623046398162842e-01
-3.996043801307678223e-01
-3.782004714012145996e-01
-1.637059211730957031e+00
3.408280014991760254e-01
1.127983331680297852e+00
-5.266171693801879883e-01
1.444843709468841553e-01
1.748267769813537598e+00
-1.952665686607360840e+00
1.515651047229766846e-01
-1.396376371383666992e+00
-1.455567479133605957e+00
-5.472748279571533203e-01
-6.542083024978637695e-01
1.171043992042541504e+00
-1.032713770866394043e+00
1.189049243927001953e+00
-1.700010418891906738e+00
-7.787818908691406250e-01
-1.150336146354675293e+00
2.121911644935607910e-01
1.736389160156250000e+00
-2.692626118659973145e-01
-1.463478207588195801e+00
-7.747504115104675293e-01
9.337102770805358887e-01
1.513367295265197754e+00
1.929885387420654297e+00
1.105823040008544922e+00
3.185806050896644592e-02
-9.432375431060791016e-01
-2.714435458183288574e-01
-1.156690716743469238e+00
-1.490228176116943359e-01
1.273394107818603516e+00
-1.729659914970397949e+00
3.005634460449218750e+02
9.098261108398437500e+02
1.581952362060546875e+02
6.383619384765625000e+02
4.565399169921875000e+02
9.249360351562500000e+02
4.406946105957031250e+02
2.026505126953125000e+02
9.956570434570312500e+02
7.239434814453125000e+02
1.296701507568359375e+02
5.282065429687500000e+02
3.062542114257812500e+02
8.819108276367187500e+02
1.609544677734375000e+02
6.438936157226562500e+02
9.575816650390625000e+02
9.088287963867187500e+02
9.004915771484375000e+02
6.635888671875000000e+02
3.030462341308593750e+02
7.490319061279296875e+01
1.718563385009765625e+02
8.935935058593750000e+02
7.079093627929687500e+02
1.043588943481445312e+02
9.720334472656250000e+02
5.098924560546875000e+02
1.718049926757812500e+02
4.796042480468750000e+02
3.991822204589843750e+02
TLAST
2.138799591064453125e+02
2415853569
-5.268682861328125000e+02
3.293685607910156250e+02
6.453801879882812500e+02
9.977499389648437500e+02
-1.441843872070312500e+02
-9.798382568359375000e+02
-8.562272949218750000e+02
-7.915773925781250000e+02
-9.535066528320312500e+02
2.164805603027343750e+02
7.589812011718750000e+02
7.386126098632812500e+02
9.540550537109375000e+02
-2.847226562500000000e+02
5.214049072265625000e+02
-3.573467407226562500e+02
4.645870971679687500e+02
-7.618882446289062500e+02
-4.245793457031250000e+02
-7.540789794921875000e+02
7.304771728515625000e+02
-8.826084594726562500e+02
1.463750915527343750e+02
-7.103234252929687500e+02
-2.344016876220703125e+02
-1.697721710205078125e+02
8.761850585937500000e+02
-1.723234558105468750e+02
9.356620483398437500e+02
-8.719623413085937500e+02
-8.802581176757812500e+02
-7.989830322265625000e+02
-6.311484985351562500e+02
-1.771413421630859375e+01
6.711554565429687500e+02
-2.534619903564453125e+02
-6.944121093750000000e+02
8.458071289062500000e+02
9.594661254882812500e+02
-1.192158203125000000e+02
-8.178732910156250000e+02
3.635365295410156250e+02
6.243018798828125000e+02
1.111092376708984375e+02
9.919949951171875000e+02
3.627399902343750000e+02
-9.665642700195312500e+02
-2.723012084960937500e+02
-5.842913208007812500e+02
1.194071121215820312e+02
9.170131835937500000e+02
-6.483023071289062500e+02
-6.605231323242187500e+02
-6.976578369140625000e+02
-7.922109985351562500e+02
6.630838623046875000e+02
-9.617654418945312500e+02
4.666357421875000000e+02
-2.257252655029296875e+02
9.725534057617187500e+02
-2.017866210937500000e+02
-7.115352172851562500e+02
-6.048323974609375000e+02
-3.747419433593750000e+02
-4.727362060546875000e+02
8.402564697265625000e+02
-9.230458984375000000e+02
-8.838808593750000000e+02
-1.141930007934570312e+02
-2.975769653320312500e+02
2.946702575683593750e+02
4.120698547363281250e+02
-6.756060791015625000e+01
-3.768975448608398438e+01
3.183817443847656250e+02
4.499322509765625000e+02
9.568808593750000000e+02
-5.341680297851562500e+02
5.978936157226562500e+02
-1.279029464721679688e+02
6.490439453125000000e+02
-1.639640045166015625e+02
-1.115545654296875000e+02
-5.451932144165039062e+01
-5.370547485351562500e+02
-9.373993530273437500e+02
6.910906791687011719e+00
1.171788024902343750e+02
-8.794628295898437500e+02
2.458421783447265625e+02
3.153532104492187500e+02
4.110703430175781250e+02
-5.507890625000000000e+02
-1.338097686767578125e+02
6.350432586669921875e+01
4.209015197753906250e+02
9.459521174430847168e-01
-1.795558452606201172e+00
2.514103353023529053e-01
1.148292779922485352e+00
-1.455122351646423340e+00
1.728214263916015625e+00
1.423006892204284668e+00
1.282971620559692383e+00
1.405468702316284180e+00
5.983233451843261719e-01
1.489212632179260254e+00
-5.647168755531311035e-01
-1.083529233932495117e+00
-4.925692081451416016e-01
-1.501563191413879395e+00
2.449554158374667168e-03
1.992394208908081055e+00
-1.719624757766723633e+00
1.776272416114807129e+00
1.087009549140930176e+00
1.194767728447914124e-01
-5.863375663757324219e-01
1.783524990081787109e+00
1.896679401397705078e+00
-1.236696720123291016e+00
1.672775864601135254e+00
-6.665873527526855469e-01
-3.545343577861785889e-01
1.491332411766052246e+00
-1.895278811454772949e+00
2.522528469562530518e-01
-1.123278498649597168e+00
-7.188656181097030640e-02
-1.992174983024597168e+00
-1.608221650123596191e+00
-7.367774844169616699e-01
8.166562914848327637e-01
1.134966731071472168e+00
-1.186208963394165039e+00
-2.603564597666263580e-02
1.145507693290710449e+00
1.357147455215454102e+00
-5.982219576835632324e-01
8.981756567955017090e-01
1.259196281433105469e+00
1.303485035896301270e+00
1.844359755516052246e+00
1.807457566261291504e+00
5.566968917846679688e-01
1.581218838691711426e+00
-1.456997752189636230e+00
1.706005573272705078e+00
1.668853908777236938e-01
-1.662848949432373047e+00
-1.832576513290405273e+00
1.803797841072082520e+00
-2.085727453231811523e-01
-1.676676154136657715e+00
6.702672243118286133e-01
1.895721673965454102e+00
3.751119375228881836e-01
1.618048250675201416e-01
-1.513057202100753784e-01
-9.248074889183044434e-01
-1.820803880691528320e+00
-1.649886012077331543e+00
1.395675301551818848e+00
1.285520434379577637e+00
6.226783990859985352e-01
-1.851772904396057129e+00
-9.047376513481140137e-01
-3.479115962982177734e-01
7.166441082954406738e-01
-1.966383218765258789e+00
1.272033303976058960e-01
-1.994392752647399902e+00
9.077737331390380859e-01
1.001844167709350586e+00
1.124215483665466309e+00
1.186632394790649414e+00
-2.626122720539569855e-02
-1.253104507923126221e-01
1.318789720535278320e+00
9.732681512832641602e-01
-1.604432821273803711e+00
-1.414038062095642090e+00
-6.159929633140563965e-01
3.558000028133392334e-01
1.136165261268615723e+00
-1.513707756996154785e+00
-5.822393298149108887e-01
-6.795040965080261230e-01
-2.519911229610443115e-01
-1.047693014144897461e+00
1.015763506293296814e-01
3.826842606067657471e-01
6.329370117187500000e+02
5.260938720703125000e+02
2.741174926757812500e+02
8.027722778320312500e+02
5.388090209960937500e+02
3.394355468750000000e+02
1.578132934570312500e+02
4.994574279785156250e+02
1.539633941650390625e+02
9.155751342773437500e+02
4.949212036132812500e+02
9.127308349609375000e+02
3.198759460449218750e+02
4.602549743652343750e+02
5.213655395507812500e+02
8.983439941406250000e+02
1.269484558105468750e+02
3.986245117187500000e+02
8.437011718750000000e+01
9.143371582031250000e+02
8.165558471679687500e+02
4.005628967285156250e+02
6.688397216796875000e+02
5.430387573242187500e+02
6.117843627929687500e+02
8.521833496093750000e+02
9.864786376953125000e+02
8.088978576660156250e+01
5.678899536132812500e+02
9.032549438476562500e+02
3.965204467773437500e+02
TLAST
2.546265106201171875e+02
2415853570
9.893279418945312500e+02
7.516157836914062500e+02
-2.754077148437500000e+02
5.169457397460937500e+02
-3.310315246582031250e+02
2.440212249755859375e+02
-5.901692581176757812e+01
-7.499680175781250000e+02
9.067599487304687500e+01
3.874830932617187500e+02
5.689583740234375000e+02
8.893024291992187500e+02
7.987322998046875000e+02
-9.178812255859375000e+02
6.578447875976562500e+02
6.403656005859375000e+02
2.956663513183593750e+02
3.414942626953125000e+02
8.696856689453125000e+02
-4.099884033203125000e+02
4.960456237792968750e+02
-7.502135009765625000e+02
2.948310241699218750e+02
3.452156982421875000e+02
-4.208131103515625000e+02
2.756059875488281250e+02
3.288622131347656250e+02
3.305800476074218750e+02
-5.602103271484375000e+02
4.799757080078125000e+02
1.330208129882812500e+02
-4.095785522460937500e+02
5.690617675781250000e+02
-2.109085540771484375e+02
7.786499023437500000e+02
-3.900748901367187500e+02
-9.487221527099609375e+01
-3.732559204101562500e+02
-9.132744750976562500e+02
-2.315977478027343750e+02
9.468224487304687500e+02
4.426391601562500000e+02
-7.206965332031250000e+02
6.002338256835937500e+02
9.697725219726562500e+02
5.246067504882812500e+02
-5.438259277343750000e+02
-1.192460556030273438e+02
2.031255187988281250e+02
9.076377105712890625e+01
1.450920257568359375e+02
-8.502700195312500000e+02
3.874044189453125000e+02
-8.128558959960937500e+02
-1.780525665283203125e+02
5.645760498046875000e+02
-7.743869628906250000e+02
6.130964965820312500e+02
-8.173991699218750000e+02
6.797249145507812500e+02
9.506368408203125000e+02
9.668129272460937500e+02
3.047536010742187500e+02
-1.277123718261718750e+02
-8.016937255859375000e+02
-2.174232940673828125e+02
9.852536010742187500e+02
9.896282348632812500e+02
5.209215698242187500e+02
-3.249798278808593750e+02
8.770878906250000000e+02
-6.795068359375000000e+01
-7.656967163085937500e+02
4.594429397583007812e+01
-3.622763671875000000e+02
1.488753967285156250e+02
4.143301086425781250e+02
3.965671157836914062e+01
6.605682373046875000e+02
2.131541900634765625e+02
-1.439687652587890625e+02
-9.417067260742187500e+02
7.936003417968750000e+02
-8.352186889648437500e+02
5.695499267578125000e+02
2.308806915283203125e+02
-3.177896423339843750e+02
1.906499633789062500e+02
-5.554297485351562500e+02
-5.109750976562500000e+02
-5.870711059570312500e+02
3.227449340820312500e+02
8.255956420898437500e+02
-8.311281738281250000e+02
3.803031539916992188e+01
4.623402404785156250e+02
8.272856473922729492e-01
1.164454698562622070e+00
-4.293958246707916260e-01
-8.103598952293395996e-01
1.835777610540390015e-02
-9.747348427772521973e-01
6.050156354904174805e-01
1.395998120307922363e+00
1.436109542846679688e+00
-1.736479401588439941e+00
4.068978130817413330e-01
-1.241434216499328613e+00
1.680350303649902344e-01
1.968425512313842773e-02
8.169580996036529541e-02
-1.706016421318054199e+00
1.161363959312438965e+00
-9.810629487037658691e-01
1.802363395690917969e+00
-2.045347839593887329e-01
1.637747883796691895e+00
1.685510158538818359e+00
-1.265785217285156250e+00
7.291272282600402832e-01
-8.780794739723205566e-01
1.546780467033386230e+00
-1.250241875648498535e+00
-1.771162003278732300e-01
-2.725470662117004395e-01
-1.841483473777770996e+00
1.868132948875427246e+00
-1.729271292686462402e+00
1.115813612937927246e+00
-8.152716159820556641e-01
1.929169178009033203e+00
-1.725299000740051270e+00
1.302440643310546875e+00
-1.136609554290771484e+00
1.063933014869689941e+00
1.580649733543395996e+00
-1.906067013740539551e+00
-1.163477063179016113e+00
1.209432005882263184e+00
1.646728992462158203e+00
3.044375479221343994e-01
5.041198730468750000e-01
-1.348642230033874512e+00
-8.329625129699707031e-01
-2.353051900863647461e-01
-1.042172312736511230e+00
-1.187105417251586914e+00
1.092603445053100586e+00
6.292011141777038574e-01
6.486316323280334473e-01
7.586369514465332031e-01
-3.664792478084564209e-01
-2.264312505722045898e-01
-6.717384457588195801e-01
-1.850203275680541992e-01
5.755151510238647461e-01
4.510340690612792969e-01
-1.014621704816818237e-01
5.938138365745544434e-01
2.116484045982360840e-01
9.252819418907165527e-01
1.687785863876342773e+00
-1.579487562179565430e+00
-4.219291210174560547e-01
9.638462066650390625e-01
-2.727258205413818359e-01
-1.006226181983947754e+00
9.516443014144897461e-01
-9.416475892066955566e-01
-8.205599784851074219e-01
-9.548298716545104980e-01
3.221591114997863770e-01
2.629550993442535400e-01
5.041929483413696289e-01
-1.871565937995910645e+00
-1.944931268692016602e+00
-5.509126186370849609e-01
1.743246197700500488e+00
-1.950540661811828613e+00
-9.247986227273941040e-02
-1.822491645812988281e+00
1.469418108463287354e-01
-2.399078458547592163e-01
1.672758102416992188e+00
1.237607836723327637e+00
3.998923301696777344e-01
1.529396295547485352e+00
-2.007148265838623047e-01
1.218656063079833984e+00
7.072314620018005371e-01
-1.102994084358215332e+00
7.567321658134460449e-01
1.311817016601562500e+02
6.252204589843750000e+02
2.110207061767578125e+02
3.783366699218750000e+02
4.012487792968750000e+02
6.244473266601562500e+02
9.552651367187500000e+02
9.885723876953125000e+02
2.989341125488281250e+02
2.645155944824218750e+02
7.202579345703125000e+02
6.895994873046875000e+02
2.713559265136718750e+02
9.459771728515625000e+02
8.013751831054687500e+02
1.986260681152343750e+02
4.965508728027343750e+02
9.229557037353515625e+01
5.249503784179687500e+02
5.694114379882812500e+02
1.813355255126953125e+02
7.457791137695312500e+01
1.800799255371093750e+02
4.878049011230468750e+02
5.593344116210937500e+01
1.740363311767578125e+02
1.941099548339843750e+02
4.291038513183593750e+02
5.362155151367187500e+02
3.675162048339843750e+02
6.453939208984375000e+02
TLAST
9.320505981445312500e+02
2415853571
-9.006973876953125000e+02
-7.904552612304687500e+02
5.760535888671875000e+02
3.628068237304687500e+02
5.263715820312500000e+02
-7.403327026367187500e+02
-5.241843261718750000e+02
2.865721435546875000e+02
-3.113583984375000000e+02
5.805119628906250000e+02
1.615883331298828125e+02
6.378947753906250000e+02
-5.694152221679687500e+02
8.794519042968750000e+02
9.945489883422851562e+00
3.776354980468750000e+01
-2.339427490234375000e+02
-6.070964355468750000e+02
6.185506820678710938e+00
-2.256337585449218750e+02
3.762893295288085938e+01
6.823403320312500000e+02
8.497064208984375000e+02
-7.402375488281250000e+02
5.267728271484375000e+02
-5.350656127929687500e+02
-4.658085327148437500e+02
-1.568332366943359375e+02
4.014829711914062500e+02
-6.366639404296875000e+02
-1.437634429931640625e+02
-3.905431518554687500e+02
2.823406982421875000e+02
-4.054283752441406250e+02
8.928016357421875000e+02
-9.661620483398437500e+02
-3.034415283203125000e+02
-4.523005065917968750e+02
-2.312554473876953125e+02
6.627293701171875000e+02
4.172377319335937500e+02
-1.911266479492187500e+02
-1.204900054931640625e+02
-4.499452819824218750e+02
6.052468261718750000e+02
7.481288452148437500e+02
-1.817094268798828125e+02
4.152703857421875000e+02
7.545222167968750000e+02
-3.149220886230468750e+02
9.646528930664062500e+02
9.148940429687500000e+02
-3.103312072753906250e+02
-3.395649719238281250e+01
-1.913079071044921875e+02
1.421157531738281250e+02
-1.279561157226562500e+02
-1.900124511718750000e+02
1.573010406494140625e+02
3.592670288085937500e+02
-2.410644836425781250e+02
1.440823669433593750e+02
-8.006750488281250000e+02
6.133277587890625000e+02
2.822532348632812500e+02
-9.983112792968750000e+02
2.830271301269531250e+02
6.716298828125000000e+02
4.977625122070312500e+02
-2.479683837890625000e+02
-2.483204803466796875e+02
4.052279357910156250e+02
7.216137695312500000e+01
7.950834350585937500e+02
7.924639282226562500e+02
3.349967651367187500e+02
2.446802062988281250e+02
-6.044810180664062500e+02
4.526671981811523438e+01
-6.522318115234375000e+02
-2.894945068359375000e+02
-2.837929077148437500e+02
8.273901367187500000e+02
3.148148803710937500e+02
2.429855194091796875e+02
-7.207999267578125000e+02
9.289848632812500000e+02
-9.454035644531250000e+02
6.389311523437500000e+02
-6.248101806640625000e+02
-5.808922729492187500e+02
1.245238590240478516e+01
5.443371582031250000e+02
-5.097032775878906250e+02
5.128381347656250000e+02
-9.883074951171875000e+01
3.338929116725921631e-01
1.034723401069641113e+00
2.951256372034549713e-02
4.094516038894653320e-01
7.045847773551940918e-01
-1.881303310394287109e+00
-1.603414893150329590e+00
3.490315079689025879e-01
-5.468326807022094727e-01
1.822100370191037655e-03
9.838947057723999023e-01
-3.831518292427062988e-01
6.546839475631713867e-01
-3.206692337989807129e-01
3.903836905956268311e-01
-1.875937700271606445e+00
9.267086982727050781e-01
4.374750554561614990e-01
1.714076757431030273e+00
1.589939236640930176e+00
1.843699812889099121e+00
-4.990120530128479004e-01
-3.218469321727752686e-01
-9.508136659860610962e-02
-1.511032462120056152e+00
1.877613663673400879e+00
-1.511127591133117676e+00
-1.880295753479003906e+00
-7.318748831748962402e-01
-4.073215425014495850e-01
3.878931403160095215e-01
-6.425949931144714355e-01
-6.018524765968322754e-01
8.286858797073364258e-01
3.928127288818359375e-01
-1.253562808036804199e+00
-1.993570804595947266e+00
-5.493658781051635742e-02
4.989698529243469238e-01
7.453100085258483887e-01
6.001137495040893555e-01
8.348662406206130981e-02
1.332883685827255249e-01
-1.469469070434570312e+00
5.904888510704040527e-01
-1.000653028488159180e+00
1.831847429275512695e+00
-1.343185067176818848e+00
9.770281314849853516e-01
1.335868686437606812e-01
-2.122897952795028687e-01
1.442257046699523926e+00
1.347379565238952637e+00
-1.583986282348632812e+00
7.305712252855300903e-02
-4.954061508178710938e-01
1.315656423568725586e+00
1.842934370040893555e+00
-1.485804557800292969e+00
-5.078865289688110352e-01
1.812762498855590820e+00
1.745206832885742188e+00
3.327723592519760132e-02
-1.118214845657348633e+00
1.414836645126342773e+00
3.633543848991394043e-01
1.290376663208007812e+00
-6.318990588188171387e-01
-1.640121936798095703e+00
-5.391697883605957031e-01
1.704940795898437500e+00
1.478307723999023438e+00
1.632943749427795410e+00
1.294702649116516113e+00
-1.942023873329162598e+00
-1.245409250259399414e+00
-1.179744362831115723e+00
1.787393927574157715e+00
-6.705315113067626953e-01
-1.826910614967346191e+00
1.041299819946289062e+00
1.002094507217407227e+00
-6.640695929527282715e-01
1.636400461196899414e+00
9.644323959946632385e-03
-1.419372439384460449e+00
-7.363929748535156250e-01
-4.609405100345611572e-01
-1.156095981597900391e+00
-1.605765581130981445e+00
-1.226307749748229980e+00
-1.627629876136779785e+00
-6.725341081619262695e-01
-1.099638700485229492e+00
1.477439165115356445e+00
-4.684337973594665527e-01
2.329226989746093750e+02
9.900202636718750000e+02
3.336717834472656250e+02
5.985046997070312500e+02
3.589201354980468750e+02
6.803914794921875000e+02
8.531998291015625000e+02
7.928425292968750000e+02
6.218425903320312500e+02
5.655790405273437500e+02
1.526709594726562500e+02
8.134368286132812500e+02
9.834619750976562500e+02
6.335751342773437500e+02
5.814375000000000000e+02
1.485912933349609375e+02
2.766734313964843750e+02
3.605227050781250000e+02
1.917100372314453125e+02
9.903937377929687500e+02
9.232690429687500000e+02
3.720753784179687500e+02
1.451556243896484375e+02
3.955734863281250000e+02
1.643044738769531250e+02
5.382189941406250000e+02
1.783542785644531250e+02
4.904434585571289062e+01
6.143392333984375000e+02
3.810054931640625000e+02
6.834749145507812500e+02
TLAST
5.225032348632812500e+02
