2415853568
1143180583
1105928484
1148449858
-1017090816
-1000177904
1148204285
-1002470277
-999831336
-1000804565
-1005688091
-1005002486
-1009253761
-1022497482
1100712218
1148253841
-1002423322
1134913658
1136193335
1118823162
1117887254
-1018824248
1135808265
-1010973380
-1014179029
-1009514522
-1007955387
-1004292072
1141724466
-1000066422
-1005152894
-1005503952
1087363405
1143731267
1144589669
-1008303528
-1000551064
1147139564
1107342858
-1003162734
-1008777498
-1038471810
-998667351
-1005861666
-1005569397
-1020640157
-1006346245
1143033000
1137038381
1131033365
-1002900744
1113106828
-1026963418
1141541822
-1020678478
-1036462897
-1001790705
-1005177735
1147978855
1143721139
-1007604526
-1006252737
1144944391
-1032564218
1134112655
-1045048447
1118589728
-1000307523
-1004904250
-1007213591
1142011228
-1011119282
-1004364994
1147173272
1135469649
-999021751
-1018917981
1138923233
-1003214216
-1005090864
1121100127
1137385742
-1001822268
-1007650719
-1021386862
1110079731
1134333969
1108854222
1138543092
1140999190
1129527212
1135714951
-1023489510
-1005729770
-1003728236
1127960923
-1006197749
1069814670
-1075197457
1072724164
1061000686
1053729038
-1080161877
-1079505908
1056270694
1072101102
1067348069
-1080260221
-1085119842
1038264961
1063563451
-1089020038
1069490246
1035106737
-1080877852
-1091804259
1070318617
1057474690
-1122362201
-1078000554
1048744786
1068015477
-1073836690
1067998664
-1073958499
-1082844487
-1091260380
1071484603
1066317909
-1079195834
1050053927
1073142825
1040075326
-1075451232
-1077449816
-1098110854
1069102733
-1085199332
-1085899013
-1078881845
-1074893338
1068565131
1026753002
-1080613744
1062511402
-1079332974
-1089440617
1057513077
-1076066085
-1080166796
1067248260
1040417179
1065141455
-1075880838
1056441074
-1075419368
1057518994
1069578838
1055533620
-1092750645
-1097915984
-1082243242
1067214961
1073066162
-1100554764
1066485364
1045867575
1065665697
-1118544249
-1078332461
-1084655984
1062955264
-1076771978
1066822154
-1113027466
-1079275844
-1091435596
1068231495
-1080497274
-1074545064
1069506237
1060417436
-1114767517
-1075269151
1071879097
-1078687103
-1115032475
1065863823
1034745561
1065796724
1069105209
-1082751223
1068526053
1142407253
1142296108
1141847039
1103165785
1141541585
1084891862
1114871613
1125163380
1137562289
1138079902
1082899028
1134163828
1134946385
1124297563
1148642297
1145095750
1132358706
1142169243
1128805186
1134935130
1147196439
1145766832
1145933640
1136798571
1140812770
1121410550
1146614089
1144088868
1146213012
1120394448
1133199306
TLAST
1135450768
2415853569
-1030881255
-1020320195
1142080703
1146859954
1146380639
-1000664759
-1003395486
1138082597
1135895489
1137720535
-1014144457
1142154537
1116062629
-1006379233
-999922682
1134283832
-1001105945
1134245895
1145295280
1147821800
-998898877
1147689011
1141549756
-999310316
1148774162
1143517925
1127864572
1135309539
-1021629003
-1003979347
-1016752426
1143271606
1100760807
-1016048137
1143241890
-1012928917
1124905465
1129971853
-1025777395
-1036242623
1136706209
1119856144
1147365683
-1000268533
-1026243221
-1042999670
-1021612551
1143572431
1132537001
-1007706096
1128679602
-1004315807
-1001337933
1130389075
1132550708
-999546202
1128741033
-1010937687
-1007012455
-1003881583
-1005056494
1135403851
-1006102881
1136325808
-1012852763
-1041870693
-1003003707
1143547185
1144249582
1128988951
1143692919
1077864449
1137220323
-1000614922
-1005777372
-1011685719
1134113298
1135183862
-1046859627
1142555282
-1033224437
1144249446
1123848013
-1006344695
1146370808
1142649999
1138071198
1146543795
1135012097
1138389429
-1005694603
-999129189
1147362757
1147424419
1143023546
1147060969
-1077133501
-1075079419
1040236858
1063773547
1061193763
-1083792053
-1093205631
-1079762624
-1080169098
1072370484
-1078302812
1066124185
1041122554
-1129525952
1073112683
-1081072281
1052764777
1070977158
1057820835
-1148387951
1072442275
-1078563441
1068080139
1069257666
1070717481
-1092337983
-1074016424
-1081918732
-1075371859
-1075696401
1066460614
1045532671
1067409618
1042986029
1073474398
-1144997759
-1073789266
1065334758
1043160292
-1076267230
1068379067
1072906993
1000142336
1065869370
1069455553
-1103349914
-1083591416
1061525645
-1075839854
-1076117328
-1077261590
-1086469779
-1077099501
1063983945
1069659128
-1078462915
1060926098
-1075786016
-1097588233
1072259911
-1075560111
-1079836613
1038464551
1036124124
-1089055327
-1081220060
-1078748350
1064472263
1045895875
1070176895
-1086782196
1053477394
-1081910609
-1086306179
-1087819497
-1075860857
1064549158
1071486339
-1088980420
-1083939770
-1085366733
-1086801965
-1087260089
-1094872779
1052850971
-1074096661
1057636226
-1091927464
-1074488352
1067403178
-1077907118
-1076060222
1058834779
-1088818674
1065675133
-1076729096
1148281752
1146144153
1146021785
1143507614
1110297130
1145359140
1147968896
1108532095
1132106183
1116400630
1142526392
1129902328
1145859882
1146256630
1147454921
1115379236
1096457672
1143281973
1141085355
1132046540
1122244807
1137406771
1145282452
1145643953
1127094374
1143360649
1144650319
1119094692
1126450772
1139550325
1142304866
TLAST
1128064321
2415853570
1148728059
-1005744128
-1004610881
1132127020
1135122501
1108232630
-1003444592
1139125101
1145705886
1147457861
-1023922367
-1007592960
-1042904877
-1003165767
1142894418
-1035989034
1141631737
1144114047
-1005218733
-1001330459
1143408282
1118286537
1144745434
1146267194
-1002437253
-1002800182
-1016214101
1142413385
1135164057
1126494845
-1013199362
-1026690485
1147366228
-1000864467
-1002826603
1147655068
1132847959
-1002220991
-1003071159
1148000099
1138083740
-1038710836
1145463702
-1039083114
1136989338
1148184061
1147929748
-1019935832
-1001367545
-1010031070
1141685885
1146670202
-1003064638
-1002259442
1143728373
1143300663
1143227368
-1001228088
-1003493087
-1052166080
-1027703314
1144982654
-1019810207
-999278599
-1011313895
-1016037642
1145315230
-1002188758
1132467280
-1003349514
-1010512782
-1022361988
1145958150
1143118302
-1001148644
1141946938
-1000327668
-1044515259
-1008040651
-999047401
-1021953665
-998768399
-1007697960
1132211984
-1056433066
1136622716
-1027370154
1147733286
1124417987
1148710529
1144476770
-1026900558
-1000100368
-1004181466
1148656917
-1008430737
-1078097160
-1074491835
-1077748478
-1080565114
1055932772
-1096141221
1065983047
1071945313
-1089660901
1071608560
-1081498703
1068686059
1056479504
-1086721249
1050456902
-1118980493
-1088169154
-1088530821
1063596423
-1078684295
-1083101558
1069872794
-1085315166
1053268270
1049307233
1069382557
1061294189
995933752
-1093276907
-1078605321
1052923598
-1081221026
-1090806511
-1096597043
1043382607
-1077803118
-1083206105
1051868587
1071152279
1066916489
-1079903599
1071502716
1069611394
1066446624
-1080380252
1070800884
-1092100001
1046199707
-1085547805
1058200760
-1085524750
1063938707
-1090703003
-1073750465
-1077463420
1073006113
1065494700
1064562963
-1088512947
-1129388091
-1087751719
1072452450
-1088074877
-1084755042
1066278798
-1088996413
-1091568575
1070482116
1072551180
1057677807
-1080101101
1072452567
1062160892
1054181252
-1093710656
-1080031883
1060086093
1070818028
-1120040465
1068612611
1041797952
1067992083
1055558374
1069099966
-1102601767
-1076766275
-1079763937
1048969605
-1085760134
-1089061719
-1092529260
1065798734
1068416565
1065483484
-1075432715
-1117440230
1147651315
1142946350
1129467591
1120376387
1148487181
1148250297
1134763897
1146588553
1133142963
1143289355
1121299214
1142755667
1141840259
1129505883
1133409953
1137426290
1145736187
1145080082
1144015764
1147219157
1133113317
1126629763
1141486180
1145852549
1128343759
1109777889
1144803469
1148166420
1145761629
1140696423
1146789206
TLAST
1143550596
2415853571
-1010151495
-1004047143
-1011753776
-1030785933
-1009806155
-1010567352
-1004081474
-1004769162
1143390092
1141621705
-1020511434
1138794515
1132524229
-1000635751
1142456685
1118943518
1076161200
-1011202673
1113032856
1141069101
-1000492782
1138871115
1137002780
1148715370
1144090196
1148179817
-1001858564
1137159972
1119382826
-1002711245
1146932319
1145669738
1093842427
-1031137430
1143547976
-1006109691
1127347098
1109260959
1145341913
-1014703194
1118422769
-1012065616
1142592922
-1032588714
1141340781
1147045625
1137398754
1147965533
-1004782958
1119129812
1120093377
1145940476
1146298169
1134218832
-1027850481
-1014636949
-1004126279
1136591748
-1031719175
1147460015
1136344087
-1021649044
-999575257
-1003471855
1137174415
1101592233
1140915881
1107512510
1144402108
-1000805483
1130526572
-1004127607
1136851071
1116491844
1144978096
1144945010
1123082105
-1019675263
-999382996
-1001412262
1145961037
-1010248183
-1003783196
1142753105
-1022898134
1148815265
-999160459
-1018207039
-1000739986
-999776220
1140604748
1039200248
1120693154
-1006306587
-1010544101
-1009080569
1073498169
1028371775
-1095847644
1050135185
1054898830
1067438949
1055486097
1064424577
1073128023
1050681750
1066129216
-1076211156
1061395681
1058698575
-1074379426
-1108810390
-1075778802
1060672964
-1081431831
-1074125360
1069884388
-1075109039
1029470789
-1082431263
-1089074711
-1080016159
-1075837437
-1096488298
1065063087
-1077191715
1052836648
1070813565
-1087972988
1072278549
-1106117623
1062135218
-1118945138
-1097443089
-1081555381
-1079696123
1057070714
1068909460
1063620104
1072933285
1073598885
1072192372
1059712503
1069951593
1068182248
1054418232
-1085437255
-1076107321
-1098695188
1051449877
1071123228
-1076237437
1068349397
-1092904657
-1089482437
-1074491057
1060746998
-1096208410
1069973240
1067327231
-1089104829
-1097577204
-1073993296
-1078346449
-1082793553
1010631708
-1079684210
-1078845331
-1097620253
-1146335481
1069554593
-1089939825
1063948759
1045353349
1059439026
-1083901561
-1075744128
-1085556636
-1088746426
1044793016
-1073971060
-1074330813
-1081440649
-1145491546
1020978328
1055988506
1060792949
1073191869
-1075965471
-1087688697
-1081873749
-1080702656
1139140444
1137741808
1147927983
1124716168
1146347556
1146968377
1142778447
1148710774
1139925060
1135446682
1127216327
1142281744
1081523618
1147196288
1148648347
1145518944
1146763099
1145451161
1140960929
1118759876
1141580916
1134315299
1123574570
1147991862
1115858408
1147232157
1147575109
1143902446
1118295520
1136502469
1142930040
TLAST
1130751727
