2415853568
-5.843531494140625000e+02
-6.524636230468750000e+02
-6.086627197265625000e+01
7.192781066894531250e+01
-8.150344238281250000e+02
5.755692138671875000e+02
1.329410552978515625e+02
2.431417846679687500e+02
-5.229871826171875000e+02
-6.919850463867187500e+02
1.194903106689453125e+02
5.180043334960937500e+02
9.159702758789062500e+02
9.903212547302246094e+00
-3.847567749023437500e+02
-7.907041015625000000e+02
6.067337646484375000e+02
5.850227050781250000e+02
8.130496826171875000e+02
6.218508911132812500e+02
2.052136993408203125e+02
5.524979858398437500e+02
-3.601156311035156250e+02
4.904742050170898438e+01
-2.875633850097656250e+02
-3.369632873535156250e+02
5.924941253662109375e+01
8.911658325195312500e+02
-4.733645629882812500e+01
3.253959350585937500e+02
3.522894287109375000e+02
-9.078859863281250000e+02
8.573048095703125000e+02
5.155936431884765625e+01
-5.143179321289062500e+02
6.405213623046875000e+02
-4.475521545410156250e+02
-1.756805572509765625e+02
-3.787191162109375000e+02
8.845679321289062500e+02
-6.103026733398437500e+02
-4.350177001953125000e+02
7.269624633789062500e+02
6.836062622070312500e+02
7.839223022460937500e+02
-2.214715118408203125e+02
5.255220336914062500e+02
3.557553710937500000e+02
6.924152832031250000e+02
-1.471435394287109375e+02
-8.245007324218750000e+02
2.567881164550781250e+02
5.513779907226562500e+02
-6.497876586914062500e+02
1.215688552856445312e+02
9.936353759765625000e+02
-9.923201904296875000e+02
-2.538301239013671875e+02
-6.529466552734375000e+02
9.403532104492187500e+02
-7.353951416015625000e+02
2.282675933837890625e+02
8.609437255859375000e+02
1.563237762451171875e+02
4.090452575683593750e+02
-3.390790710449218750e+02
9.903801879882812500e+02
9.289662475585937500e+02
1.731305084228515625e+02
-1.849834060668945312e+01
-1.545987606048583984e+00
2.320004882812500000e+02
-2.957352828979492188e+01
8.923099365234375000e+02
9.623649902343750000e+02
-2.883301696777343750e+02
7.240090942382812500e+02
4.840892028808593750e+02
-3.339708557128906250e+02
6.937611083984375000e+02
5.348182983398437500e+02
7.547673950195312500e+02
-4.822905578613281250e+02
-1.630265197753906250e+02
7.557350158691406250e+01
-4.481010818481445312e+01
9.093577880859375000e+02
-5.055511169433593750e+02
8.465689086914062500e+02
-5.808519287109375000e+02
1.804570770263671875e+02
2.536225891113281250e+02
4.303227844238281250e+02
-2.308558959960937500e+02
7.686336669921875000e+02
6.343759765625000000e+02
-1.904340982437133789e+00
4.094439744949340820e-01
9.534566998481750488e-01
1.322966814041137695e+00
1.615192174911499023e+00
-7.842701077461242676e-01
-1.408307790756225586e+00
1.600312829017639160e+00
-1.408918738365173340e+00
-1.647271633148193359e+00
1.775434613227844238e+00
1.187254190444946289e+00
-1.734910488128662109e+00
-6.775452196598052979e-02
2.879356741905212402e-01
1.896306157112121582e+00
-6.087392568588256836e-01
3.235923051834106445e-01
1.539269208908081055e+00
-1.282831311225891113e+00
1.844989657402038574e+00
1.274557232856750488e+00
1.354360818862915039e+00
9.956489205360412598e-01
-1.484863519668579102e+00
-1.726147055625915527e+00
1.405369877815246582e+00
-9.477963298559188843e-02
1.795522212982177734e+00
-1.671898961067199707e+00
1.938225388526916504e+00
1.447989702224731445e+00
1.577157020568847656e+00
1.786691308021545410e+00
1.234557271003723145e+00
2.382882684469223022e-01
-6.958029270172119141e-01
-1.976595044136047363e+00
-7.170775532722473145e-01
8.191394209861755371e-01
1.711160182952880859e+00
-1.707814335823059082e+00
1.462836980819702148e+00
-1.929911375045776367e-01
7.424254417419433594e-01
8.308516740798950195e-01
-6.460926532745361328e-01
-1.213654994964599609e+00
5.107106566429138184e-01
-6.747140288352966309e-01
-1.559739828109741211e+00
1.132712960243225098e+00
3.962062597274780273e-01
1.321551322937011719e+00
1.714265108108520508e+00
-1.124600529670715332e+00
-5.339794754981994629e-01
1.965840935707092285e+00
1.827086925506591797e+00
-1.342632293701171875e+00
-1.550759553909301758e+00
1.698544979095458984e+00
-1.923310399055480957e+00
3.919199109077453613e-01
-1.552447438240051270e+00
-1.542569637298583984e+00
-1.889849185943603516e+00
1.284353733062744141e+00
-1.658262252807617188e+00
1.338060855865478516e+00
1.272240400314331055e+00
1.465156316757202148e+00
-8.901718258857727051e-01
1.577504277229309082e+00
-1.210198998451232910e+00
-9.499059319496154785e-01
-1.168233275413513184e+00
1.307713508605957031e+00
1.010617136955261230e+00
-1.472180724143981934e+00
5.355276167392730713e-02
-1.280116558074951172e+00
-4.895682930946350098e-01
-1.131369590759277344e+00
-1.765161156654357910e+00
4.376207292079925537e-01
-3.228467330336570740e-02
1.799908518791198730e+00
-7.051284313201904297e-01
1.647183775901794434e+00
-9.104991704225540161e-02
-5.086296796798706055e-01
1.742132306098937988e+00
-1.981567740440368652e+00
1.506581425666809082e+00
-1.393847942352294922e+00
3.187402954101562500e+02
7.379755249023437500e+02
5.344202880859375000e+02
9.515335693359375000e+02
5.470826416015625000e+02
7.219436035156250000e+02
3.321678543090820312e+01
6.292493286132812500e+02
2.350180969238281250e+02
2.863063659667968750e+02
1.887637786865234375e+02
4.106267395019531250e+02
9.230341186523437500e+02
7.579394531250000000e+01
2.162401580810546875e+02
2.698827819824218750e+02
2.921870117187500000e+02
2.328878479003906250e+02
9.847894287109375000e+01
4.034289855957031250e+02
8.640401000976562500e+02
8.042512207031250000e+02
4.732898559570312500e+02
2.444547119140625000e+02
2.790937805175781250e+02
2.828162841796875000e+02
7.434967041015625000e+01
7.184512329101562500e+02
8.038295898437500000e+02
9.507258300781250000e+02
7.111942749023437500e+02
TLAST
7.558805084228515625e+01
2415853569
2.140471496582031250e+02
-2.347787284851074219e+01
5.496989746093750000e+02
-4.923108825683593750e+02
2.391325225830078125e+02
5.865317993164062500e+02
8.564702148437500000e+02
-4.085518188476562500e+02
2.347424316406250000e+02
7.935482788085937500e+02
6.063972091674804688e+01
2.593781127929687500e+02
-6.320873413085937500e+02
-6.981612548828125000e+02
7.188094482421875000e+02
-4.686021728515625000e+02
-3.443117980957031250e+02
-5.358879394531250000e+02
1.845219421386718750e+02
9.058041381835937500e+02
8.085424194335937500e+02
6.732005004882812500e+02
-4.167781982421875000e+02
9.946564331054687500e+02
-9.204642944335937500e+02
-2.051306457519531250e+02
4.899510574340820312e+01
6.565720214843750000e+02
4.438373718261718750e+02
4.753064880371093750e+02
6.837150878906250000e+02
-3.617460021972656250e+02
5.973436889648437500e+02
4.339255676269531250e+02
-6.772791748046875000e+02
-6.840256958007812500e+02
7.167292480468750000e+02
5.643220825195312500e+02
-2.698985290527343750e+02
-1.177410507202148438e+02
-2.290600128173828125e+02
-9.143230590820312500e+02
9.547635498046875000e+02
3.857615051269531250e+02
-8.263122558593750000e+00
2.623403625488281250e+02
5.789563598632812500e+02
-4.954885559082031250e+02
-7.088331909179687500e+02
2.368288879394531250e+02
-5.651047973632812500e+02
3.814904174804687500e+02
-5.074583053588867188e+01
-5.873750000000000000e+02
-4.583977050781250000e+02
-1.836155548095703125e+02
-9.875910034179687500e+02
5.002050170898437500e+02
-4.180558471679687500e+02
-4.651408081054687500e+02
3.895048828125000000e+02
-2.550639801025390625e+02
-2.730747375488281250e+02
-3.629710388183593750e+01
-8.558728218078613281e+00
1.951027221679687500e+02
-5.670354461669921875e+01
-1.581244964599609375e+02
-2.313240814208984375e+01
-9.442992553710937500e+02
-6.117370605468750000e+02
3.216753540039062500e+02
2.189959106445312500e+02
-7.615328369140625000e+02
-7.226083984375000000e+02
-6.952053833007812500e+01
7.316561279296875000e+02
-1.931949157714843750e+02
5.151826095581054688e+01
-4.469802856445312500e+02
2.615221977233886719e+01
8.495900878906250000e+02
3.745689392089843750e+02
-9.973653564453125000e+02
3.811139831542968750e+02
-5.076274108886718750e+02
4.894290161132812500e+02
-8.444149169921875000e+02
-4.273533630371093750e+02
2.918200683593750000e+02
-5.664409179687500000e+02
-4.689754333496093750e+02
-8.778580322265625000e+02
1.949028778076171875e+02
9.181871337890625000e+02
-5.226995849609375000e+02
-6.393535733222961426e-01
5.963411927223205566e-01
-9.304332733154296875e-01
-1.880329251289367676e+00
-1.270743608474731445e+00
1.339603066444396973e-01
1.686077564954757690e-01
-1.589377641677856445e+00
-1.712236553430557251e-01
1.356285095214843750e+00
-8.858625292778015137e-01
1.829215288162231445e+00
7.248775362968444824e-01
-9.639323949813842773e-01
5.729568600654602051e-01
-6.746429949998855591e-02
1.133217096328735352e+00
-1.216863512992858887e+00
5.804927945137023926e-01
-1.270622849464416504e+00
-8.027825504541397095e-02
-1.289035201072692871e+00
-1.408468246459960938e+00
1.255246400833129883e+00
1.949361085891723633e+00
4.901897907257080078e-01
1.392978072166442871e+00
4.203655123710632324e-01
1.565144300460815430e+00
-1.768226623535156250e+00
-1.180723309516906738e+00
-1.869514346122741699e+00
1.574515253305435181e-01
-1.059954404830932617e+00
1.115085721015930176e+00
-1.947689414024353027e+00
-1.465968728065490723e+00
-6.538954377174377441e-01
1.656859755516052246e+00
-1.983533382415771484e+00
-1.921364665031433105e+00
7.241357564926147461e-01
2.082552760839462280e-01
6.835230588912963867e-01
3.700513541698455811e-01
-4.276506900787353516e-01
-1.694858551025390625e+00
7.103509306907653809e-01
1.799669742584228516e+00
9.018092751502990723e-01
1.278363913297653198e-01
-1.801003932952880859e+00
3.058717213571071625e-02
1.595991134643554688e+00
1.972248792648315430e+00
5.414638519287109375e-01
-9.688802957534790039e-01
1.508720993995666504e+00
-1.818666338920593262e+00
1.886712312698364258e+00
-1.053312778472900391e+00
-1.576204776763916016e+00
-8.580338209867477417e-02
-1.449744582176208496e+00
-1.202999353408813477e+00
-1.661920189857482910e+00
1.461824327707290649e-01
1.521739482879638672e+00
6.009767651557922363e-01
-1.871639013290405273e+00
9.744397401809692383e-01
2.111044228076934814e-01
-9.065446853637695312e-01
-7.905318737030029297e-01
1.091293573379516602e+00
4.537434577941894531e-01
1.233564972877502441e+00
-9.171624779701232910e-01
1.665524959564208984e+00
-1.567182540893554688e-01
3.810762465000152588e-01
9.283117204904556274e-02
-1.475892215967178345e-01
1.761587858200073242e+00
-1.489945173263549805e+00
-3.744724094867706299e-01
-7.445201873779296875e-01
9.057840704917907715e-01
-1.232156157493591309e+00
1.909517049789428711e+00
-7.990018725395202637e-01
9.921613335609436035e-01
9.297333359718322754e-01
6.289159059524536133e-01
5.330554842948913574e-01
1.576353430747985840e+00
7.576449584960937500e+02
6.928125000000000000e+02
6.106156616210937500e+02
1.490032806396484375e+02
4.798635559082031250e+02
4.926556701660156250e+02
4.725296936035156250e+02
3.099381103515625000e+02
7.066464843750000000e+02
8.477697143554687500e+02
7.805765380859375000e+02
7.976350708007812500e+02
4.716273498535156250e+02
4.014692687988281250e+02
4.455115051269531250e+02
1.109976501464843750e+02
7.032296752929687500e+02
6.853068847656250000e+02
4.886307983398437500e+02
7.343103027343750000e+02
7.566453857421875000e+02
1.815068206787109375e+02
7.497195434570312500e+02
5.205631103515625000e+02
6.207640991210937500e+02
4.451603088378906250e+02
9.420089111328125000e+02
7.743770751953125000e+02
6.068651733398437500e+02
6.727020263671875000e+02
2.931807861328125000e+02
TLAST
1.823483581542968750e+02
2415853570
-7.022450561523437500e+02
-6.594260253906250000e+02
-7.425401000976562500e+02
-4.351361389160156250e+02
-6.502741088867187500e+02
1.956238555908203125e+02
-7.470656738281250000e+02
-3.466592102050781250e+02
-1.807809448242187500e+02
8.623737792968750000e+02
-3.949557495117187500e+02
6.160095214843750000e+02
1.318608398437500000e+02
5.955885620117187500e+02
6.042598266601562500e+02
-1.050392379760742188e+02
-3.038633422851562500e+02
-8.417017822265625000e+02
-2.340717620849609375e+02
3.425427856445312500e+02
2.666632080078125000e+02
2.417533264160156250e+02
3.357058105468750000e+02
6.454765014648437500e+02
-7.869710693359375000e+02
4.695424804687500000e+02
-1.053923263549804688e+02
7.963978881835937500e+02
-4.263011169433593750e+02
5.225071411132812500e+02
7.132565917968750000e+02
-2.571780700683593750e+02
-6.432742309570312500e+02
2.612059326171875000e+02
8.524879760742187500e+02
-6.257940673828125000e+02
7.699567260742187500e+02
-7.943202514648437500e+02
-4.831762390136718750e+02
2.620424804687500000e+02
4.552615356445312500e+02
-5.065352478027343750e+02
-2.238504333496093750e+02
5.607788696289062500e+02
2.413104248046875000e+02
-1.192275619506835938e+02
-9.312046508789062500e+02
-6.478871459960937500e+02
5.853039550781250000e+02
9.714501342773437500e+02
-2.569869079589843750e+02
-3.342821350097656250e+02
8.072388458251953125e+01
8.997213745117187500e+02
7.726725463867187500e+02
3.175635375976562500e+02
4.604561157226562500e+02
8.585079345703125000e+02
-6.285682373046875000e+02
-9.309406127929687500e+02
-5.869197387695312500e+02
-2.320798492431640625e+01
-1.531112365722656250e+02
4.158548889160156250e+02
2.218219604492187500e+02
-7.351641845703125000e+01
-1.974105529785156250e+02
8.725979614257812500e+02
-4.286632385253906250e+02
4.218663024902343750e+02
5.254329223632812500e+02
5.092903747558593750e+02
-7.196910400390625000e+02
-5.278168334960937500e+02
-5.041416168212890625e+01
1.751263427734375000e+02
1.681664428710937500e+02
-3.393033142089843750e+02
-5.341365966796875000e+02
6.709619750976562500e+02
-8.470213012695312500e+02
-9.427442016601562500e+02
-1.835862426757812500e+02
3.506961975097656250e+02
-2.380753135681152344e+01
7.695460205078125000e+02
1.959383392333984375e+01
-2.104203948974609375e+02
1.363836975097656250e+02
-2.963953552246093750e+02
4.745151672363281250e+02
3.396886596679687500e+02
-1.251573257446289062e+02
7.851220703125000000e+02
-4.629831848144531250e+02
8.193479614257812500e+02
-1.508639931678771973e+00
-3.716069757938385010e-01
5.239133834838867188e-01
-3.403954505920410156e-01
-4.317223131656646729e-01
-6.303427368402481079e-02
1.266992278397083282e-02
-4.727972745895385742e-01
9.395878314971923828e-01
-1.594192266464233398e+00
7.915418148040771484e-01
-5.148704648017883301e-01
-4.044624567031860352e-01
8.158820867538452148e-01
-1.506928443908691406e+00
-1.217903614044189453e+00
1.236170232295989990e-01
-9.701137542724609375e-01
1.149029210209846497e-01
7.356470823287963867e-01
-8.244292736053466797e-01
1.687125205993652344e+00
-5.022116899490356445e-01
1.115671515464782715e+00
7.320068478584289551e-01
-1.357244968414306641e+00
-3.956123068928718567e-02
-1.909702181816101074e+00
1.672384858131408691e+00
3.908992409706115723e-01
1.869518280029296875e+00
-1.611852288246154785e+00
-1.032356858253479004e+00
-4.397744536399841309e-01
2.396593093872070312e-01
5.219874978065490723e-01
-1.573385477066040039e+00
-6.189026236534118652e-01
-1.877916574478149414e+00
6.594078540802001953e-01
-1.277935147285461426e+00
5.518027544021606445e-01
1.436634898185729980e+00
2.383204549551010132e-02
6.639921069145202637e-01
-1.428785324096679688e+00
1.700237095355987549e-01
-1.453379631042480469e+00
8.359144926071166992e-01
4.208194911479949951e-01
1.734616637229919434e+00
-3.447561562061309814e-01
-1.716702938079833984e+00
-1.466786384582519531e+00
-9.922261238098144531e-01
-1.929136365652084351e-01
1.907571196556091309e+00
-1.139548778533935547e+00
9.907927364110946655e-02
9.994990825653076172e-01
8.845267295837402344e-01
-1.944868683815002441e+00
-1.094449281692504883e+00
-1.060111641883850098e+00
3.703599572181701660e-01
1.953536868095397949e+00
-1.074756860733032227e+00
1.207718968391418457e+00
1.678879141807556152e+00
1.302619338035583496e+00
-1.872419357299804688e+00
3.241752982139587402e-01
1.079296991229057312e-01
-4.887179434299468994e-01
-5.165491998195648193e-02
-5.631191730499267578e-01
7.370584607124328613e-01
-1.976659446954727173e-01
-1.278336405754089355e+00
-5.867409110069274902e-01
1.554959774017333984e+00
-1.046166658401489258e+00
-1.336846113204956055e+00
-5.759355425834655762e-01
-6.459612846374511719e-01
1.160728558897972107e-01
1.727278232574462891e+00
8.923439979553222656e-01
-3.844858705997467041e-01
1.965373992919921875e+00
5.347468256950378418e-01
-7.784088850021362305e-01
-1.978228688240051270e+00
-1.410614609718322754e+00
-4.267350435256958008e-01
7.033957242965698242e-01
9.853560180664062500e+02
9.723737182617187500e+02
2.986454162597656250e+02
9.847631225585937500e+02
6.167408447265625000e+02
3.409216003417968750e+02
8.775536499023437500e+02
9.494022369384765625e+01
2.498084106445312500e+02
7.551370239257812500e+02
5.970556640625000000e+02
7.546417846679687500e+02
3.137560729980468750e+02
9.683142089843750000e+02
5.657553100585937500e+02
9.905205688476562500e+02
8.297979736328125000e+01
9.741156616210937500e+02
3.799691772460937500e+02
8.302221679687500000e+02
9.679863891601562500e+02
3.240025711059570312e+01
7.766042480468750000e+02
3.968345336914062500e+02
4.359848632812500000e+02
2.658397521972656250e+02
7.088927612304687500e+02
5.055733947753906250e+02
2.496909637451171875e+02
7.716671142578125000e+02
3.917545166015625000e+02
TLAST
6.581420898437500000e+02
2415853571
3.819764709472656250e+02
-3.187845153808593750e+02
-5.719414062500000000e+02
4.356829223632812500e+02
9.575495147705078125e+01
-1.528678321838378906e+01
-5.435689086914062500e+02
7.314671020507812500e+02
-5.353086547851562500e+02
3.387884216308593750e+02
7.184067382812500000e+02
-7.828731079101562500e+02
6.541049804687500000e+02
-5.054462432861328125e+01
-7.644079589843750000e+02
3.764224853515625000e+02
5.541630859375000000e+02
-6.716049194335937500e+02
5.688731689453125000e+02
2.613912963867187500e+02
-4.737489929199218750e+02
9.712380981445312500e+02
4.272189025878906250e+02
5.866359863281250000e+02
7.408181762695312500e+02
6.605129394531250000e+02
2.296032867431640625e+02
7.853353881835937500e+02
8.629034423828125000e+02
-1.099765014648437500e+02
5.033695678710937500e+02
-5.194055786132812500e+02
-8.238173217773437500e+02
9.052711181640625000e+02
-9.384845581054687500e+02
4.283585205078125000e+02
-8.033694458007812500e+02
8.258591308593750000e+02
6.250381469726562500e+02
-5.402613525390625000e+02
-8.329668579101562500e+02
8.428280639648437500e+01
4.256253662109375000e+02
4.317170410156250000e+02
1.551328277587890625e+02
-3.575207214355468750e+02
5.755233154296875000e+02
-7.810925903320312500e+02
9.604999389648437500e+02
-9.221711425781250000e+02
2.934473266601562500e+02
-4.926827697753906250e+02
-2.234942169189453125e+02
-8.676179809570312500e+02
-9.041354980468750000e+02
-1.635775909423828125e+02
-3.307067871093750000e+02
-8.014725341796875000e+02
1.254585571289062500e+02
-5.620783081054687500e+02
3.708279418945312500e+02
4.926531066894531250e+02
-5.050916137695312500e+02
-1.993717765808105469e+01
-5.587045288085937500e+02
-4.662409667968750000e+02
-6.713313293457031250e+01
8.515170898437500000e+02
-1.744971008300781250e+02
-3.074118041992187500e+02
4.191529235839843750e+02
5.388167953491210938e+01
6.408474731445312500e+02
9.142746582031250000e+02
-7.241040649414062500e+02
-1.361576843261718750e+02
4.827582397460937500e+02
-3.599532470703125000e+02
-2.065798797607421875e+02
9.711344604492187500e+02
1.513253326416015625e+02
5.618049926757812500e+02
8.982650146484375000e+02
9.550052490234375000e+02
6.152698364257812500e+02
-2.140864753723144531e+01
-8.068920288085937500e+02
-5.424766235351562500e+02
7.374540405273437500e+02
-7.601172485351562500e+02
6.322572021484375000e+02
8.941791992187500000e+02
-9.552324218750000000e+02
-1.516913890838623047e+01
3.654227294921875000e+02
1.364398765563964844e+01
1.496646881103515625e+00
1.867730379104614258e+00
1.626164674758911133e+00
1.249768018722534180e+00
1.907304406166076660e+00
-3.022566139698028564e-01
6.734485030174255371e-01
8.599946498870849609e-01
-4.640898406505584717e-01
-9.093427658081054688e-01
1.643983006477355957e+00
4.407787919044494629e-01
1.500577032566070557e-01
4.059806466102600098e-01
1.687687873840332031e+00
1.944274663925170898e+00
9.805368185043334961e-01
5.153930783271789551e-01
-9.339424967765808105e-01
-1.331924676895141602e+00
1.446656346321105957e+00
1.711217164993286133e+00
-1.910710811614990234e+00
9.716028571128845215e-01
1.887047052383422852e+00
-9.589613080024719238e-01
-1.873944997787475586e-01
-7.843685150146484375e-01
1.735548973083496094e+00
-1.761252403259277344e+00
-1.781895279884338379e+00
4.918951094150543213e-01
5.308453440666198730e-01
1.919175028800964355e+00
5.671364068984985352e-01
6.899784505367279053e-02
5.209221690893173218e-02
-1.132529735565185547e+00
-1.160113692283630371e+00
-1.974240183830261230e+00
4.828414320945739746e-01
-1.482699871063232422e+00
-7.548764944076538086e-01
1.306910037994384766e+00
-5.555710196495056152e-01
1.151266694068908691e+00
-1.116954922676086426e+00
6.525980681180953979e-02
-7.406243085861206055e-01
5.825314670801162720e-02
-6.778883934020996094e-01
1.750697970390319824e+00
3.318596780300140381e-01
-1.017019510269165039e+00
-1.155287176370620728e-01
-1.840293407440185547e+00
1.812466233968734741e-01
6.003267765045166016e-01
1.940006375312805176e+00
-1.340884923934936523e+00
-1.909414172172546387e+00
7.175593972206115723e-01
2.158088684082031250e-01
-8.359628915786743164e-02
1.942000985145568848e+00
1.797959804534912109e+00
5.287407040596008301e-01
-6.566349864006042480e-01
-1.755331635475158691e+00
8.161956816911697388e-02
4.583915323019027710e-02
-1.207972288131713867e+00
1.286819219589233398e+00
-9.961012005805969238e-01
-1.351124048233032227e+00
5.501114726066589355e-01
3.247601687908172607e-01
-1.468310356140136719e-01
1.496283888816833496e+00
-1.039993286132812500e+00
5.543953180313110352e-01
-7.806966304779052734e-01
1.643078804016113281e+00
-1.535637378692626953e+00
1.432971000671386719e+00
1.089445114135742188e+00
1.100762963294982910e+00
-1.079059094190597534e-01
-9.106042981147766113e-01
1.311687350273132324e+00
-1.142811104655265808e-01
-1.455558896064758301e+00
1.354296684265136719e+00
1.201757788658142090e+00
-1.818107247352600098e+00
-7.339496016502380371e-01
1.625173034667968750e+02
9.284530639648437500e+02
1.637210083007812500e+02
4.782879943847656250e+02
6.022841796875000000e+02
9.123483886718750000e+02
3.981448974609375000e+02
2.913469848632812500e+02
8.298275146484375000e+02
4.409663391113281250e+02
5.134924316406250000e+02
8.272291259765625000e+02
9.668811798095703125e+01
9.350388793945312500e+02
3.744535522460937500e+02
6.965245971679687500e+02
3.488544921875000000e+02
1.383429718017578125e+02
2.702859191894531250e+02
1.675703887939453125e+02
8.412883911132812500e+02
1.606673049926757812e+01
8.399639892578125000e+02
3.582877197265625000e+02
9.734728393554687500e+02
9.223516845703125000e+02
5.192019042968750000e+02
1.042206954956054688e+02
7.753927001953125000e+02
6.151279296875000000e+02
7.016080322265625000e+02
TLAST
7.754620971679687500e+02
