2415853568
1144872367
-1009114054
-1005944780
1120755415
1113865761
1137848341
-1014732614
-1009460578
1135153637
-1004668667
-1047997048
-1009221359
1135055370
1117032828
1126327366
1133362954
1142686728
-1010421251
-1012112731
-1003889741
-1008122729
-1004176613
-1003891935
-1012106707
-1006399955
-1023173511
-1038765665
-999395273
1147126292
1137670114
1145174460
1121317297
1145632245
1139868265
1122655221
1139147751
-1030527812
-1003420260
1145824511
-1005769170
1145999456
1134865807
1137969832
1134221894
1140939051
-1032571794
-1002708513
1148124228
-1040172196
-998783356
-998838054
1144588670
1137935340
1141560692
1135853419
-1005515053
-1014905291
-1002535566
1142070219
1134737717
1146466476
1114434776
-1006505676
1133836181
-1002560533
-1016811064
1140838590
1147026715
1125403339
-1014843083
-1023099265
1146490385
-1002386728
-1031214086
1140632886
-1029024574
-1001064509
-1014318913
1133890913
-1001368240
1137072840
1146434899
-998693165
1142790581
-1000730974
1142666234
-1021098507
-1052830729
1116340193
-1023922064
1144902596
-1022351427
1141206317
-998822930
-1007266158
1127050838
-1074451575
1059008402
1070963512
-1096051639
-1101618559
1070419006
1068144671
1073723572
-1076063969
-1079315529
-1080995682
1062829044
1059209529
-1097910025
-1077183108
1066857095
-1095308626
-1081444986
1069946869
1065558030
-1080473081
1069160123
-1078642739
-1079142948
-1084422154
1067734691
1063753758
-1082889343
-1083562258
-1077012820
1065684623
-1075479881
-1079109361
1053219884
-1114852369
-1088159069
-1081152225
1065836252
-1089500018
1071110361
-1088177536
1071863048
-1093920105
1068603257
-1081193683
-1073754682
-1078170781
1065663702
1072108856
1072299696
-1085792397
-1081505735
1033725048
-1098895271
1052835738
-1077376774
1063106689
-1079588702
-1095361285
-1104445608
1066257868
1062903339
1068717669
-1081258803
-1075196612
1035189336
1065214513
-1086600648
-1079626645
-1075270389
1065477828
1070471822
1070559205
1063404362
-1103663929
-1086965768
1072159895
-1081534632
1061509485
-1082064582
-1087407222
-1075621886
1054149103
-1083524421
1057989536
-1078314971
1072787508
1061493087
-1083559971
1065874210
-1074573805
1060232203
-1074189737
1066681557
1065197628
-1093469141
1146863778
1144244140
1138800336
1115929434
1133601055
1124008784
1134692110
1142939317
1141175049
1145930577
1136844682
1140105481
1127979701
1134413402
1147401333
1146018483
1143553900
1129928279
1134987272
1146166454
1136733596
1128859777
1132538475
1136198398
1144687737
1148240824
1116809714
1144438263
1109301160
1133454651
1143706577
TLAST
1145735726
2415853569
-1012510240
-1024485746
1137721577
1142720900
1122647658
-1005571952
1143952601
-999815252
1140300962
-1008036965
1132603077
1118321176
-1032075290
1116608809
-1011190837
1134891991
-1014413915
-1012368200
1112421226
1130488813
1145866922
1119210850
-1001470376
-1005611638
-1000238404
1117664623
-1012327951
1126906453
1148202921
1143893426
1126894035
-1001712832
1146773013
1101245658
-1027112751
-1022543383
1148267282
-1014822886
1138573578
1125345849
1144036837
-1036766099
1148801565
1147970646
-1009121983
1133312893
1138006552
-1002148674
1125567637
1142029050
-1004302664
-999506385
1126390058
-1001653433
1143043757
-1003199285
1120831744
-1003181585
-1017744175
-1022972258
-1014134694
1129362473
1143709818
1141328562
1137455431
-1027036806
1144689316
1141154175
-1009839888
-1028706449
-1001933511
-1032201794
-1012672817
1146928688
1142424950
1132486302
-1002998056
-1003958632
1118514530
1146349403
1142624274
1146296579
-1014514277
1143102742
-1034912103
-1002093314
-1019685760
1141020206
-1001672127
1143396358
1141980241
-1047943694
-1051239224
1146682179
-999689541
1141817886
-1102986681
1066558496
-1077799958
-1080563397
1064494236
1065551732
-1079548433
1064607544
-1081266026
-1080002167
-1074911923
-1082923773
-1120571880
1069018803
1069893701
1066905781
-1130596781
1058963947
-1080459829
1070503763
-1090109639
-1093320894
1068796057
1067489006
-1081800527
-1081095100
1072722988
-1074413858
-1076824400
-1094764047
-1089207753
1048784639
-1079029189
1069999975
1068297806
1062543656
1067020481
-1080386689
1070623902
-1088308824
1048109974
1073633123
1063021218
1072631134
-1087038317
-1081632457
1002991065
-1078630502
1062860093
-1074103205
1069591341
1070433005
-1079916332
-1097409641
1061327658
1071820870
-1093037589
-1076992836
-1112774225
-1112671014
1070395823
-1075630546
1072499251
1054400697
-1083465134
-1081124157
-1100620796
-1079097684
1028331499
-1077501932
1071721212
-1085042528
-1118297656
-1079381106
1066799649
-1075027567
-1114388988
1069544525
1070104550
-1085823799
-1079234240
1066781883
-1074138828
-1087490583
-1083944911
1065601701
1057380337
-1080539241
-1075932130
1067424791
1057254236
1046455457
1072555971
1071299504
-1077997405
1066181384
1135157039
1141239732
1124776145
1147704962
1128800374
1135990224
1140890825
1146822107
1138722716
1117020678
1145723043
1107929633
1120920758
1142580739
1139471599
1130063764
1124548854
1140115290
1140965037
1143410146
1138615894
1126183596
1140584485
1126926044
1103347701
1148190228
1134357842
1147326451
1144178246
1099572091
1143612509
TLAST
1135397826
2415853570
-1002212619
1146190414
-1003571441
-1012337291
1128619594
-1011641641
-1021689022
-1002084800
1145699049
1142347988
1143150204
-1005390882
-1011846589
1146574277
1143435678
-1006423415
-999861061
-1003512886
-1027965898
-1027638149
-1005535659
1147011599
1145189656
-1003525140
1126487444
1139188523
-1008201719
-1009505833
-1011600979
1148812763
1142919710
-1018485487
1140703892
-1002453201
1142646566
1118595622
1146778195
-1005681225
1147749475
1133675380
-1002605734
1140068599
1144595589
1128763092
1143231152
-1004015975
1138741133
1146302224
-1008053318
1144688520
-1014173312
1136762592
1114735660
1130413947
1145206990
-1010443439
-1000376201
1144994497
-1002120857
-1041324239
-1021383780
1147756279
1140808911
1148281995
1141662161
-1003401632
1147634241
1137422771
-1000958617
1141152949
-1000485237
1145890620
-1005769402
1130755612
-1007240468
-1007863206
-1001478915
-1005115600
-1011222690
1140933573
-1003659859
-1002420346
-1004257603
-999261437
1141811981
1137177480
-1004512055
1140263210
1139521398
-1000666662
1121081894
-1003074071
-999864644
-1037030937
1145064791
1146259557
-1098826030
1042861100
-1084676091
-1074753137
-1082049098
-1079722321
-1074442682
1033975592
1069171126
-1087017176
-1135005012
1060123412
-1098756399
-1097126317
-1079628721
-1078962074
-1098473955
-1078138170
-1079898503
-1096265680
1066673252
-1082193021
1068720401
1061405303
-1084752775
-1079141244
1066304992
1022157566
-1074167041
-1093441195
1066176470
1059341026
1066034855
-1081981035
-1078338603
1065306368
1060444370
-1083884633
-1081885045
-1074669751
-1088147996
1064482619
-1094631193
-1079668164
1069133043
1064589405
1067674402
1026804809
1062898811
1049987536
1069568907
-1097230421
-1092981044
-1081736352
-1073791434
1057950042
-1079353006
-1078570715
1068488626
1057094365
-1098482383
1033279100
1069878281
-1094125083
-1085670543
1069403864
1060997731
1069935691
-1076285295
1053878533
1055798482
1040327175
1068114286
1065322213
-1102445761
-1081037881
1068157324
-1080927954
-1079243525
1062760397
1067285147
1069525497
-1080026621
1057354445
1044765006
-1075990798
1071154570
1061495289
-1116364092
-1089367835
1044327820
-1079478510
1070551626
1042810078
1072195298
1066472122
1142453566
1119182044
1132019207
1148102869
1147512631
1135397710
1140104968
1141661296
1147740176
1137923216
1141492250
1145422357
1141416670
1117389064
1128098125
1141862008
1138352334
1125448574
1136795403
1147540761
1146758736
1144039973
1136892710
1148354577
1147075886
1141505604
1124993785
1144184770
1140989007
1146154265
1147590686
TLAST
1140518901
2415853571
-1001498343
1133919128
1116736796
1148739248
-999588276
-1013358811
1134061267
1111567064
1135680387
-1002705425
-1000758999
1134288043
1135218564
1137748327
-1035728712
1142820593
1134957025
-1013213113
-1005483808
-1045117913
1140971685
-1001617227
1144218429
1147189142
-1000564828
-1026675946
-1015443443
-999753141
1111937542
-1022236125
-1023348512
1146072722
1128680941
1142417953
-1000480070
1147470950
1145988232
1127058375
-1008385536
1146604562
-1005524286
1147481030
-1012664255
-1025815405
-1000079295
1118750265
-1004621521
1128373052
1142483945
-1017597864
1143668075
-1007479037
-1005390566
-1002206198
1116962875
1117343446
1144348565
1146430659
-1002898675
-1011236051
1146573495
1139701871
-1004027540
1134614574
1095908758
1144856084
1148421614
-1006678938
1141540063
1132216790
-1011553103
-1021428995
1146022687
1138917308
1146334968
-1001329084
1130569476
-1007627291
1140874320
1137964375
1136375314
1128725560
1147556967
1116934852
-1026520245
-1018312167
-1013855747
-1006837273
1148180673
1133190262
1140359467
1144241295
1146804041
1147570618
1141380720
1128141851
1043478903
1058860622
1053274189
-1091888843
-1085986946
1073487346
1062235800
-1089572781
1072405945
-1104549371
-1077608218
-1084056184
-1077648353
1070089453
1059180454
1058421019
1068421976
1069784689
1063801953
-1075952535
1051685064
1031625957
-1124008855
-1118788713
-1084378030
1055959305
1071002233
-1079751706
-1086699068
1055864919
-1090312314
-1084023665
-1086175008
1068851068
-1078346208
1070790281
-1078087175
1067286052
-1082005170
-1089480229
-1080996187
1066725263
1051474768
1052581701
-1080809358
-1075122232
1068712409
1063023698
1046185057
1062830334
-1092449771
1064069556
-1088625725
1056587167
1058187803
-1085729411
-1107275911
-1099627069
-1079595317
-1094169272
-1088930789
-1079705536
-1078993628
1060522392
1073406556
1071857925
1071933378
1058595915
-1086163875
1029980807
-1080248428
1034345238
-1097879716
1061112454
-1079203874
1064636550
1052851137
-1077514137
-1077786876
-1078363138
1015670695
1063353891
-1080663519
-1082033745
-1103795278
1067654013
1043431150
-1083796674
-1080731339
-1080972507
-1078375152
1067498544
1068678446
-1078834491
1070086986
-1084320407
1142338951
1133030467
1147408819
1133702487
1138164142
1145965544
1145384205
1129691837
1146904080
1131754615
1146092401
1148365310
1136276881
1144955685
1111471852
1145310466
1144740728
1142398656
1138303593
1147620549
1124527448
1128128787
1121493040
1133703930
1147751099
1134235199
1145778079
1147409564
1145615018
1148081102
1145867841
TLAST
1136782714
