2415853568
1114409983
1147577372
-1003087411
-1006465294
1129573914
1142937485
1147545343
-1010280489
1112757836
1137331957
1144835820
1143035733
1146032481
-1003063838
-1005099526
1136433489
-1016609622
-1023302310
-1011050908
-1030072845
1145759963
-1004839792
1136687185
-1009004559
1147161814
1134923452
-1000734804
1141650099
1115796581
1128179716
1148077370
1141716936
-1014315465
1146858878
1132683614
1116395496
-1002457178
-1014694375
1093964136
1142406061
1134785507
1141053357
-1002884125
1141429453
1076393606
-1007773686
-1007158686
1147375486
1135429367
1140882393
1143170242
1142230919
-1005085463
-1006238700
1136346462
1141455333
-1049612791
1135855703
-1023429577
-1008857054
1141788680
1148711901
-1011041092
1122756878
-1011593373
1147882575
-1040443614
1131783185
-1004425406
1144660815
1134052457
1143043198
1099769302
-1004290236
-1017689438
-1021530714
1141358769
-999993149
-1017763601
1144804665
1131514337
1148316635
-1000455794
-1020907839
-1014804045
-1005583267
1129320251
-1000624534
1124846784
-999762394
1148310280
1146494710
1140731944
1125686664
1129782837
-1002184495
1054127242
-1076950843
-1077554599
1072144508
1060918233
-1077846720
-1075454993
1067754640
1068333268
1040409520
-1114473752
1068119996
1070485978
1060088577
1068249493
-1075438062
1070910006
-1080256850
1068979423
-1109931308
-1093810179
-1075272369
-1111435056
-1114653817
-1080385707
1070524333
1058726851
-1091867927
-1083966936
1058811221
1060208861
-1078073867
1063766729
-1077743544
1063952656
-1081885910
1070999154
1062879678
-1081938400
-1077539727
1064964681
1069799405
1072062373
1068849315
-1111055061
-1081944903
-1080094793
-1088416428
-1098541733
-1076567779
1053985901
1045699665
-1077048866
1067069370
1072775802
-1124818482
1057693354
-1079811182
1070036214
-1079952331
1067490993
-1091743276
-1074351079
1057107010
-1112315339
-1092224566
-1110413678
-1080721950
-1096315421
1067040435
-1075337170
1071852990
-1081218093
-1081042597
-1089205734
-1081489494
-1079055196
1072391485
1065021682
1054726554
-1082440269
1070912544
-1082022320
-1084719405
1063372492
1058240436
-1098836597
-1077295233
-1083162110
-1097267970
1073109988
1057398493
-1087879390
1060591015
1067369218
1050693937
1143762893
1119952957
1144741439
1135755503
1136852295
1130694996
1144619310
1134993679
1133279131
1140775160
1137286105
1142335205
1147220877
1142093838
1110405331
1128647393
1127932132
1132488453
1148496092
1146470793
1136497495
1137223049
1141138652
1141852183
1136294739
1142067819
1132112200
1137027075
1143695498
1141879247
1147779782
TLAST
1128342340
2415853569
-1014588845
-998724279
1135401148
1141502920
1125177947
1132812366
-1029942007
1143688691
-999646198
-1029322558
-1002744504
1134950467
1135140958
1120568315
-999305072
1141397940
-1006592859
1133398211
1141092159
1134928305
1146954904
1101177322
1101727728
-1013107795
-1003133686
1139752442
1137217348
1140937396
-1013360200
1130261709
-1036345679
-1044354070
1145190051
1147605786
-1014721151
-1018484760
1112223115
-1002241637
1124152635
-1016418055
1148837325
-1006203944
1133854987
1134567772
-999065013
1140935066
1128630234
-1002467350
-1001269105
1147973868
1146153744
-1009148746
1142973705
1127856827
-1006684767
-999305103
1138324972
1143609730
-1001986412
-1008851196
1141604959
1148463278
-1013895336
1084571734
1140005616
-1011765490
1135362852
-1009000080
1136708838
-1001214156
-1004818232
-999707810
-1023802679
-1001858228
1147382366
1145777527
-1002851721
1138999594
1141528865
1142579651
-1016611401
-1009460845
-1029385232
1147979788
-999872649
-999275915
1144344457
-1003173163
1097949118
1111835451
-1005292071
-1013462968
1132517904
-1003168982
-1004112340
1135052664
-1081521518
-1081253807
-1081633569
1067283694
-1088321257
1059725385
1073043295
-1090517732
1071826258
1065867087
-1087236014
-1075313798
1067246290
-1089731695
-1092198042
-1104890716
1072328783
1070745672
1058823039
-1095823641
1061751329
1073063066
1070294793
-1086473461
1059174566
1072556228
-1077230446
-1078024319
-1074045956
1069396608
-1079756458
1052318371
1072332676
-1088809831
-1074744722
1067316010
-1077226109
1069461245
-1089352590
-1079754688
1061006140
1070868934
-1076595727
-1099461551
-1076778246
-1081586899
1054379128
-1083515543
-1081127530
1069008037
-1074473482
1069816447
1073057962
-1109390482
1065696538
-1089828143
-1095699092
1050760247
-1081159612
1068246269
-1074474366
-1075586442
-1074254171
-1078869881
1064409857
-1086733202
1065778465
-1108764197
-1089970169
1049064730
1065374507
1050355662
1069865012
-1079639650
1070865735
1072419391
1019762446
1064172661
-1091660673
-1098747236
1068451566
1071836260
1064885065
1066115179
1027004112
-1074692707
1061121563
1048761295
1064142899
1066363955
1073676687
-1076754446
1065621616
-1082068295
1072124399
1058824000
1129770703
1132228579
1135649764
1143358187
1129646254
1145688010
1132483090
1146015846
1141065849
1131638729
1099971383
1121813989
1121059741
1106020790
1141793854
1131934661
1141886367
1142481117
1136687442
1137247899
1139632517
1138445702
1136684272
1134694921
1121667337
1147067445
1141208470
1143674387
1115905362
1141635398
1148122063
TLAST
1142368890
2415853570
-1016173495
-1032760659
1132452901
-1020436707
-1004538224
-1017461911
-1000340954
-1003804061
-1001820954
1129125237
-1014008605
-1005465357
1143393589
1139878508
1148736322
1128392708
-1016124135
-999038150
-1004337906
-1001448696
1136395020
1148014865
1143295832
1147435321
-1006179525
1141926337
1133636538
1145620399
-1005817629
1142953937
-1001472271
1148522083
1146671444
1143126612
-1008213762
-999498442
1147258784
1145643601
-1018696867
1145837956
-1015471343
-1009600539
1144957458
-1003356362
1144832589
-1034127317
-999329452
1145576907
1145164144
-1008772420
-1015602877
1134910120
-1000464700
-1005043701
1133975311
1143160874
-1023398356
-1001268079
1129254282
-1001715068
-1005664038
1136223269
-1014510765
-1010309858
1143106882
-1005674651
1145399387
1099978178
1146187518
1141178458
-1003480784
-1008075490
-1003546641
-1004782120
1146530623
1142321318
1125857969
1140235208
-1028456099
-1005822967
-1021289257
1140480298
-1004992822
-1015215451
-1000607635
1115860487
1107248297
1136084491
-1005910134
1139871972
1147316337
-1023927616
1147690860
1147813238
1092628835
1126716191
-1085237975
-1074442834
1059443818
-1075338032
1071949082
1067023799
-1089479502
-1084003677
-1078701904
-1079213264
-1074490944
-1088510436
1051734198
-1078880764
1066354259
-1078655168
1065562370
-1099695357
1060154253
1062567966
1071175255
-1109961840
1070937474
-1090629390
-1074413512
-1076961287
-1079822908
1069062221
1059960124
-1078382407
-1094728841
1071333953
-1115951018
1049486878
1069066049
-1095031447
1056414829
-1085384915
-1086004311
-1097385385
1059888455
1068042590
-1110021400
1068417940
1064411765
-1075060475
-1085165876
-1079012966
1040351028
-1106782615
1070751749
-1088821797
1069726937
-1092488709
1065723838
1073705250
1056771741
1052709885
-1075486615
-1086756900
1072581733
1070179430
1069909355
1064060544
1051226201
1049847854
-1102261277
-1094734738
-1087745571
-1080543713
1066341904
1068827521
1067984835
1073134591
1065932123
-1087446475
1072321509
-1080943464
1062002152
-1081602710
-1099817215
-1086471406
-1095559880
-1104534470
1070252658
1069992979
1058289501
1071235701
1068590027
-1088151275
-1081596582
1064933879
-1080852003
-1108229660
1048806455
1071192704
1147313870
1141711686
1133648525
1145364762
1143699711
1135433924
1141797760
1130088822
1144625834
1141329874
1133056631
1136754384
1127812240
1148731353
1146565327
1147997719
1136678395
1143914162
1139182595
1138192043
1110194903
1133622372
1146849209
1103754239
1146247714
1139991790
1137277985
1148162080
1141053468
1117581153
1128822746
TLAST
1144599973
2415853571
1134880001
1110202657
1132536968
1128550422
-1012752631
-1005857735
-1001312646
-1007630678
-1014896369
1141444063
1125382358
1123602070
-1020032338
1142662494
-1002898456
-1006078889
-1028362931
1148634208
1136779802
-1001139993
1126268314
1108022637
1141591993
-1029770798
-1004153375
-1009136415
-1011833253
-1012786705
-1004566889
-1004720284
-999254695
1144625608
-999951935
1137367286
1146000085
-1045153590
1145315154
-1009762077
-1004906229
1077426105
-1000473241
-1011773537
-1021724457
-999830105
-1011078579
1129779528
-1003824965
-1001196440
1133008642
-1002736358
-1014614501
-1054168558
1133364200
-1005238988
-1003542834
-1010731183
-1046546326
-1031239174
1136411106
-1025949641
-1004586195
-1017744134
1133648708
1148218171
-1010225484
1136603299
-1008805189
1148251603
-1010304072
1146008733
1135347594
1139474632
-1005697080
1135005609
-1010827978
1142642770
-1000835406
-1003535957
-1038447645
-1007792272
1145340730
-1006402527
1135597366
1148560167
1141630474
1142177407
1148545708
-1029551590
-1020425197
-1009081388
1105702421
-1014432760
-1006238835
-1018877085
1144962439
1144031948
1034095387
-1100792044
1070848045
-1080190379
-1098879874
1063655920
-1123638864
1068234791
-1081923882
1058549649
-1080457862
-1098264148
-1097201557
-1076631964
1069820624
-1089446778
1051039291
-1075849353
1070075246
-1090903451
-1083728069
-1074518663
-1079168292
1056156784
-1094136070
1052848224
-1086267353
1061123155
-1077057528
1067528658
1073410794
-1093536512
-1081833145
-1089463253
-1087657758
-1094787597
-1087984164
-1095503142
1060498946
1071853098
-1082084737
-1106215776
1072269929
-1078749159
-1081616140
1072452510
-1077224946
-1085080749
-1078574550
1072243046
1072289304
1061504572
-1096944824
-1081024196
-1077433184
1049870192
1064526618
-1082862873
-1073898293
1069131932
-1078725917
-1073968099
1071618531
1071392767
-1111658246
1060561561
1061607876
1044395707
1060402223
1062051968
-1101437542
-1081930928
1064527819
-1090136147
-1105428949
1069274041
1067815564
1057141263
1032498715
1059774668
1072908809
1067376681
1067323155
-1090091459
-1080596358
1025103691
1072400009
1020241614
1058474348
-1075871301
-1083696887
1052429331
1041191364
1071951302
-1078949923
-1086351734
1144416183
1141148992
1119473833
1131004264
1145844860
1124214079
1148419987
1145824117
1143468903
1148817667
1145549577
1133339237
1146455962
1144261161
1146570196
1134897200
1139441840
1144704161
1137497971
1100942903
1134755248
1120057001
1142068077
1146161536
1091270730
1146829605
1124208390
1130043323
1144453128
1132438820
1148705099
TLAST
1108264692
