2415853568
-8.039310913085937500e+02
8.342566528320312500e+02
-6.081937255859375000e+02
-5.091385498046875000e+02
9.945516357421875000e+02
-7.709572601318359375e+01
-2.872574157714843750e+02
-6.278667602539062500e+02
-1.474294128417968750e+02
6.921360473632812500e+02
-3.397976989746093750e+02
-7.046900634765625000e+02
-3.064364929199218750e+02
1.324147796630859375e+02
2.819508972167968750e+02
5.431127929687500000e+02
7.249445800781250000e+02
-1.551268005371093750e+02
3.627381591796875000e+02
-8.641036376953125000e+02
5.543184814453125000e+02
1.651564941406250000e+02
7.797421264648437500e+02
-9.178526611328125000e+02
-1.266492538452148438e+02
7.977484741210937500e+02
-1.709590759277343750e+02
-8.221515502929687500e+02
5.432651977539062500e+02
-5.060674743652343750e+02
2.286902313232421875e+02
2.611809692382812500e+02
-7.249133300781250000e+02
6.401437988281250000e+02
5.600891723632812500e+02
-9.851506347656250000e+02
-8.895095214843750000e+02
8.757520751953125000e+02
-7.001410675048828125e+01
8.659880371093750000e+02
4.918259811401367188e+01
-6.499743041992187500e+02
3.061916732788085938e+01
-3.146493835449218750e+02
-8.081239013671875000e+02
9.432210693359375000e+02
9.952568054199218750e+01
-1.950406837463378906e+01
3.398787841796875000e+02
6.471390380859375000e+02
8.720399169921875000e+02
1.362788238525390625e+02
-6.139586181640625000e+02
6.055292968750000000e+02
-7.946525878906250000e+02
8.158316650390625000e+02
1.391185913085937500e+02
-5.132500610351562500e+02
1.040877456665039062e+02
5.581298446655273438e+01
2.217060089111328125e+02
4.579895324707031250e+02
-7.602066040039062500e+02
-2.362526550292968750e+02
5.887017822265625000e+02
2.426176261901855469e+01
4.230563049316406250e+02
-4.526721496582031250e+02
4.630260009765625000e+02
-6.211446533203125000e+02
7.036253662109375000e+02
-3.839497680664062500e+02
-6.748344726562500000e+02
5.484074096679687500e+02
3.416022338867187500e+02
9.842683105468750000e+02
-7.570631713867187500e+02
9.174263305664062500e+02
2.541562042236328125e+02
-8.701185302734375000e+02
7.517211914062500000e+02
-6.676735839843750000e+02
-3.503918151855468750e+02
-8.520261230468750000e+02
6.238919067382812500e+02
5.781925659179687500e+02
6.177642211914062500e+02
-1.894148712158203125e+02
5.420854492187500000e+02
-8.329181518554687500e+02
-5.055927734375000000e+02
1.458694152832031250e+02
4.803672790527343750e+02
-3.033409118652343750e+02
3.451166076660156250e+02
5.676541137695312500e+02
3.587825000286102295e-01
4.404661655426025391e-01
6.372049450874328613e-01
3.648094236850738525e-01
-1.782311946153640747e-01
-4.626725316047668457e-01
6.219335198402404785e-01
-8.173212409019470215e-01
1.906949996948242188e+00
1.181823015213012695e-01
-1.015861749649047852e+00
-1.371057033538818359e+00
-2.626430392265319824e-01
1.120103448629379272e-01
-6.630403399467468262e-01
-3.835410177707672119e-01
1.811715602874755859e+00
-1.767482042312622070e+00
1.798339724540710449e+00
-1.695486187934875488e+00
-1.735558390617370605e+00
1.628698468208312988e+00
-6.144932508468627930e-01
-9.581475853919982910e-01
1.273273944854736328e+00
7.026492953300476074e-01
1.154775246977806091e-01
1.302410244941711426e+00
-1.019214510917663574e+00
8.889112472534179688e-01
1.795270919799804688e+00
6.379661709070205688e-02
1.109374165534973145e+00
2.328009903430938721e-02
4.023593068122863770e-01
-8.024668693542480469e-01
-8.332958817481994629e-01
9.192655682563781738e-01
6.839062571525573730e-01
-6.950414776802062988e-01
-1.618975758552551270e+00
1.261117219924926758e+00
1.195779144763946533e-01
1.213542819023132324e+00
1.912890553474426270e+00
-9.272896051406860352e-01
-1.805782765150070190e-01
-1.084684252738952637e+00
-1.369878172874450684e+00
-1.152532458305358887e+00
-1.969767093658447266e+00
1.091563582420349121e+00
-1.240744218230247498e-01
-3.079673945903778076e-01
1.306178331375122070e+00
1.678334951400756836e+00
7.071623802185058594e-01
-1.666500806808471680e+00
3.212027549743652344e-01
1.863560557365417480e+00
-8.731529712677001953e-01
-1.839517593383789062e+00
-3.282755017280578613e-01
2.563709020614624023e-01
1.619532465934753418e+00
1.755412101745605469e+00
-1.245184183120727539e+00
-1.403051137924194336e+00
1.417376399040222168e+00
1.803248882293701172e+00
1.045186042785644531e+00
2.381259948015213013e-01
2.643120288848876953e-01
1.309396266937255859e+00
9.891481995582580566e-01
-1.670496582984924316e+00
-1.910071134567260742e+00
1.422375202178955078e+00
1.289970755577087402e+00
-1.200749278068542480e+00
-3.207998573780059814e-01
5.449044704437255859e-01
-1.917289137840270996e+00
1.057227373123168945e+00
1.662798643112182617e+00
-1.338505387306213379e+00
7.823352813720703125e-01
7.197535634040832520e-01
-1.394310832023620605e+00
-3.709820210933685303e-01
-1.404460072517395020e+00
1.353769421577453613e+00
-1.328279137611389160e+00
-9.678710997104644775e-02
-9.726786613464355469e-01
1.064001917839050293e+00
1.540464172363281250e+02
9.651052856445312500e+02
4.585536499023437500e+02
4.607145385742187500e+02
4.647642211914062500e+02
6.943699951171875000e+02
2.224478607177734375e+02
2.976610107421875000e+02
5.365791625976562500e+02
3.156819458007812500e+02
4.841430358886718750e+02
3.950164794921875000e+02
9.243589477539062500e+02
2.810039062500000000e+02
4.961369018554687500e+02
8.909392700195312500e+02
5.015932617187500000e+02
6.171408691406250000e+02
5.235822753906250000e+02
1.566367187500000000e+02
1.438494262695312500e+02
3.589245910644531250e+02
3.275795593261718750e+02
1.446092681884765625e+02
9.495533447265625000e+02
1.511863250732421875e+02
1.081134033203125000e+02
1.748482513427734375e+02
8.972283325195312500e+02
7.558330078125000000e+02
4.919459915161132812e+01
TLAST
7.641969604492187500e+02
2415853569
8.499219970703125000e+02
9.471845703125000000e+02
7.556726074218750000e+01
-7.033878173828125000e+02
-4.066534729003906250e+02
-9.298013305664062500e+02
9.338048706054687500e+02
-3.946582641601562500e+02
1.932871398925781250e+02
-5.381049194335937500e+02
-9.366487426757812500e+02
-2.235622406005859375e+02
3.231166076660156250e+02
8.933626708984375000e+02
-7.967103881835937500e+02
4.886129760742187500e+02
5.532103881835937500e+02
1.165855712890625000e+02
-3.955382690429687500e+02
-1.651760101318359375e+02
1.617669677734375000e+02
2.274536132812500000e+02
5.805941162109375000e+02
9.195587921142578125e+01
-6.323875732421875000e+02
-2.717949218750000000e+02
4.290613708496093750e+02
8.750630493164062500e+02
-9.275081176757812500e+02
-9.326130371093750000e+02
-3.121202697753906250e+02
8.171439208984375000e+02
-1.967807159423828125e+02
-6.665640258789062500e+02
-9.010632324218750000e+02
-4.230251464843750000e+02
-7.106334838867187500e+02
-1.531190795898437500e+02
5.179250488281250000e+02
5.600118408203125000e+02
5.892541503906250000e+02
1.289148406982421875e+02
-9.541265869140625000e+02
-4.597054138183593750e+02
5.259311523437500000e+02
-1.620752563476562500e+02
-2.849042053222656250e+02
8.480481719970703125e+01
-6.064540405273437500e+02
-7.357675781250000000e+02
6.872994995117187500e+01
7.101813964843750000e+02
-8.111712036132812500e+02
-7.198358154296875000e+02
1.921434631347656250e+02
5.111361694335937500e+02
7.757313842773437500e+02
2.370293426513671875e+01
-4.163237915039062500e+02
-3.980013122558593750e+02
-9.454975585937500000e+02
-1.368354797363281250e+02
-7.318190307617187500e+02
5.212974243164062500e+02
-2.703858642578125000e+02
8.582884521484375000e+02
5.812783203125000000e+02
-1.990760955810546875e+02
-4.472526550292968750e+02
-5.801361694335937500e+02
-5.577551879882812500e+02
3.536505737304687500e+02
-6.081541137695312500e+02
-3.018879699707031250e+02
-8.124097290039062500e+02
-5.023495788574218750e+02
1.392098140716552734e+01
-3.440859375000000000e+02
1.049950027465820312e+02
-4.422568969726562500e+02
-3.073891906738281250e+02
3.850009155273437500e+02
8.043495178222656250e+01
-6.913161010742187500e+02
-3.786972656250000000e+02
7.267780761718750000e+02
-8.383817138671875000e+02
-4.442476501464843750e+02
-1.668780975341796875e+02
-2.358977813720703125e+02
-5.255349731445312500e+02
-7.081307983398437500e+01
-5.773040161132812500e+02
-1.171062850952148438e+02
5.432299804687500000e+02
7.645038452148437500e+02
-2.393862009048461914e-01
1.497492313385009766e+00
-7.458068132400512695e-01
1.453743934631347656e+00
1.288001298904418945e+00
-2.170391827821731567e-01
-4.990987479686737061e-01
-1.797724008560180664e+00
-6.835028529167175293e-01
-1.446790341287851334e-02
-1.395816326141357422e+00
1.996987938880920410e+00
3.845949172973632812e-01
5.036495327949523926e-01
-4.279486536979675293e-01
1.529394626617431641e+00
8.669397830963134766e-01
-1.627007961273193359e+00
-3.253072202205657959e-01
-4.182035624980926514e-01
-1.226311445236206055e+00
1.541965961456298828e+00
1.046935677528381348e+00
-1.024004340171813965e+00
-7.392027378082275391e-01
1.893261790275573730e+00
9.064183235168457031e-01
-6.646518111228942871e-01
7.130677700042724609e-01
1.721654891967773438e+00
-5.332586914300918579e-02
3.744154572486877441e-01
-1.342463493347167969e-01
1.679146289825439453e+00
-1.529028415679931641e+00
2.228603661060333252e-01
-1.269053369760513306e-01
1.124268695712089539e-01
1.467489719390869141e+00
-4.868996739387512207e-01
-1.570300698280334473e+00
-1.518276214599609375e+00
-7.205847501754760742e-01
-9.223714470863342285e-01
-9.110777974128723145e-01
4.407619833946228027e-01
1.191059708595275879e+00
2.085916511714458466e-02
-1.296124458312988281e+00
-1.443092942237854004e+00
1.216743230819702148e+00
-1.473879367113113403e-01
3.826465010643005371e-01
-5.468817800283432007e-02
-1.776608109474182129e+00
8.816642761230468750e-01
2.094312310218811035e-01
-2.568658888339996338e-01
-8.121423125267028809e-01
-1.790621995925903320e+00
-1.987926006317138672e+00
7.914469838142395020e-01
-1.165044665336608887e+00
-9.588365554809570312e-01
6.147650480270385742e-01
-4.269947111606597900e-01
1.133479326963424683e-01
-1.113239049911499023e+00
-5.288640260696411133e-01
5.386443138122558594e-01
-2.316959351301193237e-01
1.851574182510375977e+00
1.416170954704284668e+00
-3.485040068626403809e-01
1.630949258804321289e+00
5.907536670565605164e-02
1.377207875251770020e+00
4.687995314598083496e-01
3.575594425201416016e-01
-7.930998206138610840e-01
-9.681074023246765137e-01
1.861229300498962402e+00
-1.879002213478088379e+00
-1.417586088180541992e+00
-5.619521737098693848e-01
9.449723362922668457e-01
-8.891166448593139648e-01
8.613133430480957031e-01
-8.128255009651184082e-01
1.247443675994873047e+00
1.791252136230468750e+00
-7.947286218404769897e-02
-2.887297272682189941e-01
3.385242819786071777e-01
1.246038198471069336e+00
-1.844731092453002930e+00
1.013366546630859375e+02
4.227544784545898438e+01
2.165124359130859375e+02
5.247006225585937500e+02
2.142805023193359375e+02
9.375169067382812500e+02
9.397567138671875000e+02
7.547521972656250000e+02
4.884302978515625000e+02
6.114229125976562500e+02
9.817827148437500000e+02
8.345935058593750000e+02
5.313361206054687500e+02
8.589365844726562500e+02
6.061293945312500000e+02
9.048759460449218750e+00
8.874943237304687500e+02
6.640147094726562500e+02
5.442376098632812500e+02
8.832790527343750000e+02
3.089624633789062500e+02
2.792769775390625000e+02
2.586187133789062500e+02
4.425828857421875000e+02
6.616400146484375000e+02
9.233427734375000000e+02
1.556194763183593750e+02
1.303755493164062500e+02
3.361768493652343750e+02
1.568242340087890625e+02
3.798739013671875000e+02
TLAST
4.075039978027343750e+02
2415853570
-5.834108886718750000e+02
7.375816650390625000e+02
9.912883300781250000e+02
-8.548416900634765625e+01
4.798924560546875000e+02
3.239483337402343750e+02
-4.150142211914062500e+02
-2.758711547851562500e+02
-5.436872558593750000e+02
-3.418342285156250000e+02
6.233875751495361328e+00
-2.680958557128906250e+02
4.989156723022460938e+01
-1.707781028747558594e+01
1.643289184570312500e+02
9.503649902343750000e+02
7.358458862304687500e+02
-7.921019897460937500e+02
-5.840718994140625000e+02
-5.916619873046875000e+02
7.479937744140625000e+01
1.635678558349609375e+02
-6.933193969726562500e+02
-6.295330810546875000e+02
-7.882608795166015625e+01
-5.755865478515625000e+02
2.443541908264160156e+01
-9.770064697265625000e+02
8.169280395507812500e+02
-1.465154418945312500e+02
-9.430542602539062500e+02
6.846618041992187500e+02
4.437461547851562500e+02
-3.765859680175781250e+02
-2.081477813720703125e+02
-3.009597473144531250e+02
-6.335969924926757812e+01
-7.081105346679687500e+02
-3.495057373046875000e+02
4.929626770019531250e+02
4.246169128417968750e+02
-7.179338378906250000e+02
8.854215087890625000e+02
8.374170532226562500e+02
3.351832275390625000e+02
8.623109130859375000e+02
-4.870043945312500000e+02
2.313040466308593750e+02
-1.383614349365234375e+02
9.054854125976562500e+02
2.138383483886718750e+02
-9.159600830078125000e+02
-1.708831481933593750e+02
-6.627135620117187500e+02
-8.980674438476562500e+02
3.723483276367187500e+02
-3.035192260742187500e+02
-1.570251560211181641e+01
1.557205505371093750e+02
9.326940917968750000e+02
9.197191162109375000e+02
-9.909636230468750000e+02
-8.774784545898437500e+02
-7.256186676025390625e+01
-6.111089477539062500e+02
-9.026084594726562500e+02
-4.894585266113281250e+02
-8.123242187500000000e+02
7.833786621093750000e+02
7.182766113281250000e+02
7.287786865234375000e+01
-5.536240844726562500e+02
1.637729072570800781e+01
4.972920227050781250e+01
-4.425014343261718750e+02
4.530097045898437500e+02
-9.954987182617187500e+02
-5.835318603515625000e+02
-4.652646484375000000e+02
5.985422363281250000e+02
-6.570657958984375000e+02
-1.174428634643554688e+02
-1.495571136474609375e+02
-4.566996765136718750e+02
-4.733124694824218750e+02
-6.038696899414062500e+02
9.931200561523437500e+02
-1.646812438964843750e+01
-4.103147583007812500e+02
8.946523284912109375e+01
-6.813511962890625000e+02
-4.289656677246093750e+02
-5.491214599609375000e+02
6.883625488281250000e+02
-5.716942749023437500e+02
-8.555015258789062500e+02
1.590205579996109009e-01
2.342289388179779053e-01
1.892108559608459473e+00
-1.315776467323303223e+00
-3.066022992134094238e-01
-7.166371941566467285e-01
1.590425819158554077e-01
1.762261033058166504e+00
-5.966413617134094238e-01
-7.536453008651733398e-01
1.682376116514205933e-01
6.485844850540161133e-01
9.141361117362976074e-01
1.384123802185058594e+00
1.103308200836181641e+00
-1.412979364395141602e+00
-1.932410120964050293e+00
1.163046360015869141e+00
9.308553338050842285e-01
4.763065576553344727e-01
-5.693420171737670898e-01
4.026082158088684082e-01
9.115574359893798828e-01
1.849589467048645020e+00
1.203081965446472168e+00
1.278212070465087891e+00
7.483863234519958496e-01
1.905413150787353516e+00
1.820410728454589844e+00
3.705950677394866943e-01
9.835321307182312012e-01
-1.869346618652343750e+00
-3.504027426242828369e-01
1.921814441680908203e+00
-1.488094568252563477e+00
-1.212646126747131348e+00
1.616071701049804688e+00
1.503087520599365234e+00
1.679420709609985352e+00
1.189802214503288269e-01
2.923852503299713135e-01
-1.101291656494140625e+00
1.440308094024658203e+00
-1.382358193397521973e+00
1.822499334812164307e-01
-1.217226505279541016e+00
1.290494561195373535e+00
-1.367506504058837891e+00
-1.890449404716491699e+00
-1.593458175659179688e+00
-1.974303722381591797e+00
1.212097555398941040e-01
6.303246617317199707e-01
-9.353763461112976074e-01
-1.739086031913757324e+00
-9.825339913368225098e-01
1.513030886650085449e+00
-8.411765694618225098e-01
1.796197891235351562e+00
-8.364751338958740234e-01
8.349072337150573730e-01
-2.412835657596588135e-01
-2.776409387588500977e-01
-1.639867544174194336e+00
8.390204310417175293e-01
1.479096055030822754e+00
-5.621237158775329590e-01
-4.685604870319366455e-01
-6.938499212265014648e-01
-1.860667228698730469e+00
4.080314189195632935e-02
-1.167294144630432129e+00
-1.399947702884674072e-01
-1.894879698753356934e+00
-1.145353436470031738e+00
1.334841132164001465e+00
-1.997636675834655762e+00
2.881113439798355103e-02
1.611643433570861816e+00
9.373127222061157227e-01
-1.932046771049499512e+00
1.141142368316650391e+00
-7.912485599517822266e-01
-9.853634238243103027e-02
3.439520001411437988e-01
-1.457416176795959473e+00
1.455862522125244141e+00
-1.670885801315307617e+00
-1.053830146789550781e+00
-1.881078004837036133e+00
-2.970456182956695557e-01
-1.635833501815795898e+00
-3.523097634315490723e-01
1.659330844879150391e+00
1.155156850814819336e+00
-1.691815614700317383e+00
7.489329833984375000e+02
9.142585449218750000e+02
4.625289535522460938e+01
8.977211303710937500e+02
5.189005737304687500e+02
3.841163330078125000e+02
6.032319335937500000e+02
2.910255126953125000e+02
8.890681457519531250e+01
1.616679534912109375e+02
4.735936889648437500e+02
2.821086120605468750e+02
3.467002105712890625e+01
2.523098297119140625e+02
1.520589904785156250e+02
4.828345489501953125e+01
9.322621459960937500e+02
2.760838928222656250e+02
2.149879608154296875e+02
5.263521118164062500e+02
1.629439697265625000e+02
6.392876586914062500e+02
8.166583862304687500e+02
2.218563079833984375e+02
2.814608459472656250e+02
2.514346618652343750e+02
9.851782226562500000e+02
9.048565673828125000e+02
1.173373718261718750e+02
5.828114624023437500e+02
3.402081909179687500e+02
TLAST
5.366286010742187500e+02
2415853571
-8.749976806640625000e+02
-5.493981323242187500e+02
-6.461206054687500000e+02
1.994687042236328125e+02
1.090938491821289062e+02
6.063728637695312500e+02
-5.611398696899414062e+01
8.697202148437500000e+02
-7.578731079101562500e+02
-2.680755004882812500e+02
3.222776794433593750e+02
-5.448107299804687500e+02
9.524652099609375000e+02
5.003127136230468750e+02
-9.394645385742187500e+02
-9.573071289062500000e+02
8.231322631835937500e+02
-2.068709869384765625e+02
-2.546703529357910156e+01
-9.145873413085937500e+02
-6.765865478515625000e+02
-2.609755554199218750e+02
-1.024357986450195312e+02
-2.862632141113281250e+02
-8.324148559570312500e+02
1.815917663574218750e+02
4.896577453613281250e+01
-1.509405670166015625e+02
2.614020690917968750e+02
-8.967839355468750000e+02
9.640745239257812500e+02
2.018975372314453125e+02
-2.839479675292968750e+02
-9.752974243164062500e+02
4.744158020019531250e+02
-6.147126464843750000e+02
-2.358062896728515625e+02
5.053109741210937500e+02
-7.653758544921875000e+02
-7.734206542968750000e+02
3.911436767578125000e+02
6.771889038085937500e+02
-8.460167236328125000e+02
7.350734863281250000e+02
5.270223999023437500e+02
6.161281738281250000e+02
5.261449584960937500e+02
-8.996484985351562500e+02
8.346439208984375000e+02
2.866530151367187500e+02
-1.713489074707031250e+02
-8.295146484375000000e+02
8.263161621093750000e+02
-8.576520996093750000e+02
-7.953602905273437500e+02
-6.953848266601562500e+02
-3.607633056640625000e+02
-7.186627197265625000e+02
4.257474975585937500e+02
-3.770301513671875000e+02
4.535845031738281250e+02
8.804428100585937500e+02
-6.905600585937500000e+02
8.162753295898437500e+02
-3.995364379882812500e+02
5.963660278320312500e+02
6.398944702148437500e+02
9.590815734863281250e+01
-6.849765014648437500e+02
1.548617706298828125e+02
-6.585347900390625000e+02
-6.018914794921875000e+02
-3.908057861328125000e+02
9.811011962890625000e+02
-3.412012023925781250e+02
-7.722120361328125000e+02
-4.642349853515625000e+02
-4.553090667724609375e+01
-4.679195861816406250e+02
4.780028076171875000e+02
3.112871398925781250e+02
-8.898394775390625000e+02
9.199221191406250000e+02
-9.944971923828125000e+02
2.709537963867187500e+02
-1.622752380371093750e+02
2.543879089355468750e+02
9.980758056640625000e+02
-4.957119140625000000e+02
1.262241897583007812e+02
-7.345809326171875000e+02
-3.053066101074218750e+02
3.961377716064453125e+01
-2.668604431152343750e+02
1.799058914184570312e+01
-9.861644287109375000e+02
-1.099980473518371582e+00
-1.186302185058593750e+00
2.568475902080535889e-01
-2.371343523263931274e-01
-1.005140423774719238e+00
-5.414476394653320312e-01
-2.932892143726348877e-01
-1.901476502418518066e+00
-1.240674853324890137e+00
-1.818361043930053711e+00
-1.031896173954010010e-01
1.564305782318115234e+00
2.939740717411041260e-01
5.528680682182312012e-01
7.430223226547241211e-01
-1.031609177589416504e+00
-1.543081402778625488e+00
3.352473378181457520e-01
1.552629947662353516e+00
-4.734503626823425293e-01
-9.041256904602050781e-01
1.492395162582397461e+00
2.142406851053237915e-01
6.001887321472167969e-01
1.812416553497314453e+00
9.536147862672805786e-02
-9.928672313690185547e-01
-1.332631111145019531e+00
5.624572634696960449e-01
8.058966994285583496e-01
-4.009781777858734131e-01
-1.906551599502563477e+00
1.149975299835205078e+00
-1.751698970794677734e+00
-1.232424303889274597e-01
-3.431010842323303223e-01
2.393815852701663971e-02
-1.382397770881652832e+00
1.715142726898193359e-01
8.525659441947937012e-01
1.200043916702270508e+00
3.391975462436676025e-01
-1.933217167854309082e+00
-1.854000568389892578e+00
-1.567276000976562500e+00
-1.099490046501159668e+00
-4.940458536148071289e-01
1.160240173339843750e+00
9.759638905525207520e-01
1.611905455589294434e+00
5.047303438186645508e-01
-6.274849176406860352e-01
-1.493653297424316406e+00
1.917620897293090820e+00
1.104449629783630371e+00
-1.235836267471313477e+00
-1.042800545692443848e-01
1.890181422233581543e+00
7.716723680496215820e-01
-9.826093316078186035e-01
-2.033189386129379272e-01
1.564477801322937012e+00
-8.987463712692260742e-01
-1.607579737901687622e-01
-1.396840810775756836e+00
-1.076475381851196289e+00
-9.263867735862731934e-01
-1.642218232154846191e+00
4.442403614521026611e-01
-4.186798930168151855e-01
-4.946524798870086670e-01
5.241768956184387207e-01
-1.957135558128356934e+00
-1.864132285118103027e+00
-1.109086036682128906e+00
-5.992189049720764160e-01
1.392844915390014648e+00
2.104610949754714966e-01
-7.037312984466552734e-01
-5.895062685012817383e-01
-1.157338619232177734e+00
9.527199864387512207e-01
-5.640303492546081543e-01
1.045643210411071777e+00
-1.422894716262817383e+00
-4.378672838211059570e-01
-8.885676860809326172e-01
1.905344963073730469e+00
8.327509164810180664e-01
9.456882476806640625e-01
-5.418659374117851257e-02
5.653539896011352539e-01
7.044338583946228027e-01
-8.001766800880432129e-01
7.128973007202148438e-01
-1.893732190132141113e+00
5.960462036132812500e+02
6.565533447265625000e+02
9.320117797851562500e+02
2.866730041503906250e+02
5.943171997070312500e+02
7.920442504882812500e+02
6.661619262695312500e+02
2.644408569335937500e+02
4.390866088867187500e+02
2.795502929687500000e+02
6.189080810546875000e+02
6.883735351562500000e+02
5.728009033203125000e+02
7.002982177734375000e+02
1.777584381103515625e+02
1.027357254028320312e+02
7.939982910156250000e+02
9.175440673828125000e+02
8.913310546875000000e+02
8.662131347656250000e+02
1.229138183593750000e+02
5.371853637695312500e+02
2.629107666015625000e+02
5.972396087646484375e+01
3.879001464843750000e+02
5.058284301757812500e+02
2.856225395202636719e+01
2.326491241455078125e+02
6.519329833984375000e+02
8.032993316650390625e+01
6.789132080078125000e+02
TLAST
5.801760253906250000e+02
