2415853568
-1002485847
1138932169
-1005387960
1143929058
-1010041249
-1003788703
-1011032700
1148471031
-1000405502
1145385899
-999343181
-1020985338
-1003776176
-1017021356
-999420258
-1001202548
-1012034739
-1000026583
1130846914
1145495690
1143041143
1141823138
-1004898289
-1007327556
1145292435
-1013319832
-1008076965
1142455343
-1018314128
1114671555
1145285557
1143111743
1142370626
1144012797
-1014396349
-1011083993
-1014067871
1143697726
-1019770776
1117368677
-1002961241
-998787197
-999893104
-1001580180
1138101195
-1002440116
1143268881
1135729685
-1002249386
-1019300990
-1030541601
1141424750
1142792867
1143523116
-1000880612
-1025121246
1135196770
1118483272
1145923020
-1011286732
1141991757
1125637814
-1010334369
-1021853878
-1001844585
-1058412782
1137208222
-1003353967
1144237561
-999698982
1143351130
-1001994156
1146826712
-1000649535
1144327343
-999001535
1145117085
1127052609
1122373817
1098948996
1142929668
-1005909336
1144199344
1145573468
1139277268
1137654570
1125770545
-1052363876
1116533920
1136053189
1142670544
-1015941335
-1004383698
1143455067
-1017990284
1134948269
-1074334375
-1081987889
1059132952
1069895973
1065089305
1071913265
1053736482
1061018561
1069139870
1066822630
-1074794172
1072927740
1066204171
1071308321
-1081410054
-1079293120
1057662412
-1089888760
1062943895
1069479818
1066174191
1072767446
-1083593650
1060963695
1064832845
-1111100472
-1079280414
-1081027339
-1078322947
1071847887
1073410546
1041881643
-1089974984
-1100884043
-1082595422
-1093854643
1068982481
-1084509172
1053519905
1065660192
1051371387
1066135330
-1093616942
1069098406
-1079723744
1071663292
-1091167549
1055713779
-1093894652
1066805701
-1086777923
1040687036
-1107412408
1067999800
-1090370971
1068730530
-1079695945
1024930972
-1076522109
1070652345
1071421795
-1079148018
1065473537
1064048245
-1098402463
1070929043
1060361811
1057722326
-1106867327
1067900172
1047142008
-1094575776
1061859820
1059575798
1025144021
1072279561
1061596770
1071810202
1072438672
-1099063645
1071011736
1066483427
-1092657391
1073609768
-1089046702
1061011941
-1077463519
-1090740475
1060701591
1062391247
-1076874406
1070974600
1066193350
1065026775
-1077361736
-1094017658
1140712965
1118754431
1148106837
1144600987
1111951532
1145764410
1132539035
1140785139
1147057170
1131265030
1147709973
1084266349
1145587290
1115598092
1138903780
1137907562
1098361796
1139817878
1146346759
1142370017
1133909750
1148428154
1148439376
1133371816
1148511266
1137065114
1135829728
1140863072
1143824506
1148472191
1133272328
TLAST
1119533717
2415853569
-1005139957
1139939260
1142137171
1142593746
-1006553354
-1029918406
1140063410
1143235312
-1004514025
1131494270
1143427463
-1000781135
1143794563
1129622406
1084687625
-1004453031
-998851014
1102285753
-1003813018
-1010418338
1144644287
-1006373409
-1016008065
-1017330579
1138109694
-1012032349
-1012512519
-1021267970
-1024589860
-1000942515
1133432996
1146535967
-1007303127
-1020525220
1145095149
-1044030737
1109184179
1144667101
1146297363
1145942518
-1005366804
-1014145937
1133128542
-1000654344
-1032247966
1111110272
1145593948
-1017319534
-1006785191
1138925225
-1007711122
1138473461
-1006456803
1141468952
1141544234
-1003246672
1141555162
1134677512
-1007561462
-998701756
1124814087
-1013375667
-1002817148
1141000436
-1016094347
-1004586727
1140030613
1134797211
1144989901
-1014235345
-1001774475
-1006431392
1144340035
-1024127401
1145156636
1123963994
1140730703
1142807247
-1002664386
1122831382
1142676659
1142830453
-1005183289
-1015831974
1145672435
-1003477697
-1040219809
1128504833
-1000715258
1136155830
-1011783423
-1014628638
-1015842055
-1004325038
-1012630576
-1034832443
1072932364
-1078974382
-1080773769
-1078238598
-1097863462
1053377093
-1086750619
-1086214725
-1085422691
-1075670891
1071629403
1064505367
1070844091
1069987856
-1081766590
1064547267
-1077662001
1068696142
-1089527355
1061124564
-1078121048
1073025110
-1122098346
1064652057
1066695549
1065154083
-1075779098
1068175220
-1076551792
-1117256886
-1086916205
-1080086142
1053768236
-1085041467
-1075216513
-1092684301
-1073980351
1067853837
-1075518990
-1082439738
-1100520098
-1075910216
1051256903
-1122074737
-1077774115
1061291162
1068217271
1063633492
-1079650280
-1081557433
1056924429
-1114244856
-1075411503
-1086143857
-1074794827
1072362441
1049916790
-1076381314
1032634366
1064155605
-1083453860
-1079545377
1051515471
1059422934
-1080746322
-1081649803
1073002967
1072747228
-1078802024
-1098989543
1071285669
-1075304363
-1081308823
-1097045003
-1089445447
-1080327356
-1080302406
-1090399922
-1082578790
1059764219
1065342720
-1096149657
-1074783756
1028130402
-1076795611
-1089945217
-1076943295
1051533405
1073242397
-1088057011
1059906737
-1100261212
1072287730
1069359304
-1088719876
-1078980646
1133665533
1145973964
1145956972
1145475108
1136644581
1137638392
1121544513
1145914228
1134169918
1144691698
1140999443
1147006972
1135153760
1141552750
1139859614
1140879035
1141572487
1129025127
1143482897
1145304281
1132515376
1143729993
1145510105
1141996627
1137016377
1135557130
1146546973
1108639921
1145576377
1141362619
1130563898
TLAST
1143670589
2415853570
1148472165
1143916578
1133486142
-1003106690
-1000500139
1141972306
-1006016404
-1002548860
1143554220
-1012465252
1146904160
-1012004984
1145495428
-1027488713
1147217712
1107621473
-1005318831
1146527209
1140646106
1145921193
-1067916117
-1048352787
-1006028443
-1001157306
-1002058822
1143395260
-1012910595
1128608060
1140820644
-1019750226
1133074278
1142489479
1143352277
-1024474874
-1003799587
1148462816
-1030448898
-1019268779
-1000153408
1124139057
-1012778085
-1006263759
1136076720
-1006118587
1124112295
-1026893239
1142519185
1141109672
1145656453
1141833365
1146821431
-1052877221
1145758427
-1033479944
-1005582332
-1001961143
-1002537436
-1002884424
-1021013057
1142068491
-1003969908
1145518322
-1006369012
1127132940
1146113925
1123050295
-1008334905
-1009874679
1145676136
1138036238
1139825866
1143765574
1137191046
1145342122
1125892771
1120495564
1133733868
-998664596
1143418919
1147155482
-1006294609
1144388356
1147076154
-999738745
1136694830
-1008660029
-1017478286
1143900698
1108111320
1117639272
-1007223120
1139372650
1127968283
1136198089
1119910871
1132988445
-1083666374
-1080499826
1057709779
-1079986863
1042744198
-1078439411
1072069186
-1085295034
1055213623
1062627425
1066845065
-1076962206
1073491562
-1098120778
-1079153626
-1076114550
1048759736
1069857684
-1078437768
-1073775645
-1080321014
1073078651
1049483046
-1091691248
-1074936832
1060486240
-1086119568
1057589134
-1082523397
1060676286
1065914636
1069569445
1051075047
-1076927291
-1082059502
1065313936
-1088704164
1073005226
1051983827
1043384243
-1079052598
1033206063
1062797949
1063625114
-1080821935
-1083406925
-1082458872
-1084619440
1068611986
-1096201377
1072996060
-1085481881
1064696357
1068691698
1059346735
-1087392916
-1082059023
1059883693
-1085779641
-1081843705
1051257770
1069827224
-1086910795
1058036872
-1080814240
-1075473803
1072906032
1069505919
1066124988
1068467622
-1079705098
-1101590399
1042118192
1070102273
1071940983
-1075010342
-1074889710
-1076187023
-1090951172
1069843714
1059340586
1066035294
-1074257954
-1075413637
1067148940
-1094944353
-1101020553
-1092720652
1045827021
-1081885310
-1087518611
-1114211829
-1084079937
1053015891
-1083531985
-1087968136
1132527404
1123709814
1141922403
1138535703
1126645859
1130812112
1141052110
1132911056
1146209280
1139745108
1138530673
1147360726
1143479974
1141509699
1133949215
1124141234
1087734518
1132938943
1132284239
1145759676
1127307138
1142972969
1144627888
1145293607
1130201618
1136250621
1141763489
1148550180
1143023558
1134111518
1148765727
TLAST
1114720238
2415853571
1144942718
1105620656
-1005383954
-1008463662
1140995655
-1012782285
1126151151
-1010935420
-1010610798
1143603459
-1010720130
1128565049
1119367606
1148523183
1125531883
-1026289984
-1000822548
-1021452437
1094028631
1119477663
1135076508
-1000535467
-1017741871
1131637700
1146484201
1134524056
1132940470
-1012812753
-1002961118
1145489361
1132732631
-1005630539
-1000297615
1147312904
-1006918669
1115381223
1146349667
-1005522778
-1015780075
1136026646
1128444605
1146662985
1146760899
1132929564
-1021435703
1130485330
-998825533
1116224960
-1053888507
1144851871
-1004648687
-1030830035
-1002675197
-1010955796
-1013265289
1120510081
-999348946
-1005823738
-1037594194
-1003036525
1143285474
1135793769
-1010184254
1140839074
-1013055568
-1011520119
1113610836
-1008562982
1129125347
1146047326
-1009146351
-1010030259
-1005357137
-1010809807
1147750166
1122949506
-1007655276
-1033383557
-1006632063
1144154735
-1002704581
1147295701
1147843159
1141232265
-1014783591
1134199751
1131975463
1148158623
-1005452693
1121942967
1145095835
-1029343341
-1011868229
1143508440
-1014360603
-1002276635
-1084110029
-1088822467
1067401720
-1075464170
-1079992353
-1120494342
1045330013
-1075458976
1066773610
1032114276
1050316740
1066692463
-1077789231
1066565058
1073088961
-1084070751
1054032831
-1089444575
-1130450095
1039187940
-1112008805
-1105988788
1057272452
1064254137
1062362553
-1077082791
-1115969806
-1074221307
1070737525
1062405130
1065839249
1058986041
1060518282
1062492808
1066187105
1073478260
-1092960709
1071191285
-1081295243
-1079447870
1068321718
-1098095907
1068209405
1068622152
1050805870
1060728055
1070583603
1059484433
1060254052
1071096331
-1081732313
-1104678169
1065384596
1071222576
-1077993690
1064256395
1066915227
-1076249543
1070905248
1072742529
-1074777962
-1076103918
1066162590
1059470412
1034626067
-1102729222
-1086720562
-1078051186
-1078121003
-1089778943
1059337180
1064110913
1069228436
1072609170
-1100269641
1065279940
-1081467865
1069066224
1063120016
1063574336
-1079153904
-1129329508
-1085996053
-1086310017
1052842600
1032472730
-1076442863
1063864427
-1085651388
-1078669117
-1079750416
1068659172
1026589292
1011610143
-1086678515
-1080033160
1144332656
1136863902
1141617187
1145695275
1146251629
1100975156
1132834239
1142607711
1148205599
1140890877
1135579373
1136231515
1141679538
1144705350
1142860902
1143792393
1139851053
1138934880
1143446996
1107674523
1130718220
1148397488
1115807472
1142109924
1122470301
1139359027
1135300152
1144070348
1145838466
1133739346
1142902662
TLAST
1115331605
