2415853568
4.801059570312500000e+02
-8.000611572265625000e+02
8.372776794433593750e+01
4.747649230957031250e+02
5.798367919921875000e+02
9.737404785156250000e+02
-9.157176513671875000e+02
9.547202148437500000e+02
-1.470368347167968750e+02
-2.513742523193359375e+02
-3.551961975097656250e+02
-5.058717651367187500e+02
5.040400085449218750e+02
-6.332285766601562500e+02
5.497797851562500000e+02
4.948109436035156250e+02
2.665834045410156250e+02
5.215552368164062500e+02
-7.832442016601562500e+02
8.929444580078125000e+02
5.682733764648437500e+02
-2.445346984863281250e+02
-3.359107971191406250e+02
-7.781004028320312500e+02
7.093721313476562500e+02
-5.602930297851562500e+02
-4.450859680175781250e+02
-7.572814331054687500e+02
1.374380645751953125e+02
-8.659718627929687500e+02
-4.378895874023437500e+02
8.445142822265625000e+02
9.037937622070312500e+02
-9.919824218750000000e+02
-9.065980224609375000e+02
9.613755035400390625e+01
8.353214721679687500e+02
-5.873618164062500000e+02
1.333145904541015625e+01
-3.472547912597656250e+02
6.254317016601562500e+02
-6.951478271484375000e+02
-5.216361083984375000e+02
8.799622192382812500e+02
-2.448437194824218750e+02
8.021488037109375000e+02
-9.672598876953125000e+02
2.412409210205078125e+02
-5.520841598510742188e+01
-9.114517822265625000e+02
2.522345733642578125e+02
-8.186719970703125000e+02
6.941076660156250000e+02
8.836172485351562500e+02
-1.309037322998046875e+02
-2.738057861328125000e+02
3.742402038574218750e+02
3.861725158691406250e+02
5.287336425781250000e+02
8.276660156250000000e+02
7.849414062500000000e+02
-9.429985351562500000e+02
-2.385184020996093750e+02
2.014662475585937500e+02
-9.478569335937500000e+02
3.229532775878906250e+02
-1.691424407958984375e+02
9.654323730468750000e+02
2.784967651367187500e+02
2.656970214843750000e+02
-4.091432189941406250e+02
-9.968656616210937500e+02
7.004364624023437500e+02
-1.080067138671875000e+02
1.756929931640625000e+02
-2.879306030273437500e+02
-3.899884643554687500e+02
4.891931457519531250e+02
1.980924835205078125e+02
-7.692154541015625000e+02
5.410731201171875000e+02
3.944109497070312500e+02
-7.179164428710937500e+02
-8.061231994628906250e+01
-6.164453125000000000e+02
4.847638549804687500e+02
7.198531494140625000e+02
-3.690379333496093750e+01
-1.679464721679687500e+02
-1.491846618652343750e+02
5.780049438476562500e+02
6.440937805175781250e+01
4.898545532226562500e+02
-6.844223632812500000e+02
7.691744995117187500e+02
7.061464233398437500e+02
2.458731681108474731e-01
1.018543958663940430e+00
-8.688767552375793457e-01
5.386049151420593262e-01
9.784979224205017090e-01
1.812185168266296387e+00
6.843435168266296387e-01
-4.988515675067901611e-01
-3.555636405944824219e-01
9.182425588369369507e-02
1.985175758600234985e-01
-1.946830935776233673e-02
9.099016785621643066e-01
7.798250317573547363e-01
-4.210444688796997070e-01
1.451296448707580566e+00
-3.959066867828369141e-01
3.398741185665130615e-01
1.397250413894653320e+00
-2.935040891170501709e-01
-6.462379693984985352e-01
-6.677601337432861328e-01
1.530810832977294922e+00
-1.641100883483886719e+00
1.409673690795898438e+00
3.427331149578094482e-01
3.196333944797515869e-01
1.164315342903137207e+00
-1.635702967643737793e+00
1.231874346733093262e+00
-3.240631222724914551e-01
-2.420993298292160034e-01
1.788182377815246582e+00
7.622075080871582031e-01
-1.100438117980957031e+00
5.500007867813110352e-01
-3.662435114383697510e-01
-1.188352227210998535e+00
-4.852286577224731445e-01
1.249282360076904297e+00
-8.318805098533630371e-01
-1.212555527687072754e+00
-2.454940825700759888e-01
-7.353229522705078125e-01
1.943296194076538086e+00
-1.202768608927726746e-01
-1.144055247306823730e+00
-2.342941313982009888e-01
-1.028722405433654785e+00
-8.546200990676879883e-01
-1.376447558403015137e+00
4.158272445201873779e-01
2.262816391885280609e-02
4.231259524822235107e-01
1.749499320983886719e+00
5.125836133956909180e-01
1.119696855545043945e+00
1.230458974838256836e+00
-4.399094581604003906e-01
1.837057918310165405e-01
1.504180192947387695e+00
6.790969520807266235e-02
1.316528320312500000e+00
-7.411046028137207031e-01
-2.973560690879821777e-01
1.435056775808334351e-01
1.785276055335998535e+00
2.145146718248724937e-03
-1.773767232894897461e+00
-9.128741621971130371e-01
1.321715712547302246e+00
1.328772306442260742e+00
4.484779238700866699e-01
1.319008995778858662e-03
-2.384981065988540649e-01
1.496809720993041992e-01
-1.746595263481140137e+00
-1.952240943908691406e+00
1.927866578102111816e+00
6.824804544448852539e-01
-1.810550093650817871e+00
-8.364751935005187988e-01
1.699929714202880859e+00
-9.451151490211486816e-01
-7.476478815078735352e-01
-1.094642281532287598e+00
-3.435761034488677979e-01
1.291655302047729492e+00
7.920598387718200684e-01
2.722312211990356445e-01
5.729277133941650391e-01
-1.820854067802429199e+00
1.442354202270507812e+00
8.378828167915344238e-01
-1.264780282974243164e+00
2.046801149845123291e-01
9.753564453125000000e+02
1.143699188232421875e+02
4.756548767089843750e+02
2.237109222412109375e+02
9.104238281250000000e+02
7.490769653320312500e+02
4.462397155761718750e+02
8.548245849609375000e+02
5.050790100097656250e+02
2.753845214843750000e+01
6.419328613281250000e+02
6.115922241210937500e+02
7.613908081054687500e+02
1.403034667968750000e+02
9.426416625976562500e+02
3.836875915527343750e+02
4.814244384765625000e+02
3.924219665527343750e+02
9.943884277343750000e+02
2.499643096923828125e+02
7.860863037109375000e+02
9.532357788085937500e+02
4.846240844726562500e+02
4.908510437011718750e+02
1.390735321044921875e+02
6.491009521484375000e+02
6.479468994140625000e+02
7.413620605468750000e+02
8.399953002929687500e+02
9.991707153320312500e+02
6.548875732421875000e+02
TLAST
7.372471313476562500e+02
2415853569
-5.605629272460937500e+02
-6.286124877929687500e+02
4.554581909179687500e+02
7.198408813476562500e+02
-8.704782867431640625e+01
4.222172851562500000e+02
-4.358816223144531250e+02
8.106620483398437500e+02
-6.392274780273437500e+02
-2.654615783691406250e+02
6.889982299804687500e+02
5.334089965820312500e+02
-3.608055114746093750e+02
-5.409717407226562500e+02
4.169526672363281250e+02
6.106123046875000000e+02
6.353263549804687500e+02
-5.103266296386718750e+02
-3.589877624511718750e+02
3.418708801269531250e+02
7.760883178710937500e+02
-7.493014526367187500e+02
-9.117686767578125000e+02
4.500107116699218750e+02
9.417476806640625000e+02
-8.009666137695312500e+02
4.328052902221679688e+01
-3.229551086425781250e+02
-7.984450073242187500e+02
-1.274883804321289062e+02
-8.707011108398437500e+02
-6.496056518554687500e+02
-7.713168334960937500e+02
8.041665039062500000e+02
-4.029180297851562500e+02
-7.756104736328125000e+02
1.944079895019531250e+02
1.994283447265625000e+02
-4.241373901367187500e+02
6.744731445312500000e+02
-7.445348510742187500e+02
6.800581665039062500e+02
-9.611624145507812500e+02
1.310803222656250000e+01
-6.907440185546875000e+02
9.723925170898437500e+02
9.034922485351562500e+02
-3.005389022827148438e+01
-6.198940429687500000e+02
7.024400634765625000e+02
6.090438232421875000e+02
-3.177200317382812500e+01
-9.619563598632812500e+02
-1.368388061523437500e+02
-2.955958747863769531e+01
1.200275192260742188e+02
-4.015642395019531250e+02
1.916949920654296875e+02
9.799651489257812500e+02
-8.154746093750000000e+02
-3.247748413085937500e+02
9.203022460937500000e+02
-2.934494628906250000e+02
-5.832890014648437500e+02
5.688182373046875000e+02
-2.774225463867187500e+02
-3.634196777343750000e+02
-3.822994384765625000e+02
-1.147537002563476562e+02
-5.256486816406250000e+02
2.457435302734375000e+02
7.909022827148437500e+02
5.258734893798828125e+01
-7.820606079101562500e+02
8.043262939453125000e+02
-9.274172973632812500e+02
7.363267211914062500e+02
7.318878936767578125e+01
-9.246044921875000000e+02
-4.820956726074218750e+02
-3.210162353515625000e+02
-2.989638977050781250e+02
-6.666210327148437500e+02
6.596041870117187500e+02
-8.072985839843750000e+02
-8.434761810302734375e+01
3.624255895614624023e+00
-5.454675674438476562e+01
4.209401855468750000e+02
-6.811969604492187500e+02
9.711488342285156250e+01
1.178154449462890625e+02
-3.911028137207031250e+02
1.081182003021240234e+01
-1.678021087646484375e+02
-8.168426513671875000e+01
-1.475458264350891113e+00
-1.751992940902709961e+00
9.903532266616821289e-01
1.745661258697509766e+00
1.788496851921081543e+00
-1.188410997390747070e+00
6.788781881332397461e-01
-7.359912991523742676e-01
-4.539337456226348877e-01
1.922159790992736816e+00
2.803510427474975586e-01
3.121959567070007324e-01
1.317233562469482422e+00
1.833513975143432617e+00
-1.833024144172668457e+00
1.810179829597473145e+00
-5.208988785743713379e-01
-4.443298578262329102e-01
1.671290993690490723e+00
1.707191020250320435e-02
9.219928830862045288e-02
-4.501005113124847412e-01
1.298823595046997070e+00
1.257234692573547363e+00
8.424534797668457031e-01
1.371550679206848145e+00
4.531476199626922607e-01
-8.045421838760375977e-01
1.140818446874618530e-01
-1.841935038566589355e+00
1.770441532135009766e-01
-1.468531370162963867e+00
-3.163897991180419922e-02
1.045974731445312500e+00
-4.907498657703399658e-01
-7.685515284538269043e-01
-1.510119676589965820e+00
9.384258985519409180e-01
-3.238231837749481201e-01
2.795051038265228271e-01
-7.054046988487243652e-01
1.022165536880493164e+00
8.166397809982299805e-01
-1.260560989379882812e+00
1.259100079536437988e+00
8.305261731147766113e-01
-5.162582397460937500e-01
-1.108047962188720703e+00
1.098325371742248535e+00
1.773781776428222656e+00
1.393849402666091919e-01
-1.943106949329376221e-01
1.097129821777343750e+00
-1.146364688873291016e+00
6.307199597358703613e-02
-1.309975385665893555e+00
1.901701688766479492e+00
1.395012736320495605e+00
-6.802067905664443970e-02
1.807904601097106934e+00
-9.632935523986816406e-01
1.311755776405334473e+00
-2.870782315731048584e-01
-1.038540229201316833e-01
-1.043145418167114258e+00
-1.258878946304321289e+00
1.085052371025085449e+00
-1.603135824203491211e+00
1.460656404495239258e+00
6.317448019981384277e-01
1.257009059190750122e-01
1.196853995323181152e+00
6.895192265510559082e-01
-1.829596877098083496e+00
-4.813124611973762512e-02
-7.091593146324157715e-01
-1.414052098989486694e-01
-1.486406773328781128e-01
-7.998312115669250488e-01
-1.642075777053833008e+00
-1.301977276802062988e+00
-9.369262456893920898e-01
-1.252114057540893555e+00
-1.326038599014282227e+00
3.693062663078308105e-01
-4.358543455600738525e-01
5.878872275352478027e-01
-1.965718865394592285e+00
-1.920099616050720215e+00
-1.451503157615661621e+00
1.479629158973693848e+00
1.162690997123718262e+00
-1.838650941848754883e+00
1.867096543312072754e+00
1.220568493008613586e-01
5.213951468467712402e-01
7.905156250000000000e+02
1.462854766845703125e+02
3.769485473632812500e+02
3.458743896484375000e+02
7.486384887695312500e+02
9.580585937500000000e+02
1.356796569824218750e+02
9.069022216796875000e+02
7.034262695312500000e+02
5.568923950195312500e+02
1.465493774414062500e+02
5.686870727539062500e+02
9.523804321289062500e+02
4.468085021972656250e+02
5.573173217773437500e+02
8.769241943359375000e+02
5.931327514648437500e+02
6.483905029296875000e+02
2.009256134033203125e+02
8.568839111328125000e+02
4.806163024902343750e+02
6.093990478515625000e+02
1.221295700073242188e+02
3.751097717285156250e+02
2.724435729980468750e+02
5.341525878906250000e+02
2.731322021484375000e+02
5.767947387695312500e+02
2.587080383300781250e+02
6.077922973632812500e+02
3.547572326660156250e+02
TLAST
2.611271667480468750e+02
2415853570
1.935743713378906250e+02
5.247904052734375000e+02
6.099319458007812500e+02
7.968305664062500000e+02
-7.793703460693359375e+01
3.161508789062500000e+02
5.429059448242187500e+02
9.851240844726562500e+02
7.780482177734375000e+02
6.270421752929687500e+02
-6.209130249023437500e+02
-1.892014465332031250e+02
-9.623825073242187500e+00
-1.620166778564453125e+02
-5.146708374023437500e+02
-8.781558837890625000e+02
1.185865020751953125e+02
2.723613281250000000e+02
6.195278930664062500e+02
9.714132080078125000e+02
-7.865087280273437500e+02
-4.642318420410156250e+02
-6.293621215820312500e+02
3.797415161132812500e+02
6.017478637695312500e+02
-2.439054565429687500e+02
-5.944705200195312500e+02
-1.749098510742187500e+02
-5.083760681152343750e+02
-9.015375366210937500e+02
7.980364990234375000e+02
4.806812133789062500e+02
2.257364501953125000e+02
2.881392822265625000e+02
-1.199241065979003906e+01
3.122012939453125000e+02
-6.228679809570312500e+02
-5.134942626953125000e+02
-9.429685058593750000e+02
2.865763549804687500e+02
4.499773254394531250e+02
8.213981323242187500e+02
-1.822947845458984375e+02
9.683610229492187500e+02
-6.010600585937500000e+02
-4.867229919433593750e+02
-5.671355056762695312e+01
2.066047973632812500e+02
-1.420068664550781250e+02
4.628627319335937500e+02
7.205112915039062500e+02
3.945108642578125000e+02
3.581316833496093750e+02
3.560967407226562500e+02
-7.562860717773437500e+02
-3.324283599853515625e+01
-2.633468017578125000e+02
2.173389739990234375e+02
-2.075052032470703125e+02
-8.532292480468750000e+02
6.909202880859375000e+02
6.635557861328125000e+02
-4.781884765625000000e+02
2.253690032958984375e+02
3.816810302734375000e+02
-8.729113769531250000e+02
2.768032836914062500e+02
-6.944991455078125000e+02
5.772336425781250000e+02
7.029332885742187500e+02
-5.606054077148437500e+02
-1.794883422851562500e+02
-8.909104003906250000e+02
9.615358886718750000e+02
-1.698021697998046875e+02
-8.388361816406250000e+02
6.769141845703125000e+02
-6.508239746093750000e+02
8.188239135742187500e+02
-4.801698608398437500e+02
4.838405456542968750e+02
6.330951538085937500e+02
4.236034545898437500e+02
-3.505049438476562500e+02
3.318393325805664062e+01
-5.510845336914062500e+02
-2.739457702636718750e+02
-1.094525375366210938e+02
-9.926881713867187500e+02
-6.952318725585937500e+02
8.728208007812500000e+02
-9.802391357421875000e+02
9.730931091308593750e+01
7.982163696289062500e+02
3.757011108398437500e+02
5.581119995117187500e+02
-1.243456482887268066e+00
8.953164815902709961e-01
-1.568912982940673828e+00
1.175874710083007812e+00
4.220183491706848145e-01
-1.758239984512329102e+00
-1.648002743721008301e+00
-3.531304895877838135e-01
1.540420770645141602e+00
1.134588241577148438e+00
-1.654261648654937744e-01
7.338922023773193359e-01
-1.950841993093490601e-01
-1.964575886726379395e+00
1.287351608276367188e+00
6.823856830596923828e-01
-1.984567403793334961e+00
8.925288319587707520e-01
1.477939009666442871e+00
1.338895440101623535e+00
-1.004622936248779297e+00
1.488744974136352539e+00
-7.103589177131652832e-01
-1.013995289802551270e+00
-1.380442619323730469e+00
1.312122821807861328e+00
-4.863210618495941162e-01
-1.162686586380004883e+00
1.666249930858612061e-01
1.123017311096191406e+00
-8.980386853218078613e-01
-1.745069503784179688e+00
-6.376809477806091309e-01
-1.327198266983032227e+00
7.550176978111267090e-01
-2.353964745998382568e-01
1.608260989189147949e+00
-1.234679818153381348e+00
-1.709514617919921875e+00
1.023336052894592285e+00
1.576355993747711182e-01
5.347091555595397949e-01
-1.018021345138549805e+00
7.499321699142456055e-01
1.603416681289672852e+00
7.887409925460815430e-01
1.695721626281738281e+00
-9.323341846466064453e-01
-1.512183248996734619e-01
-7.427291274070739746e-01
1.847138404846191406e+00
3.038560152053833008e-01
1.611478328704833984e+00
1.193061947822570801e+00
1.709649413824081421e-01
-1.954368829727172852e+00
-1.039618015289306641e+00
1.000548005104064941e+00
-7.057453989982604980e-01
1.462909460067749023e+00
9.787318855524063110e-02
-1.315271735191345215e+00
6.041979044675827026e-02
-9.242073297500610352e-01
-1.289112806320190430e+00
7.317362427711486816e-01
-3.404854983091354370e-02
-1.128878951072692871e+00
5.924097299575805664e-01
-3.412276208400726318e-01
-1.625434398651123047e+00
-5.022222995758056641e-01
-7.097944021224975586e-01
1.154613018035888672e+00
1.243712544441223145e+00
1.854650616645812988e+00
-1.232116460800170898e+00
-1.741642057895660400e-01
-1.218350138515233994e-02
-1.686693906784057617e+00
1.974883973598480225e-01
-3.257550001144409180e-01
-8.704917430877685547e-01
-1.451077818870544434e+00
1.055916119366884232e-02
8.285827040672302246e-01
4.799893200397491455e-01
1.982388138771057129e+00
1.789663791656494141e+00
1.349151015281677246e+00
-6.202920675277709961e-01
-1.454649567604064941e-01
-1.716262459754943848e+00
1.312887668609619141e-01
1.884437441825866699e+00
-8.552768230438232422e-01
7.503312683105468750e+01
7.400843505859375000e+02
4.200840759277343750e+02
1.323341674804687500e+02
6.268189239501953125e+01
8.657269287109375000e+02
3.091213989257812500e+02
5.553109130859375000e+02
4.837258605957031250e+02
8.403164672851562500e+02
5.036300659179687500e+02
4.195274047851562500e+02
8.115081787109375000e+01
2.994602661132812500e+02
8.365383911132812500e+02
9.139795532226562500e+02
1.462984466552734375e+02
2.086599731445312500e+02
5.993403320312500000e+02
9.219166259765625000e+02
9.507276916503906250e+01
8.654089355468750000e+02
2.867310714721679688e+01
2.378213653564453125e+02
3.348955383300781250e+02
9.195183715820312500e+02
4.576745300292968750e+02
8.256757202148437500e+02
5.871553802490234375e+01
7.939770507812500000e+02
3.739997863769531250e+02
TLAST
9.377473144531250000e+02
2415853571
3.376055908203125000e+02
1.837427062988281250e+02
6.052067871093750000e+02
-2.751373291015625000e+02
7.283749389648437500e+02
-2.619172668457031250e+02
4.356534183025360107e-01
-2.155873870849609375e+02
-7.500912475585937500e+02
-8.059799804687500000e+02
-9.815126953125000000e+02
5.205867309570312500e+02
-4.476679992675781250e+02
-8.496956176757812500e+02
-8.023331909179687500e+02
-1.028765869140625000e+02
4.353264465332031250e+02
-5.002859497070312500e+01
5.835729370117187500e+02
5.834608764648437500e+02
-6.819282836914062500e+02
-7.551191406250000000e+02
8.318925781250000000e+02
-4.074897460937500000e+02
6.590176391601562500e+01
-4.534691467285156250e+02
6.956992797851562500e+02
1.238624954223632812e+02
-9.322996826171875000e+02
4.627152709960937500e+02
-3.551127319335937500e+02
5.347008056640625000e+02
-5.867100830078125000e+02
-2.421906890869140625e+02
4.799473190307617188e+01
6.620117950439453125e+01
-2.767804908752441406e+01
-4.684097290039062500e+02
2.774570846557617188e+01
7.336212921142578125e+01
-4.677688598632812500e+02
-1.786852722167968750e+02
-3.495733032226562500e+02
-1.687088623046875000e+02
7.025835571289062500e+02
-8.469912719726562500e+02
-6.632211303710937500e+02
-5.033125610351562500e+02
8.714080810546875000e+02
2.178227691650390625e+02
8.686657714843750000e+01
8.696779174804687500e+02
4.485341491699218750e+02
6.556459350585937500e+02
8.495754394531250000e+02
-6.065214843750000000e+02
-7.693532104492187500e+02
-7.741142272949218750e+01
2.066000213623046875e+02
-6.572948608398437500e+02
4.298976135253906250e+01
6.332104110717773438e+01
-9.311805419921875000e+02
3.022860412597656250e+02
6.600736083984375000e+02
3.688241882324218750e+02
-4.146005859375000000e+02
-1.673647155761718750e+02
9.405017700195312500e+02
-1.707510986328125000e+02
-1.238073806762695312e+02
7.280043334960937500e+02
6.642161865234375000e+02
-5.281099243164062500e+02
-3.409045028686523438e+01
6.439302368164062500e+02
-4.450243835449218750e+02
1.002004776000976562e+02
8.647930297851562500e+02
1.111238403320312500e+02
-2.945348739624023438e+01
5.597135162353515625e+01
-8.072498779296875000e+02
7.677044067382812500e+02
-5.422050781250000000e+02
-3.707221069335937500e+02
6.513705444335937500e+02
1.041640090942382812e+02
-3.199461364746093750e+02
2.224896240234375000e+02
-2.854150695800781250e+02
-5.987023315429687500e+02
-7.258655395507812500e+02
-1.449248657226562500e+02
-8.130945434570312500e+02
5.075394287109375000e+02
-3.225817382335662842e-01
-1.054634213447570801e+00
1.470608711242675781e+00
6.832365393638610840e-01
-1.962645798921585083e-01
1.542796790599822998e-01
-1.576035022735595703e+00
9.298342466354370117e-02
-3.848418891429901123e-01
-1.164353609085083008e+00
1.245958328247070312e+00
1.538720965385437012e+00
-8.344030380249023438e-01
-7.994425296783447266e-01
1.219526171684265137e+00
-5.358877778053283691e-01
3.405940532684326172e-01
-1.185045003890991211e+00
-8.979178071022033691e-01
-1.832401156425476074e+00
1.437288761138916016e+00
1.567617803812026978e-01
6.775079369544982910e-01
-1.504792451858520508e+00
-4.282239973545074463e-01
-1.078106164932250977e-01
-3.553355932235717773e-01
-1.705178260803222656e+00
1.698286384344100952e-01
1.458378314971923828e+00
1.816734194755554199e+00
-1.357300043106079102e+00
-7.176890373229980469e-01
-2.483853697776794434e-01
1.139008402824401855e+00
1.407534122467041016e+00
1.455070853233337402e+00
-1.841324925422668457e+00
1.404510587453842163e-01
-1.373915076255798340e+00
-1.038023114204406738e+00
-9.678876996040344238e-01
1.492534756660461426e+00
-6.703662872314453125e-01
3.190330862998962402e-01
-3.209983110427856445e-01
9.615085721015930176e-01
-1.868495583534240723e+00
5.881176590919494629e-01
-6.394353508949279785e-02
-6.780793666839599609e-01
-1.402914524078369141e+00
-5.450809597969055176e-01
9.717801809310913086e-01
7.221263051033020020e-01
-9.427790641784667969e-01
1.534183263778686523e+00
-1.917300462722778320e+00
1.526229500770568848e+00
1.136352896690368652e+00
-1.269375801086425781e+00
-1.587812542915344238e+00
2.615839838981628418e-01
-1.947805166244506836e+00
-1.743160486221313477e+00
-5.065559744834899902e-01
-7.721273303031921387e-01
-1.757053494453430176e+00
-6.571002602577209473e-01
7.418136596679687500e-01
-1.974522471427917480e+00
1.133674979209899902e+00
5.200558900833129883e-01
-1.146040678024291992e+00
-1.572910547256469727e-01
-1.524963974952697754e-01
9.060038328170776367e-01
1.785127997398376465e+00
5.758228898048400879e-01
-6.495603322982788086e-01
-1.966559410095214844e+00
6.262184977531433105e-01
-8.917561173439025879e-01
-9.630824923515319824e-01
-1.319022059440612793e+00
9.257608652114868164e-01
-6.987128257751464844e-01
1.083087697625160217e-01
-1.871535181999206543e+00
4.062513113021850586e-01
1.142326712608337402e+00
-4.335624575614929199e-01
-3.762229681015014648e-01
-6.685779094696044922e-01
1.241687655448913574e+00
-5.193657875061035156e-01
9.019627685546875000e+02
4.336506347656250000e+02
5.313241577148437500e+02
9.166098022460937500e+02
1.031967010498046875e+02
1.802471923828125000e+02
1.053480758666992188e+02
8.251557617187500000e+02
4.882032394409179688e+01
6.727833251953125000e+02
7.120600585937500000e+02
8.791262207031250000e+02
6.031514892578125000e+02
8.968795166015625000e+02
9.140250854492187500e+02
5.050556030273437500e+02
9.262866210937500000e+02
4.313108520507812500e+02
6.804721679687500000e+02
6.267359619140625000e+02
9.027875976562500000e+02
7.663284301757812500e+02
9.048456420898437500e+02
1.869068908691406250e+02
5.730193481445312500e+02
8.909735107421875000e+02
6.445949707031250000e+02
9.274735107421875000e+02
4.891644668579101562e+01
5.147630004882812500e+02
9.190222167968750000e+02
TLAST
6.458179931640625000e+02
