2415853568
-1022635867
1129129080
-1021397346
-1021905156
1134287015
1104475664
1145815676
1147653279
1141932167
1142969471
1120216607
-1002165712
1096430247
1125573838
1141079759
1137246738
1144507316
1139912706
1104232311
-1001014965
1145610386
1130376789
1139858929
1134112817
1141460725
-1002033451
1142360015
-1010740417
-1013446558
-1000520394
-1018059961
-1011296740
1137052304
1141321537
1139107198
-1024570839
1142865840
-1015291175
-1003430888
-1007504759
-1009402162
1138610458
1132048070
-1014147195
1127448125
-1003403667
1148033122
1146619042
-1001025339
1148455355
1135952031
1140895627
-1004406845
-1053163935
1139353365
-1014128464
1132515093
1146309288
-998963133
1148609729
1143941462
-999603168
-1001775782
1146810459
1147234196
-1006972295
1144772582
1134315754
1147063238
1143517581
-1016192420
-1017130452
-1007602332
1122666681
1132618734
1134743697
-1014238592
-1004448526
-1000602176
-1026078970
-1000978827
-1030359457
1146235872
1128262195
-998929363
1147629077
-1012745029
1139723024
1146377698
1119410933
-1018056039
-1018397128
-1009616314
1134142516
-1009677974
-1007932461
1054887178
-1084192220
1057429782
1069957588
-1078659245
-1080833696
-1087513661
1064620931
-1101288517
-1089500175
-1074934761
-1085699471
1041270523
1041112124
1062786600
1072125085
1056402217
1070574829
1069038839
1060598463
-1087461118
1058828311
-1074495565
1060244530
-1115300993
1069455357
-1082323762
1069794235
1063798415
-1075128693
-1081337697
-1081982071
1070927196
1067849925
1061020709
-1087005761
1058701273
-1076751086
-1096620924
-1081051400
-1078593357
-1080960189
-1075865229
1024049472
1067411359
-1090784402
-1094025089
-1093673100
1063732000
1069967154
1071102050
1071149486
1071434637
1073318099
-1089502731
1055424923
1072008330
1052745025
1070074424
1059829721
-1073887638
1071407338
1036913300
1060580303
-1118704657
-1081429460
1062146391
-1080437868
-1073776516
1058773920
1065040931
1014723051
-1103190676
1057050709
1067794945
1068156608
1072798980
1034235013
-1087595247
1052103683
1068907344
-1083084652
1065779609
-1073993112
1059185192
1068791069
-1093753361
-1107155214
-1098580217
1065990505
-1076412050
1060507577
-1082382672
1033953520
1049730467
-1076388321
1140296219
1115858232
1136542922
1147483552
1130891541
1142026929
1137224834
1127150956
1144406420
1132303559
1125461142
1092527432
1140662642
1146177169
1110860590
1088187265
1144408814
1144573192
1141270030
1144161822
1147999535
1137207251
1144228127
1136722892
1146977197
1141992423
1101948114
1144262728
1138455492
1127820483
1131276742
TLAST
1080177807
2415853569
-1003476588
-1005432144
1123351837
1141902280
1142235295
1135581542
1144444068
1126781657
-1003204643
-1001081367
1132737479
-1004208672
1142088166
-998990866
-1060007967
1148475664
1143508008
-1053146855
1138249860
-1009900310
-1014628698
-999752526
-1050674409
1133037739
1142211726
-1002981703
1148794052
1148067414
1143772968
1143728018
1147614977
1142814603
-1003921035
1148256451
1127280356
-1002529486
1082850625
1143880418
-1006352104
1135581208
-1030509248
-1013716736
1146134437
-1005287562
-1005492841
-1001196442
1148738038
1140879170
-1002595433
-1003456491
-1001980629
-1005083509
1147211985
-1000622485
1115955674
-1010769392
-1015759538
-999436427
1137885100
-1031888926
1136643434
1135594932
-998656825
1139084783
1135099737
1142680540
-1014928203
1146876873
1145309221
1139295534
1145508615
1142489401
-1004245731
-1001612430
-1001224914
1140916358
-1010156740
1143888486
-1012612822
1138956174
-1114669544
-1007297928
-1002183574
1148239349
1148558853
1112878894
-999292323
-1003880952
-1000845490
-1006622223
-1002695331
-1004173716
-1007699846
1125106290
-1004878171
-1013548497
1052284808
1069287519
-1097461535
-1086995908
1066739909
-1141533666
1069961422
-1087304354
-1081136946
-1081570376
1066718132
1056184971
1063627823
-1079968743
-1101450659
-1091072538
1070950811
-1125529881
1069563746
-1081207882
1066178016
-1101983819
1051915640
1049924486
-1074510025
-1080797266
-1089163750
1059804756
-1074616199
1066914224
1066207195
-1075680323
-1073842977
-1076986948
-1086720137
-1085357356
-1074517647
-1088702439
1070172590
1070196829
1068309310
-1081893726
-1074345466
-1076728075
1052835857
1006108806
-1097846196
993758480
-1075092469
-1082051256
-1078505808
-1074306781
-1081082322
-1080530209
1045343704
1066930769
-1105987194
1035171741
1049774762
1070893264
-1082227376
-1079085233
-1081810592
-1096444489
-1073956785
-1078770554
1058292015
1069733325
1068918064
-1087795757
-1080278906
-1076554405
1061262914
-1079570068
-1093179364
1046332942
1049269132
-1082004563
-1102003956
1068961184
-1078833703
-1097810396
1071372917
1070111848
1045111992
1056365845
-1090799474
1067593396
-1077488416
-1096034564
-1080774912
1053446246
-1080534505
1050493991
-1096771346
1043274497
1139105250
1141908400
1144778094
1138309178
1148068913
1139437110
1134139082
1146730179
1144246824
1147661477
1128954555
1146445241
1137622110
1140486570
1135518719
1146022545
1144959739
1132099016
1133170497
1115856348
1146232929
1138044076
1148288270
1124078637
1141175318
1144560609
1143041096
1133451246
1144587411
1141324120
1129595551
TLAST
1129780138
2415853570
-1014693573
1135729329
-1005783379
1145657518
1134808547
1146798388
-1047044618
-1006464551
1124116513
1146077665
1140857010
1135947029
-1005467918
1148765147
-1013775997
-1010141999
1144549875
-1004501615
-1006230801
-1019545930
1142940363
-1011367348
-1017448410
1141951276
1118440539
1146231181
1137844104
-1000848666
-1001701425
1141581972
1147662233
-1000760585
1144045427
-1002885043
-1011101500
-1011043915
1128225406
-1005996851
1132775898
-1010005972
1125968764
1131859511
-1001283435
-1007062008
-1007303273
-999766029
1145437090
1145980588
1142339360
-1013596923
1129840759
1146792067
1121569020
1143203497
1138506482
-1040818557
-999844928
-1061917215
1144513165
1141180589
-999144906
1128368947
1129657051
-1018375449
-1018095667
-1006446184
1142262063
-1012820615
1145020955
1137453160
1141663995
-1003704954
1142749744
-1012282604
-999172812
-1009153821
-1005310970
-1048964161
-1013477366
1145764475
1142741925
1115747384
-1007331332
-1011048184
-1001137646
1141288005
1133242988
-1005638739
-1001615008
-1001180911
-1004396774
1136087220
-1000403835
1136251540
1137278685
-1008776724
-1088638747
1070225251
-1112440896
1067016202
-1082977374
-1080238923
1066434766
1066324403
1059149211
-1113937416
-1090421191
1067792296
-1081615930
-1081861998
-1081170854
1064242996
-1090408551
1067015922
1045125124
1052254727
1055688800
-1085426096
-1086557932
-1077809722
1066579675
1073054369
1056237290
-1081801967
1066361223
1072658564
1060120446
-1084417938
1067552754
1050468755
-1076034946
1042722832
-1081582955
-1076101692
-1079458099
1053081915
1073387776
1042330435
1051124366
-1079836193
-1080157324
1068389020
-1093699558
1061256337
-1085312306
-1079430407
-1101480429
1069108625
-1111635235
1066210234
-1075054814
1057020854
-1082654991
-1096413471
-1081716598
-1079929965
-1080303110
1073171184
-1099695796
1040400486
1073118868
1060637719
-1115306194
1064648464
-1077147143
1073009365
-1096561059
1071092509
1065637999
1073142927
-1114814242
1038815387
1070279057
-1081232541
1062073071
-1090401136
1060388965
-1087680676
1073465962
-1074117951
-1076552946
1031153397
-1093365801
1068807650
1052483211
1065382204
-1102475644
-1099427335
-1076667473
-1074846012
-1081188531
-1130808989
1141040323
1144518417
1127290816
1140304088
1143258488
1130567126
1145345535
1134252260
1130748690
1137160411
1135716950
1114690834
1121902927
1147383808
1138088081
1145490009
1144035576
1147661501
1106507565
1145896324
1142526824
1144196858
1145517758
1148803911
1134839206
1128225327
1121481489
1137347203
1126891378
1143911027
1141949230
TLAST
1142532701
2415853571
-1040077232
1144459612
1143032191
-1000290251
1147614453
-1001934514
1136199784
1143410843
1137889543
1141564592
1136728355
1133863915
1146527532
1146657747
-1018080310
-1035280288
-1006061469
1143982337
1121936681
-1023029110
-1002187778
1148414504
-1012562259
1148819891
1147261803
-1021921832
1129775740
-1013462542
-1004170590
-1005344001
-1007023329
-1011661471
-1009578215
1142430929
1148690287
1135135277
1141022485
1091393939
-1003856866
1141600721
-1001313132
-1005525164
1127839896
1117485974
-999834183
-1003322120
-999841749
1139467585
1148023470
-1019505010
-1019595299
1123011161
-1002483686
1129115315
1144084151
-1001988840
-1009458644
-1006576159
1133297549
1141140693
-1007438358
1136380135
1135527227
1135187758
-1013219257
1140650408
1134476445
-1012683804
1147189449
1121114052
-999488194
-999944912
-1001507866
1145113736
-1021342343
1135702459
-1006333449
-1002192936
1123528370
-1012996731
1138692681
1117126518
-1000215859
-1035556254
-1006454636
1146360218
1146136901
1117189468
-1021706508
1133777517
1120400834
-1003212375
-1008302640
1117082038
-1000212646
-1012362857
1068998107
-1079935696
1066703764
1071693846
-1079817633
-1081694282
1046786307
-1087340305
-1079226825
1062878177
-1085194005
-1082903568
-1089150290
-1074838623
1070742709
-1107880050
-1090159259
-1125518772
-1075490156
-1082629560
1067024730
-1088242107
-1077715794
-1082707083
-1084895326
-1081593841
-1096159859
-1087866045
-1075271950
-1077578577
-1096787188
-1095918069
1066782760
1041788440
1067017829
-1087043881
-1073790975
1057249002
1050054380
1071788576
1059019576
-1080074892
1071860824
1060493160
-1077676425
-1125131391
-1085909873
1073500407
1048672130
-1077196603
-1096625306
1065750006
-1077439000
1038696235
-1075093592
-1093871350
1071547836
-1095708476
-1091904832
1055539614
-1076043378
-1087187462
1060378144
1060609252
-1077501425
1067046787
-1088244109
1050401246
-1099169156
1055609703
1047990088
1065204265
1064102197
1050556641
1059661774
1069831414
1073097334
1064817065
1070015484
1042967545
-1075234263
1060628108
-1077196088
-1123945192
1066596838
1072479712
-1080820511
-1080463037
1068879776
1045586052
-1086306660
1067158337
-1116569745
1065714556
-1084330849
1065746099
1105452466
1137996359
1127594154
1146800351
1092293388
1133066959
1144959785
1134582873
1146986896
1146115554
1121752095
1136896760
1138435953
1146660178
1145286815
1120228768
1095837494
1122642059
1140621350
1111611633
1135819531
1133421068
1146140508
1086567588
1126643823
1142071268
1144711915
1132770930
1145054571
1129322891
1145352212
TLAST
1130506526
