2415853568
-3.689603881835937500e+02
1.182009887695312500e+01
6.952218017578125000e+02
3.318806457519531250e+02
4.226496887207031250e+02
-7.690806884765625000e+02
-6.137886352539062500e+02
-4.412910079956054688e+01
6.404189453125000000e+02
-5.665514526367187500e+02
-5.297387695312500000e+02
8.010122070312500000e+02
-2.026487731933593750e+02
-5.933840332031250000e+02
4.863408813476562500e+02
2.041955871582031250e+02
-1.455421142578125000e+02
-9.415654907226562500e+02
1.471567440032958984e+01
-5.952648925781250000e+02
6.510172729492187500e+02
7.841272583007812500e+02
1.018271865844726562e+02
9.861267089843750000e+02
9.834321899414062500e+02
3.933374328613281250e+02
-3.435495300292968750e+02
-1.352141876220703125e+02
7.604719848632812500e+02
4.394654541015625000e+02
-2.653584289550781250e+02
4.427213668823242188e+00
2.192146110534667969e+01
-2.101737403869628906e+01
-5.330397338867187500e+02
9.661800537109375000e+02
6.077507934570312500e+02
9.082673950195312500e+02
-8.845872497558593750e+01
9.966174926757812500e+02
-8.681357574462890625e+01
8.081300659179687500e+02
-4.818785705566406250e+02
5.542960357666015625e+01
7.536040039062500000e+02
-2.198020629882812500e+02
-4.077176513671875000e+02
8.948240356445312500e+02
2.245881347656250000e+02
-6.519096679687500000e+02
-9.125914916992187500e+02
6.870009155273437500e+02
7.555731811523437500e+02
-7.975451049804687500e+02
-2.856788635253906250e+02
-4.454266662597656250e+02
-7.157548828125000000e+02
-8.177339477539062500e+02
1.364193572998046875e+02
9.714962158203125000e+02
5.096992187500000000e+02
8.834457397460937500e+02
-3.402843322753906250e+02
2.411930847167968750e+02
-6.513628540039062500e+02
-4.451401367187500000e+02
5.498839721679687500e+02
6.068301391601562500e+02
-5.927586669921875000e+02
1.725824432373046875e+02
2.222542877197265625e+02
8.795852050781250000e+02
3.032254028320312500e+02
-8.664238281250000000e+02
3.638434448242187500e+02
-9.060077514648437500e+02
1.479460449218750000e+02
9.098072509765625000e+02
5.539406738281250000e+02
-6.219574584960937500e+02
6.060883178710937500e+02
9.566777954101562500e+02
8.406290893554687500e+02
-9.283822059631347656e+00
4.690043640136718750e+02
-3.125505065917968750e+02
1.952007598876953125e+02
-2.608157348632812500e+02
-5.757817840576171875e+01
6.620198974609375000e+02
-7.911834106445312500e+02
-1.050599136352539062e+02
-2.827572631835937500e+01
9.000476684570312500e+02
2.263771362304687500e+02
4.913690795898437500e+02
3.231931924819946289e-01
9.728183746337890625e-01
1.461946010589599609e+00
1.215961456298828125e+00
8.606843948364257812e-01
1.709172248840332031e+00
5.133273601531982422e-01
-1.436420559883117676e+00
5.755822062492370605e-01
1.495809078216552734e+00
-4.537575840950012207e-01
-3.461182117462158203e-03
-1.606780886650085449e+00
-5.481821894645690918e-01
-3.190130591392517090e-01
3.821621090173721313e-02
-6.415526866912841797e-01
8.337598443031311035e-01
-5.950859189033508301e-01
-5.642427802085876465e-01
-1.444837212562561035e+00
6.216970086097717285e-01
1.477736473083496094e+00
1.273411750793457031e+00
-4.200210571289062500e-01
-7.193276882171630859e-01
-9.637777209281921387e-01
1.792764186859130859e+00
-5.566328763961791992e-01
4.372948706150054932e-01
1.805011510848999023e+00
-1.910865545272827148e+00
-6.332783699035644531e-01
-1.596764564514160156e+00
-8.446722626686096191e-01
1.457650303840637207e+00
-1.919334650039672852e+00
-8.592357635498046875e-01
-8.423918485641479492e-01
1.521521329879760742e+00
-6.943535208702087402e-01
1.272905230522155762e+00
-1.777709722518920898e+00
3.900968134403228760e-01
8.284027576446533203e-01
-1.334470987319946289e+00
1.334569692611694336e+00
-6.332526803016662598e-01
1.942434430122375488e+00
6.543157696723937988e-01
2.981082499027252197e-01
2.588577270507812500e-01
5.959147810935974121e-01
-6.435844302177429199e-01
1.710026741027832031e+00
1.637385249137878418e+00
1.750601887702941895e+00
7.939630150794982910e-01
1.838971376419067383e+00
1.652920842170715332e+00
-7.324793934822082520e-01
-2.235409319400787354e-01
-2.279541790485382080e-01
-1.599111199378967285e+00
1.826884508132934570e+00
1.040054440498352051e+00
-8.697969913482666016e-01
8.847765922546386719e-01
-9.579284191131591797e-01
5.420157313346862793e-01
-5.430958271026611328e-01
-1.801892161369323730e+00
1.862052559852600098e+00
9.405931234359741211e-01
-7.107210159301757812e-01
1.992344856262207031e+00
-1.797264695167541504e+00
1.201846361160278320e+00
-1.418094635009765625e+00
1.834979176521301270e+00
5.572020411491394043e-01
-2.066032439470291138e-01
-1.580021858215332031e+00
-4.847546517848968506e-01
3.628704696893692017e-02
-1.391321301460266113e+00
1.516632795333862305e+00
1.917534708976745605e+00
-7.138743996620178223e-01
-6.809858083724975586e-01
7.123144865036010742e-01
-1.128386735916137695e+00
-9.795469045639038086e-01
-1.109313368797302246e+00
1.906876683235168457e+00
-1.652153611183166504e+00
6.903036499023437500e+02
8.857802124023437500e+02
5.758106994628906250e+01
2.284613037109375000e+02
1.042523498535156250e+02
3.169807739257812500e+02
3.405725860595703125e+01
5.646704711914062500e+02
8.854326171875000000e+02
3.964118347167968750e+02
9.161521606445312500e+02
4.613953857421875000e+02
2.856410522460937500e+02
1.094444580078125000e+02
9.856605224609375000e+02
5.167578735351562500e+02
3.137320861816406250e+02
2.856700744628906250e+02
5.323709716796875000e+02
7.120279541015625000e+02
2.752152709960937500e+02
4.254765625000000000e+02
8.031883544921875000e+02
3.198156433105468750e+02
2.763008422851562500e+02
4.639979934692382812e+01
3.497788696289062500e+02
6.698905029296875000e+02
2.354723968505859375e+02
9.681386108398437500e+02
9.505086669921875000e+02
TLAST
5.182518310546875000e+02
2415853569
5.341930541992187500e+02
4.825629577636718750e+02
8.542342529296875000e+02
6.473343505859375000e+02
-7.346779785156250000e+02
-7.028061523437500000e+02
3.231126708984375000e+02
-6.620216064453125000e+02
4.029302062988281250e+02
-2.688596801757812500e+02
-5.645923461914062500e+02
-5.364652709960937500e+02
9.351729125976562500e+02
6.720661010742187500e+02
1.530361080169677734e+01
7.545979003906250000e+02
-2.570137023925781250e+02
-1.995213928222656250e+02
-1.711194305419921875e+02
4.488729858398437500e+02
4.220076293945312500e+02
-1.190970611572265625e+02
-6.695891723632812500e+02
6.267174072265625000e+02
2.948158569335937500e+02
-2.723522033691406250e+02
-6.362163085937500000e+02
3.044164733886718750e+02
2.426745147705078125e+02
-2.046317901611328125e+02
-5.748140258789062500e+02
1.598452758789062500e+01
-9.929505615234375000e+02
-2.273800354003906250e+02
3.886252441406250000e+02
1.362715911865234375e+02
-2.251389617919921875e+02
8.182251586914062500e+02
-7.057327270507812500e+02
-3.612922058105468750e+02
-5.223870849609375000e+02
8.339198608398437500e+02
-4.134928894042968750e+01
-6.932526245117187500e+02
-4.091035766601562500e+02
8.980836181640625000e+02
1.772562713623046875e+02
4.174524841308593750e+02
8.820656585693359375e+01
5.631132812500000000e+02
-5.978498535156250000e+02
-3.249390563964843750e+02
8.260812377929687500e+02
4.475617065429687500e+02
-5.009096069335937500e+02
-1.592537841796875000e+02
1.747198944091796875e+02
4.720877075195312500e+01
-3.283278198242187500e+02
9.704296112060546875e+01
-7.066296997070312500e+02
-8.731088256835937500e+02
5.362089843750000000e+02
-5.571179199218750000e+02
-1.545817565917968750e+02
-1.006106948852539062e+02
-4.544312744140625000e+02
3.225552368164062500e+02
-2.705820312500000000e+02
-5.602274417877197266e+00
5.108625793457031250e+02
7.252356567382812500e+02
-1.432947540283203125e+02
2.282638854980468750e+02
-6.385836791992187500e+02
-1.639010925292968750e+02
-8.273676147460937500e+02
3.671581983566284180e+00
-6.947479248046875000e+02
-3.551298522949218750e+02
4.589840087890625000e+02
4.285048522949218750e+02
3.890982360839843750e+02
2.753182678222656250e+02
4.093857727050781250e+02
-9.670624389648437500e+02
-5.620448608398437500e+02
-3.440013732910156250e+02
8.195807495117187500e+02
-6.661773681640625000e+02
1.164681854248046875e+02
-6.364552001953125000e+02
-3.108247070312500000e+02
-4.928338928222656250e+02
5.216802978515625000e+02
-7.103552856445312500e+02
-1.164151430130004883e+00
-6.264284253120422363e-01
1.548282623291015625e+00
1.478048086166381836e+00
1.714536428451538086e+00
1.487282633781433105e+00
-1.436016201972961426e+00
-5.640794038772583008e-01
3.831562697887420654e-01
1.190468430519104004e+00
1.270324587821960449e+00
1.318190097808837891e+00
-6.294473409652709961e-01
-7.013705968856811523e-01
9.415523707866668701e-02
1.541973829269409180e+00
-5.930320024490356445e-01
1.521013140678405762e+00
-7.384673357009887695e-01
9.567303955554962158e-02
-1.457271695137023926e+00
7.967143058776855469e-01
-1.221699237823486328e+00
-3.682278990745544434e-01
-6.101501639932394028e-03
-1.610185056924819946e-01
-1.212198853492736816e+00
-7.535133957862854004e-01
-1.020588278770446777e+00
-1.944417238235473633e+00
-1.493230015039443970e-01
9.146518707275390625e-01
6.033860445022583008e-01
3.941094279289245605e-01
1.224515676498413086e+00
1.446591138839721680e+00
2.215916812419891357e-01
4.610323607921600342e-01
-1.144388914108276367e+00
1.445695638656616211e+00
-1.818856954574584961e+00
5.655171871185302734e-01
8.479078412055969238e-01
-1.445112228393554688e+00
5.500978827476501465e-01
-5.023258924484252930e-01
-1.216450333595275879e+00
-1.971690893173217773e+00
1.450231552124023438e+00
-1.978391647338867188e+00
2.570047676563262939e-01
-7.067314982414245605e-01
-1.162889122962951660e+00
3.226403519511222839e-02
-1.544616937637329102e+00
1.283923029899597168e+00
-1.899314284324645996e+00
6.301831454038619995e-02
3.949609398841857910e-01
1.281376838684082031e+00
-1.496042132377624512e+00
-1.531728029251098633e+00
1.809401623904705048e-02
1.884524226188659668e+00
1.379199743270874023e+00
1.522594809532165527e+00
-1.788217574357986450e-02
-1.857440948486328125e+00
-1.629678368568420410e+00
1.597026705741882324e+00
1.426223278045654297e+00
9.801269769668579102e-01
5.688411593437194824e-01
1.655697345733642578e+00
-1.867896318435668945e-01
-8.010577410459518433e-02
1.658763647079467773e+00
1.796808958053588867e+00
-5.881575122475624084e-02
1.725444197654724121e+00
-1.186609864234924316e+00
1.918161869049072266e+00
3.130400776863098145e-01
8.780075907707214355e-01
9.777939319610595703e-01
-1.616748094558715820e+00
1.447053551673889160e+00
-2.921389639377593994e-01
1.256918668746948242e+00
5.602928400039672852e-01
-6.567291617393493652e-01
6.023210883140563965e-01
-1.796226024627685547e+00
-6.279813647270202637e-01
1.994002223014831543e+00
-3.018938899040222168e-01
6.068729248046875000e+02
9.230165405273437500e+02
9.788629150390625000e+02
5.142457275390625000e+02
7.272633056640625000e+02
1.103277359008789062e+02
3.225249938964843750e+02
8.853348388671875000e+02
6.523950805664062500e+02
7.046319580078125000e+02
1.981764373779296875e+02
1.802946319580078125e+02
9.125262451171875000e+02
7.351676635742187500e+02
6.905708007812500000e+02
9.277938842773437500e+02
6.400664062500000000e+02
4.910881652832031250e+02
5.483112182617187500e+02
6.792790527343750000e+02
8.201110229492187500e+02
7.588187255859375000e+02
6.171645507812500000e+02
8.230748291015625000e+02
3.763314514160156250e+02
5.824272460937500000e+02
1.543792877197265625e+02
1.034509506225585938e+02
9.159097900390625000e+02
9.266403198242187500e+02
2.188105773925781250e+02
TLAST
2.148933868408203125e+02
2415853570
9.591337890625000000e+02
1.128235397338867188e+02
9.292935371398925781e+00
9.759396972656250000e+02
1.390906677246093750e+02
7.736557617187500000e+02
-9.312234497070312500e+02
-2.605598754882812500e+02
1.520148162841796875e+02
-4.950099792480468750e+02
5.817089843750000000e+01
7.204996948242187500e+02
-7.403285522460937500e+02
-4.552726745605468750e+02
-8.586759033203125000e+02
6.795188598632812500e+02
3.555560302734375000e+02
-9.608498535156250000e+02
-2.994897766113281250e+02
-7.853712768554687500e+02
-9.354758911132812500e+02
-5.736190185546875000e+02
4.546614685058593750e+02
-3.603477783203125000e+02
-2.758068237304687500e+02
5.630025634765625000e+02
1.266694488525390625e+02
6.615132446289062500e+02
-9.863543090820312500e+02
-6.299198913574218750e+01
9.796535034179687500e+02
9.441609497070312500e+02
8.793362426757812500e+02
1.003118820190429688e+02
-9.576328125000000000e+02
8.226257934570312500e+02
-6.951607055664062500e+02
-8.709757690429687500e+02
8.245357055664062500e+02
2.340661811828613281e+01
4.175666809082031250e+01
-2.273815612792968750e+02
2.614396972656250000e+02
9.899914550781250000e+02
2.007477416992187500e+02
-8.594039306640625000e+02
-1.522475433349609375e+02
8.775100708007812500e+02
-9.262756958007812500e+02
1.683097839355468750e+02
-6.530838012695312500e+02
-4.345118103027343750e+02
-1.228066864013671875e+02
5.472836685180664062e+01
2.277955169677734375e+02
8.081253051757812500e+02
5.056913757324218750e+02
9.202512359619140625e+01
3.699569702148437500e+02
-2.322604827880859375e+02
-9.200326538085937500e+02
-9.104118041992187500e+02
-2.031095504760742188e+01
-7.333766479492187500e+02
-8.562481689453125000e+02
-8.352644042968750000e+02
7.265265655517578125e+01
3.884897766113281250e+02
-5.570820617675781250e+01
-7.276950683593750000e+02
8.628822021484375000e+02
-2.496967010498046875e+02
2.290420684814453125e+02
2.267293548583984375e+02
3.227346496582031250e+02
-6.579594116210937500e+02
-8.972437744140625000e+02
-8.668752441406250000e+02
7.794056396484375000e+02
4.249748229980468750e+02
4.116748046875000000e+02
6.080652999877929688e+01
7.954373168945312500e+01
-3.844253845214843750e+02
1.190615005493164062e+02
9.928753051757812500e+02
9.099886474609375000e+02
9.731313476562500000e+02
-9.048647460937500000e+02
-3.197694091796875000e+02
-5.469756469726562500e+02
9.287325439453125000e+02
-1.874004974365234375e+02
-2.724292945861816406e+01
-4.279075622558593750e+02
-9.730302429199218750e+01
-1.066322922706604004e+00
-1.984161376953125000e+00
1.069485545158386230e+00
-8.092266917228698730e-01
-1.055963635444641113e+00
-1.451491117477416992e+00
4.261358976364135742e-01
7.907672524452209473e-01
1.543574213981628418e+00
3.010500073432922363e-01
-1.119194984436035156e+00
-6.825512051582336426e-01
1.486607432365417480e+00
1.030028313398361206e-01
-1.041238784790039062e+00
1.151993274688720703e+00
1.704754710197448730e+00
9.324181675910949707e-01
-1.909389853477478027e+00
-1.380073189735412598e+00
-8.528010845184326172e-01
1.079029917716979980e+00
5.802451372146606445e-01
-7.837870717048645020e-01
1.547663211822509766e+00
1.027460336685180664e+00
-1.960066556930541992e+00
-1.137886524200439453e+00
-8.428910970687866211e-01
4.873455762863159180e-01
1.959902882575988770e+00
9.035148620605468750e-01
-1.531232118606567383e+00
5.104005932807922363e-01
1.873515963554382324e+00
-7.365122437477111816e-02
-1.715617328882217407e-01
-1.222220182418823242e+00
1.769150257110595703e+00
1.206870913505554199e+00
4.278577268123626709e-01
-1.094630956649780273e+00
-6.547376513481140137e-01
1.122963309288024902e+00
1.023450717329978943e-01
-1.412701129913330078e+00
-1.709503889083862305e+00
-3.705269694328308105e-01
-4.345830678939819336e-01
4.304969310760498047e-01
1.568646669387817383e+00
-1.720304965972900391e+00
1.412214875221252441e+00
-1.530533552169799805e+00
4.281775951385498047e-01
8.242725729942321777e-01
-5.549590587615966797e-01
2.086803317070007324e-02
6.406119465827941895e-01
-4.048715233802795410e-01
1.477896422147750854e-01
1.852118730545043945e+00
2.955003976821899414e-01
1.077529788017272949e+00
1.942089796066284180e+00
1.575377225875854492e+00
-1.535560011863708496e+00
-1.745570421218872070e+00
9.779554605484008789e-01
1.034967415034770966e-02
-1.062869906425476074e+00
-1.063221216201782227e+00
2.265230752527713776e-02
-1.374323964118957520e+00
1.452344775199890137e+00
1.150631666183471680e+00
4.037750884890556335e-02
1.005719184875488281e+00
-1.578787446022033691e+00
9.075528979301452637e-01
-7.677935957908630371e-01
-1.343431711196899414e+00
1.556738376617431641e+00
-1.076660394668579102e+00
8.436362147331237793e-01
-1.293676018714904785e+00
-1.938900351524353027e+00
-1.995714008808135986e-01
7.458177953958511353e-02
-1.768370866775512695e+00
-1.224920988082885742e+00
1.517945080995559692e-01
-1.817100882530212402e+00
7.886844873428344727e-01
1.230294823646545410e+00
-7.484337687492370605e-01
4.372400512695312500e+02
2.521343078613281250e+02
1.886680297851562500e+02
2.981457214355468750e+02
1.142423400878906250e+02
1.358004608154296875e+02
6.571793823242187500e+02
1.859622192382812500e+02
6.947357177734375000e+02
1.666243286132812500e+02
5.563040771484375000e+02
8.996350860595703125e+01
3.885527038574218750e+02
4.143710937500000000e+02
4.073529052734375000e+02
9.708524780273437500e+02
5.340053100585937500e+02
6.236049804687500000e+02
1.685083961486816406e+01
2.437474060058593750e+02
6.958778076171875000e+02
7.383978366851806641e+00
7.570772094726562500e+02
8.846024780273437500e+02
8.590490722656250000e+02
2.637608642578125000e+02
8.790612792968750000e+02
2.663849487304687500e+02
7.847927856445312500e+02
3.774640808105468750e+02
3.281076431274414062e+01
TLAST
1.194241180419921875e+02
2415853571
-2.199602508544921875e+02
-3.895326843261718750e+02
-4.664497680664062500e+02
9.676685791015625000e+02
6.662468872070312500e+02
5.422708740234375000e+02
4.315630798339843750e+02
6.674691772460937500e+01
6.720241088867187500e+02
-6.339527587890625000e+02
2.006022491455078125e+02
-1.301334351301193237e-01
-3.899939270019531250e+02
6.145183105468750000e+02
8.066886596679687500e+02
-4.119472656250000000e+02
7.723685455322265625e+01
6.821766967773437500e+02
-7.499116210937500000e+02
4.489705200195312500e+02
-4.027548217773437500e+02
-6.816219482421875000e+02
1.016839294433593750e+02
8.300504150390625000e+02
1.420080661773681641e+01
-9.759304809570312500e+02
-2.323019561767578125e+02
-2.805884704589843750e+02
7.550163574218750000e+02
-4.402822265625000000e+02
1.003111953735351562e+02
-7.996902465820312500e+02
6.132404174804687500e+02
-3.830572814941406250e+02
9.031299438476562500e+02
-5.005157165527343750e+02
5.149232788085937500e+02
-4.052167358398437500e+02
-1.267929916381835938e+02
4.058748779296875000e+02
6.495765686035156250e+01
4.933786621093750000e+02
-9.572303466796875000e+02
-7.789825439453125000e+02
6.968069458007812500e+02
-5.368108520507812500e+02
7.030560302734375000e+02
9.958920898437500000e+02
4.457265014648437500e+02
9.342397460937500000e+02
6.636447753906250000e+02
-1.414969635009765625e+02
5.876464843750000000e+02
6.090204467773437500e+02
7.202256469726562500e+02
-5.577349243164062500e+02
-5.547032470703125000e+02
9.627661743164062500e+02
-7.185169219970703125e+01
-1.815181579589843750e+02
3.600795593261718750e+02
-7.465194702148437500e+02
2.671463928222656250e+02
3.942996215820312500e+02
8.219301147460937500e+02
4.871331176757812500e+02
-6.961009521484375000e+02
6.676670532226562500e+02
9.869799194335937500e+02
-5.080097198486328125e+01
6.137954101562500000e+02
-5.093685302734375000e+02
-9.241175537109375000e+02
-8.967972412109375000e+02
-3.044692993164062500e+02
-5.784868774414062500e+02
-2.499009552001953125e+02
-1.863242645263671875e+02
-6.363230514526367188e+01
-3.739393615722656250e+02
8.770422973632812500e+02
-1.019522399902343750e+02
2.584730529785156250e+02
-9.346794433593750000e+02
3.138627929687500000e+02
1.402348937988281250e+02
1.710583801269531250e+02
-7.243192749023437500e+02
-9.991928710937500000e+02
9.033773193359375000e+02
-1.776103210449218750e+02
-5.672127685546875000e+02
-5.828831176757812500e+02
3.556973571777343750e+02
-5.802896881103515625e+01
2.398233489990234375e+02
-4.599314928054809570e-01
-1.745514988899230957e+00
1.708850264549255371e+00
-2.082383781671524048e-01
4.451190531253814697e-01
-1.448101401329040527e+00
-1.523153424263000488e+00
2.148252166807651520e-02
1.771057099103927612e-01
-1.742564916610717773e+00
1.100313186645507812e+00
1.737596988677978516e+00
8.162687420845031738e-01
-1.384291768074035645e+00
1.190312147140502930e+00
-1.100551724433898926e+00
-2.939818203449249268e-01
9.070207476615905762e-01
8.136506080627441406e-01
2.303334325551986694e-01
6.890350580215454102e-01
1.590201258659362793e+00
1.751828193664550781e+00
1.004819393157958984e+00
-1.503855347633361816e+00
-1.046862125396728516e+00
-9.752021729946136475e-02
-7.063180804252624512e-01
-8.490490317344665527e-01
-7.498669624328613281e-01
1.204836010932922363e+00
-4.148903191089630127e-01
-1.398664832115173340e+00
-8.735846877098083496e-01
7.215142846107482910e-01
-1.356691360473632812e+00
-1.651188969612121582e+00
-1.030834078788757324e+00
1.756988316774368286e-01
1.470598816871643066e+00
7.705847024917602539e-01
1.142096042633056641e+00
-1.657031536102294922e+00
-1.598691225051879883e+00
1.118601799011230469e+00
-1.566296100616455078e+00
1.357404232025146484e+00
-8.123332858085632324e-01
7.053584456443786621e-01
5.168017148971557617e-01
-8.608891963958740234e-01
-2.007919102907180786e-01
-2.471840530633926392e-01
5.840168595314025879e-01
1.920014023780822754e+00
1.020976901054382324e+00
4.544279873371124268e-01
-1.382188558578491211e+00
6.743963956832885742e-01
8.508329093456268311e-02
-5.700541138648986816e-01
2.158532291650772095e-02
7.336966991424560547e-01
-5.034078359603881836e-01
-1.694605797529220581e-01
9.753507375717163086e-01
-1.847828030586242676e-01
-4.584015309810638428e-01
-6.783036887645721436e-02
-1.901531457901000977e+00
-3.225677013397216797e-01
1.926561355590820312e+00
-1.130824446678161621e+00
1.339407324790954590e+00
5.791760683059692383e-01
-7.093012332916259766e-01
-1.158766523003578186e-01
-1.466606378555297852e+00
-1.148001074790954590e+00
-1.148313760757446289e+00
1.750010132789611816e+00
-6.891948580741882324e-01
-1.833845496177673340e+00
1.858646273612976074e+00
7.584884762763977051e-01
-2.354626655578613281e-01
8.383992314338684082e-01
1.622312307357788086e+00
1.000083908438682556e-01
1.555978059768676758e+00
-1.131419062614440918e+00
1.169930458068847656e+00
-6.721057891845703125e-01
-5.644695758819580078e-01
-1.749158024787902832e+00
-1.287016570568084717e-01
1.113044738769531250e+02
8.052071533203125000e+02
2.123172149658203125e+02
8.427064819335937500e+02
4.789268493652343750e+02
2.676673583984375000e+02
7.536260986328125000e+01
8.819371337890625000e+02
9.405595397949218750e+01
1.607986907958984375e+02
2.835919799804687500e+02
7.820349121093750000e+02
7.391727905273437500e+02
7.488049316406250000e+02
2.895560607910156250e+02
5.711818847656250000e+02
8.288067626953125000e+01
1.892010955810546875e+02
7.189270019531250000e+00
9.403423461914062500e+02
9.908038940429687500e+02
3.718250427246093750e+02
9.373392944335937500e+02
2.227037048339843750e+02
5.207522583007812500e+02
5.390651245117187500e+02
3.611408948898315430e+00
1.461595153808593750e+02
8.833287353515625000e+02
8.674160766601562500e+02
7.977467346191406250e+01
TLAST
5.787185058593750000e+02
