2415853568
4.385343017578125000e+02
6.740952758789062500e+02
4.563577575683593750e+02
-9.737903594970703125e+01
4.057638854980468750e+02
-7.425583362579345703e+00
-8.385042114257812500e+02
-7.800870361328125000e+02
-9.521873779296875000e+02
1.708805541992187500e+02
3.914944458007812500e+02
-4.906434020996093750e+02
-6.154373931884765625e+01
-5.633566894531250000e+02
-9.739829101562500000e+02
-5.568922729492187500e+02
-5.751837768554687500e+02
-8.332425537109375000e+02
-3.914779052734375000e+02
2.473857421875000000e+02
6.042217636108398438e+01
-3.727852478027343750e+02
-6.617722167968750000e+02
8.801944580078125000e+02
-2.240190582275390625e+02
6.989832153320312500e+02
-4.449371032714843750e+02
-3.676697082519531250e+02
3.689670410156250000e+02
9.778794097900390625e+01
1.256924057006835938e+02
-5.802791137695312500e+02
-3.628747863769531250e+02
-8.111797485351562500e+02
4.870080261230468750e+02
8.729697265625000000e+02
-9.124807739257812500e+02
7.942226562500000000e+02
8.916524658203125000e+02
-2.309712371826171875e+02
8.821728515625000000e+02
6.292603759765625000e+02
1.684523773193359375e+02
-5.848903656005859375e+01
-5.069399414062500000e+02
-8.944057006835937500e+02
-5.276063232421875000e+02
2.963889160156250000e+02
-6.835874633789062500e+02
1.315971679687500000e+02
-5.114635009765625000e+02
3.280061645507812500e+02
9.542360229492187500e+02
9.043909912109375000e+02
-2.319337921142578125e+02
3.302491760253906250e+02
-1.846822967529296875e+02
-4.623293151855468750e+02
6.213055419921875000e+02
9.079013061523437500e+02
-3.672755126953125000e+02
8.554449462890625000e+02
7.298844604492187500e+02
1.665288085937500000e+02
1.267977142333984375e+01
5.485787963867187500e+02
-1.232654647827148438e+02
4.546318969726562500e+02
3.115456237792968750e+02
6.319059448242187500e+02
-6.100050048828125000e+02
8.837360839843750000e+02
6.921427612304687500e+02
-3.272682495117187500e+02
-3.811523437500000000e+02
2.670796508789062500e+02
-1.345182647705078125e+02
-2.435935783386230469e+01
3.124217529296875000e+02
8.709055175781250000e+02
-5.210128784179687500e+02
-9.858220825195312500e+02
8.748352661132812500e+02
5.108199157714843750e+02
-6.832685546875000000e+02
2.604743652343750000e+02
9.296411743164062500e+02
-5.694655227661132812e+01
-1.359126892089843750e+02
3.367881469726562500e+02
-2.346887359619140625e+02
-5.331588745117187500e+02
-9.108836059570312500e+02
8.527680664062500000e+02
3.412544250488281250e+02
7.722392578125000000e+02
6.137188076972961426e-01
-1.508252501487731934e+00
-1.055852651596069336e+00
-1.496358513832092285e+00
1.980019688606262207e+00
-3.411092460155487061e-01
2.970594763755798340e-01
-1.958638668060302734e+00
-5.252863764762878418e-01
2.601511776447296143e-01
-9.089834690093994141e-01
-9.022351503372192383e-01
1.000173687934875488e+00
-1.492427825927734375e+00
7.157164812088012695e-01
-5.779328346252441406e-01
-3.820326328277587891e-01
9.300023913383483887e-01
9.715716242790222168e-01
1.473721265792846680e+00
-9.969460368156433105e-01
-1.006174325942993164e+00
-4.781781136989593506e-01
1.386251688003540039e+00
1.793195247650146484e+00
1.467761635780334473e+00
9.350633621215820312e-01
-1.576414227485656738e+00
-7.346864938735961914e-01
4.530423283576965332e-01
-3.245388343930244446e-02
1.136392593383789062e+00
-7.960453033447265625e-01
-1.832768321037292480e+00
-4.724268615245819092e-01
6.185123324394226074e-01
1.408971905708312988e+00
-8.370288014411926270e-01
-1.148386836051940918e+00
-1.189381480216979980e+00
-7.113767415285110474e-02
-7.069753408432006836e-01
-2.937427759170532227e-01
-1.045054048299789429e-01
1.898878097534179688e+00
-8.968509435653686523e-01
-1.965602517127990723e+00
-7.961886525154113770e-01
-8.914663195610046387e-01
-9.823864698410034180e-01
9.474083185195922852e-01
1.979709863662719727e+00
4.829759895801544189e-01
1.689552903175354004e+00
1.530385017395019531e+00
1.639968514442443848e+00
1.011353492736816406e+00
1.874016404151916504e+00
1.610924243927001953e+00
1.707895398139953613e+00
-1.183199405670166016e+00
5.354692935943603516e-01
-1.703510999679565430e+00
9.922356605529785156e-01
-1.307840943336486816e+00
-6.026180386543273926e-01
-1.990968942642211914e+00
2.878279983997344971e-01
-1.201429590582847595e-02
-1.965321540832519531e+00
-1.042259931564331055e+00
-1.607537984848022461e+00
1.904001116752624512e+00
6.847362965345382690e-02
7.339094877243041992e-01
-1.143328070640563965e+00
7.573376297950744629e-01
-1.771042943000793457e+00
-1.971048712730407715e+00
-4.249918162822723389e-01
9.451167583465576172e-01
-9.014376997947692871e-01
3.822022676467895508e-01
-6.323761343955993652e-01
-5.845012068748474121e-01
-4.987770915031433105e-01
5.422515794634819031e-02
1.430908441543579102e+00
1.638088822364807129e+00
-1.611983060836791992e+00
1.080623388290405273e+00
-4.814360439777374268e-01
-1.686799883842468262e+00
1.691950798034667969e+00
-1.817139863967895508e+00
1.894247889518737793e+00
7.784272460937500000e+02
3.576792297363281250e+02
5.179735107421875000e+02
3.679215698242187500e+02
5.231366577148437500e+02
6.012934570312500000e+02
5.154802856445312500e+02
8.599966430664062500e+02
8.023007812500000000e+02
7.134387207031250000e+02
7.721244506835937500e+02
2.950352478027343750e+02
8.524999389648437500e+02
2.966433143615722656e+01
9.388795166015625000e+02
2.106228637695312500e+02
7.832764892578125000e+02
8.795970458984375000e+02
2.360485076904296875e+02
3.722182464599609375e+01
4.859538269042968750e+01
9.527471313476562500e+02
4.033937072753906250e+01
5.657261352539062500e+02
7.790849609375000000e+02
9.510809326171875000e+02
7.391614990234375000e+02
5.486864624023437500e+02
3.826284790039062500e+02
4.739872741699218750e+02
4.003705749511718750e+02
TLAST
2.279057922363281250e+02
2415853569
4.852061157226562500e+02
-8.713244018554687500e+02
8.654721069335937500e+02
5.957381591796875000e+02
1.766301422119140625e+02
-8.077866821289062500e+02
-9.785345458984375000e+02
-1.180335006713867188e+02
-4.153032226562500000e+02
-5.204866333007812500e+02
7.143291625976562500e+02
-1.521822967529296875e+02
2.962564392089843750e+02
-4.542082214355468750e+02
2.941640930175781250e+02
4.875545120239257812e+01
8.209072875976562500e+02
9.521107788085937500e+02
-2.843381042480468750e+02
-9.278210449218750000e+02
1.388947753906250000e+02
-8.123609924316406250e+01
2.634046554565429688e+01
-8.644713134765625000e+02
1.385069580078125000e+02
3.721250000000000000e+02
3.864084472656250000e+02
-8.434698486328125000e+02
-8.393189697265625000e+02
2.685492553710937500e+02
-7.435849609375000000e+02
-4.415401611328125000e+02
-2.498814544677734375e+02
-6.881370849609375000e+02
-6.019460449218750000e+02
2.364409637451171875e+02
-6.541348876953125000e+02
-4.781309204101562500e+02
8.117658081054687500e+02
-7.086383056640625000e+02
9.826632080078125000e+02
6.260439453125000000e+02
-9.378836669921875000e+02
6.748572998046875000e+02
8.527634429931640625e+01
-1.363704223632812500e+02
-8.673967895507812500e+02
-2.602846336364746094e+01
-7.306563110351562500e+02
9.724771118164062500e+02
-3.370401611328125000e+02
2.135776977539062500e+02
5.886575927734375000e+02
1.848721771240234375e+02
7.689496994018554688e+00
2.273074798583984375e+02
7.831186523437500000e+02
8.495519409179687500e+02
8.170618896484375000e+02
-3.035333251953125000e+02
1.763945312500000000e+02
6.573078613281250000e+02
4.968238830566406250e+02
-2.057916870117187500e+02
-2.876768493652343750e+02
-3.489528503417968750e+02
2.095401573181152344e+01
-4.949637756347656250e+02
6.089292602539062500e+02
8.313525390625000000e+02
-2.601210327148437500e+02
4.287088623046875000e+02
8.263768920898437500e+02
-3.724680175781250000e+02
2.859187889099121094e+01
4.476661376953125000e+02
-3.929831237792968750e+02
-8.162526245117187500e+02
7.361064453125000000e+02
6.062734985351562500e+02
-2.634564208984375000e+02
3.152988281250000000e+02
1.203816528320312500e+02
4.528000793457031250e+02
-4.907703247070312500e+02
-4.289938964843750000e+02
2.977385864257812500e+02
-9.959364624023437500e+02
-9.419761962890625000e+02
-8.760411834716796875e+01
1.770134429931640625e+02
6.567479858398437500e+02
3.395524902343750000e+02
7.876010131835937500e+02
-5.817760620117187500e+02
1.016703491210937500e+02
-1.085074543952941895e+00
-1.234216809272766113e+00
-1.565672159194946289e+00
-1.606474399566650391e+00
-1.148853540420532227e+00
1.377363204956054688e-01
1.539000630378723145e+00
1.842284440994262695e+00
1.107481956481933594e+00
-1.262868165969848633e+00
7.029849886894226074e-01
-1.761986613273620605e+00
1.239668250083923340e+00
9.572974443435668945e-01
-9.669373035430908203e-01
1.547712385654449463e-01
1.824216365814208984e+00
9.165478348731994629e-01
5.426306128501892090e-01
-1.828756809234619141e+00
-1.337956190109252930e-01
1.280434966087341309e+00
1.703004121780395508e+00
6.974205374717712402e-01
-1.807463407516479492e+00
1.885364413261413574e+00
6.313888430595397949e-01
-1.564993500709533691e+00
-6.188930869102478027e-01
-7.755239009857177734e-01
-1.364022850990295410e+00
1.858903765678405762e+00
5.614013597369194031e-02
-2.727127075195312500e-02
5.593630075454711914e-01
5.651394724845886230e-01
8.248163461685180664e-01
-1.655134558677673340e+00
1.130207061767578125e+00
-4.273534417152404785e-01
4.505171477794647217e-01
8.613764643669128418e-01
-1.364201068878173828e+00
1.507497787475585938e+00
1.270435810089111328e+00
-1.957383871078491211e+00
1.468752026557922363e+00
-8.202477097511291504e-01
8.251524567604064941e-01
1.585272312164306641e+00
-1.025914072990417480e+00
1.756660103797912598e+00
-8.330912590026855469e-01
-1.955161452293395996e+00
1.544383883476257324e+00
1.436590403318405151e-01
3.761161565780639648e-01
-5.950393080711364746e-01
7.899127900600433350e-02
1.367855310440063477e+00
-1.809667348861694336e+00
-1.605268955230712891e+00
1.091467499732971191e+00
-9.097256660461425781e-01
1.035404801368713379e+00
-4.609506428241729736e-01
-8.822215795516967773e-01
8.436492085456848145e-01
8.710109591484069824e-01
1.567864894866943359e+00
1.172300696372985840e+00
-1.181919574737548828e+00
-1.649074077606201172e+00
1.904906511306762695e+00
1.220580935478210449e+00
7.458348870277404785e-01
-1.328031301498413086e+00
-1.296614646911621094e+00
-3.784433305263519287e-01
1.783586263656616211e+00
-9.508224129676818848e-01
1.791263341903686523e+00
-7.798601388931274414e-01
1.085379362106323242e+00
-9.578374028205871582e-01
-1.442681193351745605e+00
-4.078698456287384033e-01
1.006501436233520508e+00
6.379197239875793457e-01
-1.786937378346920013e-02
-1.469964265823364258e+00
-1.358035653829574585e-01
-3.266699016094207764e-01
-9.416809082031250000e-01
-1.484966278076171875e+00
1.311417937278747559e+00
3.279513244628906250e+02
6.212157058715820312e+01
3.017327270507812500e+02
3.715574340820312500e+02
7.832807006835937500e+02
8.029511718750000000e+02
8.370095214843750000e+02
7.745182495117187500e+02
8.887203979492187500e+01
4.582811584472656250e+02
4.065697631835937500e+02
9.349101257324218750e+01
4.889081420898437500e+02
6.914490356445312500e+02
5.919893798828125000e+02
4.447757873535156250e+02
4.944191589355468750e+02
5.125273437500000000e+02
2.029784393310546875e+02
8.547581481933593750e+01
1.137433929443359375e+02
5.428543701171875000e+02
4.301275634765625000e+01
7.048795166015625000e+02
9.272877197265625000e+02
4.903697814941406250e+02
4.396013793945312500e+02
2.638640747070312500e+02
7.200311889648437500e+02
5.240274047851562500e+02
3.103564147949218750e+02
TLAST
6.277512207031250000e+02
2415853570
9.042606353759765625e+01
8.375758666992187500e+02
-6.378663330078125000e+02
8.069133911132812500e+02
9.861923217773437500e+02
4.268879318237304688e+01
-3.481399230957031250e+02
-9.840135498046875000e+02
5.498309326171875000e+02
-1.419358978271484375e+02
4.758761596679687500e+02
3.477526550292968750e+02
-5.220092163085937500e+02
8.008958129882812500e+02
2.761749877929687500e+02
-6.704998168945312500e+02
6.920510864257812500e+01
7.407332763671875000e+02
1.709902191162109375e+02
6.050319824218750000e+02
-4.837167663574218750e+02
5.462617797851562500e+02
-6.811194458007812500e+02
-4.035927124023437500e+02
-1.228994522094726562e+02
1.780540161132812500e+02
4.030198974609375000e+02
5.819055175781250000e+02
1.275371093750000000e+02
-1.726247863769531250e+02
-2.485693054199218750e+02
6.336322631835937500e+02
6.084000244140625000e+02
7.656248168945312500e+02
2.606947135925292969e+01
9.121713256835937500e+02
6.353691406250000000e+02
-9.396145019531250000e+02
4.390339355468750000e+02
3.188169860839843750e+02
-1.970280914306640625e+02
-8.137679443359375000e+02
-8.161671752929687500e+02
-6.166864013671875000e+02
-2.389344635009765625e+02
6.995088500976562500e+02
3.974826049804687500e+02
6.640770874023437500e+02
-5.173965454101562500e+02
-2.372888031005859375e+02
6.703019409179687500e+02
-2.074947357177734375e+02
9.904923095703125000e+02
-5.995399169921875000e+02
-4.476009216308593750e+02
2.947076110839843750e+02
-9.536872558593750000e+02
-4.403504638671875000e+02
1.636915016174316406e+01
7.945639648437500000e+02
6.110220947265625000e+02
-7.803045654296875000e+02
-6.914924316406250000e+02
3.964273681640625000e+02
4.626538696289062500e+02
-8.754336547851562500e+02
1.206522464752197266e+01
7.275491943359375000e+02
7.392791137695312500e+02
-2.419318847656250000e+02
2.860046997070312500e+02
2.656296081542968750e+02
-8.601233520507812500e+02
-8.472785949707031250e+01
6.643377685546875000e+02
7.104721679687500000e+02
-6.454822387695312500e+02
7.475717773437500000e+02
4.827528076171875000e+02
2.378057861328125000e+02
-3.154882812500000000e+02
-9.484478149414062500e+02
-8.813053588867187500e+02
9.952628784179687500e+02
-1.994942016601562500e+02
-5.276406250000000000e+02
9.044783935546875000e+02
-8.195964813232421875e+01
-8.158350372314453125e+01
8.881939086914062500e+02
1.501137065887451172e+01
5.482911987304687500e+02
4.128836975097656250e+02
-1.392244262695312500e+02
3.961712951660156250e+02
9.780014648437500000e+02
-1.072259426116943359e+00
-1.432434201240539551e+00
-4.080515503883361816e-01
-1.560369253158569336e+00
-1.343397259712219238e+00
-1.255079984664916992e+00
-1.372849225997924805e+00
7.086117863655090332e-01
1.500163078308105469e-01
5.287926197052001953e-01
7.927575111389160156e-01
-1.996268868446350098e+00
-1.107374072074890137e+00
1.299477815628051758e+00
-1.255164504051208496e+00
-1.087256446480751038e-01
1.812452524900436401e-01
2.762358188629150391e-01
-2.859508693218231201e-01
3.802662491798400879e-01
5.032105445861816406e-01
-1.863554239273071289e+00
-1.340721964836120605e+00
7.274979948997497559e-01
-9.950013160705566406e-01
1.356734752655029297e+00
4.631144404411315918e-01
-5.007714033126831055e-01
-9.179202318191528320e-01
-5.519889593124389648e-01
1.934219479560852051e+00
1.730905532836914062e+00
-1.436599850654602051e+00
-1.773235917091369629e+00
1.536027431488037109e+00
1.194667935371398926e+00
6.459711194038391113e-01
1.487079620361328125e+00
1.086727619171142578e+00
-1.831789493560791016e+00
4.652963578701019287e-01
-2.970585227012634277e-01
-1.666209101676940918e+00
-1.425929784774780273e+00
1.763874173164367676e+00
-1.771980524063110352e-01
1.134142994880676270e+00
5.167750120162963867e-01
4.657032191753387451e-01
-3.058795630931854248e-01
7.668455243110656738e-01
1.641500115394592285e+00
1.475022196769714355e+00
1.054457068443298340e+00
-1.976402878761291504e+00
-2.688593566417694092e-01
-1.775372326374053955e-01
4.227279424667358398e-01
-7.509589195251464844e-01
8.914157748222351074e-01
6.855340301990509033e-02
4.583731293678283691e-02
1.094398975372314453e+00
6.936615705490112305e-01
9.411352872848510742e-01
-2.878130674362182617e-01
-5.884842276573181152e-01
-6.612474918365478516e-01
6.546688079833984375e-01
1.567061096429824829e-01
-1.028527617454528809e+00
1.451864242553710938e-01
1.508295893669128418e+00
-1.268711090087890625e+00
1.343115091323852539e+00
7.482356429100036621e-01
6.253998279571533203e-01
-8.469339609146118164e-01
5.032716989517211914e-01
6.670501232147216797e-01
-1.111666917800903320e+00
-1.200831651687622070e+00
-1.616695284843444824e+00
-2.211536914110183716e-01
6.758645772933959961e-01
-1.960556268692016602e+00
-5.634961128234863281e-01
-1.971472978591918945e+00
-3.777236938476562500e-01
-5.532685518264770508e-01
-1.589397430419921875e+00
-1.789854645729064941e+00
-1.724737524986267090e+00
-1.706724166870117188e+00
2.023318223655223846e-02
-9.509657025337219238e-01
3.531614685058593750e+02
2.001011505126953125e+02
7.821914062500000000e+02
8.099240112304687500e+01
2.589501037597656250e+02
4.376584167480468750e+02
9.685305175781250000e+02
2.742897338867187500e+02
4.042351989746093750e+02
3.801336975097656250e+02
9.760590209960937500e+02
9.713763427734375000e+02
4.723021545410156250e+02
9.245664062500000000e+02
9.758395385742187500e+02
7.880437622070312500e+02
4.705253295898437500e+02
5.868784179687500000e+02
6.180875854492187500e+02
6.746240844726562500e+02
3.276874084472656250e+02
1.427631835937500000e+02
7.916569824218750000e+02
9.939118041992187500e+02
6.532092285156250000e+02
4.161849060058593750e+02
3.126384582519531250e+02
2.489244384765625000e+02
9.285038452148437500e+02
3.498214721679687500e+02
9.509721069335937500e+02
TLAST
5.792130126953125000e+02
2415853571
-9.157617797851562500e+02
-8.465548095703125000e+02
7.457302246093750000e+02
2.155832214355468750e+02
8.110531616210937500e+02
-9.200036010742187500e+02
-5.179807128906250000e+02
7.487470092773437500e+02
-8.834495239257812500e+02
-6.986685180664062500e+02
2.880562133789062500e+02
-1.893701019287109375e+02
-7.846243896484375000e+02
-5.946344604492187500e+02
7.551437988281250000e+02
1.405006713867187500e+02
5.619108886718750000e+02
-7.570442504882812500e+02
6.645309448242187500e+02
-9.981044311523437500e+02
1.558258056640625000e+02
3.531047058105468750e+02
2.541699981689453125e+02
5.450351562500000000e+02
3.783217239379882812e+01
-5.095308227539062500e+02
-8.601041259765625000e+02
-4.664729614257812500e+02
7.387739257812500000e+02
5.360976409912109375e+01
4.365979614257812500e+02
3.952909240722656250e+02
7.371277465820312500e+02
9.632171020507812500e+02
4.564861145019531250e+02
7.661097717285156250e+01
8.849558715820312500e+02
2.010995025634765625e+02
-9.016309204101562500e+02
4.448585815429687500e+02
-6.791591644287109375e+01
-2.602079467773437500e+02
-1.005812149047851562e+02
8.031505126953125000e+02
-5.781621093750000000e+02
-6.851222229003906250e+01
6.042681884765625000e+02
-6.978780517578125000e+02
2.015615234375000000e+02
6.343109893798828125e+01
2.700988769531250000e+02
-1.343253021240234375e+02
6.631808471679687500e+02
-6.436890869140625000e+02
8.506276855468750000e+02
7.860363769531250000e+02
2.692363281250000000e+02
9.366560668945312500e+02
3.348418807983398438e+01
-5.720960083007812500e+02
-6.981678466796875000e+02
-6.401942138671875000e+02
-7.893700561523437500e+02
8.855881958007812500e+02
3.544373168945312500e+02
4.951696395874023438e+01
9.179715576171875000e+02
5.410212402343750000e+02
-5.507658691406250000e+02
6.660502929687500000e+02
9.891154785156250000e+02
-5.233449707031250000e+02
-2.174128723144531250e+02
-4.349724426269531250e+02
1.893980102539062500e+02
2.146214599609375000e+02
-4.969729919433593750e+02
-2.894419288635253906e+01
-6.930495605468750000e+02
-7.875816650390625000e+02
-4.085308227539062500e+02
-6.747521362304687500e+02
4.056350326538085938e+01
-8.067009887695312500e+02
-3.701261596679687500e+02
7.869606933593750000e+02
1.948190460205078125e+02
-6.523900146484375000e+02
7.374945678710937500e+02
-6.408575439453125000e+02
5.357205200195312500e+02
4.141455078125000000e+02
9.123503112792968750e+01
6.215334472656250000e+02
2.195410919189453125e+02
-1.382713165283203125e+02
4.005770981311798096e-01
-1.868376374244689941e+00
7.046146988868713379e-01
-4.477703273296356201e-01
1.484651684761047363e+00
-6.722767353057861328e-01
1.557961463928222656e+00
1.541869163513183594e+00
-1.565714478492736816e+00
-2.704227268695831299e-01
1.082147240638732910e+00
-1.905810356140136719e+00
-8.519932031631469727e-01
-1.416221499443054199e+00
8.167307972908020020e-01
-1.063161611557006836e+00
2.489227056503295898e-01
-1.778557151556015015e-01
1.104994893074035645e+00
-1.203075051307678223e-01
-2.251809239387512207e-01
9.349976181983947754e-01
1.843945026397705078e+00
1.237452030181884766e+00
-6.111811995506286621e-01
1.099835634231567383e+00
1.042286992073059082e+00
-2.229483574628829956e-01
1.441788077354431152e+00
-8.186406493186950684e-01
1.610910892486572266e+00
1.111666083335876465e+00
-1.693128943443298340e+00
8.521636724472045898e-01
5.340023338794708252e-02
-1.016391158103942871e+00
-1.858682155609130859e+00
-1.334886670112609863e+00
-1.533088684082031250e+00
1.983298778533935547e+00
-1.673338294029235840e+00
1.362335801124572754e+00
-1.546531915664672852e-01
-1.037029623985290527e+00
-5.368283390998840332e-01
-1.804384589195251465e+00
-1.710538625717163086e+00
5.748394727706909180e-01
1.622519455850124359e-02
9.940946102142333984e-01
1.844761371612548828e+00
-1.711086750030517578e+00
4.203477799892425537e-01
-4.501548707485198975e-01
1.555979490280151367e+00
1.181444406509399414e+00
1.517095565795898438e+00
1.686227679252624512e+00
3.043518587946891785e-02
1.828229784965515137e+00
1.306734323501586914e+00
8.455154299736022949e-01
-1.155668377876281738e+00
2.902540564537048340e-01
9.777294397354125977e-01
1.024768710136413574e+00
1.107714295387268066e+00
-9.016674160957336426e-01
8.092458248138427734e-01
-1.834958791732788086e+00
1.086375951766967773e+00
-1.283678293228149414e+00
1.025927782058715820e+00
1.056656718254089355e+00
-9.762538075447082520e-01
4.088426828384399414e-01
4.526124596595764160e-01
9.637213349342346191e-01
-5.428659915924072266e-01
2.817402780055999756e-01
-5.039082169532775879e-01
1.793658375740051270e+00
-1.874281644821166992e+00
-9.261348247528076172e-01
1.466357260942459106e-01
3.561529815196990967e-01
1.231341123580932617e+00
-8.872601389884948730e-01
2.371250391006469727e-01
-4.542495906352996826e-01
1.619132280349731445e+00
-1.502412080764770508e+00
1.448861241340637207e+00
1.928215742111206055e+00
-1.085515260696411133e+00
-3.991855308413505554e-02
2.716694641113281250e+02
9.371785278320312500e+02
5.496862792968750000e+02
8.805638427734375000e+02
4.264448242187500000e+02
6.033333740234375000e+02
1.582254791259765625e+02
5.191516723632812500e+02
6.795843505859375000e+02
9.466713256835937500e+02
5.617796630859375000e+02
6.927501220703125000e+02
4.442138366699218750e+02
3.250304870605468750e+02
4.093365783691406250e+02
6.231650390625000000e+02
5.109670715332031250e+02
3.975261230468750000e+02
2.199924926757812500e+02
5.384777221679687500e+02
2.454148254394531250e+02
8.842727050781250000e+02
9.057117309570312500e+02
1.734930114746093750e+02
9.799324798583984375e+01
8.200427856445312500e+02
9.456721191406250000e+02
4.329764404296875000e+02
1.513357696533203125e+02
5.532775878906250000e+02
3.956133117675781250e+02
TLAST
3.792778015136718750e+02
