2415853568
-5.880145263671875000e+02
4.479527282714843750e+02
3.367360534667968750e+02
4.526370239257812500e+02
9.489371337890625000e+02
-6.576162719726562500e+02
-1.543183288574218750e+02
1.536209106445312500e+02
2.438280334472656250e+02
7.331358032226562500e+02
3.707552795410156250e+02
3.471442565917968750e+02
6.603128662109375000e+02
-7.131028442382812500e+02
-5.476016845703125000e+02
-8.851162109375000000e+02
1.910993041992187500e+02
1.411412048339843750e+02
-3.052800903320312500e+02
1.023525390625000000e+02
-7.242667846679687500e+02
-4.197475280761718750e+02
2.465236358642578125e+02
-5.348280029296875000e+02
9.454533691406250000e+02
-4.912123413085937500e+02
8.864291992187500000e+02
-2.877297668457031250e+02
9.963449707031250000e+02
1.636269378662109375e+02
6.304984741210937500e+02
3.549330444335937500e+02
-2.536966857910156250e+02
3.284674987792968750e+02
-8.289962768554687500e+02
-1.444012603759765625e+02
-8.259946289062500000e+02
7.601788940429687500e+02
9.817092285156250000e+02
5.333120117187500000e+02
5.769893798828125000e+02
-5.043681335449218750e+02
-8.544484252929687500e+02
-1.240935211181640625e+02
-5.277324218750000000e+02
8.528206176757812500e+02
-1.338352355957031250e+02
-7.341135253906250000e+02
-3.938936767578125000e+02
-3.647789239883422852e+00
2.979729003906250000e+02
8.076671752929687500e+02
1.251897430419921875e+01
9.180515136718750000e+02
7.131500854492187500e+02
-5.069932556152343750e+02
-6.639157714843750000e+02
-1.041913452148437500e+02
8.782136230468750000e+02
-7.601420288085937500e+02
-7.200961914062500000e+02
-3.083250427246093750e+02
-5.311416625976562500e+02
3.896999206542968750e+02
-2.969648132324218750e+02
-2.671804809570312500e+02
9.378854980468750000e+02
-1.655738983154296875e+02
-8.475917358398437500e+02
1.230918579101562500e+02
-8.285349731445312500e+02
-3.313503646850585938e+01
6.679258422851562500e+02
-5.167797851562500000e+02
-3.306868286132812500e+02
-8.873944702148437500e+02
4.633049316406250000e+02
4.375132446289062500e+02
1.526054573059082031e+01
7.444364624023437500e+02
-4.337234497070312500e+02
5.451306762695312500e+02
1.668034973144531250e+02
-9.810629272460937500e+02
7.492944335937500000e+02
6.870871582031250000e+02
-3.115553283691406250e+02
7.152895507812500000e+02
-8.184146728515625000e+02
6.522077026367187500e+02
-3.142407531738281250e+02
5.457307128906250000e+02
-3.330218811035156250e+02
-6.473532714843750000e+02
-2.387182006835937500e+02
6.929536132812500000e+02
-9.816864728927612305e-01
6.764978766441345215e-01
1.199237227439880371e+00
1.183440208435058594e+00
-9.513847827911376953e-01
-1.426941394805908203e+00
-8.664708733558654785e-01
8.628505468368530273e-01
1.090570449829101562e+00
1.740100741386413574e+00
1.345770120620727539e+00
-1.817060589790344238e+00
1.964849591255187988e+00
1.891056299209594727e+00
1.304113388061523438e+00
-6.625852584838867188e-01
1.702648282051086426e+00
-1.157823204994201660e+00
1.524731397628784180e+00
-1.997820585966110229e-01
-1.154115557670593262e+00
1.360543847084045410e+00
-1.123582482337951660e+00
-3.348561823368072510e-01
1.774032115936279297e-01
8.222528696060180664e-01
-1.794529676437377930e+00
-1.165701866149902344e+00
-7.600094676017761230e-01
1.653327941894531250e+00
5.614316463470458984e-01
-1.163094401359558105e+00
-7.350924611091613770e-02
-1.040144801139831543e+00
-1.906073451042175293e+00
1.499159216880798340e+00
-1.173918247222900391e+00
1.747889399528503418e+00
-3.161237835884094238e-01
8.403424024581909180e-01
5.501822829246520996e-01
1.191329002380371094e+00
-1.005806922912597656e+00
-5.590937137603759766e-01
-1.370907306671142578e+00
2.935682833194732666e-01
-8.508555293083190918e-01
-6.914882659912109375e-01
1.361522972583770752e-01
-5.820869207382202148e-01
4.675523638725280762e-01
-2.516002655029296875e-01
-2.932788133621215820e-01
7.846652865409851074e-01
-5.873036757111549377e-02
1.710061311721801758e+00
-6.047922372817993164e-01
-1.460242748260498047e+00
1.745085000991821289e+00
9.319192767143249512e-01
1.986445933580398560e-01
2.495197206735610962e-01
1.804689407348632812e+00
8.919467926025390625e-01
1.861012935638427734e+00
3.202047646045684814e-01
1.770443201065063477e+00
1.108953952789306641e+00
2.649142742156982422e-01
-1.818445444107055664e+00
1.998324871063232422e+00
1.418317198753356934e+00
-5.587733816355466843e-03
-1.420854210853576660e+00
1.151422142982482910e+00
-4.753264784812927246e-01
-7.873463034629821777e-01
1.120339408516883850e-01
1.550272107124328613e+00
-9.058415889739990234e-01
4.703165292739868164e-01
1.872193813323974609e+00
-1.647762537002563477e+00
2.173822931945323944e-02
1.015527129173278809e+00
-1.117253541946411133e+00
9.297111034393310547e-01
1.786072492599487305e+00
5.171813964843750000e-01
-1.185341954231262207e+00
1.550478219985961914e+00
1.065171003341674805e+00
2.880780994892120361e-01
-1.281282782554626465e+00
1.087746024131774902e+00
-6.975051760673522949e-01
9.538382568359375000e+02
3.437869873046875000e+02
7.784455566406250000e+02
5.337955322265625000e+02
8.497218627929687500e+02
5.971384887695312500e+02
2.712358703613281250e+02
5.857717514038085938e+00
2.022254333496093750e+02
9.670043945312500000e+02
1.999992675781250000e+02
5.072541198730468750e+02
7.037546997070312500e+02
3.131608581542968750e+02
1.325435028076171875e+02
2.986511840820312500e+02
6.408226776123046875e+01
7.129600830078125000e+02
7.205822143554687500e+02
6.868452148437500000e+02
8.409078369140625000e+02
4.563063659667968750e+02
7.800548095703125000e+02
3.446104736328125000e+02
9.515967407226562500e+02
1.924245452880859375e+01
7.772552490234375000e+02
2.010860137939453125e+02
1.845542297363281250e+02
2.019970092773437500e+02
1.463982238769531250e+02
TLAST
6.122465820312500000e+02
2415853569
2.849250488281250000e+02
-4.497637634277343750e+02
-6.649973144531250000e+02
-2.443883056640625000e+02
-2.275547943115234375e+02
-7.350533447265625000e+02
-1.928905181884765625e+02
-5.940519409179687500e+02
-6.967127685546875000e+02
-8.239330444335937500e+02
9.445335083007812500e+02
1.476632080078125000e+02
4.697727050781250000e+02
9.285978393554687500e+02
-3.176495666503906250e+02
-7.912366333007812500e+02
8.944580688476562500e+02
5.848422851562500000e+02
3.699160766601562500e+02
9.697969818115234375e+01
-3.818046951293945312e+01
9.358371582031250000e+02
-4.314729614257812500e+02
3.819343261718750000e+02
-8.600651855468750000e+02
-3.816456909179687500e+02
2.702129840850830078e+00
-5.368106842041015625e+01
-7.360720062255859375e+01
5.322252807617187500e+02
3.376541442871093750e+02
-2.013469390869140625e+02
-5.621948242187500000e+02
-5.527524414062500000e+02
-4.694848327636718750e+02
4.464902038574218750e+02
-4.486046314239501953e+00
6.376787109375000000e+02
7.714555664062500000e+02
6.953405761718750000e+02
-1.575344848632812500e+02
8.747287597656250000e+02
2.829821472167968750e+02
9.190294189453125000e+02
9.579488525390625000e+02
6.045628356933593750e+01
3.215994262695312500e+02
3.428186645507812500e+02
6.835038452148437500e+02
-2.999278564453125000e+02
-4.634169769287109375e+01
-3.073423767089843750e+02
-5.844096679687500000e+02
-7.566834106445312500e+02
1.235081939697265625e+02
5.406134643554687500e+02
-5.198279571533203125e+01
-7.530599365234375000e+02
2.970865478515625000e+02
5.674351119995117188e+01
8.681095581054687500e+02
3.433316650390625000e+02
7.588676757812500000e+02
-7.457671508789062500e+02
-1.556973724365234375e+02
4.394633178710937500e+02
-8.099129028320312500e+02
4.718725891113281250e+02
-8.075615692138671875e+01
-1.045090789794921875e+02
-6.648773193359375000e+02
-9.267559204101562500e+02
-9.135419311523437500e+02
5.598496704101562500e+02
5.938861083984375000e+02
8.353088989257812500e+02
1.454821624755859375e+02
5.002750854492187500e+02
3.518988037109375000e+02
5.080657601356506348e-01
8.369290161132812500e+02
-5.092568664550781250e+02
3.582690734863281250e+02
7.197907104492187500e+02
-4.428343505859375000e+02
-3.680770568847656250e+02
-2.648325195312500000e+02
-9.995178222656250000e+01
9.170258789062500000e+02
-5.746054687500000000e+02
-4.858215026855468750e+02
8.070466308593750000e+02
-1.288828277587890625e+02
1.395723266601562500e+02
-9.808875732421875000e+02
1.407385253906250000e+02
1.492727279663085938e+00
-1.299176812171936035e+00
1.675669312477111816e+00
8.450577259063720703e-01
-1.169559478759765625e+00
-1.516590237617492676e+00
-9.374596178531646729e-02
3.153445720672607422e-01
-4.178583323955535889e-01
-1.793658733367919922e-01
1.376231074333190918e+00
7.546608448028564453e-01
-4.252426028251647949e-01
1.556459069252014160e+00
1.523398011922836304e-01
8.825079351663589478e-02
-3.588550984859466553e-01
-8.647377490997314453e-01
1.743388891220092773e+00
1.365004420280456543e+00
1.521754622459411621e+00
-6.313556432723999023e-01
-1.934884667396545410e+00
-1.895880699157714844e+00
1.086115241050720215e+00
1.680454969406127930e+00
-4.944053590297698975e-01
-1.140680074691772461e+00
-1.799370288848876953e+00
-1.243645787239074707e+00
-7.178258895874023438e-01
-3.533651530742645264e-01
-1.246939182281494141e+00
1.114009380340576172e+00
1.725886583328247070e+00
1.466944813728332520e+00
-1.231700740754604340e-02
9.989204406738281250e-01
3.291696906089782715e-01
1.238046288490295410e+00
1.122382640838623047e+00
1.952628254890441895e+00
5.017970800399780273e-01
-1.265382528305053711e+00
1.511868119239807129e+00
6.093730330467224121e-01
3.352979123592376709e-01
-8.319437503814697266e-02
1.824079275131225586e+00
-9.352388381958007812e-01
-1.954610109329223633e+00
5.675233006477355957e-01
-3.303041160106658936e-01
7.802043557167053223e-01
8.469398021697998047e-01
-1.818278193473815918e+00
1.539201021194458008e+00
1.777340173721313477e+00
1.158272862434387207e+00
1.583888292312622070e+00
9.833793044090270996e-01
-1.205030083656311035e+00
3.220223188400268555e-01
-4.873875901103019714e-02
6.802499890327453613e-01
-3.670294582843780518e-01
-8.305003046989440918e-01
-8.600093722343444824e-01
2.757106423377990723e-01
1.809982180595397949e+00
-1.196022152900695801e+00
3.679564297199249268e-01
9.625127166509628296e-02
8.693739175796508789e-01
1.602408528327941895e+00
1.778724431991577148e+00
-9.277511388063430786e-02
-1.030438065528869629e+00
1.219770312309265137e+00
1.079170227050781250e+00
1.368344902992248535e+00
1.088938474655151367e+00
-1.087570071220397949e+00
7.562792301177978516e-01
3.487757146358489990e-01
-1.239719390869140625e+00
-1.212385445833206177e-01
4.272812604904174805e-01
-1.877684116363525391e+00
-1.956667304039001465e+00
-6.007663011550903320e-01
-7.005820423364639282e-02
-1.040233969688415527e+00
9.741157293319702148e-02
-6.132390499114990234e-01
1.146613001823425293e+00
3.801388549804687500e+02
6.161304321289062500e+02
8.051535034179687500e+02
1.410175323486328125e+02
1.932215881347656250e+02
3.958537597656250000e+02
9.446855468750000000e+02
6.789826660156250000e+02
1.777762621641159058e-01
3.972883987426757812e+01
2.726163940429687500e+02
8.825834960937500000e+02
1.402905731201171875e+02
5.446876831054687500e+02
3.039267272949218750e+02
2.495390472412109375e+02
2.788527679443359375e+01
4.163227233886718750e+02
6.450426483154296875e+01
3.989465942382812500e+02
2.763026428222656250e+02
3.511294860839843750e+02
8.956096191406250000e+02
4.358708496093750000e+02
1.443455352783203125e+02
4.131104736328125000e+02
9.523504638671875000e+02
7.234796142578125000e+02
6.170675048828125000e+02
7.313537597656250000e+02
5.520089111328125000e+02
TLAST
1.566851348876953125e+02
2415853570
-5.226068725585937500e+02
-6.938988494873046875e+01
-2.341076354980468750e+02
3.526649169921875000e+02
1.984538726806640625e+02
7.889752197265625000e+02
-7.592874145507812500e+02
-8.223509521484375000e+02
2.624797363281250000e+02
8.740967407226562500e+02
-9.146441040039062500e+02
1.544195861816406250e+02
4.308807983398437500e+02
3.254889221191406250e+02
6.551380920410156250e+01
-6.971376953125000000e+02
-2.814473571777343750e+02
-6.427348632812500000e+02
-8.307189941406250000e+02
-6.132870483398437500e+02
-3.343276672363281250e+02
8.010228271484375000e+02
-1.441057128906250000e+02
-1.296011810302734375e+02
2.487320251464843750e+02
2.705200805664062500e+02
-2.966690979003906250e+02
8.716567993164062500e+02
-3.685692443847656250e+02
2.529219818115234375e+02
7.284190673828125000e+02
1.967549591064453125e+02
-7.185742187500000000e+02
5.030635986328125000e+02
9.915596923828125000e+02
6.055115966796875000e+02
-7.616828613281250000e+02
6.792454833984375000e+02
4.459062576293945312e+00
-6.319494018554687500e+02
-8.887191772460937500e+02
-4.712374877929687500e+02
-7.783175048828125000e+02
-1.728336791992187500e+02
1.874093933105468750e+02
-6.627976074218750000e+02
-9.946890869140625000e+02
4.147625732421875000e+02
6.249300537109375000e+02
-4.739678573608398438e+01
-7.963258666992187500e+02
8.528562622070312500e+02
-8.918762207031250000e+02
-2.860636291503906250e+02
4.294820861816406250e+02
2.479696807861328125e+02
6.810567016601562500e+02
2.942436828613281250e+02
8.174377441406250000e+02
-6.209983520507812500e+02
3.332269592285156250e+02
2.797635192871093750e+02
3.124428710937500000e+02
-6.916774902343750000e+02
-4.469335021972656250e+02
-4.482524108886718750e+01
-8.962156372070312500e+02
4.605407714843750000e+02
7.262274169921875000e+02
5.618414306640625000e+02
3.122367477416992188e+01
-3.728939819335937500e+02
1.789348602294921875e+02
1.442678680419921875e+02
3.749131469726562500e+02
-6.825709228515625000e+02
-2.945947265625000000e+02
8.400662841796875000e+02
-8.410594482421875000e+02
-1.454302062988281250e+02
2.677173156738281250e+02
8.935892486572265625e+01
-2.185524291992187500e+02
-2.366035919189453125e+02
-3.440497436523437500e+02
-3.352314453125000000e+02
-7.574382324218750000e+02
-7.446860961914062500e+02
7.432931518554687500e+02
5.928066253662109375e+01
5.922239990234375000e+02
8.259628906250000000e+02
4.768776245117187500e+02
-6.423630981445312500e+02
4.889730529785156250e+02
5.527088928222656250e+01
-1.323274612426757812e+00
8.815982341766357422e-01
1.122413128614425659e-01
-1.020043492317199707e+00
-2.434980422258377075e-01
-1.494407296180725098e+00
1.023200631141662598e+00
-1.795923948287963867e+00
3.126009404659271240e-01
8.183302879333496094e-01
9.227966070175170898e-01
7.957404851913452148e-01
-3.169735968112945557e-01
1.514102816581726074e+00
-1.411423921585083008e+00
-1.053865432739257812e+00
-9.727632403373718262e-01
-3.891078829765319824e-01
-9.772835969924926758e-01
3.236463367938995361e-01
-1.637921452522277832e+00
1.710541486740112305e+00
-3.966789543628692627e-01
-1.808316409587860107e-01
1.214539170265197754e+00
-3.512249588966369629e-01
7.448761165142059326e-02
-1.498652935028076172e+00
-9.188845753669738770e-01
-8.525217771530151367e-01
-5.040891468524932861e-02
1.000125780701637268e-01
-9.514464735984802246e-01
-1.900487065315246582e+00
8.742841333150863647e-02
-1.522161006927490234e+00
6.183867454528808594e-01
1.998875975608825684e+00
1.250034570693969727e+00
-2.874380052089691162e-01
-6.320334672927856445e-01
-7.945742607116699219e-01
-1.904826760292053223e+00
-1.765070438385009766e+00
-1.151711046695709229e-01
1.424257874488830566e+00
6.936519742012023926e-01
1.495233654975891113e+00
-3.968308269977569580e-01
6.712455749511718750e-01
-1.154056429862976074e+00
-8.835002779960632324e-01
1.132207736372947693e-01
1.996382236480712891e+00
1.412114739418029785e+00
2.998881936073303223e-01
1.319367766380310059e+00
5.893927812576293945e-01
1.874260306358337402e+00
-1.287303328514099121e+00
-1.247391223907470703e+00
-1.197385549545288086e+00
-1.240265250205993652e+00
-1.663760423660278320e+00
6.514879465103149414e-01
2.742666900157928467e-01
-1.149269819259643555e+00
1.971425533294677734e+00
-1.193308457732200623e-01
-8.010670542716979980e-01
-1.714484333992004395e+00
-3.345033526420593262e-01
1.755511403083801270e+00
-9.742681980133056641e-01
-1.623891234397888184e+00
7.240127325057983398e-01
1.726871967315673828e+00
7.970730960369110107e-02
-2.963283956050872803e-01
-3.120258748531341553e-01
-8.521907776594161987e-02
-2.000118978321552277e-02
-2.359564751386642456e-01
1.029878735542297363e+00
1.582090854644775391e+00
1.629992723464965820e+00
-9.073131084442138672e-01
-7.256020903587341309e-01
1.143921494483947754e+00
1.268738150596618652e+00
-4.030941426753997803e-01
-1.545512318611145020e+00
-7.404423356056213379e-01
1.244483947753906250e+00
-1.921589255332946777e+00
1.249649643898010254e+00
6.556309204101562500e+02
2.953991699218750000e+02
9.655997314453125000e+02
1.787467956542968750e+02
6.150006103515625000e+02
7.217705078125000000e+02
3.067814941406250000e+02
6.166245727539062500e+02
1.854736480712890625e+02
6.603132324218750000e+02
1.057132110595703125e+02
6.164564819335937500e+02
7.017691135406494141e+00
5.473656616210937500e+02
2.336920928955078125e+02
1.152832794189453125e+02
8.184021606445312500e+02
4.908527221679687500e+02
7.554801025390625000e+02
1.941103515625000000e+02
2.060785827636718750e+02
3.710791320800781250e+02
7.832933044433593750e+01
7.687083129882812500e+02
8.448395996093750000e+02
8.715498046875000000e+02
1.846908569335937500e+01
2.526977996826171875e+02
5.117560958862304688e+01
6.466999511718750000e+02
5.135339355468750000e+02
TLAST
9.682180786132812500e+02
2415853571
5.792648315429687500e+02
3.844412536621093750e+02
6.440626831054687500e+02
-6.119334106445312500e+02
4.756916198730468750e+02
3.235811462402343750e+02
7.695004882812500000e+02
4.289154052734375000e+02
-6.156760253906250000e+02
9.200675659179687500e+02
6.597868041992187500e+02
2.994498901367187500e+02
2.346425933837890625e+02
4.883095169067382812e+01
2.134905853271484375e+02
-4.161264953613281250e+02
6.293265380859375000e+02
2.524606475830078125e+02
-9.806787872314453125e+01
-4.085557861328125000e+02
5.547529296875000000e+02
-9.108201293945312500e+02
6.800863037109375000e+02
6.427907104492187500e+02
-2.110086517333984375e+02
-5.662581787109375000e+02
-8.909609985351562500e+02
-1.405656280517578125e+02
-7.113095703125000000e+02
4.338558349609375000e+02
5.351606445312500000e+02
6.741002807617187500e+02
-4.329195556640625000e+02
-1.052509460449218750e+02
6.743905029296875000e+02
1.308211669921875000e+02
-6.623410034179687500e+02
-7.701593017578125000e+02
1.062899093627929688e+02
6.708608398437500000e+02
3.821307678222656250e+02
-3.326188354492187500e+02
-7.916072845458984375e+01
-8.934329223632812500e+02
-4.514023437500000000e+02
5.401040039062500000e+02
-4.430592041015625000e+02
-8.070579833984375000e+02
9.947846069335937500e+02
5.700977172851562500e+02
-2.474513397216796875e+02
-6.422219848632812500e+02
1.853821563720703125e+02
2.555825805664062500e+02
1.772151489257812500e+02
3.947933959960937500e+02
1.987953186035156250e+02
-3.349337768554687500e+02
5.156945190429687500e+02
7.755384521484375000e+02
5.511253356933593750e+01
3.672177124023437500e+02
4.491402587890625000e+02
-6.291496582031250000e+02
5.116407775878906250e+02
-3.511047058105468750e+02
1.266108093261718750e+02
-3.989235534667968750e+02
3.519183044433593750e+02
-6.983960571289062500e+02
1.636822967529296875e+02
-9.854279785156250000e+02
-1.889945220947265625e+02
7.803255615234375000e+02
2.350836029052734375e+02
2.211113281250000000e+02
2.236822967529296875e+02
4.896868286132812500e+02
-2.517157897949218750e+02
-1.003796463012695312e+02
2.984117317199707031e+01
4.567684173583984375e+01
-3.298515930175781250e+02
-3.018693542480468750e+02
-9.732348632812500000e+01
-4.362083435058593750e+02
1.803207244873046875e+02
-6.276286621093750000e+02
7.996806030273437500e+02
-5.087611694335937500e+02
-9.199973144531250000e+02
-2.659674987792968750e+02
5.569960327148437500e+02
8.723533325195312500e+02
-8.126224975585937500e+02
2.050534667968750000e+02
1.151862621307373047e+00
-4.795283824205398560e-02
-9.493655562400817871e-01
-1.976410746574401855e+00
1.248025417327880859e+00
-1.835913211107254028e-01
1.011047840118408203e+00
-4.296706914901733398e-01
1.990198612213134766e+00
3.553683459758758545e-01
1.895510792732238770e+00
-1.226573586463928223e+00
-3.876189514994621277e-02
-1.307743906974792480e+00
5.110154151916503906e-01
2.832515910267829895e-02
-4.165260493755340576e-01
-8.652660846710205078e-01
1.518676519393920898e+00
1.084469079971313477e+00
1.863701343536376953e+00
-1.108038663864135742e+00
-3.697184622287750244e-01
1.874967455863952637e+00
-6.734169125556945801e-01
1.676927328109741211e+00
7.249186635017395020e-01
1.019452333450317383e+00
-3.863207995891571045e-01
-8.347944617271423340e-01
-2.212147414684295654e-01
1.846777796745300293e+00
-8.579443693161010742e-01
4.434532225131988525e-01
-1.406596422195434570e+00
1.917445898056030273e+00
-1.926473140716552734e+00
-2.422958761453628540e-01
2.532401382923126221e-01
1.742552042007446289e+00
-1.417748212814331055e+00
1.825744390487670898e+00
-5.123031735420227051e-01
1.427421927452087402e+00
1.237116336822509766e+00
1.336561560630798340e+00
1.732535004615783691e+00
1.403747439384460449e+00
-1.558535814285278320e+00
-8.493210077285766602e-01
-1.559602856636047363e+00
2.562947273254394531e-01
3.910640478134155273e-01
-3.798146843910217285e-01
6.138821840286254883e-01
-7.813377380371093750e-01
-9.757300019264221191e-01
2.602335512638092041e-01
-1.973360896110534668e+00
-6.728616952896118164e-01
1.818601369857788086e+00
-1.256392478942871094e+00
-3.267372846603393555e-01
-2.650907337665557861e-01
-1.107797741889953613e+00
-1.222591042518615723e+00
-7.158652544021606445e-01
5.054890513420104980e-01
-1.355714917182922363e+00
2.207942754030227661e-01
7.239018380641937256e-02
-2.734401822090148926e-01
1.478036761283874512e+00
-1.178277492523193359e+00
7.115260362625122070e-01
1.781255006790161133e+00
-4.811361897736787796e-03
-6.031569242477416992e-01
-1.271455526351928711e+00
3.161470592021942139e-01
1.768296480178833008e+00
-1.783455133438110352e+00
-1.476885914802551270e+00
7.208465337753295898e-01
-6.338915228843688965e-01
5.592961907386779785e-01
-7.093997001647949219e-01
-1.877325773239135742e+00
1.508171558380126953e+00
6.639506220817565918e-01
1.864862442016601562e-01
1.716735243797302246e+00
-1.750411748886108398e+00
1.071919083595275879e+00
-3.480406105518341064e-02
-1.103590965270996094e+00
5.654277343750000000e+02
8.715599822998046875e+01
2.683902893066406250e+02
6.657713012695312500e+02
8.377026977539062500e+02
4.299483032226562500e+02
7.514138183593750000e+02
6.887697143554687500e+02
8.124529266357421875e+01
1.951281280517578125e+02
6.500498046875000000e+02
1.534372558593750000e+02
7.103515014648437500e+02
8.661869049072265625e+00
2.880511779785156250e+02
8.741434326171875000e+02
5.870144042968750000e+02
8.482111930847167969e+00
8.662505493164062500e+02
9.755243530273437500e+02
1.961021881103515625e+02
1.234741897583007812e+02
1.797578582763671875e+02
1.056523208618164062e+02
8.998870849609375000e+02
6.160089111328125000e+02
7.025216674804687500e+02
1.182894611358642578e+01
6.949751281738281250e+01
7.491853027343750000e+02
8.611212921142578125e+01
TLAST
7.029656372070312500e+02
