2415853568
-8.407935791015625000e+02
1.309900970458984375e+02
4.980928421020507812e+01
-7.994173583984375000e+02
-6.450421142578125000e+02
1.172646179199218750e+02
-5.695705566406250000e+02
-2.322120208740234375e+02
-9.196976318359375000e+02
8.838872680664062500e+02
4.753813552856445312e+01
-2.745784301757812500e+02
8.757471923828125000e+02
3.826368713378906250e+02
-5.207277832031250000e+02
-9.497825317382812500e+02
8.811885375976562500e+02
6.130122680664062500e+02
2.258724822998046875e+02
-4.534596862792968750e+02
-6.286194458007812500e+02
3.460133666992187500e+02
7.884036254882812500e+02
8.632186279296875000e+02
-1.963769531250000000e+02
-8.878767089843750000e+02
-2.306096801757812500e+02
6.267809867858886719e+00
-3.508778076171875000e+02
8.339386596679687500e+02
1.159522628784179688e+01
6.791854095458984375e+01
8.463426513671875000e+02
-9.339934692382812500e+02
-5.969910888671875000e+02
4.114960632324218750e+02
-7.213684082031250000e+01
-7.631250610351562500e+02
7.615972900390625000e+02
5.402688598632812500e+02
5.697434082031250000e+02
-3.034733581542968750e+02
-9.769566040039062500e+02
-4.955853271484375000e+02
-7.653711547851562500e+02
2.485809478759765625e+02
2.898370056152343750e+02
8.250845336914062500e+02
-7.986451721191406250e+01
1.544064636230468750e+02
5.704666748046875000e+02
8.480596923828125000e+02
-8.869036254882812500e+02
-9.577008056640625000e+02
-3.601923217773437500e+02
9.042120971679687500e+02
6.769306030273437500e+02
4.627424926757812500e+02
2.789077148437500000e+02
-3.191567382812500000e+02
-8.362683105468750000e+02
3.425339508056640625e+01
-4.384034118652343750e+02
-4.586105957031250000e+02
-9.909381713867187500e+02
1.622209930419921875e+02
-6.328654174804687500e+02
4.474239196777343750e+02
8.204779052734375000e+02
6.212366333007812500e+02
7.943493041992187500e+02
8.634857177734375000e+02
5.716191406250000000e+02
-9.669278564453125000e+02
-6.985693969726562500e+02
1.392337036132812500e+02
9.198160400390625000e+02
-5.679492797851562500e+02
-4.462432861328125000e+02
8.069027099609375000e+02
-2.404884185791015625e+02
4.527858734130859375e+01
-9.654827270507812500e+02
6.944675292968750000e+02
8.440867919921875000e+02
1.889767608642578125e+02
1.610829162597656250e+02
1.503324737548828125e+02
9.899044799804687500e+02
-3.731053466796875000e+02
3.765969543457031250e+02
2.161462097167968750e+02
6.028229980468750000e+02
9.334969329833984375e+01
-9.648691558837890625e+01
1.650428161621093750e+02
-1.316147148609161377e-01
-7.391867637634277344e-01
1.945198774337768555e+00
8.264137506484985352e-01
-2.997313439846038818e-01
7.367534637451171875e-01
2.962286770343780518e-01
4.525195062160491943e-02
1.444829702377319336e+00
9.224992990493774414e-01
-1.868547081947326660e+00
-1.564127445220947266e+00
6.814121007919311523e-01
-1.727699041366577148e+00
1.293363571166992188e-01
-5.720269083976745605e-01
1.358864426612854004e+00
1.357959806919097900e-01
-1.009251117706298828e+00
-5.438208580017089844e-01
-1.192620515823364258e+00
1.179419636726379395e+00
-7.968267202377319336e-01
1.765717744827270508e+00
-1.240598559379577637e+00
8.815461993217468262e-01
5.006813406944274902e-01
-1.666563510894775391e+00
5.536568760871887207e-01
1.787328004837036133e+00
-3.868223428726196289e-01
1.429918885231018066e+00
-6.520476937294006348e-02
-7.831517457962036133e-01
-1.425313353538513184e+00
1.344922065734863281e+00
-1.602608680725097656e+00
-3.882236778736114502e-01
8.211569190025329590e-01
-1.645563244819641113e+00
-4.230074286460876465e-01
-7.415986657142639160e-01
-4.224146902561187744e-01
1.523349165916442871e+00
8.297165483236312866e-02
-1.131132006645202637e+00
1.431821465492248535e+00
4.596745967864990234e-01
-6.106015443801879883e-01
7.899181246757507324e-01
3.115860819816589355e-01
-1.942585349082946777e+00
1.160721182823181152e+00
-5.696521997451782227e-01
-3.363919556140899658e-01
9.680414795875549316e-01
-1.006672382354736328e+00
-5.206479430198669434e-01
1.481562614440917969e+00
1.911709785461425781e+00
1.801436185836791992e+00
1.520006299018859863e+00
4.496702179312705994e-02
1.498328208923339844e+00
1.397135615348815918e+00
1.773851156234741211e+00
-9.939287304878234863e-01
2.923297323286533356e-02
-1.787247896194458008e+00
-1.176139526069164276e-02
-1.736059665679931641e+00
-7.260587811470031738e-01
-1.218402758240699768e-01
9.394689202308654785e-01
4.449729323387145996e-01
1.189715266227722168e+00
9.496521949768066406e-01
-1.629683971405029297e+00
-1.420020014047622681e-01
-1.652605175971984863e+00
2.830109596252441406e-01
-8.314300775527954102e-01
-1.715606600046157837e-01
3.190338015556335449e-01
-1.595922708511352539e-01
1.767433285713195801e+00
1.879647135734558105e+00
1.137004613876342773e+00
-1.629693269729614258e+00
9.450614452362060547e-01
1.976279973983764648e+00
-1.023715734481811523e-01
-7.159703969955444336e-01
1.818727254867553711e+00
-8.965734243392944336e-01
3.680554032325744629e-01
3.759070129394531250e+02
2.599185791015625000e+02
4.147316284179687500e+02
7.759779357910156250e+01
1.882872467041015625e+02
3.237990722656250000e+02
1.565918350219726562e+01
9.632863769531250000e+02
5.295248508453369141e+00
1.796915130615234375e+02
5.596643066406250000e+02
9.095734252929687500e+02
1.565083160400390625e+02
2.200488739013671875e+02
9.828378295898437500e+02
8.049328002929687500e+02
5.771768188476562500e+02
7.184301757812500000e+02
5.688563232421875000e+02
2.687412109375000000e+02
5.176284179687500000e+02
7.883129272460937500e+02
7.717520751953125000e+02
8.239435424804687500e+02
8.611488037109375000e+02
3.817679138183593750e+02
7.594993591308593750e+01
7.676561279296875000e+02
2.683603515625000000e+02
7.145416259765625000e+02
5.053318481445312500e+02
TLAST
6.159379882812500000e+02
2415853569
5.166425170898437500e+02
1.673880615234375000e+02
-3.193071899414062500e+02
9.312124023437500000e+02
-2.537931518554687500e+02
-9.966196289062500000e+02
2.996857910156250000e+02
-6.919268188476562500e+02
-3.762856140136718750e+02
3.904523925781250000e+02
-6.932500000000000000e+02
2.683205261230468750e+02
3.669893798828125000e+02
5.385389404296875000e+02
-1.404568634033203125e+02
-2.006567535400390625e+02
-3.542700500488281250e+02
-9.087467651367187500e+02
1.832947082519531250e+02
9.550555419921875000e+01
-7.614573669433593750e+01
1.819476318359375000e+02
-9.368040771484375000e+02
6.551894531250000000e+02
5.094924163818359375e+01
-4.368648071289062500e+02
-3.545545654296875000e+02
1.081434173583984375e+02
8.075000610351562500e+02
-2.202976837158203125e+02
3.377592468261718750e+02
-3.340556335449218750e+02
8.012679443359375000e+02
-5.068541564941406250e+02
-1.781842193603515625e+02
-3.131324195861816406e+01
7.125097045898437500e+02
-3.221277770996093750e+02
-4.694291381835937500e+02
-2.493245239257812500e+02
-4.857897567749023438e+01
6.037037353515625000e+02
8.760073852539062500e+02
4.401585083007812500e+02
-8.553743286132812500e+02
3.922957153320312500e+02
2.411441802978515625e+02
9.782667846679687500e+02
-9.614055786132812500e+02
3.236585083007812500e+02
-2.583100891113281250e+02
-5.400366821289062500e+02
6.621743164062500000e+02
8.203917846679687500e+02
-8.453356933593750000e+02
-2.920648574829101562e+01
8.673790893554687500e+02
5.812946166992187500e+02
6.927274780273437500e+02
2.718109741210937500e+02
9.824883270263671875e+01
6.708635253906250000e+02
-4.883494262695312500e+02
1.581244354248046875e+02
-4.977464904785156250e+02
-8.537033081054687500e+02
-1.393592681884765625e+02
4.004581909179687500e+02
6.136680297851562500e+02
-1.427662963867187500e+02
3.519568481445312500e+02
-6.655184326171875000e+02
-7.123203125000000000e+02
-1.264165573120117188e+02
8.560376586914062500e+02
-2.793919067382812500e+02
-2.100989227294921875e+02
1.020132904052734375e+02
-8.101388549804687500e+02
6.340333862304687500e+02
-6.450341186523437500e+02
-4.745231323242187500e+02
-3.674592895507812500e+02
-6.158339233398437500e+02
-8.526525268554687500e+02
6.112020874023437500e+02
-1.244443664550781250e+02
4.440671386718750000e+02
8.804494476318359375e+01
1.362875823974609375e+02
8.349035034179687500e+02
5.717517700195312500e+02
-6.751797485351562500e+02
2.607265625000000000e+02
8.434134521484375000e+02
4.344254302978515625e+01
6.664354801177978516e-01
-1.371868252754211426e+00
1.332162141799926758e+00
-5.595996975898742676e-01
-5.129777789115905762e-01
-1.728960871696472168e+00
-1.127165913581848145e+00
-4.614811837673187256e-01
1.553483724594116211e+00
-5.194523930549621582e-01
-9.486637115478515625e-01
-3.476211130619049072e-01
2.562119960784912109e-01
9.722657799720764160e-01
1.766834497451782227e+00
-1.250942945480346680e+00
6.882547736167907715e-01
-1.399590522050857544e-01
2.956956326961517334e-01
-7.513810396194458008e-01
1.844586491584777832e+00
-7.097238302230834961e-01
1.210031509399414062e+00
-9.218533039093017578e-01
8.852103948593139648e-01
1.634674906730651855e+00
1.988622099161148071e-01
1.881216406822204590e+00
-7.699228525161743164e-01
4.598848149180412292e-02
6.734327673912048340e-01
-1.084146857261657715e+00
1.537621170282363892e-01
1.994092583656311035e+00
1.809492349624633789e+00
1.518458962440490723e+00
1.541220426559448242e+00
1.675955176353454590e+00
1.661827445030212402e+00
-6.752794235944747925e-02
-8.941764831542968750e-01
-1.148198008537292480e+00
-1.231143474578857422e+00
-1.093691885471343994e-01
-6.728417277336120605e-01
-7.492935657501220703e-01
-1.110363960266113281e+00
1.411996960639953613e+00
2.578078210353851318e-01
1.674729466438293457e+00
1.643413901329040527e+00
-1.761802077293395996e+00
-1.368379354476928711e+00
1.282610058784484863e+00
-6.690491437911987305e-01
1.758807778358459473e+00
1.737551808357238770e+00
-4.363536238670349121e-01
-6.076244264841079712e-02
4.023454189300537109e-01
-7.963694930076599121e-01
1.275682151317596436e-01
3.448853492736816406e-01
1.840951561927795410e+00
-4.750559926033020020e-01
-1.322403907775878906e+00
1.438552856445312500e+00
-1.605816245079040527e+00
5.018659830093383789e-01
5.911816358566284180e-01
-8.228575587272644043e-01
1.543133854866027832e+00
-1.935741662979125977e+00
-2.732212543487548828e-01
-4.525117576122283936e-02
-8.854183554649353027e-01
4.965508282184600830e-01
1.553514320403337479e-02
1.141523241996765137e+00
-4.415305852890014648e-01
-1.541966676712036133e+00
-6.062145829200744629e-01
1.183952569961547852e+00
8.439888358116149902e-01
-1.206962168216705322e-01
-3.834225833415985107e-01
1.660374879837036133e+00
7.044703364372253418e-01
5.703408718109130859e-01
8.802310824394226074e-01
7.285196781158447266e-01
-4.559848308563232422e-01
-5.397984981536865234e-01
-8.356560468673706055e-01
-9.280951619148254395e-01
2.102129608392715454e-01
5.867838745117187500e+02
4.950892028808593750e+02
1.338146362304687500e+02
9.931791381835937500e+02
1.993548126220703125e+02
5.005876922607421875e+01
3.568099060058593750e+02
8.402645263671875000e+02
3.443268203735351562e+01
3.069703369140625000e+02
2.459310150146484375e+02
6.299950599670410156e+00
8.185305786132812500e+02
6.532623901367187500e+02
1.612138175964355469e+01
5.656397705078125000e+02
2.876374816894531250e+02
8.164365844726562500e+02
1.092871093750000000e+02
2.224340362548828125e+02
7.236939697265625000e+02
9.176383056640625000e+02
9.969557495117187500e+02
9.453016357421875000e+02
3.083281860351562500e+02
4.674692687988281250e+02
1.359294891357421875e+02
6.283859863281250000e+02
4.900862731933593750e+02
5.415880126953125000e+02
9.171430664062500000e+02
TLAST
8.544427490234375000e+02
2415853570
4.750325927734375000e+02
6.007432174682617188e+01
-1.350078735351562500e+02
6.835170288085937500e+02
-7.566535034179687500e+02
-7.100422973632812500e+02
-9.909796142578125000e+01
4.935647277832031250e+02
-9.394611206054687500e+02
-2.955758094787597656e+01
-3.931424560546875000e+02
1.906516113281250000e+02
-5.310893554687500000e+02
-4.467632141113281250e+02
7.280668945312500000e+02
-3.646381530761718750e+02
3.378020019531250000e+02
6.470208129882812500e+02
7.499590454101562500e+02
3.739639587402343750e+02
2.093488922119140625e+02
6.524326171875000000e+02
-2.838294372558593750e+02
-4.836030578613281250e+02
-3.819052734375000000e+02
2.147470235824584961e+00
8.855886840820312500e+02
3.963870544433593750e+02
8.785393066406250000e+02
-1.653556518554687500e+02
5.856208496093750000e+02
8.925497055053710938e+00
-7.821819458007812500e+02
-7.031998291015625000e+02
-1.929976043701171875e+02
4.508218994140625000e+02
6.055609741210937500e+02
-6.795382690429687500e+02
2.340333404541015625e+02
2.135249328613281250e+02
6.343466186523437500e+02
2.521000366210937500e+02
-1.357322082519531250e+02
-6.714199218750000000e+02
5.979544677734375000e+02
-6.380821533203125000e+02
1.046004257202148438e+02
-3.581874465942382812e+01
5.734508056640625000e+02
3.323351745605468750e+02
-4.236684799194335938e+01
3.424196243286132812e+01
5.570621337890625000e+02
2.388222808837890625e+02
9.409493408203125000e+02
9.350299072265625000e+02
-6.532633056640625000e+02
-7.593960571289062500e+02
-3.578003540039062500e+02
6.356304931640625000e+02
-7.424755859375000000e+02
-1.354176616668701172e+01
6.488203735351562500e+02
4.753159790039062500e+02
4.751164245605468750e+02
-4.776995468139648438e+01
-9.833568725585937500e+02
1.161838989257812500e+02
-1.802977142333984375e+02
-4.140884094238281250e+02
4.033546752929687500e+02
9.973268432617187500e+02
4.170184631347656250e+02
5.668182373046875000e+02
1.606012725830078125e+02
-8.055219268798828125e+01
4.515467529296875000e+02
8.820905761718750000e+02
6.915142211914062500e+02
-2.419475097656250000e+02
-5.334423446655273438e+01
-4.171766357421875000e+02
2.056065216064453125e+02
-7.691216430664062500e+02
-9.072585449218750000e+02
-4.091722488403320312e+01
3.330811738967895508e+00
-5.401123046875000000e+02
-1.115556869506835938e+02
6.809918212890625000e+02
-4.969434509277343750e+02
2.555374908447265625e+02
2.844112548828125000e+02
5.367388916015625000e+02
-6.689790039062500000e+02
-7.253854370117187500e+01
1.787792921066284180e+00
1.511464238166809082e+00
1.927937150001525879e+00
-1.826305031776428223e+00
-7.867664098739624023e-01
-1.847974419593811035e+00
-8.403747677803039551e-01
-2.372369766235351562e-01
-1.146114945411682129e+00
1.013541698455810547e+00
2.402360886335372925e-01
1.444925546646118164e+00
9.717589616775512695e-01
2.055738717317581177e-01
-6.580264866352081299e-02
-5.196670293807983398e-01
5.405317544937133789e-01
1.134564876556396484e+00
-9.189513921737670898e-01
2.425931841135025024e-01
-1.180594205856323242e+00
1.125180125236511230e+00
-1.741028189659118652e+00
-1.234431028366088867e+00
-1.239041090011596680e+00
-7.291781902313232422e-02
1.371525049209594727e+00
-1.313274979591369629e+00
1.219381451606750488e+00
-1.824866175651550293e+00
-1.749614477157592773e+00
-1.582915931940078735e-01
-2.388508059084415436e-02
-1.250848531723022461e+00
9.395478665828704834e-02
-1.799576282501220703e+00
-1.434159517288208008e+00
-9.181644916534423828e-01
5.641241073608398438e-01
-2.330760806798934937e-01
5.107645392417907715e-01
-8.947830200195312500e-01
-7.312669754028320312e-01
1.718382239341735840e-01
4.382556080818176270e-01
1.221984744071960449e+00
3.256030082702636719e-01
1.861487507820129395e+00
1.779762148857116699e+00
-1.879375457763671875e+00
-1.308263063430786133e+00
-4.721989929676055908e-01
-1.192753314971923828e+00
-1.587777495384216309e+00
1.645502567291259766e+00
5.016449093818664551e-01
5.251922607421875000e-01
1.525349378585815430e+00
-5.361949801445007324e-01
-1.830932855606079102e+00
-6.130424737930297852e-01
-1.752246856689453125e+00
7.906302809715270996e-01
-6.423525214195251465e-01
5.882549881935119629e-01
-1.395133733749389648e+00
-1.990853548049926758e+00
-2.181318849325180054e-01
1.273771405220031738e+00
-1.140653967857360840e+00
-1.640618562698364258e+00
1.975431442260742188e-01
-9.165695309638977051e-01
-1.274146556854248047e+00
1.498508453369140625e+00
-8.835443258285522461e-01
3.653088808059692383e-01
1.820730686187744141e+00
1.537952274084091187e-01
-4.268934130668640137e-01
-1.800930857658386230e+00
1.231453657150268555e+00
1.192081928253173828e+00
-1.987843275070190430e+00
1.341815114021301270e+00
9.240879118442535400e-02
1.776137948036193848e-01
1.787925839424133301e+00
1.470620989799499512e+00
2.635876238346099854e-01
5.477038621902465820e-01
1.025157332420349121e+00
-2.897462993860244751e-02
1.038275599479675293e+00
-6.695358753204345703e-01
-1.610690832138061523e+00
1.475564727783203125e+02
4.958055725097656250e+02
4.867157897949218750e+02
3.486176452636718750e+02
9.294299926757812500e+02
9.359074401855468750e+01
6.795784912109375000e+02
2.350913696289062500e+02
3.856965332031250000e+02
7.137098999023437500e+02
6.962579956054687500e+02
3.298340454101562500e+02
6.980724487304687500e+02
5.472896728515625000e+02
7.201117553710937500e+02
5.625368652343750000e+02
5.665039825439453125e+01
8.326419067382812500e+02
6.196398925781250000e+02
2.802852172851562500e+02
2.610833435058593750e+02
2.384832458496093750e+02
5.328720703125000000e+02
9.180700073242187500e+02
7.487880249023437500e+02
7.660798950195312500e+02
4.114522705078125000e+02
6.826442260742187500e+02
9.811477661132812500e+02
6.748710937500000000e+02
1.506861591339111328e+01
TLAST
8.549006958007812500e+02
2415853571
-4.724938659667968750e+02
9.158312988281250000e+02
6.946502075195312500e+02
7.238270874023437500e+02
3.558818054199218750e+02
7.314315185546875000e+02
3.936138916015625000e+02
3.920989685058593750e+02
-8.105000000000000000e+02
7.324373168945312500e+02
9.304454803466796875e+01
3.760431518554687500e+02
-5.437353515625000000e+02
8.314668579101562500e+02
-1.745043945312500000e+02
-6.778400878906250000e+02
-8.393209838867187500e+02
-2.869410324096679688e+01
-5.139192504882812500e+02
-7.724334106445312500e+02
9.740045776367187500e+02
-6.285936279296875000e+02
8.299838867187500000e+02
2.323355407714843750e+02
1.022317810058593750e+02
4.224936294555664062e+01
9.154841918945312500e+02
6.721203613281250000e+02
4.585227355957031250e+02
-8.226525268554687500e+02
6.038057250976562500e+02
5.235483398437500000e+02
2.040333099365234375e+02
-5.364450073242187500e+02
2.739638671875000000e+02
-3.419512023925781250e+02
9.376644897460937500e+01
1.726319427490234375e+02
-4.962937316894531250e+02
2.935720062255859375e+01
-8.106477050781250000e+02
-5.026743774414062500e+02
-8.518292846679687500e+02
-1.621730804443359375e+02
7.638536987304687500e+02
6.338269653320312500e+02
8.344213867187500000e+02
-6.484751586914062500e+02
3.058565673828125000e+02
-9.534997558593750000e+01
1.651436462402343750e+02
9.239667358398437500e+02
-1.576887798309326172e+01
-7.283073120117187500e+02
5.588894653320312500e+02
-2.736948547363281250e+02
1.854937286376953125e+02
6.401244506835937500e+02
5.684836196899414062e+01
3.152888793945312500e+02
2.549905204772949219e+01
-2.952449035644531250e+02
3.401553039550781250e+02
7.650200805664062500e+02
-7.166292114257812500e+02
-2.558160247802734375e+02
1.420865020751953125e+02
8.525794677734375000e+02
-8.207615356445312500e+02
-4.583876647949218750e+02
-1.970728454589843750e+02
-9.556033325195312500e+02
2.693029785156250000e+02
-8.713189697265625000e+02
9.175630493164062500e+02
-4.730736694335937500e+02
7.705711059570312500e+02
4.365125427246093750e+02
-9.647825927734375000e+02
-2.387482604980468750e+02
4.924438595771789551e-01
5.538698730468750000e+02
9.735477905273437500e+02
7.416146755218505859e+00
3.232930297851562500e+02
-7.037574462890625000e+02
8.355794677734375000e+02
-8.714678955078125000e+02
6.461742553710937500e+02
2.679716186523437500e+02
5.184744262695312500e+02
1.511891784667968750e+02
-3.049509277343750000e+02
-4.641189193725585938e+01
3.815221252441406250e+02
-2.263406829833984375e+02
1.910236716270446777e+00
-6.459149718284606934e-02
-1.903830409049987793e+00
-9.458466172218322754e-01
-1.806841373443603516e+00
-8.631773591041564941e-01
1.019993424415588379e+00
7.959551215171813965e-01
-1.339972496032714844e+00
-1.706082522869110107e-01
-1.616453170776367188e+00
9.751512110233306885e-02
1.941024541854858398e+00
-1.163187384605407715e+00
-9.976621866226196289e-01
-3.840931057929992676e-01
2.662348747253417969e-01
1.222298264503479004e+00
1.051410675048828125e+00
-1.006327033042907715e+00
7.862936258316040039e-01
-1.171131014823913574e+00
7.933785207569599152e-03
-7.153516411781311035e-01
-6.894804835319519043e-01
-1.045847654342651367e+00
8.094657063484191895e-01
1.156212568283081055e+00
8.525370955467224121e-01
1.648101449012756348e+00
1.077585220336914062e+00
-1.495314717292785645e+00
6.857447028160095215e-01
4.571030139923095703e-01
1.450879096984863281e+00
-5.270590782165527344e-01
-1.825743913650512695e+00
-5.401352643966674805e-01
1.967169284820556641e+00
-1.649380922317504883e+00
4.615612700581550598e-02
1.678909182548522949e+00
9.232080578804016113e-01
-8.163432478904724121e-01
1.516906142234802246e+00
1.815788269042968750e+00
-1.670517325401306152e+00
2.369800955057144165e-01
-9.882391691207885742e-01
1.910087764263153076e-01
-1.767112255096435547e+00
1.656301856040954590e+00
1.952838182449340820e+00
1.978476047515869141e+00
5.245419144630432129e-01
-1.886781454086303711e+00
-1.907695651054382324e+00
-1.400199651718139648e+00
3.665122687816619873e-01
1.647663712501525879e+00
6.704257130622863770e-01
1.397451162338256836e+00
1.941114783287048340e+00
-1.496619820594787598e+00
-1.329226851463317871e+00
7.150429487228393555e-01
6.769068837165832520e-01
9.910197854042053223e-01
4.021890759468078613e-01
1.865014553070068359e+00
-1.045958399772644043e+00
8.270050883293151855e-01
-5.371445417404174805e-01
1.207833364605903625e-01
1.407448649406433105e+00
1.766224145889282227e+00
-3.227396011352539062e-01
-7.136691808700561523e-01
1.804064989089965820e+00
-7.280109524726867676e-01
-1.612390637397766113e+00
-1.704903841018676758e+00
-1.510065078735351562e+00
1.068086028099060059e+00
1.249387621879577637e+00
1.920138955116271973e+00
1.928416013717651367e+00
1.707878112792968750e+00
-1.644638895988464355e+00
1.810904979705810547e+00
6.495644450187683105e-01
1.554802060127258301e+00
1.889294385910034180e+00
-5.138512253761291504e-01
4.766906797885894775e-01
1.274316310882568359e+00
3.765593872070312500e+02
5.311081542968750000e+02
6.972144165039062500e+02
7.013872070312500000e+02
7.883063507080078125e+01
8.898244018554687500e+02
3.081697387695312500e+02
9.098930053710937500e+02
6.263284912109375000e+02
9.812861938476562500e+02
5.197084960937500000e+02
1.056483688354492188e+02
6.450364990234375000e+02
8.251152343750000000e+02
9.250842285156250000e+02
2.872713012695312500e+02
8.835596923828125000e+02
1.617215881347656250e+02
3.941600341796875000e+02
6.802694702148437500e+02
2.496252288818359375e+02
7.882036132812500000e+02
9.536114501953125000e+02
2.252530975341796875e+02
2.104981231689453125e+02
5.860246582031250000e+02
6.138787841796875000e+02
5.911937866210937500e+02
1.861313171386718750e+02
2.484511871337890625e+02
6.251792602539062500e+02
TLAST
5.204814453125000000e+02
