2415853568
-1022441524
-1004572734
1139200048
1139241971
1139150574
-1000890321
1142347456
-1006250605
-1036150118
-1004691679
1146110883
1133323052
1141119845
-1026267152
-1011473705
-1020310405
1147924941
-1028711330
1135910914
1141029436
-1002156163
1143745836
-1012411451
-999203388
1142228519
-1011806700
-1004562698
-1034777893
-999261601
1148646666
-1000094496
1142332978
-1003115945
1127850094
-1015078701
-1007995959
-1012886924
1135996676
1141200231
-1011730430
-1006598359
-1007471497
1142680769
-1015314135
1127894374
1142415034
-1009092626
1141485595
-1001299288
-1004905559
-1010445112
-1010686983
1147103757
1148243452
-1003919141
-1006970973
1104355407
1118815247
1104030810
1130986143
-1003335277
1147821235
1138482538
1142680197
-1016871672
1147581690
-1027595960
1098601527
-1023283000
1117679377
1143467445
-1004743029
1133516899
-1011943520
-1008512513
-1025193158
-1002015255
-1025403817
1143329107
-1013170856
-1000675621
1148631504
1134208879
1144411356
1140222135
-1005732145
-999692740
-1001257067
1132574655
-1003892101
1114668531
-1041888472
-1019375405
-1025078329
-1001179924
1123342663
-1080665786
-1075750394
1066352030
-1085687625
-1079914736
1072018472
-1086127226
-1086473922
-1081123898
1038701903
-1095938975
1071820236
-1089562158
-1091775535
-1089389621
1050058409
1053489945
-1088752726
1067360952
-1080708466
-1097219881
1053202198
1068341791
-1079646713
-1082682278
1067351123
-1108665529
1056150417
1039801343
-1091665196
1056760720
1033870482
1053801088
1062117544
1072871289
1053637795
-1078993162
1043467770
1065975080
-1095972790
1067380652
1070739966
-1095301978
1071234551
1070028745
-1076419071
1062991898
1061636520
1068427965
-1077372058
1067711486
-1073979440
-1078669276
1067503057
-1076187211
-1089694987
-1084736200
1072392733
989141153
-1075644169
-1089217264
-1080440734
1068636818
1060072352
-1082542183
-1087355599
1072033565
1054871625
1063031385
-1079108460
1060618189
1047959208
1046169117
-1073865009
1047954707
-1073855487
-1085982588
-1073977608
1071186295
-1078239174
1048573762
-1074434463
1071098825
1069482898
-1079551485
-1087119589
1032622323
1068213386
-1131731612
-1103190923
-1077603254
1057878886
1015620870
1066188923
-1076095915
-1079423815
1140606053
1119970451
1146810736
1145117331
1127455745
1134500453
1145743389
1145970916
1146852010
1118477828
1137492610
1140603684
1120488565
1143413257
1143020030
1143690331
1145604743
1137469704
1147117847
1132741076
1129723963
1141500172
1146824549
1125591783
1145986809
1133603982
1082251011
1142105370
1119082698
1131115238
1134870617
TLAST
1133170606
2415853569
-1004057928
-999823724
1120695168
-1022970669
-1010426072
-998953336
1148228497
-1009765009
-1000372877
1135362281
1116224034
-1013625711
-1018139352
-1014744370
-1009226852
-1020957097
1134622594
1144052963
1144711583
1144244034
1128099504
1128012136
1137259948
1142113166
1144205989
-1002664263
1116545144
1099345025
-1012192579
1145920593
1139629982
-1009629510
-1006629510
-1019975385
-1029215249
1100543347
-1001422741
-1004532214
1135859304
-1016902710
1145490789
1092639770
-1009740202
-1000279249
1142246129
1145587073
-1014498498
-1000448691
1116194259
-1004477520
-1004060033
1141958608
-1011954953
1098595954
-1011707600
1126955112
1143701416
-1000377438
1141252702
-1021875767
1145037958
-999157260
1145633351
1140889238
-1032292176
1141206048
-1018547326
-1003560258
1137942814
1144493349
-1002617934
1147362505
1134717054
-1014570126
-1001198430
1131344650
1140970433
1138367462
1145263259
-1003681356
1134538029
-1031230825
-1018398211
1141412567
-1000130196
1117217502
-1000892393
-1005011649
-1008758932
1143865838
-999837042
1144217683
-1015250994
1142212922
1118407096
-1002745569
1073497473
-1081259438
-1078869118
1049600838
1069060965
1070461242
1072372761
-1101016017
-1077758847
-1076803354
-1081645107
1047841377
-1076941126
-1074845325
-1082444298
1065264778
-1079772112
-1113797414
-1101347313
1056438562
1070667385
1066344830
-1077003363
-1074798576
-1080248164
1069949427
1073644976
1071513097
1071400663
-1074308641
-1076034255
-1089077145
-1079244953
1044880406
-1076432071
-1081015398
1048250821
-1104057869
1070131768
-1078193359
-1079282859
1072898744
1072710000
1062068540
-1080262482
1070946939
-1097930209
-1088429835
1072832780
1053201005
1073677924
-1075384531
-1076391630
-1076093932
1072699738
-1087760026
1064431781
-1099446558
1070593243
1062271450
1058098662
-1077802102
1068487326
1067400296
-1073787503
1047014056
-1081101204
1066822608
1065386103
1073418962
-1142935881
1067167778
1061173270
1066766971
-1075733031
1048354612
1045628797
-1074320077
-1073850102
-1097862015
1065391357
-1075754388
1071732179
1069578437
1058271915
-1083096735
-1075917645
1041629828
-1086081764
-1078635501
-1093247946
-1077307030
1065624083
1065250919
1044576927
-1096329131
1143494518
1133171104
1145929084
1132957117
1146330665
1148119144
1148331369
1142087856
1146020801
1143631449
1148564515
1146616494
1142945286
1092568053
1143038660
1136685973
1117720591
1133199220
1148773670
1144529763
1133261468
1128714543
1129679996
1124722630
1133080449
1148456561
1146802354
1146930178
1125904957
1136639549
1141594287
TLAST
1140088764
2415853570
-1005996739
1126692059
-1013452118
1147802377
1134052815
1144624588
-1032210903
-1014674640
-1006598979
-1009025443
1147470250
1147894750
-1023053745
-1011056065
-1017584703
-1005386087
-1014055982
-1010175995
1148581513
-1014087534
-1019228852
1128438729
-1008102635
-1005621550
-1001994289
1133469873
-999758742
-1003289309
-1026613561
-1014292051
1141058937
-1006241058
-1058517025
1144583521
-1002957793
1117787663
1114469795
-1012733125
1140442843
1141683367
1141660105
-1014889394
-999842450
-1016961807
1119921215
-1012008815
-1039104141
1134261316
1143818655
-1020000476
1136665643
1148349367
-1004849801
1146278444
1138753597
1145406426
1144888720
1147136334
-1020219836
1138292004
1131351846
1111825194
1133468492
1136848618
-1002013623
-1020203595
-1031370960
1144455139
-1002769465
1147675190
-1001699771
1135525064
1140872658
1148219275
-1000507730
-1012986687
1147083753
1147854372
1143904728
-1004657202
-1010177325
-1008035684
1146499468
-1004605601
1143317719
-1012823984
1147450003
-1002111106
1139453289
1135370542
1142100692
-1044141083
1146966186
-1011499188
-1021099655
-1008490905
-1077052053
1035386011
-1120214027
1059184499
-1095351253
1050512068
-1092944993
-1074464495
-1091414701
1055974574
-1082578476
1064216688
1070062261
-1089931191
1069124081
-1101604766
-1078345351
1071088461
-1078553864
-1077578002
-1082249794
-1109239327
1019542307
-1097539993
-1082460032
-1089210440
-1076458323
1069316032
-1102341226
-1100271774
1073473720
-1073785933
1053785410
1055293202
1068341631
-1106735014
-1077041694
1056576204
-1081882510
-1095184548
-1078273485
-1081503380
-1076535909
1040633372
-1076570082
-1075905234
1055579514
-1086796465
1070823902
-1081445825
1071167289
-1087716253
-1086165358
1068635989
1059346873
-1105605496
-1081596286
-1095149148
-1095044477
-1086582103
1029906745
1058943404
-1074653440
-1081993922
1069453162
1069873906
1072932401
-1082260448
1073008603
-1078442042
1071265751
-1080203149
1068367048
1066921143
-1074853591
1068643063
1059461596
-1075153769
-1075982175
1058423721
-1088186534
1072371474
1061937670
1057582598
-1084799022
1072432277
-1094053802
1049806981
1069850065
-1086538906
-1082485525
1019868684
-1077243931
-1089058809
1067896230
-1100728786
1139336911
1137808172
1108810405
1129975394
1143773155
1118813584
1143655201
1134266152
1144060740
1142692490
1131614200
1129564635
1124317523
1146046472
1135717141
1143366779
1145879491
1140926978
1140600883
1144144382
1141616731
1143886736
1140029667
1138951557
1143681107
1143000082
1132665547
1142588160
1129965770
1140674350
1128873880
TLAST
1137019210
2415853571
1144778563
-1015443602
1135027575
-999009319
1104490034
-1004772152
-1012518425
1147606300
1141972689
-1003397182
-1017922442
-1006342019
-1038305483
-1006821790
-1022458488
-999945563
-1001931583
1145507724
-1003199356
-1001930515
1148026015
-1005878921
1124661644
-1004139498
1140987510
-1001145465
1132598814
1119324001
-1007364520
1147409566
-1001905512
-1011992824
-1011781428
1147326570
-1014422018
1134252672
1140737553
-1010003618
-1015330615
-1010761836
-998912375
1129378728
-1013407365
-1005594406
-1003790941
-1002678185
-1003294245
1142136501
-1009909887
-1004438727
-1013466886
1143801788
1146396331
1138197308
1135603647
-1012920662
-1000376246
1136046524
-1006126470
-1008567664
1139191975
-1006559478
1124853384
1146618740
-1016322502
-1004748253
1143269384
1140913800
1142969400
1118333793
-1009319020
-1008235851
-1005568559
1146898028
-1037302897
1139099840
1134174842
-1004237195
1115976673
-1009498470
-1002497578
-1011711681
1140340425
-1007988759
1147887027
1142233744
1147885844
1148649974
1091455693
-1014149347
-1007361275
1137740416
-1002231885
-1006135805
-1008429034
-1013380735
1069829657
-1102881608
-1077795999
1068175416
1034801802
-1103637586
-1086700813
-1077324516
1071993443
-1074148563
-1076490370
1050305188
-1086589967
-1078282888
1067608559
-1084340214
-1076762542
-1080561356
1071668943
1057788340
1069977300
1069475441
-1095288155
1066358621
1060943763
1061907097
-1088311865
-1074091115
-1112328495
1070440274
-1076890010
1072229084
1069545853
1055535404
-1077219830
1053188953
-1076484331
-1130390107
-1088212374
-1075445019
1063435504
1071300870
1069746477
1066088930
-1078081268
-1079383694
-1087575728
1065937065
1070431463
1054644527
1058507835
-1080496416
1064671191
-1074106065
1067016514
1034948095
1065999921
1069959223
1055619798
-1086919855
-1074996640
1071315229
-1102841941
1047242734
-1078092397
-1080413012
1060679847
1068153489
1072870491
-1122711883
1066860718
1058838930
-1089184203
1070471115
-1083948550
1036170379
-1083423110
-1074234434
1058697355
1058667136
1040517683
-1074499148
-1080652534
1016291029
1065838126
-1075160929
1061131558
-1085886342
1060290633
-1074644891
-1080716877
1047565588
1061779046
1064264787
1069998624
1059703010
1124048280
1145518345
1124606440
1141849409
1137043309
1137504407
1145942647
1142514681
1148734386
1115025414
1119995310
1126591663
1114643851
1141156102
1125602224
1129681295
1143045687
1131099707
1113190744
1131451022
1133827517
1139043681
1143539827
1143605700
1143159673
1139158080
1139474136
1145785961
1144301262
1144051970
1136405547
TLAST
1148737022
