2415853568
-1011320082
1094524704
1143852594
1134948537
1137922857
-1002420950
-1004965255
-1037007821
1142954704
-1005739189
-1006342328
1145585864
-1018517994
-1005299564
1140009890
1129067026
-1022260536
-999594959
1097560935
-1005268748
1143128347
1145309221
1120642949
1148618780
1148574633
1136962353
-1012152745
-1022937387
1144921653
1138473876
-1014714911
1083026364
1102012199
-1045945451
-1006288245
1148291974
1142419469
1147343133
-1028592930
1148790661
-1028808563
1145702483
-1007619979
1113438186
1144809128
-1017393836
-1010050084
1147122877
1130403472
-1004340680
-1000069669
1143717903
1144841391
-1001954589
-1014049051
-1008814435
-1003294640
-1001623815
1124625243
1148379074
1140775296
1146936455
-1012259739
1131491694
-1004349639
-1008823824
1141471379
1142404385
-1005309810
1126995227
1130250521
1146873204
1134009562
-1000826080
1135995894
-1000177537
1125380656
1147368362
1141537844
-1004831417
1142392231
1148136289
1146234947
-1055618423
1139441807
-1013168521
1128477541
-1014863766
-1033482226
1143308614
-1002058819
-1026416979
-1042139984
1147208461
1130520716
1140174654
1051031956
1064897184
1069228300
1067164832
1063015888
1071302184
1057188204
-1078469471
1058232667
1069512364
-1092070678
-1151150848
-1077040385
-1089710677
-1096591954
1025280154
-1088144180
1062564169
-1088923763
-1089441225
-1078398867
1059006345
1069360760
1067646760
-1093202688
-1086839332
-1082738141
1072003404
-1089568898
1054860573
1072106142
-1074489538
-1088283000
-1077124408
-1084736399
1069192265
-1074418494
-1084492064
-1084774658
1069728054
-1087258329
1067642511
-1075606530
1053276869
1062474292
-1079324686
1068159790
-1088283431
1073258929
1059553597
1050190245
1048873216
1058573791
-1088110093
1071309352
1070699991
1071649721
1061896489
1072391018
1070830313
-1086618683
-1100683286
-1100387118
-1077104723
1072289626
1065689217
-1084314876
1063420088
-1082836276
1057669515
-1089796012
-1075403673
1072584637
1064356534
-1086983728
1073677608
-1075442491
1067046426
-1078623200
1072357529
1057924299
-1101819955
-1077264856
-1091030589
1024762298
-1078847791
1069687046
1073050055
-1086930823
-1087482602
1060526654
-1081053446
-1082473578
-1081213445
1072960649
-1076659771
1143772015
1146974703
1114002180
1130657304
1120960820
1134460298
1107835554
1141713641
1146969008
1137063095
1147472317
1139192476
1133433358
1121641360
1148611142
1140928641
1134353845
1133434309
1141184446
1144127946
1133091726
1138015488
1145621518
1134553191
1133127298
1111071077
1135535026
1143437566
1131116783
1148324063
1148035214
TLAST
1140953118
2415853569
1141214299
1139886095
1146457854
1143068006
-1002984604
-1003506792
1134661228
-1004175006
1137276689
-1014600182
-1005771287
-1006232121
1147783953
1143473211
1098177431
1144825412
-1014988351
-1018722950
-1020584301
1138782142
1137901818
-1024577102
-1004051019
1142730218
1133733998
-1014485739
-1004597800
1134048591
1131588781
-1018388035
-1005603815
1098891424
-998753066
-1016897206
1136807944
1124615559
-1017044077
1145867881
-1003458843
-1011571353
-1006462778
1146125023
-1037736532
-1003663317
-1010004670
1147176282
1127301531
1137752555
1118857667
1141688128
-1005226396
-1012762573
1145996595
1138739174
-1006996370
-1021361928
1127135307
1111283144
-1012651530
1120015871
-1003444147
-1000716553
1141247328
-1005893748
-1021668114
-1027000147
-1008519372
1134642962
-1014543744
-1061993003
1140813417
1144344341
-1022407819
1130644366
-1004559013
-1021057362
-1001465977
1080752947
-1003638818
-1011773281
1139113460
1138114719
1136823443
1133095101
1137488225
-999177217
-1005813025
-1012137939
1145890091
-1004106918
1122561974
-1004593886
-1013225072
-1007260995
1141009290
-1003383107
-1080753430
-1088397923
1069952544
1069363374
1071347182
1069440839
-1078472863
-1089443966
1053043983
1066950981
1067620863
1068022388
-1088347274
-1087140602
1036047478
1069899622
-1088958222
1069723791
-1086518222
1036251194
-1078294559
1061942648
-1080270684
-1094940578
-1144525029
-1104879095
-1080350379
-1086265791
-1081957725
-1074208086
-1105663967
1063921312
1058699138
1053411510
1067236590
1069099494
1046669550
1055657071
-1080919210
1069091982
-1075261362
1058063804
1062801533
-1078396560
1057805111
-1090480018
-1080314715
-1073979298
1069130032
-1073923088
1048811041
-1087050661
-1080764019
1023682379
-1077561854
1067734935
-1074586437
1031868351
1053440082
1067713576
-1077969329
-1077669974
1016347111
1072773143
1068534174
1069737059
-1131250268
-1074937696
-1076848307
1070361439
1068928636
1065019802
1058119571
1070853604
-1103149624
-1113321857
1070879326
1072037334
-1116673847
1071438683
-1080565035
1073055316
1050691274
1063306523
1064980660
-1076956774
1069103373
-1097493699
1067508406
1057976154
-1087889561
1058681271
-1075451204
-1088371869
1073691511
-1097166378
1142405086
1147584783
1148499770
1140887482
1144377562
1121757133
1134641971
1146967406
1143150921
1144006770
1128672555
1127500653
1147412910
1144507067
1143776392
1147663055
1142948928
1140165449
1141445611
1143591388
1145898779
1144894566
1142573704
1145947338
1136405101
1142004568
1125802265
1120855779
1147468346
1147644155
1130024834
TLAST
1129768117
2415853570
1148176528
1122084263
1091874781
1148451876
1124800310
1145137656
-999764403
-1014872150
1125647307
-1007189689
1114156800
1144266747
-1002892025
-1008491801
-1000953022
1143595317
1135724332
-999279004
-1013596495
-1002154045
-999694731
-1005623394
1138971819
-1011602300
-1014372538
1141686314
1123899074
1143300313
-998861139
-1032063028
1148512723
1147931213
1146869125
1120444335
-999331712
1145939981
-1003632055
-1000751501
1145971273
1102790849
1109853908
-1016897106
1132640328
1148682100
1128841068
-1000941094
-1021821089
1146839205
-999845467
1126715214
-1004321443
-1009172093
-1024090874
1113254361
1130613671
1145702405
1140643967
1119358173
1136196222
-1016577361
-999947753
-1000105381
-1046315818
-1003005925
-1000992798
-1001336596
1116818985
1136803505
-1033972428
-1003099012
1146599542
-1015434661
1130695365
1130543799
1134648841
-1004241561
-1000321126
-1000818684
1145231862
1137999047
1137563232
1114847715
1117722212
-1010813325
1122901885
1148729349
1147371334
1148405864
-1000196264
-1012931972
-1006059919
1147678434
-1019517305
-1042681467
-1009388501
-1027433690
-1081574075
-1073874688
1065936103
-1085331077
-1081660975
-1078343050
1054486140
1061842873
1069913047
1050288954
-1081130552
-1087456339
1069435175
1037234982
-1081784496
1066628228
1071265127
1064219381
-1074501917
-1078942147
-1084600020
1066016167
1058310898
-1085757883
1069947348
1065583570
-1074076810
-1080973756
-1084766282
1056539996
1073405465
1063734464
-1077674134
1057139101
1072680799
-1114188172
-1104171551
-1080266314
1071805316
1067088575
1054543915
-1081336610
-1087922973
1066384707
1037146699
-1078668444
-1076178682
-1094863434
-1092714068
1054632472
1070123370
-1076088076
1068811125
-1077679994
1054554648
1062404999
-1089596980
1017836400
1059323685
-1093711022
1041716779
1072501306
1050102740
1066003583
1073256038
1070179830
-1077637829
-1075876134
1064983370
1009357230
-1081603041
-1081600094
1018794325
-1078990375
1069147759
1066616806
1025860323
1065401192
-1077275211
1063802211
-1086026209
-1079249518
1070023476
-1081487358
1062729867
-1079666899
-1074254365
-1102291854
1033420373
-1075684870
-1080243658
1041985541
-1075276093
1061807930
1067285069
-1086351013
1138400954
1132208738
1128049412
1133843111
1122270228
1124584683
1143229307
1127872084
1143844630
1126604756
1141576566
1119087953
1136805567
1137651584
1137421612
1148368527
1141211223
1142679224
1099353733
1131659094
1143863342
1089227149
1144866033
1146955407
1146536740
1132716388
1146864620
1132802374
1145320125
1136442215
1107508793
TLAST
1122949414
2415853571
-1017383469
-1010645969
-1008125550
1148316362
1143377869
1141346646
1138214931
1116044908
1143472523
-1004634886
1128831533
-1106951757
-1010630855
1142530348
1145678867
-1009911488
1117419845
1143638863
-1002735016
1138785338
-1010212706
-1003853874
1120624172
1146061626
1097021057
-999031923
-1016574643
-1014215853
1144832268
-1008983008
1120444245
-1001919443
1142509411
-1010858155
1147258961
-1007009277
1140898583
-1010132034
-1023568381
1137373180
1115810386
1140240504
-999338306
-1002258718
1143878565
-1006226459
1143980950
1148778776
1138679038
1147768664
1143335236
-1022525639
1142090080
1142440271
1144262257
-1005883639
-1005933310
1148236041
-1030769647
-1019902810
1135872559
-1002790593
1132827325
1136993882
1145928583
1140035850
-1003616650
1143401137
1148632759
-1035258830
1142518504
-1006719188
-999880826
-1000328442
-1013433326
-1005543639
-1015421275
-1019587837
-1031895173
-1011156931
1146831541
-1026824308
1132543117
-999707780
1134358128
1124875298
1126895346
-1003154321
-998650792
1147263014
-1020158914
-1005728354
-1005471611
1135728963
-1033364054
1131401927
-1091863516
-1075876599
1071299483
-1101710223
1055123109
-1078371485
-1077741903
1018166301
1043684147
-1075901346
1066194704
1071540628
1062270717
-1078906759
1066949670
-1081286943
-1097431863
1063793283
1062226792
1047256199
1060136090
1070304183
1071660008
1065393644
-1077903787
-1081737324
-1110984530
-1087057597
-1084662969
-1086326968
1067071505
-1093374847
-1078786189
-1084251329
1060681001
-1079138288
-1076667863
-1081871777
1043589733
1069300885
1061504266
1066545204
-1076618852
-1077108246
1066348120
-1077379996
1068351340
-1085278957
1060409951
1057246494
-1084464324
-1102209947
-1099096623
1058374177
1073070853
1065529183
1055435465
-1078924402
1059890494
1034829862
-1089343727
1018221492
1060885388
-1090461866
-1104312557
1064939670
-1103284300
-1091914853
-1114969434
-1074567838
-1096472680
1073125776
-1081032997
1068200371
1058292962
-1087007548
-1108520771
-1078216254
-1080888909
-1080886286
1071644757
-1087344877
-1075135629
1072556063
1061301325
-1099883232
1062642005
1070573550
1036833075
1070017098
-1081028009
1066778696
-1087631584
-1089437420
-1075846039
-1107047842
1121885156
1145654594
1129599285
1146268983
1139766947
1132844396
1117174184
1146911738
1119624358
1126222967
1133366214
1145274940
1144572687
1144730500
1133561645
1141820324
1118159592
1128084347
1088818816
1147868649
1148695411
1136257435
1147819447
1130279974
1140994085
1141294123
1080500563
1125263574
1146934538
1146673825
1117752482
TLAST
1141943804
