2415853568
1138374427
-1009989309
-1037644252
1145616829
1128015842
1141930491
1142231891
1133133693
1134410432
1135410318
-1007271869
-1015110209
-1005048787
-1015355037
1132740693
1135931899
1146333507
1147437065
1113073152
-1013620143
1143633739
-1014031212
1146675306
-1013197888
1139418746
-1008789599
-1014192743
1139615653
1140620352
1128788237
1125405191
1083646248
-1013203620
1136122986
1119903620
-1013326438
1147281526
1143505364
-1004534840
1132202119
-1000816600
-1010050459
1139595827
-1004759073
1138060001
-1001164357
1142948584
1145900865
-1002480673
-1009739904
1142520452
1140140412
1146500618
1113872735
1133844814
1130374283
1098702476
1145661208
1143496670
-1014591407
-1016776557
-1033066747
1134890964
-1047058937
1141656033
-1007952765
1132004957
-1014762008
1137492158
1147599452
1117449346
1147378606
1092091984
1141607130
-1001657375
1146488500
1128836436
-1015415784
1135866514
1145239967
1125629052
1147563213
-1035239138
1145321640
-1013940928
-1009102516
-1004854526
1134132363
1128292134
-999144318
-1010726137
-1026148058
1146081097
-1015179244
-1011511608
1141614788
1049777238
-1078538036
-1080970208
-1079627509
-1080909638
-1078049376
-1091997796
1048139273
-1073798274
-1094094387
-1093432901
1021678294
-1073789897
-1075923403
1072438109
-1086159554
-1080394677
1072124754
1032523195
-1119206923
-1084035617
1066392804
1062054083
-1126452730
1058411929
1041096503
1003152945
1058680038
1067792301
1065688691
-1080163348
1065903882
-1084232265
1067783513
-1086706484
-1085198265
1070214153
1068083936
1034567416
1039651779
1065531389
-1075317171
-1080359937
-1104068910
1073460515
-1081338797
1071414186
1072310678
-1089932469
1065126232
1070457801
-1075710046
-1077752578
-1077880061
-1112561327
1068728228
1030956799
1070344487
-1073895039
-1164478377
-1089291881
-1089209071
1071173257
-1089792919
1069978221
-1082056831
-1074687457
1073736119
-1080218949
-1104003573
1067372511
-1090463604
1059629763
-1089393729
-1096206216
1036977080
-1083234323
1065380251
1073649257
-1079245547
-1077304007
-1075477005
1058455999
-1088483825
1053953871
1073340594
1072153935
-1074736183
1059462805
-1082091929
-1079226097
1056804293
1060318048
-1077557874
-1081799353
1057572460
1148729408
1147299480
1111981089
1141494572
1139614591
1117446475
1127420830
1143807866
1119121998
1143715954
1138931998
1146878474
1124777120
1147179473
1147512681
1142513841
1143473549
1145500179
1148463297
1100433155
1143855159
1125223503
1132078225
1146842329
1129109611
1119926125
1117970351
1141689037
1129936139
1148670266
1142343915
TLAST
1147466729
2415853569
1146670579
-1000540116
-1000188540
1141851300
1134630258
-1013844530
-1005767714
1146610245
1147217104
-1008224288
1142290683
-1011158241
1148838169
-1016968087
-1001498309
1144678508
1131379193
1137789872
1118551179
1134457230
-1012165833
1142271502
-1011921553
-1000900378
1142987434
-1039716517
-1001146750
1144665782
1137489263
-1005570641
-1020092089
-999559151
-1025982374
1146835378
-1005505821
1126566556
1144329227
1139804888
1133716645
-1004872034
-1005942593
1099823264
1147952536
-1031718935
-1011860218
-1027732408
-1004944127
-1010158562
1138089568
1129818817
-1007228760
-1010797581
1127114682
-1023413447
-1005585749
1148105738
-1001116172
-1021212948
1125525664
1140606186
-1003276981
1133456010
1141603886
1142377316
1147484999
-1001321624
1137057326
1145459609
-1001591107
1146469917
-1001798623
1130642902
-1019212779
-1004776394
1133657153
1135189373
-1001651455
-1010256317
1148020765
-999070630
1142671999
1129428389
1145568941
-999018911
1137163236
1137963371
-1012855123
1144427985
-999222069
-1019078646
-1003728030
1132825290
-1012015598
1130055112
-1016837449
-1001416866
1068649832
1069964649
1054769189
-1093160670
-1082546928
-1085171177
-1083358120
-1085874967
-1088728170
-1084910931
1032292785
1061551771
1063475508
1064184969
-1088874792
1071113955
1067277935
-1088078089
1067404245
-1086124548
1068432453
1061510365
1071885603
1068975435
-1096867768
-1075871126
-1096296494
1066735352
-1084563661
1034633829
1067660730
-1127719712
1038744688
-1077706519
-1089807455
-1079855926
-1084255134
1066465366
1063782952
1055403449
-1076939301
1072737674
-1107024189
-1109745475
1069185454
1072550014
-1076230479
1069505571
-1073875301
1069960754
-1099955662
-1080886821
-1074644365
-1078996536
1070436033
-1080608414
1058247638
-1098575952
1066852514
1056108196
1070661055
-1107251931
-1083346742
-1077189770
-1105896183
1039939517
1070989418
1069818455
1073635877
-1082017711
1058503224
-1087861449
-1077850014
-1078112454
-1075207952
-1112381763
-1087625611
1062749728
1063498572
-1085926665
-1079268475
1071122769
-1094134830
1067935368
-1081900479
-1078199784
1069904310
-1076366183
1044507927
-1094513435
1071250312
1067613373
-1095977367
-1080638291
-1079423159
-1076433422
1117929459
1145396538
1145742573
1143587516
1085121778
1146964355
1144529541
1119779380
1131339340
1146422797
1146110561
1091647086
1143193909
1118411383
1140168755
1139294215
1126121516
1142580509
1109655565
1114501795
1143159543
1144454227
1146655801
1145046338
1145051751
1144817770
1146160999
1144262813
1132238851
1142424298
1141179851
TLAST
1111728582
2415853570
-1015005435
-1004143007
1125931077
1146469181
1135740934
-1014252311
-1017294303
1144818727
-1005182153
1147217645
-1025761583
1134580824
-1041657759
-1022353548
-1022820079
-1012998005
1148490405
-1025877875
1141999307
-1018686490
-1004881214
-999596864
-1023962275
1130055902
1140409390
-1007667883
-1051366333
-1019128711
-1014391221
-1019729220
-1008239661
-1009253528
1122065482
-1019567010
-998823332
-1005704339
1145923045
1132173038
-1001286267
-1001581094
-1001707399
1134515841
1147110606
1131098177
1148717991
-999545497
1141596658
1130252372
1104357915
-1014155340
-1005673504
-1014374060
-999970126
1140442681
1118972076
-998713467
1147561521
1142628808
1140752332
-1004683172
1144524655
1133532607
-1004996322
-1011824426
1118444221
1135533231
1147678206
-1003318902
1148737195
1136361340
1137906595
1127056059
1137263657
-1017618254
-1025070194
-1024112456
1145710536
-1006040768
1124597764
1146172036
1122628462
1147566988
1141640087
1143676428
-1010997546
-1012936359
-1030031452
1135883576
-1017990206
1143074187
-1003279769
1143104702
1145223514
1143356682
-1020403732
-1000163132
1025806550
-1076119197
-1076989107
1064298333
-1084294237
-1087003652
-1078895215
1052758134
-1075336482
-1087178505
1072259654
-1108731605
-1073875843
-1084596328
-1099109103
1018777270
1033872584
-1078708622
1071938437
1069658426
-1078797103
-1096995986
1056370727
1071044792
1066506559
-1079495192
1073261741
1063703119
-1080811035
1065540270
1066442738
1071628951
1059493529
-1075478498
1060648064
-1121836678
-1088386920
-1074533906
-1084345350
-1083192191
-1087394644
1064919005
1068084947
1072673171
1034853512
-1104917339
-1086459267
-1077497048
1073530030
-1082774000
-1083984595
1044566263
-1081249996
-1083631037
1060159253
1063239963
-1081714780
1069576338
1057922302
-1087478629
1017966378
-1074105850
-1081092636
1069962532
-1079587611
-1087662970
1067197610
1048615133
1072049559
1071902370
-1085059145
1068070701
-1081565239
1058267782
-1079531623
1061116909
-1077546468
-1095512287
-1079289898
1068851597
1062770650
-1085199764
1049342291
1066156945
-1079430264
-1095603514
1060777079
-1118351232
1064606121
-1097682470
1061704489
-1105290034
-1085944822
-1089235566
-1088994080
1065131944
1144170793
1145869901
1142966459
1144606514
1127529561
1146934396
1143633959
1141210298
1146513365
1135009129
1146072915
1117472323
1127565569
1145166015
1142611585
1138394494
1135015806
1129023756
1147362453
1138324481
1147201009
1146733016
1148218034
1123877180
1120912793
1121424065
1118864275
1133653229
1146083317
1128835622
1122314664
TLAST
1147580335
2415853571
-1002790121
1115369343
1132396416
-1008242073
1138665142
-1004160661
-1008720012
-1045316897
-1000376364
-1008309551
-1009780809
-1016692363
-999778388
-1020786724
1147576697
-1017191427
-1016689749
-1013399652
-1003596913
1124193209
1132327949
-1028419878
1142988874
1146462677
1141159417
1138493490
-1009861684
1146394041
-999708010
1147082052
1110804639
1143303172
1134193431
1143587670
1134739508
1145872957
-1003470765
-1012586091
-1037592471
1124493802
-1005174783
-1013558639
-1006049297
1139366818
-1008809866
-1014016442
-999005048
1123777166
-1013841346
1144129045
-1001913452
1148147990
-1009747828
-1000194551
1145754423
1118344503
-998673825
1132262714
1135237110
-1011285288
1145079365
1141416951
-1021222577
1142848390
1133394351
1142471380
-1003520678
1132734015
-999277786
-1000378128
-1008315204
1123622049
1143471747
1118439905
-1011387996
-1012071407
1125544644
1144994620
1148558311
1141555597
-1021259721
-1006160067
-1004670713
1143771616
-1007153550
1136904058
1097965552
-998978096
1147896415
-1000956808
1118503992
1134388896
-1012658925
1135878116
-999135038
1135024918
-1091318064
-1081658351
1073023544
-1114791130
1053809787
1040625234
1070639011
-1078512506
-1078202372
-1078436741
1041179537
1069700997
-1078562086
-1080975090
1062795538
-1128804223
1069350727
1062894803
-1078724113
1050966677
1060437454
-1097697553
-1077186554
1049151141
-1089300854
-1089024964
1044058941
1053784607
1070483159
-1078914538
-1077791094
-1075196526
1069968568
-1077443624
1072237106
-1108481325
1065054772
1061585756
1069352917
-1137908918
1058312132
1064832391
-1074009380
1065252007
1055389554
-1082001868
1054491043
-1081952134
1072893010
1071912224
-1082676453
-1078902296
-1095687337
-1079183050
1070015092
-1090964098
-1079966652
-1086029292
-1084221841
1065401880
-1119108244
1071381118
1053649255
-1079971613
1033535794
-1082017104
-1106756645
-1113214046
-1114868109
-1137735222
-1104156853
1068472446
1067161956
1068395787
-1083907226
1059826794
-1091423506
-1081758547
1072060141
-1085998593
1067607146
1069927295
1057056055
-1090165053
-1075309609
-1098249515
1065321006
-1076527030
-1093487478
-1108219750
-1073866984
1069143930
1070437002
-1076472069
1063943418
1062325972
1132863561
1148139494
1129824348
1125776094
1121567064
1145908818
1134432437
1131473048
1146688791
1138370614
1144972090
1132748037
1130982101
1137292741
1125426518
1125842071
1138396664
1145735090
1144910551
1137816493
1145690689
1146745043
1139604441
1145978923
1128777466
1137317927
1146758356
1130424859
1137992141
1107092126
1145312015
TLAST
1146408574
