2415853568
1142809565
-1000941825
1148144600
-1009087075
1132758557
-1002335217
1121325242
-1004363617
-1004101728
1120646420
1147986442
1143788510
1137147429
1145990113
-999647117
1143113996
-1002373775
1148490331
-1007584597
1118183193
-1012771889
-1000131407
1134285669
1143744312
-999266102
-1019568784
1145725195
-1021425083
-1008798904
-1046623727
1137734775
1146020448
-1025692871
1102902330
-1004014157
-999302165
1133933610
-1000502735
-1005336805
1148615463
1147354367
1146397282
1137537324
1148254955
1132220401
1143625395
1142020822
-1000262335
-1002690875
1113402438
1141162754
-1002982282
1140886140
-1012583439
1138331968
1147858736
-1016984862
-1014782196
-1028076068
-1026305086
-1020591468
1133056928
-999902170
1139207187
1129721166
-1001855418
1140862076
-1001391662
-1021338482
1137637819
-1002998787
-1012479523
1078751388
1143170569
-1006592777
1145017604
-1053383134
-1001058083
-1011910115
1128908911
-1001599084
1128988738
-1018084420
1114605127
-1007356036
-1005808101
1145260588
1136443868
-1031395180
1135073362
-1007498590
1140841690
1148205874
1121022113
-1005985359
1144791816
-1077955194
1073544675
-1093173137
-1078050434
1063029874
-1100597058
1063768680
-1074111872
-1079825264
1066669359
-1082059377
1069849261
-1078307288
1064076190
-1090001497
1057064086
-1086135469
1059124063
-1089854457
-1076626992
-1077685733
-1074499513
1073179488
-1074228456
1072499882
1071751274
1066037515
-1080833211
1059726916
-1129456007
-1077358397
1070129653
1047572698
-1074207573
-1084827542
1072532841
-1080546787
1058850861
-1078210878
1072654454
1070588554
-1080032866
1071260469
1061594557
1072445227
-1107316491
1059173199
1066450197
-1084221670
1061087147
-1098390659
-1082011937
-1076294704
-1083506143
1020763428
-1090030660
1069870155
-1088329869
-1085879179
-1080481320
-1076468477
-1081723129
-1079405934
-1079537689
-1082040435
1069466291
-1091379022
1072749861
-1077759836
1068220246
-1078860268
1051202284
1051713320
-1074613041
-1094758887
1070147386
1051995499
-1079070399
-1079345383
-1080338012
1066100592
1072765561
-1081417365
1066487878
-1079231149
-1077156683
1069391991
1073543681
1073731965
-1093749176
1060225242
1068093975
1063641671
1057243962
-1085178667
1028573708
1142937009
1139343301
1038109751
1142660376
1145206583
1144468007
1144946599
1146605368
1126335690
1135364165
1142050307
1147941447
1112308682
1145543900
1127160136
1141601297
1133428391
1146363540
1130193414
1127550697
1147089553
1103928578
1146969236
1100199412
1120811202
1145079384
1133532368
1144736281
1145511605
1147432242
1124824907
TLAST
1142651235
2415853569
1139668466
-1012297882
-1030133942
1102472176
-1004714828
-1005220794
1136201593
-1013514722
-1012502499
-1000979715
1113250550
1142333730
-1003794684
-998658283
1145610828
-1022329438
-1007680773
-1027527324
-1009091123
1093087827
-1023227597
1144854926
-1029878804
-1000598158
-1030178652
1143473085
1124924079
1144014260
1090486655
-1037373246
1131507240
1146184383
-1030058772
-998921940
1142467024
1145504744
1137550420
1146664309
1098992232
1146171332
-1011042484
-1008502057
1129286386
-1001712114
1109606355
1139022261
-1001837087
1141100163
1148010883
-1015898817
-1004578428
-1016019808
-1000544079
-1007912790
-1002838672
-1013268369
-1003315961
1147477021
-1001810706
1138811870
-1010114431
-1005675925
1145785115
-999413517
1146010715
-1016056633
-1001304742
-1006526546
1136608894
-1008244397
-1030543214
-1004873519
-1004175113
-1012809915
-1010310945
-1003634205
-1011882388
1146849721
-1006595490
-999975123
-1021050786
1145628332
1146721516
-1007765937
-1003717491
-1031727734
-1001016047
1146803573
1130609318
1126665099
1147783682
-999744527
-1006209755
1131249333
1147459760
-1005715528
-1078742157
1055718663
1056451251
1067227895
-1079653236
-1099180052
1067190617
1051017302
1071799629
1073353023
1062665050
-1095122831
-1082961951
-1081893126
1058496306
-1102801183
-1075899663
-1081353768
1066926809
-1075335804
-1082150991
-1090574575
-1083572493
1059137184
1064794330
-1080594606
-1092987996
-1078805041
-1080294312
-1086152191
-1113926878
-1078709844
1027488115
1071352324
-1094090199
-1080123385
1041606166
1050853679
-1084331916
-1079778477
-1116896807
-1081847226
-1079039162
-1084693250
-1075952001
1067529963
1065706417
-1089301240
1067664697
-1081035011
-1078026418
-1079486463
-1094770486
1069667859
1072148250
-1077051038
-1073776559
1057981847
-1082886825
-1098517401
1068483610
-1098338373
1030236296
1062982228
-1075152697
-1075733822
1067687712
-1093883677
-1082831991
-1081719801
1068769708
1071805115
1069155545
-1075053784
1063410540
-1090589030
-1087702805
-1075005582
-1074298072
-1077753566
1042305170
-1081303894
-1074552562
1068747957
1061715871
1068192658
-1079492607
-1096368067
1073017127
-1074302907
1036371171
-1089028455
-1076253393
-1076194642
1059070856
1055556993
1143830471
1134656628
1138644833
1123501946
1134125154
1137365906
1146387667
1143362238
1133279974
1137876810
1135932893
1130485328
1141587574
1148081717
1138972570
1147608992
1085430431
1141036556
1143148675
1138650678
1148815335
1142437687
1138410158
1142799493
1145557261
1118321457
1146178514
1148613125
1145575090
1135467492
1142562478
TLAST
1144556575
2415853570
-1005598545
1132867977
1144004612
1140842349
-1011440789
1147970227
-1014384205
1136902994
1140691372
1126059312
1147635290
-1033612692
1141595822
-1018724442
1140719415
1144975981
1145298747
-1023437534
-1004082811
-1040784338
-1024610477
-1001359574
-1003823712
-1003395978
-1005405281
1147864546
1131433302
1123219613
-1007640902
-1014582883
-1009531334
-998751321
1148739029
-1013387534
-1039420428
1125647816
1096532079
-999716449
-999453917
1133787689
-1014558004
1142397720
-1017860144
-1016952720
1143335595
1129386577
1119684585
-1015130090
1143723169
-1011032612
1146071395
1142567220
-1018509098
1132990869
-1020034671
-1009440717
1141845065
-1004940918
-1004241749
1139678111
1138844038
1142414870
1144794396
-1003259527
1148203905
1141436071
-1016420191
-1034637351
-1003613364
1132178403
-999984303
1136413837
-1014766126
-1017228108
1089676400
1148570545
1139805843
1146480183
-1001512186
1140273791
-1007304726
1147896899
-1028247369
1148403957
-1013704924
-1004727428
-998773769
-1005372081
1137762561
1084529752
-1001749057
-1008622389
1148644232
1141017029
-1012176615
1129915211
1063000229
-1110303919
1069716276
1070334727
-1089333718
1066420189
1064139857
1070941456
-1077713051
-1083148428
1043418709
-1080993707
1071214288
1065525847
-1073781979
-1086287886
1068970712
1043717858
-1080265083
1054968760
-1075149274
-1080178467
1037656780
1065886852
-1080322270
1070844011
1058212296
-1121063533
1065083689
-1080508561
-1079240375
1071691655
-1075231806
1070360100
1049815137
1060903965
1041637433
1056756086
-1087408781
1066759368
-1099038484
1059999902
-1079621775
-1082694286
1060166353
1024117330
1054970717
-1080030161
1072804120
-1099221954
1073230848
1026916852
-1103534600
-1076310893
-1077196836
-1085426156
1055264293
-1075186695
-1108364658
1070350453
1056843871
1066165051
1061198452
-1076388572
-1077039594
1062423967
-1103119617
1072531938
1065448441
-1086135422
-1097744149
-1079831564
1067726776
-1073773047
-1085045671
-1118075142
1071858322
-1077228720
1058177740
1062015490
-1077467973
1056010152
1052967236
-1078462150
-1079364880
1062653138
1059326692
-1074897980
-1081842037
1066937778
-1088726180
1068901578
-1077181464
-1091177111
-1099746396
-1095060720
1134576561
1137703961
1144835850
1127780382
1147305480
1129251351
1142667421
1110127609
1141514495
1120432504
1126342108
1140420028
1148563542
1136058150
1147402801
1123809758
1141912689
1146765077
1135672901
1140600204
1143317888
1141256649
1128988975
1132754432
1133860239
1138000641
1148414271
1143002433
1144520260
1143472325
1144837488
TLAST
1144827245
2415853571
-1010092201
-1005978732
1143331295
1145148462
1144149538
-1006598206
1142098080
-1060757101
-1004652857
1137380638
1148345173
1107019247
-1001462890
1134731270
-1000247621
1146113603
1147575046
1119633924
-1012398471
1146288216
1141079962
-1008811126
-1012671278
-1006530297
-1007390816
-1010185646
-1029874925
-999542240
-999823537
1126469194
-1000479304
1115456116
-1010772993
1134448509
-1001897562
-1006121848
1148105705
-999644266
-1027922138
1146297113
1142774596
1146350122
-1013327206
1136487837
-1009100267
1130165762
1141746471
-1002769610
-1018433156
-999683403
-999713648
-1015228268
-1000673986
1132429372
-1000061196
-999526464
-1001525884
-1018820656
1136743351
-1005465013
1124843853
-1007527548
1146688440
-1035926928
-1072843158
1136755936
-1003517275
1137011608
-1001750195
1137424476
-1017192306
1144054132
-1016060108
-1045941605
-1007383638
1136937356
-1011952185
-1004035621
-1014358445
1128326888
-1006250934
-1022029643
-1008712717
1130749701
-1007879069
-1016211809
1147301314
-1002679258
-1012188208
1118482984
-1046344787
-1000095267
-1014383097
1134472904
-1002498866
-1004187760
1068660310
1066929660
1068185297
-1077915425
1066029591
1063155993
1062537887
-1090507665
1068494509
1054238137
1068874525
-1100963621
-1082029909
-1075232391
-1135348131
-1076949728
1015724575
-1111724639
-1074231506
1054710757
1073491555
1057120164
-1074099893
1063047474
-1090631137
-1088099409
-1079725156
1048240705
-1079681641
1064656022
1058702497
1060085359
1056679162
-1083117934
1057551471
1065594611
-1089845588
-1081033749
1063672912
-1074213018
-1088256740
-1089141072
1071153444
-1102267383
1056823198
-1110022729
-1105921042
1072321607
-1080085127
1068673763
1066981770
1050136383
-1075850791
1072608107
-1077981090
1054824330
-1076859572
1071260262
-1074335232
-1094081203
1038596879
-1098383427
1019565480
1072006182
1072567481
1067071154
-1074889930
-1078262188
1072081051
-1088207261
1033045613
1070601595
-1080681913
-1081658912
-1085746519
1069455697
1069389018
1073368074
1064391844
-1081409327
1047009231
1055705139
1066270904
-1089446521
-1083915433
1054780900
1071207123
-1114412706
-1082421159
1058668328
1045488455
-1088820979
-1087710641
1069999858
1068725087
-1073795132
1138391058
1134913556
1127707045
1145249272
1134517083
1148051024
1142197742
1138043265
1148084913
1144342090
1102004519
1136484948
1142946400
1136454754
1099231725
1112856256
1142862371
1140300934
1146521519
1139414288
1147075939
1137958862
1147852601
1110123398
1148806923
1148399204
1119187053
1139385136
1132778390
1143686972
1137723758
TLAST
1146466228
