2415853568
2.109707946777343750e+02
-8.597651367187500000e+02
-2.423025817871093750e+02
4.882122497558593750e+02
-8.576594543457031250e+01
-6.733826293945312500e+02
5.928717041015625000e+02
-1.170106048583984375e+02
-1.769266052246093750e+02
-8.604377441406250000e+02
-8.425078735351562500e+02
-7.366079101562500000e+02
3.828903198242187500e+01
-8.087474975585937500e+02
-4.297232666015625000e+02
-8.993226318359375000e+02
-8.798182373046875000e+02
8.846270751953125000e+01
5.714869384765625000e+02
-1.769375915527343750e+02
-5.371948242187500000e+02
-5.734231567382812500e+02
-1.989731597900390625e+01
-2.715827941894531250e+02
1.594429473876953125e+02
7.682387695312500000e+02
4.374396057128906250e+02
-7.845844726562500000e+02
-8.465989379882812500e+02
-5.550552368164062500e+02
3.418788909912109375e+01
2.123661804199218750e+02
-9.422879028320312500e+02
-1.374854278564453125e+02
-7.433595581054687500e+02
2.249094772338867188e+01
5.405262451171875000e+02
8.228873443603515625e+01
7.438722534179687500e+02
-4.652190551757812500e+02
-7.170488281250000000e+02
1.270183105468750000e+02
7.265350952148437500e+02
1.594947357177734375e+02
-5.240480346679687500e+02
-1.390010986328125000e+02
5.551638183593750000e+02
6.502770996093750000e+01
5.211468124389648438e+01
-6.137835083007812500e+02
-2.600196533203125000e+02
-8.244730834960937500e+02
4.513806457519531250e+02
1.276684417724609375e+02
6.244475097656250000e+02
-7.916322021484375000e+02
7.975498676300048828e+00
9.711854858398437500e+02
-4.795166969299316406e+00
-9.634332275390625000e+02
-8.486533203125000000e+02
7.674378662109375000e+02
-6.526209106445312500e+02
-7.067740631103515625e+01
2.307528686523437500e+02
6.886968383789062500e+02
-7.654492187500000000e+02
3.322249450683593750e+02
9.195770263671875000e+02
4.525360412597656250e+02
4.714693603515625000e+02
-4.165886840820312500e+02
8.074735717773437500e+02
4.386249694824218750e+02
-8.289055786132812500e+02
9.474578857421875000e+02
2.916722412109375000e+02
5.276605834960937500e+02
-7.432189941406250000e+01
-5.271868896484375000e+02
9.863717651367187500e+01
-2.464742584228515625e+02
4.896588745117187500e+02
4.561100463867187500e+02
-6.504308471679687500e+02
9.537260131835937500e+02
5.661715087890625000e+02
1.885384521484375000e+02
7.278238525390625000e+02
-3.278152465820312500e+02
-6.337521972656250000e+02
5.356672363281250000e+02
-6.727404785156250000e+02
-6.250580444335937500e+02
-8.848936157226562500e+02
-5.407482910156250000e+02
-1.073897004127502441e+00
6.518773436546325684e-01
-1.837936758995056152e+00
-6.705230474472045898e-02
-1.534799858927726746e-02
1.610223650932312012e+00
-5.389633122831583023e-03
5.492710694670677185e-02
1.399286150932312012e+00
-7.213360071182250977e-01
-1.754131913185119629e+00
1.392424106597900391e+00
1.390567779541015625e+00
8.543218374252319336e-01
-1.018854022026062012e+00
-3.841255903244018555e-01
-1.709244012832641602e+00
-1.660327315330505371e+00
2.634273469448089600e-01
-1.905108571052551270e+00
1.656493663787841797e+00
7.421620190143585205e-02
-1.137819647789001465e+00
-1.437852621078491211e+00
1.452463507652282715e+00
-1.175781846046447754e+00
-7.731377482414245605e-01
6.013464927673339844e-01
-6.214216351509094238e-01
7.688493132591247559e-01
3.832988440990447998e-02
6.483188867568969727e-01
1.798339247703552246e+00
-1.441737771034240723e+00
1.613821744918823242e+00
-1.665010333061218262e+00
1.854876875877380371e+00
-1.559544324874877930e+00
-3.582218587398529053e-01
-1.295659691095352173e-01
5.562632083892822266e-01
-3.596445918083190918e-02
1.120472669601440430e+00
4.570910930633544922e-01
1.292473793029785156e+00
3.900112509727478027e-01
-1.331913828849792480e+00
1.105626583099365234e+00
-5.589683651924133301e-01
-1.691603064537048340e+00
1.598652362823486328e+00
1.751100718975067139e-01
1.512689739465713501e-01
-1.313349246978759766e+00
1.578465938568115234e+00
1.059327125549316406e+00
-1.373259902000427246e+00
-1.297640323638916016e+00
-5.015835911035537720e-02
2.139653712511062622e-01
-1.026616454124450684e+00
7.006843686103820801e-01
1.774733901023864746e+00
-1.450520515441894531e+00
-8.747063279151916504e-01
-7.981612086296081543e-01
-5.376498699188232422e-01
-1.026509046554565430e+00
1.830189943313598633e+00
1.085250616073608398e+00
1.916006207466125488e+00
-3.482243120670318604e-01
1.933624029159545898e+00
-7.773562073707580566e-01
5.134533643722534180e-01
-1.380634188652038574e+00
4.773685336112976074e-01
8.355859518051147461e-01
-1.030686140060424805e+00
-8.932364583015441895e-01
1.926025152206420898e+00
1.051256731152534485e-01
1.636422634124755859e+00
2.451571524143218994e-01
1.485176205635070801e+00
-1.945376515388488770e+00
1.056808948516845703e+00
-9.586124420166015625e-01
-1.474108695983886719e+00
-1.345549941062927246e+00
1.449178457260131836e-01
-1.524924278259277344e+00
-1.575623005628585815e-01
-6.900879144668579102e-01
-1.596440672874450684e+00
-1.259338140487670898e+00
6.267769165039062500e+02
1.069623413085937500e+02
4.748829345703125000e+02
2.603831176757812500e+02
1.867351226806640625e+02
6.421652832031250000e+02
4.625404968261718750e+02
9.204853515625000000e+02
7.939587402343750000e+02
9.060430297851562500e+02
8.369995727539062500e+02
6.059454345703125000e+02
2.543079376220703125e+02
9.165535888671875000e+02
8.639958953857421875e+01
1.732922744750976562e+01
4.290710754394531250e+02
8.994312744140625000e+02
2.649064331054687500e+02
5.751749267578125000e+02
6.381900024414062500e+02
9.403662109375000000e+01
2.154352264404296875e+02
7.799326782226562500e+02
1.101605377197265625e+02
6.970900726318359375e+01
2.933886108398437500e+02
2.263929748535156250e+02
2.717792358398437500e+02
7.448166503906250000e+02
1.909098625183105469e+01
TLAST
2.846018676757812500e+02
2415853569
-6.436624755859375000e+02
8.697534790039062500e+02
-7.247692260742187500e+02
2.293337860107421875e+02
7.760241088867187500e+02
-7.002929687500000000e+01
-9.727493286132812500e+02
-4.687368469238281250e+02
8.868173217773437500e+02
2.910622596740722656e+01
1.980246543884277344e+01
-3.084470520019531250e+02
9.998858642578125000e+02
-7.846506958007812500e+02
-8.571688232421875000e+02
-9.051203613281250000e+02
5.287564468383789062e+01
-9.088772583007812500e+02
9.472726440429687500e+01
-8.163654785156250000e+02
-1.125371322631835938e+02
2.133683166503906250e+02
7.673087768554687500e+02
1.455821533203125000e+02
-8.508843383789062500e+02
9.909787597656250000e+02
-6.440935058593750000e+02
7.576342773437500000e+02
-6.526749267578125000e+02
-8.674616699218750000e+02
-5.495657348632812500e+02
-4.115138549804687500e+02
6.304273071289062500e+02
-2.659703063964843750e+02
4.751105651855468750e+02
9.693971557617187500e+02
-6.797904052734375000e+02
-8.385103759765625000e+02
6.686652221679687500e+02
9.765616455078125000e+02
-1.657975769042968750e+02
3.821420898437500000e+02
-6.458109130859375000e+02
-4.314272460937500000e+02
2.231647338867187500e+02
1.332420501708984375e+02
-8.644432373046875000e+02
8.584104156494140625e+01
-8.611852416992187500e+02
-3.033986816406250000e+02
-6.733939361572265625e+01
-7.886100463867187500e+02
6.712515869140625000e+02
3.472849426269531250e+02
-9.006766357421875000e+02
-9.399529418945312500e+02
-6.815537719726562500e+02
7.556594848632812500e+02
8.984385986328125000e+02
-7.862139282226562500e+02
-4.111285400390625000e+02
8.355720825195312500e+02
-2.991549072265625000e+02
-1.366090545654296875e+02
4.984873657226562500e+02
7.510156860351562500e+02
2.961233520507812500e+02
-1.390750122070312500e+02
2.424417114257812500e+02
-6.779459228515625000e+02
-3.249337158203125000e+02
-6.154284667968750000e+02
-2.475618438720703125e+02
-1.813954467773437500e+02
1.789498291015625000e+02
4.641395568847656250e+01
-6.573126220703125000e+02
6.330421142578125000e+02
-9.625698852539062500e+01
-6.156506347656250000e+02
-7.804186248779296875e+01
1.275729217529296875e+02
-4.612008056640625000e+02
-7.080424499511718750e+01
-1.195646438598632812e+02
4.994289855957031250e+02
1.374117374420166016e+01
1.010235290527343750e+02
-6.440975341796875000e+02
8.652608032226562500e+02
3.110698242187500000e+02
4.941159362792968750e+02
4.203300170898437500e+02
9.526813964843750000e+02
6.985817871093750000e+02
2.000122985839843750e+02
-9.402601718902587891e-01
2.011960744857788086e-01
5.843421816825866699e-01
1.469748139381408691e+00
1.259894490242004395e+00
9.077531695365905762e-01
-1.601828694343566895e+00
-1.209103345870971680e+00
7.296625375747680664e-01
-1.130087733268737793e+00
7.194189429283142090e-01
3.768908083438873291e-01
-2.156684547662734985e-01
-1.617075443267822266e+00
5.206253528594970703e-01
9.837679862976074219e-01
1.351107835769653320e+00
1.702900767326354980e+00
-2.952721118927001953e-01
1.524595975875854492e+00
1.925930738449096680e+00
2.367004007101058960e-01
1.184636950492858887e+00
-9.566067159175872803e-02
7.241237759590148926e-01
4.464337825775146484e-01
1.958649396896362305e+00
1.836804509162902832e+00
-1.400867938995361328e+00
-1.205307960510253906e+00
1.624055981636047363e+00
1.251465559005737305e+00
-1.712338089942932129e+00
1.383891105651855469e+00
-8.859422802925109863e-01
-1.702118396759033203e+00
-1.662927120923995972e-01
8.885586857795715332e-01
-3.980865478515625000e-01
-1.059695005416870117e+00
7.583683133125305176e-01
1.544868588447570801e+00
-2.385900020599365234e-01
1.361262798309326172e+00
7.976849675178527832e-01
1.882896184921264648e+00
-4.978426396846771240e-01
-6.065178513526916504e-01
-4.424396157264709473e-01
9.606786966323852539e-01
1.148415923118591309e+00
1.515301942825317383e+00
-2.014252096414566040e-01
1.486170649528503418e+00
1.248146772384643555e+00
2.676989138126373291e-02
-1.288224816322326660e+00
1.931680560111999512e+00
7.099360227584838867e-01
-1.120783567428588867e+00
-1.625217914581298828e+00
-3.408638536930084229e-01
1.518364906311035156e+00
-8.995752334594726562e-01
1.586586356163024902e+00
-1.507605552673339844e+00
-1.890764951705932617e+00
-6.450192928314208984e-01
-1.149268865585327148e+00
3.483234345912933350e-01
1.908642292022705078e+00
-1.264165282249450684e+00
5.178112071007490158e-03
-1.554544329643249512e+00
-2.829154133796691895e-01
1.662917435169219971e-01
-1.563164710998535156e+00
1.469533681869506836e+00
-8.661805987358093262e-01
1.962883770465850830e-01
6.441216468811035156e-01
-1.680666804313659668e+00
5.745670795440673828e-01
-9.816114306449890137e-01
-8.182412981986999512e-01
-1.914178729057312012e+00
-1.948895931243896484e+00
-3.776166439056396484e-01
1.391177058219909668e+00
-1.359648823738098145e+00
9.177666306495666504e-01
7.672342658042907715e-01
-9.872373342514038086e-01
1.428553223609924316e+00
-9.648622870445251465e-01
-9.263103008270263672e-01
2.622885742187500000e+02
7.319027099609375000e+02
7.325499877929687500e+02
7.977061157226562500e+02
6.739733886718750000e+02
5.905168457031250000e+02
8.608272705078125000e+02
6.157710571289062500e+02
1.843419494628906250e+02
4.240869750976562500e+02
4.143077697753906250e+02
9.414487457275390625e+01
3.561509704589843750e+02
7.471185913085937500e+02
9.443891601562500000e+02
8.664586181640625000e+02
2.236990051269531250e+02
8.717294311523437500e+02
4.488641052246093750e+02
1.237308807373046875e+02
1.271305160522460938e+02
4.404456481933593750e+02
8.403150024414062500e+02
8.396550292968750000e+02
8.085801391601562500e+02
4.764524230957031250e+02
3.743266906738281250e+02
7.487765502929687500e+02
5.054052124023437500e+02
1.026830520629882812e+02
6.699167633056640625e+01
TLAST
6.925752563476562500e+02
2415853570
-2.293892364501953125e+02
-7.426500244140625000e+02
-8.231431274414062500e+02
-8.427623901367187500e+02
1.234555816650390625e+02
6.383008422851562500e+02
-2.213702201843261719e+00
-9.600816040039062500e+02
-4.853215332031250000e+02
2.431804199218750000e+02
3.002016906738281250e+02
1.365692291259765625e+02
9.123087768554687500e+02
-4.778088989257812500e+02
2.776224670410156250e+02
1.541378936767578125e+02
-5.605219116210937500e+02
-9.602862548828125000e+02
-5.453442764282226562e+01
-6.606430053710937500e+02
-2.525864562988281250e+02
-9.757049560546875000e+02
7.579113769531250000e+02
-5.561749877929687500e+02
8.294644165039062500e+02
-4.936331481933593750e+02
9.452521362304687500e+02
6.379732055664062500e+02
5.685920410156250000e+02
4.542866516113281250e+02
-5.777788085937500000e+02
7.945285034179687500e+02
4.517702941894531250e+02
-8.512982177734375000e+02
-5.193953857421875000e+02
-9.482347869873046875e+01
-8.557114868164062500e+02
-2.506968383789062500e+02
-8.357321166992187500e+02
6.892168579101562500e+02
-9.159092407226562500e+02
-3.348585510253906250e+02
-4.044828796386718750e+02
-6.082344970703125000e+02
1.021008377075195312e+02
9.526681518554687500e+02
-3.981405334472656250e+02
2.355055084228515625e+02
-9.085051727294921875e+01
-3.928950119018554688e+01
1.268549423217773438e+02
-9.055458374023437500e+02
-6.876628417968750000e+02
2.618695373535156250e+02
7.034678344726562500e+02
-1.955997924804687500e+02
1.186864013671875000e+02
5.236306762695312500e+02
9.856559753417968750e+01
-9.473058471679687500e+02
-6.681491699218750000e+02
-8.525965576171875000e+02
7.780917358398437500e+02
7.457096862792968750e+01
-7.819041442871093750e+01
-3.357241821289062500e+02
7.028491821289062500e+02
-4.499582519531250000e+02
7.891814575195312500e+02
-3.733981323242187500e+02
8.852004394531250000e+02
-1.898110656738281250e+02
2.080115203857421875e+02
-9.546013793945312500e+02
-7.372405395507812500e+02
-5.580643844604492188e+01
-8.779128265380859375e+01
-2.779592895507812500e+02
-2.611293640136718750e+02
6.546289062500000000e+02
-1.635015106201171875e+02
8.432709960937500000e+02
-4.619220886230468750e+02
-5.220344848632812500e+02
-8.650822143554687500e+02
8.895543212890625000e+02
7.475579223632812500e+02
-7.568439331054687500e+02
8.408538818359375000e+00
-8.479290771484375000e+02
7.144401245117187500e+02
2.201988067626953125e+02
-4.517473983764648438e+01
3.939494018554687500e+02
-4.474844970703125000e+02
-9.262478637695312500e+02
-1.043415188789367676e+00
-8.101636767387390137e-01
1.221927404403686523e+00
2.775026559829711914e-01
7.466988563537597656e-01
1.565152525901794434e+00
1.137680172920227051e+00
-5.589513182640075684e-01
5.494642853736877441e-01
-3.974523842334747314e-01
-4.951094686985015869e-01
8.013529777526855469e-01
8.176629245281219482e-02
-1.682148218154907227e+00
-2.348335534334182739e-01
-7.319908738136291504e-01
-1.042284727096557617e+00
-1.548822522163391113e+00
-7.516564726829528809e-01
-1.862331107258796692e-02
-1.739968538284301758e+00
-1.830271124839782715e+00
-1.237870097160339355e+00
-8.994498252868652344e-01
1.476202249526977539e+00
-5.195879936218261719e-01
4.286862015724182129e-01
1.568968653678894043e+00
6.492965817451477051e-01
-6.995406746864318848e-01
-1.491669416427612305e+00
1.239462494850158691e+00
-1.028329014778137207e+00
-1.000217556953430176e+00
-1.829263567924499512e+00
-4.723067879676818848e-01
1.500699758529663086e+00
5.704209208488464355e-01
1.978715419769287109e+00
-1.719714522361755371e+00
-6.544679999351501465e-01
-1.734372735023498535e+00
1.172311782836914062e+00
8.444697260856628418e-01
4.730896353721618652e-01
4.353514015674591064e-01
-2.982360720634460449e-01
8.010513782501220703e-01
-1.123114898800849915e-01
-6.753176450729370117e-01
1.920722126960754395e+00
-1.832322359085083008e+00
1.719343662261962891e+00
1.887652873992919922e+00
1.437880754470825195e+00
-9.080830812454223633e-01
-1.400326341390609741e-01
1.916256546974182129e+00
1.473818182945251465e+00
5.989704728126525879e-01
5.642641186714172363e-01
1.836297959089279175e-01
-1.536031723022460938e+00
-1.626448512077331543e+00
-1.482501029968261719e+00
-1.433232665061950684e+00
-9.917606413364410400e-02
-3.094621896743774414e-01
-1.064576864242553711e+00
-1.566337585449218750e+00
1.666752576828002930e+00
6.247768402099609375e-01
2.305569946765899658e-01
6.037796735763549805e-01
-1.893461585044860840e+00
-7.164580225944519043e-01
-1.675806641578674316e+00
8.499792218208312988e-01
-6.234882473945617676e-01
6.054058670997619629e-01
1.758838534355163574e+00
-1.205807924270629883e+00
1.648176193237304688e+00
1.353494524955749512e-01
-1.497123003005981445e+00
-1.141369581222534180e+00
5.836138725280761719e-01
1.959067881107330322e-01
-1.831692270934581757e-02
7.424163818359375000e-01
-6.787008047103881836e-01
-5.343477129936218262e-01
1.500821709632873535e+00
-1.644401431083679199e+00
-7.197461724281311035e-01
-1.309288859367370605e+00
9.604248046875000000e+02
9.423890991210937500e+02
2.348375549316406250e+02
9.551626586914062500e+02
9.992520751953125000e+02
5.466137695312500000e+02
8.973778686523437500e+02
4.036409912109375000e+02
2.026011276245117188e+01
1.454915466308593750e+02
4.338951416015625000e+02
6.342053222656250000e+02
5.426215820312500000e+02
1.504445495605468750e+02
3.356143474578857422e+00
7.474118041992187500e+02
2.784537048339843750e+02
5.705562591552734375e+01
9.578684082031250000e+02
4.461807250976562500e+02
2.633549804687500000e+02
9.865399169921875000e+02
2.742292175292968750e+02
3.714733276367187500e+02
3.303085937500000000e+02
3.614247741699218750e+02
1.113401260375976562e+02
6.888301391601562500e+02
4.449363708496093750e+02
3.044747314453125000e+02
1.011974105834960938e+02
TLAST
3.717060546875000000e+02
2415853571
1.287295227050781250e+02
5.415937423706054688e+01
1.075005187988281250e+02
9.508887329101562500e+02
4.487732238769531250e+02
6.301437377929687500e+01
3.943829650878906250e+02
-9.168463134765625000e+02
-3.704871826171875000e+02
8.586658935546875000e+02
6.897355346679687500e+02
-1.729958648681640625e+02
-9.977802124023437500e+02
7.690487670898437500e+02
3.294950561523437500e+02
-9.439021606445312500e+02
-4.152005615234375000e+02
-7.788046875000000000e+02
-9.678917846679687500e+02
9.358637084960937500e+02
-4.047059631347656250e+01
6.576235351562500000e+02
-5.091197509765625000e+02
-9.734413452148437500e+02
5.354676513671875000e+02
-7.379866333007812500e+02
1.456163024902343750e+02
5.438989868164062500e+02
9.163793945312500000e+02
1.590765228271484375e+02
-3.189952697753906250e+02
-6.424549560546875000e+02
7.697323608398437500e+02
5.526539306640625000e+02
-1.934544525146484375e+02
-2.518741989135742188e+01
4.821910095214843750e+02
8.182117309570312500e+02
4.657156372070312500e+02
-7.827746582031250000e+02
-4.468543395996093750e+02
-2.113773956298828125e+02
6.903087768554687500e+02
-3.436667480468750000e+02
-3.805758361816406250e+02
5.722243652343750000e+02
1.225767211914062500e+02
6.687414550781250000e+01
-3.925796508789062500e+02
9.060059204101562500e+02
2.979978027343750000e+02
-2.906260986328125000e+02
-5.349442749023437500e+02
-7.206752929687500000e+02
2.055529632568359375e+02
8.289661254882812500e+02
-5.572068481445312500e+02
3.423852539062500000e+02
2.975338745117187500e+02
-8.124284667968750000e+02
4.190388488769531250e+02
-2.609041137695312500e+02
-1.334918060302734375e+02
8.272258911132812500e+02
-4.328462524414062500e+02
-9.529176635742187500e+02
-7.928615722656250000e+02
3.270789184570312500e+02
1.510150909423828125e+02
4.810998840332031250e+02
3.898950805664062500e+02
4.530848083496093750e+02
4.595573120117187500e+02
7.302214355468750000e+02
9.989224853515625000e+02
-1.906204681396484375e+02
6.657780761718750000e+02
-9.363109741210937500e+02
4.823920288085937500e+02
1.525081329345703125e+02
5.700988159179687500e+02
-5.297662963867187500e+02
5.594473876953125000e+02
5.176387329101562500e+02
5.943778686523437500e+02
-9.459885864257812500e+02
1.700688743591308594e+01
7.846121215820312500e+02
8.450982666015625000e+02
-2.500418701171875000e+02
-3.292453613281250000e+02
3.404133605957031250e+01
-4.376854553222656250e+02
-9.762168579101562500e+02
-6.344222412109375000e+02
2.341590423583984375e+02
-1.054893016815185547e+00
1.881812453269958496e+00
1.780634999275207520e+00
3.949112892150878906e-01
1.252911806106567383e+00
1.289518833160400391e+00
-1.857465982437133789e+00
7.155913114547729492e-02
-1.166662335395812988e+00
5.171762108802795410e-01
1.134919643402099609e+00
2.697390317916870117e-01
-1.888139486312866211e+00
8.906948566436767578e-01
-6.066561341285705566e-01
2.277714163064956665e-01
-1.335290819406509399e-01
1.280701994895935059e+00
-8.177714943885803223e-01
-1.636522531509399414e+00
-1.102358579635620117e+00
1.598299860954284668e+00
3.645966053009033203e-01
1.130138993263244629e+00
-1.027906298637390137e+00
2.253738343715667725e-01
1.298480294644832611e-02
6.674119234085083008e-01
1.623973011970520020e+00
7.306178808212280273e-01
-6.368950605392456055e-01
1.717380285263061523e+00
1.902589678764343262e+00
-1.318076014518737793e+00
-4.180096983909606934e-01
5.736261140555143356e-03
-7.883718013763427734e-01
4.691863954067230225e-01
5.659577846527099609e-01
1.608532190322875977e+00
1.030320644378662109e+00
4.402326345443725586e-01
1.239457130432128906e+00
1.692199945449829102e+00
-7.988315224647521973e-01
1.784462571144104004e+00
1.132071256637573242e+00
1.920043706893920898e+00
-9.605693817138671875e-01
1.585916757583618164e+00
-1.569522857666015625e+00
1.659284472465515137e+00
1.459312587976455688e-01
1.238042712211608887e+00
8.263087272644042969e-01
-6.015566587448120117e-01
-9.248398127965629101e-04
1.937400363385677338e-02
1.956945508718490601e-01
-1.596495985984802246e+00
1.213387250900268555e+00
-3.415625095367431641e-01
-1.202471494674682617e+00
1.159691333770751953e+00
1.951654195785522461e+00
1.475932836532592773e+00
1.275396347045898438e+00
1.586809158325195312e+00
-2.508162856101989746e-01
3.567782938480377197e-01
-1.756579160690307617e+00
-9.152608513832092285e-01
-4.523920118808746338e-01
1.475533246994018555e+00
3.988124728202819824e-01
-1.803905963897705078e-01
1.823557734489440918e+00
-7.418518662452697754e-01
-1.893055677413940430e+00
-1.860279202461242676e+00
1.252708554267883301e+00
3.535272479057312012e-01
1.929834365844726562e+00
-2.479406148195266724e-01
9.549621939659118652e-01
-1.678655892610549927e-01
-1.659352421760559082e+00
7.630643248558044434e-01
1.631151914596557617e+00
-1.732658982276916504e+00
1.630897045135498047e+00
1.217164158821105957e+00
-1.791243672370910645e+00
1.773236751556396484e+00
1.081142902374267578e+00
6.774204373359680176e-01
6.319301757812500000e+02
9.370057373046875000e+02
9.175859375000000000e+02
7.611530761718750000e+02
1.177749633789062500e+02
9.429154663085937500e+02
2.217492065429687500e+02
1.224730682373046875e+02
2.359854431152343750e+02
7.582794799804687500e+02
3.688414001464843750e+02
3.768836364746093750e+02
5.988698730468750000e+02
8.509855346679687500e+02
7.407503662109375000e+02
8.562155151367187500e+02
4.961053161621093750e+02
4.232488098144531250e+02
6.162164916992187500e+02
2.606092224121093750e+02
2.714500427246093750e+02
1.632121887207031250e+02
3.729968872070312500e+02
8.248779296875000000e+02
1.807021636962890625e+02
7.673023681640625000e+02
5.697716064453125000e+02
3.608611145019531250e+02
2.689074707031250000e+02
8.055263671875000000e+02
9.831331176757812500e+02
TLAST
7.267952880859375000e+02
