2415853568
-6.987373046875000000e+02
3.166355590820312500e+02
-9.743163452148437500e+02
-6.496119995117187500e+02
-2.805833740234375000e+02
-7.578530273437500000e+02
-6.298338012695312500e+02
6.997137451171875000e+02
-3.367902526855468750e+02
7.652504272460937500e+02
-4.430250244140625000e+02
-2.703619995117187500e+02
-1.611460723876953125e+02
-3.310829162597656250e+02
-7.741993713378906250e+01
-7.989514160156250000e+02
7.430398941040039062e+00
7.397232666015625000e+02
5.766884994506835938e+01
1.569091796875000000e+02
4.773879394531250000e+02
8.688948974609375000e+02
-8.951582031250000000e+02
-3.878646850585937500e+02
1.421622924804687500e+02
7.156522369384765625e+01
2.621823120117187500e+02
-9.621781158447265625e+01
1.105973968505859375e+02
1.237119979858398438e+02
3.850357360839843750e+02
9.483361053466796875e+01
-1.749265899658203125e+02
4.903872680664062500e+02
9.325748291015625000e+02
-9.886350097656250000e+02
1.045940551757812500e+02
-7.266331787109375000e+02
6.243575668334960938e+01
6.747474975585937500e+02
-2.524731750488281250e+02
4.998639526367187500e+02
-1.586759643554687500e+02
7.473249511718750000e+02
-6.485211181640625000e+02
-8.349630737304687500e+02
-4.639372253417968750e+02
-1.594314880371093750e+02
-7.851358032226562500e+02
-9.020724487304687500e+02
-7.955653076171875000e+02
-7.062026977539062500e+02
7.974595336914062500e+02
-2.862357177734375000e+02
-2.099516754150390625e+02
5.567850952148437500e+02
9.403896484375000000e+02
6.676960449218750000e+02
-3.970149230957031250e+02
-7.841770629882812500e+02
9.140401000976562500e+02
-5.272362060546875000e+02
3.932909240722656250e+02
5.637743530273437500e+02
-9.851140747070312500e+02
1.189152984619140625e+02
4.588157653808593750e+02
6.505309448242187500e+02
9.819282836914062500e+02
4.802360229492187500e+02
-3.881662597656250000e+02
7.712846679687500000e+02
7.445009765625000000e+02
5.011465148925781250e+02
-1.787440948486328125e+02
-3.481456604003906250e+02
-4.033820495605468750e+02
-6.844478759765625000e+02
-8.662700805664062500e+02
-5.166094970703125000e+02
-4.464332580566406250e+02
3.191879272460937500e+02
-8.838704681396484375e+01
-1.719678344726562500e+02
8.775424194335937500e+02
-7.223505859375000000e+02
9.195840454101562500e+01
9.110339965820312500e+02
4.143530883789062500e+02
-3.089153442382812500e+02
3.492569274902343750e+02
4.813176574707031250e+02
7.889598999023437500e+02
-6.835448608398437500e+02
-2.712348632812500000e+02
-9.106858520507812500e+02
1.270223140716552734e+00
-7.570698857307434082e-01
8.529558777809143066e-01
-1.273016452789306641e+00
1.808117508888244629e+00
1.416407585144042969e+00
-2.873895764350891113e-01
1.486797571182250977e+00
1.922337412834167480e+00
7.093688845634460449e-01
-1.606611967086791992e+00
-6.476625204086303711e-01
-2.462199330329895020e-01
-4.192031919956207275e-01
1.617946773767471313e-01
-4.644173383712768555e-01
4.177567064762115479e-01
3.114672303199768066e-01
1.403748035430908203e+00
1.698525190353393555e+00
4.725823104381561279e-01
1.263103127479553223e+00
1.547064542770385742e+00
1.555916309356689453e+00
-3.087004721164703369e-01
-1.598593831062316895e+00
-6.142895817756652832e-01
1.435717701911926270e+00
-1.019913673400878906e+00
-1.644366234540939331e-02
1.774168848991394043e+00
-4.617012739181518555e-01
2.082135826349258423e-01
-1.120817065238952637e+00
-1.638010025024414062e+00
1.963588237762451172e+00
-1.796695590019226074e+00
1.130815520882606506e-01
-1.608237981796264648e+00
2.011720836162567139e-01
-1.129828929901123047e+00
-3.944491744041442871e-01
-5.568832159042358398e-01
-1.652264475822448730e+00
-4.816521704196929932e-02
-1.357213616371154785e+00
4.751220047473907471e-01
-7.285739183425903320e-01
1.499693274497985840e+00
1.149326205253601074e+00
1.421513319015502930e+00
2.535956725478172302e-02
1.410325288772583008e+00
-4.557962715625762939e-01
-1.601171344518661499e-01
-1.823529124259948730e+00
3.051319718360900879e-01
-1.446538686752319336e+00
4.980346858501434326e-01
-4.623014330863952637e-01
1.409941315650939941e-01
-2.904736399650573730e-01
1.460359811782836914e+00
-1.327175617218017578e+00
-1.455184936523437500e+00
-1.423748254776000977e+00
-1.002179384231567383e+00
5.275380015373229980e-01
1.409330010414123535e+00
-1.484504818916320801e+00
1.573518633842468262e+00
1.182708978652954102e+00
-1.873691916465759277e+00
-1.928211562335491180e-02
-1.752232313156127930e+00
-1.219092845916748047e+00
8.045717477798461914e-01
-1.295817852020263672e+00
-9.376515150070190430e-01
1.661796569824218750e+00
-7.798866927623748779e-02
6.365785598754882812e-01
5.795606970787048340e-01
1.643950790166854858e-01
-1.500366926193237305e-01
-2.051737457513809204e-01
-1.330582201480865479e-01
-1.631156086921691895e+00
-2.883899211883544922e-01
-1.325314998626708984e+00
-8.004018664360046387e-01
-1.007769823074340820e+00
5.974511504173278809e-01
-4.984546005725860596e-01
1.538215726613998413e-01
-7.342196702957153320e-01
6.254441528320312500e+02
2.754071655273437500e+02
1.498183288574218750e+02
9.364476928710937500e+02
6.858123779296875000e+02
3.139683532714843750e+02
2.938615722656250000e+02
2.004795989990234375e+02
4.895612792968750000e+02
7.413784790039062500e+02
6.482735595703125000e+02
1.360603942871093750e+02
7.197131347656250000e+02
4.973046264648437500e+02
6.292953491210937500e+02
1.077830200195312500e+02
6.351873168945312500e+02
7.220205078125000000e+02
4.505932235717773438e+01
6.388243408203125000e+02
7.241509399414062500e+02
4.236237487792968750e+02
7.920202636718750000e+02
4.561501464843750000e+02
4.604130249023437500e+02
7.815344848632812500e+02
1.082672653198242188e+02
1.100332031250000000e+02
4.849568176269531250e+02
3.711655578613281250e+02
5.093395996093750000e+02
TLAST
1.098950881958007812e+02
2415853569
1.008100662231445312e+02
7.573016357421875000e+02
3.878023376464843750e+02
-8.995689697265625000e+02
8.432176513671875000e+02
-4.341396789550781250e+02
-3.964859390258789062e+01
3.098971862792968750e+02
-7.446325302124023438e+00
4.748290100097656250e+02
-3.786806335449218750e+02
4.109704284667968750e+02
8.574487304687500000e+01
9.777574462890625000e+02
9.969988822937011719e+00
-6.506007080078125000e+02
2.276137237548828125e+02
6.300979614257812500e+01
-1.415764007568359375e+02
6.531732177734375000e+02
2.365035858154296875e+02
-6.862435302734375000e+02
5.785736694335937500e+02
-2.057772979736328125e+02
-7.563098754882812500e+02
4.160554199218750000e+02
-3.106161193847656250e+02
6.562185668945312500e+02
-7.000321044921875000e+02
-7.285557250976562500e+02
6.197254180908203125e+01
-3.445764160156250000e+02
3.927240905761718750e+02
3.382886657714843750e+02
7.012519531250000000e+02
-2.758240356445312500e+02
-5.993322753906250000e+02
1.684107666015625000e+02
7.340588989257812500e+02
-4.587678527832031250e+02
2.889378662109375000e+02
3.413605041503906250e+02
5.142169952392578125e+01
6.302732543945312500e+02
8.977941894531250000e+01
-3.923809204101562500e+02
-6.458167724609375000e+02
7.285592041015625000e+02
5.643174438476562500e+02
-7.111083984375000000e+02
8.556245727539062500e+02
4.493054199218750000e+02
2.912414550781250000e+01
-9.277935180664062500e+02
7.031543579101562500e+02
-3.206544113159179688e+01
5.049316406250000000e+01
-1.854098663330078125e+02
5.902858886718750000e+02
2.966387557983398438e+01
-2.718048400878906250e+02
5.961660156250000000e+02
-1.622643432617187500e+02
6.356392822265625000e+02
9.010366821289062500e+02
-6.228821411132812500e+02
1.495440673828125000e+02
7.320969390869140625e+01
-3.175182495117187500e+02
2.692734069824218750e+02
2.763190307617187500e+02
2.187617034912109375e+02
3.921447448730468750e+02
-1.206612625122070312e+02
7.833548583984375000e+02
9.702542724609375000e+02
9.916461181640625000e+02
5.385455932617187500e+02
-3.071475830078125000e+02
-7.772523193359375000e+02
-7.415690917968750000e+02
5.566497192382812500e+02
-1.725735473632812500e+02
7.476495361328125000e+02
7.678462524414062500e+02
-6.189354858398437500e+02
6.781586914062500000e+02
-7.720480346679687500e+02
-3.153962097167968750e+02
-5.309289550781250000e+02
4.508080139160156250e+02
5.203873291015625000e+02
-5.837584228515625000e+02
-5.910418701171875000e+02
-6.692102050781250000e+01
6.902847290039062500e+01
1.887638926506042480e+00
1.522455573081970215e+00
-8.310735225677490234e-01
5.219160318374633789e-01
-1.923754215240478516e+00
6.076766252517700195e-01
8.502756357192993164e-01
1.025431990623474121e+00
1.152109146118164062e+00
1.734484910964965820e+00
1.417211413383483887e+00
1.914930701255798340e+00
-1.917715311050415039e+00
-7.302246689796447754e-01
1.914714932441711426e+00
5.621156468987464905e-02
1.478494644165039062e+00
-7.796016931533813477e-01
5.255547165870666504e-01
-1.167934298515319824e+00
-6.197705864906311035e-02
9.924300760030746460e-02
1.764953970909118652e+00
-1.096132636070251465e+00
-1.852053403854370117e+00
-1.247989416122436523e+00
1.095147848129272461e+00
-1.159346580505371094e+00
1.902169466018676758e+00
-1.560231924057006836e+00
-2.770840227603912354e-01
-2.390873134136199951e-01
-1.247595071792602539e+00
9.380058050155639648e-01
1.139878630638122559e+00
1.712743192911148071e-01
-1.281341314315795898e+00
-1.297833442687988281e+00
1.298088550567626953e+00
1.026188373565673828e+00
7.524384260177612305e-01
1.007539965212345123e-02
-1.559223890304565430e+00
1.728761672973632812e+00
-1.869186520576477051e+00
-4.116027802228927612e-02
1.053626656532287598e+00
-1.723670005798339844e+00
-1.689587354660034180e+00
-9.218598008155822754e-01
-1.727695703506469727e+00
-5.368651747703552246e-01
1.891883015632629395e+00
-3.380132913589477539e-01
1.894006848335266113e+00
1.559385299682617188e+00
1.395845174789428711e+00
2.759127914905548096e-01
1.115234017372131348e+00
-5.398602485656738281e-01
1.455507278442382812e-01
-9.132395386695861816e-01
-2.945275604724884033e-01
1.240713149309158325e-01
-6.958527117967605591e-02
4.626022279262542725e-01
-1.958681225776672363e+00
1.531092405319213867e+00
-3.336154222488403320e-01
-1.511975765228271484e+00
1.284507870674133301e+00
1.163762569427490234e+00
2.828494906425476074e-01
1.922250986099243164e+00
8.617296218872070312e-01
-8.711304664611816406e-01
-1.502735137939453125e+00
-1.338774681091308594e+00
-1.791551113128662109e+00
-9.293351769447326660e-01
1.515495538711547852e+00
-7.937869429588317871e-01
-2.316165566444396973e-01
-1.391688346862792969e+00
-9.069550633430480957e-01
-1.963316321372985840e+00
-2.211940288543701172e-01
8.579110354185104370e-02
9.043052792549133301e-01
3.715666830539703369e-01
1.957665681838989258e+00
2.229699119925498962e-02
-1.476826786994934082e+00
1.935178935527801514e-01
8.756341338157653809e-01
9.849782586097717285e-01
2.168550491333007812e+01
3.273265457153320312e+01
5.124109497070312500e+02
4.887206268310546875e+01
6.206781005859375000e+02
7.002978515625000000e+02
5.325651855468750000e+02
1.509276580810546875e+02
9.436693115234375000e+02
1.793239898681640625e+02
9.581501464843750000e+02
7.700297851562500000e+02
5.949070434570312500e+02
4.522716674804687500e+02
3.147682189941406250e+02
1.450481534004211426e+00
3.123293762207031250e+02
6.868368530273437500e+02
1.674416198730468750e+02
6.159408569335937500e+02
7.203028564453125000e+02
4.318598937988281250e+02
3.404476013183593750e+02
9.791307983398437500e+02
8.167645263671875000e+02
7.909059448242187500e+02
8.118350219726562500e+02
7.110659179687500000e+02
3.413729858398437500e+02
9.467416405677795410e-01
9.259267578125000000e+02
TLAST
2.519883575439453125e+02
2415853570
-6.735820922851562500e+02
8.356395263671875000e+02
-5.788087768554687500e+02
3.259659118652343750e+02
-2.877029418945312500e+02
3.705723876953125000e+02
4.757962036132812500e+02
-5.538186645507812500e+02
2.100442047119140625e+02
-7.789307250976562500e+02
-6.738137207031250000e+02
-8.316359863281250000e+02
8.786889648437500000e+02
-2.974577026367187500e+02
-8.564943237304687500e+02
3.353140563964843750e+02
3.166866760253906250e+02
-3.025084533691406250e+02
3.242362976074218750e+02
-4.240434875488281250e+02
-9.750881347656250000e+02
-4.509944152832031250e+02
-2.917297363281250000e+02
8.162393188476562500e+02
1.321284790039062500e+02
4.510801391601562500e+02
4.128359069824218750e+02
8.350571441650390625e+01
7.722373657226562500e+02
7.582434082031250000e+02
-5.699649658203125000e+02
-4.849183959960937500e+02
-1.059284896850585938e+02
4.700936889648437500e+02
-8.946378173828125000e+02
-3.897588806152343750e+02
-4.884418334960937500e+02
-6.931193847656250000e+02
-9.069650878906250000e+02
1.676277465820312500e+02
-9.056046142578125000e+02
-8.183162841796875000e+02
-9.387240600585937500e+02
-4.654331359863281250e+02
-6.139854125976562500e+02
-4.788194656372070312e+01
8.147620239257812500e+02
7.902488403320312500e+02
3.020817871093750000e+02
-3.805803527832031250e+02
9.387349853515625000e+02
-9.809642333984375000e+02
-7.720167846679687500e+02
6.764958496093750000e+02
-8.916170043945312500e+02
-7.963266601562500000e+02
-9.224600219726562500e+02
-2.379977798461914062e+01
4.144605255126953125e+01
-7.993858642578125000e+02
-5.864859619140625000e+02
-4.523455505371093750e+02
4.414721679687500000e+01
4.057954711914062500e+02
6.609641113281250000e+02
1.886475219726562500e+02
-8.794620361328125000e+02
1.811728515625000000e+02
4.368464050292968750e+02
-4.803741455078125000e+02
-8.484817504882812500e+02
9.270905151367187500e+02
-8.676747436523437500e+02
-3.431418762207031250e+02
2.079815063476562500e+02
9.937984619140625000e+02
2.196709747314453125e+02
-6.257534790039062500e+02
4.370175170898437500e+02
1.007803497314453125e+02
-3.703531799316406250e+02
-8.816287231445312500e+02
-6.294915161132812500e+02
6.718222656250000000e+02
8.952690887451171875e+01
1.053714675903320312e+02
9.826417846679687500e+02
-1.468463287353515625e+02
-3.886317138671875000e+02
-7.500565185546875000e+02
9.434114379882812500e+02
-2.662615051269531250e+02
-2.503753814697265625e+02
-1.223360977172851562e+02
-1.071522426605224609e+01
4.159629821777343750e+01
-1.080443978309631348e+00
8.962151408195495605e-01
3.477692604064941406e-01
1.013989686965942383e+00
-4.175201952457427979e-01
1.405850887298583984e+00
1.286325931549072266e+00
2.730452418327331543e-01
5.240181088447570801e-01
-1.814466476440429688e+00
1.833545446395874023e+00
-1.255565047264099121e+00
1.417108058929443359e+00
-1.063792705535888672e+00
-6.922913789749145508e-01
5.086117982864379883e-01
-1.107237339019775391e-01
7.781811952590942383e-01
-1.246411651372909546e-01
-1.782884359359741211e+00
-1.473736405372619629e+00
-1.386313796043395996e+00
1.775613427162170410e+00
-1.735299080610275269e-02
-5.472536087036132812e-01
1.335242033004760742e+00
1.154249668121337891e+00
1.940567612648010254e+00
4.063538014888763428e-01
7.146352529525756836e-01
6.487950682640075684e-01
7.164452672004699707e-01
1.704566836357116699e+00
1.026796460151672363e+00
1.058374047279357910e-01
1.264221072196960449e+00
1.768402934074401855e+00
-1.538269758224487305e+00
1.428517937660217285e+00
-1.377945899963378906e+00
-1.525439858436584473e+00
1.909589290618896484e+00
-3.654856979846954346e-01
-6.993902921676635742e-01
-1.713455319404602051e+00
5.538797378540039062e-01
-1.511885166168212891e+00
5.300192832946777344e-01
-8.951578736305236816e-01
-5.364626646041870117e-01
1.777621746063232422e+00
-1.133773684501647949e+00
1.661683440208435059e+00
-9.334695935249328613e-01
2.475860267877578735e-01
1.347482442855834961e+00
-9.873823523521423340e-01
-1.311525225639343262e+00
-8.584976941347122192e-02
6.265402436256408691e-01
7.061806321144104004e-01
-1.680407166481018066e+00
1.498093247413635254e+00
-1.176143765449523926e+00
1.089258193969726562e+00
-8.833090066909790039e-01
-7.718611955642700195e-01
1.277364730834960938e+00
3.697684407234191895e-02
-4.939030483365058899e-02
9.642497301101684570e-01
-1.847456336021423340e+00
-7.897486090660095215e-01
1.828889727592468262e+00
6.025673747062683105e-01
7.960793375968933105e-01
-1.688711285591125488e+00
-1.849898934364318848e+00
-3.746221661567687988e-01
1.879935145378112793e+00
-1.512397766113281250e+00
1.494492173194885254e+00
7.514894008636474609e-01
-4.445393756031990051e-02
-1.282239198684692383e+00
1.793826580047607422e+00
-1.409099698066711426e+00
1.582225084304809570e+00
1.537106990814208984e+00
6.777192354202270508e-01
-1.804766058921813965e+00
-1.326708912849426270e+00
1.250688195228576660e+00
4.285815060138702393e-01
1.226165175437927246e+00
1.284726381301879883e+00
1.190278396606445312e+02
4.181426086425781250e+02
6.857343139648437500e+02
3.774687500000000000e+02
6.106832275390625000e+02
1.136860580444335938e+02
8.704903564453125000e+02
2.251617126464843750e+02
1.126986770629882812e+02
1.683681335449218750e+02
4.540511779785156250e+02
5.710333862304687500e+02
8.016420288085937500e+02
2.270308532714843750e+02
3.672639465332031250e+02
4.794803771972656250e+02
7.381558837890625000e+02
3.836392211914062500e+02
7.188383178710937500e+02
9.499497070312500000e+02
7.661079711914062500e+02
3.393343811035156250e+02
2.094293670654296875e+02
1.990306854248046875e+02
6.813521728515625000e+02
8.073614501953125000e+02
5.183509521484375000e+02
3.238508911132812500e+02
5.100191345214843750e+02
1.394512786865234375e+02
3.255211181640625000e+02
TLAST
6.230641479492187500e+02
2415853571
1.951500320434570312e+01
-5.828765258789062500e+02
1.163472061157226562e+02
-4.749368667602539062e+01
-8.187723999023437500e+02
-2.181561889648437500e+02
-4.363588256835937500e+02
4.739377441406250000e+02
8.331219482421875000e+02
-4.025404052734375000e+02
2.795394287109375000e+02
5.148572387695312500e+02
8.598749389648437500e+02
-8.294716186523437500e+02
-5.564811325073242188e+01
-3.739385375976562500e+02
2.566773986816406250e+02
-6.541033325195312500e+02
6.421935424804687500e+02
-5.594935913085937500e+02
2.751644897460937500e+02
-8.997536621093750000e+02
-7.750950317382812500e+02
9.347229614257812500e+02
6.024976196289062500e+02
3.601151428222656250e+02
-5.971459960937500000e+02
-8.066336669921875000e+02
2.738005065917968750e+02
-1.099813690185546875e+02
-3.607078641653060913e-02
-6.468927001953125000e+02
7.974721069335937500e+02
7.178229370117187500e+02
2.156198730468750000e+02
-8.440222778320312500e+02
-3.101718444824218750e+02
1.094383697509765625e+02
-2.165454406738281250e+02
-4.147216491699218750e+02
9.910773925781250000e+02
-6.555051269531250000e+02
-5.724656677246093750e+01
1.636377716064453125e+02
-4.659453582763671875e+01
-7.962755737304687500e+02
7.467097473144531250e+01
-5.136486816406250000e+02
-9.627683715820312500e+02
-4.715798950195312500e+02
-7.648358154296875000e+02
-6.585641479492187500e+02
2.537474212646484375e+02
-6.633442687988281250e+01
-4.735515441894531250e+02
-2.537411193847656250e+02
-4.807419128417968750e+02
8.375231933593750000e+02
-7.023651733398437500e+02
9.486256103515625000e+02
8.204671020507812500e+02
-3.225197448730468750e+02
4.516887207031250000e+02
-6.793427276611328125e+01
-5.226326293945312500e+02
-6.290206909179687500e+02
-1.128723907470703125e+02
8.271487426757812500e+02
9.169279174804687500e+02
-2.587434387207031250e+02
5.267246093750000000e+02
-3.383798522949218750e+02
-5.675197753906250000e+02
3.285721969604492188e+01
-3.768782043457031250e+02
-6.541535034179687500e+02
-1.932640991210937500e+02
5.691947021484375000e+02
8.685165405273437500e+02
-7.303537597656250000e+02
-4.753256835937500000e+02
-2.846599426269531250e+02
7.906780395507812500e+02
6.022523803710937500e+02
4.192827758789062500e+02
7.965031738281250000e+02
-2.547843322753906250e+02
5.409619750976562500e+02
-2.715409851074218750e+02
7.966046752929687500e+02
4.355186767578125000e+02
7.035481567382812500e+02
-6.439959106445312500e+02
4.736011123657226562e+01
-8.271719970703125000e+02
-2.313597869873046875e+02
9.528507292270660400e-02
1.669887006282806396e-01
-1.534958720207214355e+00
8.891253471374511719e-01
-1.927961230278015137e+00
-1.423114418983459473e+00
3.010613620281219482e-01
-3.248043656349182129e-01
1.756479144096374512e+00
-1.737323880195617676e+00
1.507064700126647949e+00
-1.544037461280822754e+00
1.711496829986572266e+00
-1.709810376167297363e+00
1.653292775154113770e+00
1.248911738395690918e+00
7.215515375137329102e-01
-8.819750547409057617e-01
4.584882780909538269e-02
5.562613606452941895e-01
-1.789960741996765137e+00
-4.935438632965087891e-01
-7.208407521247863770e-01
-5.121993273496627808e-02
-1.942279577255249023e+00
6.239186525344848633e-01
-1.417605280876159668e-01
-1.375556588172912598e+00
4.420963227748870850e-01
-3.678120672702789307e-01
-1.724928140640258789e+00
7.608340978622436523e-01
7.768868207931518555e-01
1.041244789958000183e-01
-1.894339680671691895e+00
3.114844858646392822e-01
-4.366419315338134766e-01
-5.860040187835693359e-01
-5.643457174301147461e-01
4.096471369266510010e-01
2.751876786351203918e-02
4.080669581890106201e-01
-7.717994451522827148e-01
4.006924629211425781e-01
-1.124006062746047974e-01
-9.684339165687561035e-01
-6.188235282897949219e-01
6.649309992790222168e-01
-1.108858346939086914e+00
5.203500986099243164e-01
-1.168882608413696289e+00
7.597422599792480469e-01
3.956414759159088135e-01
-4.547231271862983704e-02
-9.687653779983520508e-01
1.759156823158264160e+00
5.740457177162170410e-01
-4.420300126075744629e-01
-7.269889712333679199e-01
1.245523214340209961e+00
8.769462108612060547e-01
1.082139134407043457e+00
-1.220373988151550293e+00
-1.511424422264099121e+00
6.076940894126892090e-01
1.274270296096801758e+00
1.525678396224975586e+00
-4.788733720779418945e-01
1.125870108604431152e+00
-5.899911522865295410e-01
-9.229629635810852051e-01
6.102998852729797363e-01
9.063414931297302246e-01
5.021085143089294434e-01
8.572963476181030273e-01
7.411862015724182129e-01
1.814986228942871094e+00
-1.245868921279907227e+00
-5.790992975234985352e-01
-1.951750040054321289e+00
-7.532005310058593750e-01
-1.437932133674621582e+00
-5.246661901473999023e-01
1.555310249328613281e+00
-1.442662239074707031e+00
1.147706985473632812e+00
1.907746046781539917e-01
1.285172343254089355e+00
9.019092917442321777e-01
1.690961003303527832e+00
-1.130657196044921875e+00
1.977327466011047363e+00
9.375424385070800781e-01
1.009334325790405273e+00
-9.009523987770080566e-01
-2.341481447219848633e-01
7.486783447265625000e+02
4.476055908203125000e+02
2.647297973632812500e+02
3.574293899536132812e+01
2.936524658203125000e+02
2.568939208984375000e+02
9.637638549804687500e+02
8.533270263671875000e+02
6.790455932617187500e+02
8.977906494140625000e+02
9.866817016601562500e+02
2.979609985351562500e+02
8.656002197265625000e+02
7.722925415039062500e+02
4.749737854003906250e+02
6.098169555664062500e+02
9.792654418945312500e+02
1.566635589599609375e+02
4.827773742675781250e+02
1.430430450439453125e+02
8.236658935546875000e+02
1.630431365966796875e+02
5.360131835937500000e+02
4.850037841796875000e+02
3.216824035644531250e+02
2.680111694335937500e+02
7.160169067382812500e+02
4.759263610839843750e+02
8.735195922851562500e+02
5.498324584960937500e+02
5.577152099609375000e+02
TLAST
5.026610107421875000e+02
