2415853568
2.977471923828125000e+02
1.456177673339843750e+02
9.519946899414062500e+02
-3.812992248535156250e+02
-9.921781616210937500e+02
-2.314300079345703125e+02
4.113176574707031250e+02
-7.709590454101562500e+02
-3.659140319824218750e+02
3.981864929199218750e+02
1.529839172363281250e+02
-5.536111450195312500e+02
7.324730224609375000e+02
1.579272918701171875e+02
1.190381011962890625e+02
-1.961923522949218750e+02
1.938067779541015625e+02
3.168801269531250000e+02
-5.608848953247070312e+01
-4.184753723144531250e+02
-1.965182495117187500e+02
8.426897430419921875e+01
9.513610839843750000e+02
6.286352539062500000e+02
-1.383912658691406250e+02
-5.923627929687500000e+02
7.185946655273437500e+02
3.499599304199218750e+02
4.607876281738281250e+02
7.139630126953125000e+02
-3.584185791015625000e+02
8.238808593750000000e+02
-9.380792846679687500e+02
2.237029724121093750e+02
-5.444732666015625000e+02
3.429219055175781250e+02
7.191919088363647461e-01
-1.677414398193359375e+02
-2.279269104003906250e+02
-6.300918579101562500e+01
-4.999237976074218750e+02
-1.406022949218750000e+02
-3.956868286132812500e+02
9.523313598632812500e+02
-5.195134277343750000e+02
-9.602428436279296875e+01
1.983842468261718750e+02
6.361069946289062500e+02
-9.415915527343750000e+02
8.582276611328125000e+02
7.220057373046875000e+02
6.427488403320312500e+02
-6.446701660156250000e+02
-2.450609893798828125e+02
9.604979858398437500e+02
-4.653131103515625000e+02
1.258805847167968750e+01
-3.752505187988281250e+02
-5.518742675781250000e+02
1.945300292968750000e+02
7.933571777343750000e+02
-3.506830444335937500e+02
-1.524463043212890625e+02
2.621086730957031250e+02
4.972150878906250000e+02
-6.328785400390625000e+02
1.788115844726562500e+02
-8.623944091796875000e+02
1.764091491699218750e+02
-5.546855468750000000e+02
9.678290405273437500e+02
-3.775149230957031250e+02
6.371737060546875000e+02
-4.733182678222656250e+02
-1.137986907958984375e+02
1.459517364501953125e+02
-9.528787231445312500e+02
2.583523864746093750e+02
-5.599728393554687500e+02
4.523309020996093750e+02
-3.607678222656250000e+02
1.290960788726806641e+01
-7.795776977539062500e+02
8.099497222900390625e+01
-9.686106567382812500e+02
-8.812673950195312500e+02
4.956053771972656250e+02
4.456685485839843750e+02
5.958859863281250000e+02
6.637144775390625000e+02
6.937211303710937500e+02
-5.485200195312500000e+02
4.961556091308593750e+02
6.842287597656250000e+02
8.310307006835937500e+02
3.015243835449218750e+02
-1.552148580551147461e+00
-8.232094049453735352e-01
-1.213207125663757324e+00
-1.469283342361450195e+00
1.561914205551147461e+00
-1.491959691047668457e+00
1.903954029083251953e+00
1.552118897438049316e+00
1.080173373222351074e+00
-2.717354893684387207e-01
-1.064310193061828613e+00
4.904980361461639404e-01
-1.250397205352783203e+00
-4.753157794475555420e-01
1.582744121551513672e+00
1.240603476762771606e-01
-1.601047635078430176e+00
-1.180351018905639648e+00
-1.676427006721496582e+00
-9.833477735519409180e-01
1.697256803512573242e+00
1.338689446449279785e+00
-1.894478201866149902e+00
-4.135223925113677979e-01
1.298889756202697754e+00
-1.783113330602645874e-01
-4.473449289798736572e-01
-4.988386034965515137e-01
-6.137397885322570801e-01
-4.500724673271179199e-01
1.322439551353454590e+00
3.157513141632080078e-01
1.700234413146972656e+00
1.276728987693786621e+00
-4.613367617130279541e-01
-1.530610442161560059e+00
-1.687812089920043945e+00
1.874639153480529785e+00
-1.881687283515930176e+00
-6.747595071792602539e-01
4.710513167083263397e-03
1.551315307617187500e+00
1.413514018058776855e+00
1.515793561935424805e+00
3.264582753181457520e-01
1.430188298225402832e+00
-1.295353055000305176e+00
1.848641276359558105e+00
-1.924333333969116211e+00
-1.766325950622558594e+00
1.289799809455871582e+00
-8.790091276168823242e-01
-9.190405607223510742e-01
1.367811560630798340e+00
8.983516097068786621e-01
-1.746229887008666992e+00
1.123932480812072754e+00
8.876845240592956543e-01
-1.279841512441635132e-01
1.871479034423828125e+00
1.094701766967773438e+00
-1.330857872962951660e+00
-1.748441696166992188e+00
4.241414368152618408e-01
1.701029300689697266e+00
-1.393833160400390625e+00
1.598575592041015625e+00
5.026929080486297607e-02
8.727644681930541992e-01
-2.810275852680206299e-01
-2.713800370693206787e-01
5.423071384429931641e-01
8.090531826019287109e-01
-1.904789566993713379e+00
-2.805729508399963379e-01
-1.841339826583862305e+00
-5.616304874420166016e-01
1.101591825485229492e+00
9.571753740310668945e-01
1.772800087928771973e+00
3.236512243747711182e-01
4.298090636730194092e-01
-1.805193781852722168e+00
-1.823549866676330566e+00
1.576760172843933105e+00
-1.528652191162109375e+00
8.750671744346618652e-01
6.835762262344360352e-01
1.976951658725738525e-01
1.286484599113464355e+00
1.113048434257507324e+00
-1.407022118568420410e+00
4.862646460533142090e-01
1.453063130378723145e+00
-4.766664206981658936e-01
1.617482185363769531e+00
1.807676849365234375e+02
2.012253265380859375e+02
4.942916259765625000e+02
4.527988891601562500e+02
1.463903961181640625e+02
7.950854492187500000e+02
9.413354492187500000e+02
8.226435089111328125e+01
1.664567260742187500e+02
8.048387451171875000e+02
4.161651306152343750e+02
1.038643264770507812e+01
2.579135437011718750e+02
9.135180053710937500e+02
9.105899658203125000e+02
3.295457458496093750e+02
1.495106658935546875e+02
9.112992553710937500e+02
4.134883728027343750e+02
6.415086669921875000e+02
2.542682189941406250e+02
3.357655639648437500e+02
8.434188232421875000e+02
2.602511596679687500e+02
2.893728637695312500e+02
1.177051239013671875e+02
3.224931030273437500e+02
8.471401977539062500e+02
4.165892944335937500e+02
8.440231933593750000e+02
7.525229492187500000e+02
TLAST
9.690535278320312500e+02
2415853569
-5.815228271484375000e+02
-4.947124938964843750e+02
-4.747565917968750000e+02
6.528030395507812500e+02
-6.659594726562500000e+02
-7.357210083007812500e+02
5.174437866210937500e+02
1.191187744140625000e+02
-6.220484619140625000e+02
5.050188903808593750e+02
-9.849083251953125000e+02
-3.760456237792968750e+02
1.680203399658203125e+02
7.645320129394531250e+01
8.381171264648437500e+02
-3.548913879394531250e+02
8.828661499023437500e+02
3.376313476562500000e+02
4.421881484985351562e+01
8.248616333007812500e+02
4.085596313476562500e+02
2.468945770263671875e+02
4.311324157714843750e+02
3.064244079589843750e+02
7.917525634765625000e+02
3.723118591308593750e+02
-5.223532714843750000e+02
-4.913106994628906250e+02
9.805139160156250000e+02
1.239656753540039062e+02
2.627691040039062500e+02
5.606113281250000000e+02
5.853981933593750000e+02
-8.676437377929687500e+02
7.899815673828125000e+02
-2.658939208984375000e+02
-8.142017211914062500e+02
1.529033355712890625e+02
4.996682434082031250e+02
-9.447149047851562500e+02
-8.421171264648437500e+02
-8.947290039062500000e+01
6.425144195556640625e+01
8.958599853515625000e+01
8.277810058593750000e+02
-6.445509033203125000e+02
-7.387623291015625000e+02
-5.897518157958984375e+01
4.189419555664062500e+02
-7.183161621093750000e+02
-3.023095092773437500e+02
2.799691162109375000e+02
-8.391597290039062500e+02
3.754589538574218750e+02
-6.376268920898437500e+02
-5.815172195434570312e+01
1.502035217285156250e+02
7.388926391601562500e+02
9.379637908935546875e+01
6.096484375000000000e+02
4.119894714355468750e+02
3.886201171875000000e+02
8.888892211914062500e+02
-6.338222503662109375e+01
-1.605448303222656250e+02
8.266376342773437500e+02
-4.008458557128906250e+02
-4.555997619628906250e+02
2.517039184570312500e+02
-4.533668823242187500e+02
6.074994506835937500e+02
8.422982177734375000e+02
7.052774658203125000e+02
-5.757482910156250000e+02
9.622026977539062500e+02
-6.840911254882812500e+02
-2.902943115234375000e+02
-4.049926147460937500e+02
-9.435530395507812500e+02
1.337477416992187500e+02
-8.026411132812500000e+02
-4.764460449218750000e+02
-1.517685413360595703e+01
-4.059058837890625000e+02
-8.650991210937500000e+02
-1.771750183105468750e+02
-7.802365112304687500e+02
6.714116210937500000e+02
-4.294062194824218750e+02
6.556923217773437500e+02
-4.411261596679687500e+02
-7.439717407226562500e+02
-1.417504730224609375e+02
-8.309253540039062500e+02
4.521231384277343750e+02
-4.720121765136718750e+02
-4.229393303394317627e-01
-8.586423397064208984e-01
-9.883049130439758301e-01
-7.391259670257568359e-01
-1.030201315879821777e+00
-1.838977038860321045e-01
-1.769215464591979980e-01
-1.055205225944519043e+00
-1.192287921905517578e+00
-1.374926567077636719e+00
7.579896450042724609e-01
-4.662774205207824707e-01
-8.512296080589294434e-01
6.422433257102966309e-01
1.536815166473388672e+00
6.698731780052185059e-01
-1.577575504779815674e-01
1.836020231246948242e+00
-3.601302206516265869e-01
-1.306340694427490234e+00
7.388446927070617676e-01
-1.601785182952880859e+00
-7.100970149040222168e-01
-1.281800508499145508e+00
1.464954495429992676e+00
1.668957591056823730e+00
5.327422022819519043e-01
1.738448500633239746e+00
-4.146655201911926270e-01
-1.876126408576965332e+00
-3.763460218906402588e-01
1.996824890375137329e-01
-1.830524444580078125e+00
3.746157586574554443e-01
5.820807814598083496e-01
-1.184246063232421875e+00
-7.442013025283813477e-01
-1.151942610740661621e+00
-1.722090482711791992e+00
1.682766675949096680e+00
-1.745756745338439941e+00
-1.045198917388916016e+00
-1.047250390052795410e+00
-1.446388959884643555e-01
-1.057722121477127075e-01
-1.764127254486083984e+00
-1.522486686706542969e+00
-1.566525340080261230e+00
-2.109135091304779053e-01
-1.685325860977172852e+00
-1.092112302780151367e+00
-1.047041058540344238e+00
1.234746932983398438e+00
9.395792484283447266e-01
-6.409974694252014160e-01
1.752815246582031250e+00
1.964617013931274414e+00
1.120604634284973145e+00
4.566851854324340820e-01
1.323103308677673340e+00
3.829035162925720215e-01
4.438808262348175049e-01
-4.993530213832855225e-01
6.874681115150451660e-01
1.455870509147644043e+00
5.487412214279174805e-01
-3.708781301975250244e-01
-7.436842322349548340e-01
1.795186281204223633e+00
-1.539689779281616211e+00
5.058539509773254395e-01
1.051445603370666504e+00
-4.828802123665809631e-02
-1.999398112297058105e+00
-8.194196820259094238e-01
9.055508375167846680e-01
6.099971532821655273e-01
1.137745499610900879e+00
1.551653981208801270e+00
-1.906136155128479004e+00
1.241283297538757324e+00
1.774608612060546875e+00
-5.862345099449157715e-01
3.521651923656463623e-01
-1.845082044601440430e+00
4.107141494750976562e-01
1.527293682098388672e+00
-7.714492827653884888e-02
2.238515317440032959e-01
-5.930595993995666504e-01
5.004863440990447998e-02
3.823415637016296387e-01
1.822892189025878906e+00
1.272089838981628418e+00
-9.882690757513046265e-02
1.200552105903625488e+00
3.428488159179687500e+02
6.978513183593750000e+02
2.743996582031250000e+02
8.299653930664062500e+02
2.280784606933593750e+02
1.376757812500000000e+02
1.448117218017578125e+02
4.143140792846679688e+01
6.913226318359375000e+01
1.700079498291015625e+02
6.284601440429687500e+02
5.651611328125000000e+02
5.547088623046875000e+02
6.748317260742187500e+02
9.566763305664062500e+02
2.098632049560546875e+02
8.782294921875000000e+02
2.565173645019531250e+02
7.450268554687500000e+02
4.812720870971679688e+01
3.145187377929687500e+02
9.018447265625000000e+02
1.637014198303222656e+01
7.578052368164062500e+02
7.645877075195312500e+02
9.235786743164062500e+02
9.814456176757812500e+02
8.483347778320312500e+02
2.363751220703125000e+01
6.223223495483398438e+01
9.781093139648437500e+02
TLAST
2.527263488769531250e+02
2415853570
6.740266113281250000e+02
3.607904663085937500e+02
5.461643676757812500e+02
5.714385375976562500e+02
-7.990580444335937500e+02
2.893059997558593750e+02
-3.789149475097656250e+02
6.813776493072509766e+00
-2.379755249023437500e+02
8.659895629882812500e+02
-8.696336669921875000e+02
8.826148071289062500e+02
8.303308715820312500e+02
4.065473327636718750e+02
2.430378723144531250e+02
-8.685248413085937500e+02
-2.386529693603515625e+02
-6.810286254882812500e+02
-7.046951904296875000e+02
5.766276855468750000e+02
-4.010858154296875000e+02
-3.761132202148437500e+02
-6.956787719726562500e+02
6.490560913085937500e+02
9.757109985351562500e+02
-8.573011474609375000e+02
3.846546020507812500e+02
3.921386108398437500e+02
-6.771445312500000000e+02
1.711246643066406250e+02
-9.771553955078125000e+02
-1.789656829833984375e+02
-3.075690002441406250e+02
-8.524861450195312500e+02
-2.779561157226562500e+02
2.923454284667968750e+02
3.627588195800781250e+02
-1.825072631835937500e+02
-4.194904174804687500e+02
3.586907043457031250e+02
1.926183471679687500e+02
-9.190543212890625000e+02
-5.715025634765625000e+02
-5.486387329101562500e+02
-7.817313842773437500e+02
2.058240966796875000e+02
-5.754623031616210938e+01
6.196115112304687500e+02
7.425515747070312500e+02
-8.330061645507812500e+02
7.862075805664062500e+01
5.008447570800781250e+02
8.838366088867187500e+02
-9.977632446289062500e+02
-5.687762451171875000e+02
-4.778855590820312500e+02
9.721072998046875000e+02
3.960160827636718750e+02
-5.465867309570312500e+02
-7.940419921875000000e+02
2.262929534912109375e+02
2.990708312988281250e+02
-5.981564941406250000e+02
8.948913574218750000e+02
4.133162689208984375e+01
6.375430908203125000e+02
-6.988633422851562500e+02
5.658488769531250000e+02
3.894572753906250000e+02
-7.668284912109375000e+02
4.183470458984375000e+02
1.175577926635742188e+02
1.862515869140625000e+02
-4.507756347656250000e+02
-7.086782226562500000e+02
-5.133900756835937500e+02
6.725806274414062500e+02
-4.484348144531250000e+02
-9.063903808593750000e+02
8.376992797851562500e+02
6.267503051757812500e+02
7.652917480468750000e+02
8.643152465820312500e+02
8.422846679687500000e+02
-1.558755950927734375e+02
-1.484887542724609375e+02
-1.777901153564453125e+02
9.763079833984375000e+02
-8.662366943359375000e+02
8.840992736816406250e+01
-1.133559417724609375e+02
5.524071655273437500e+02
6.332537231445312500e+02
2.357226867675781250e+02
5.693356933593750000e+02
-9.936869506835937500e+02
1.711652994155883789e+00
-1.534477591514587402e+00
1.925263047218322754e+00
-1.145078301429748535e+00
1.480397701263427734e+00
-1.536343693733215332e+00
1.736383080482482910e+00
4.587372839450836182e-01
-2.543284893035888672e-01
1.525778651237487793e+00
-4.633554816246032715e-01
-1.555246353149414062e+00
-1.424729466438293457e+00
-7.653521299362182617e-01
-1.700170040130615234e+00
-4.661631584167480469e-01
-1.409967303276062012e+00
1.735442757606506348e+00
-1.391440629959106445e+00
-1.908126473426818848e-02
-4.573037922382354736e-01
-9.393840432167053223e-01
1.015817373991012573e-01
-2.547195553779602051e-01
1.134514689445495605e+00
-1.146118164062500000e+00
-4.957040846347808838e-01
-1.427252683788537979e-02
-1.619365692138671875e+00
1.230367779731750488e+00
-9.762659668922424316e-01
3.738408684730529785e-01
1.689294695854187012e+00
-1.823509097099304199e+00
1.757132053375244141e+00
-7.095240950584411621e-01
2.569178342819213867e-01
1.653042793273925781e+00
1.945869445800781250e+00
1.076991707086563110e-01
-1.530724287033081055e+00
1.703691482543945312e+00
-2.285775840282440186e-01
1.426608800888061523e+00
-1.232457682490348816e-01
-1.700320124626159668e+00
-5.354756116867065430e-01
1.559426903724670410e+00
-1.126284122467041016e+00
1.794385671615600586e+00
8.862229585647583008e-01
9.699200987815856934e-01
-1.549629330635070801e+00
-8.030425310134887695e-01
-1.790863037109375000e+00
5.207109451293945312e-01
-9.234867095947265625e-01
1.841560363769531250e+00
1.287117600440979004e+00
-1.754018187522888184e+00
1.050509452819824219e+00
-1.540667533874511719e+00
-1.137698292732238770e+00
6.003674864768981934e-01
-1.952185273170471191e+00
1.108856320381164551e+00
1.024632930755615234e+00
-1.746409535408020020e+00
-1.710430026054382324e+00
-1.530080199241638184e+00
6.074258685111999512e-01
1.022293567657470703e+00
-1.280280351638793945e+00
8.005629777908325195e-01
-1.196354031562805176e+00
-1.653491139411926270e+00
9.603453874588012695e-01
-1.569235920906066895e+00
2.218410968780517578e-01
1.752033591270446777e+00
-1.575041413307189941e+00
-8.569020628929138184e-01
1.681980863213539124e-02
6.216512918472290039e-01
1.086228251457214355e+00
1.505068540573120117e+00
1.446716308593750000e+00
-1.787405610084533691e+00
-7.396542429924011230e-01
2.915429510176181793e-02
-1.511065244674682617e+00
-1.531446337699890137e+00
-1.527716517448425293e+00
-5.282047986984252930e-01
-5.213437080383300781e-01
-1.538715243339538574e+00
2.116330413818359375e+02
2.443256530761718750e+02
4.169365844726562500e+02
4.468481750488281250e+02
3.842110061645507812e+01
8.467600708007812500e+02
5.201655273437500000e+02
2.686396789550781250e+02
1.469139251708984375e+02
5.458807373046875000e+02
2.843202514648437500e+02
9.810955810546875000e+02
5.476719360351562500e+02
2.050383148193359375e+02
6.590233154296875000e+02
4.018443298339843750e+02
6.469177246093750000e+01
2.534555206298828125e+02
6.419965624809265137e-01
1.385073547363281250e+02
6.367956542968750000e+02
1.651535491943359375e+02
2.835717468261718750e+02
9.179291992187500000e+02
8.228140869140625000e+02
3.610452575683593750e+02
7.251087036132812500e+02
9.240866699218750000e+02
8.412061767578125000e+02
7.624938964843750000e+02
8.806140747070312500e+02
TLAST
3.881593933105468750e+02
2415853571
-9.316181640625000000e+02
-6.354691162109375000e+02
-3.890203247070312500e+02
4.639305114746093750e+02
9.513571166992187500e+02
9.283517456054687500e+01
9.052791137695312500e+02
-5.298210449218750000e+02
-1.727645874023437500e+02
-6.759164428710937500e+02
-7.833771972656250000e+02
1.617099914550781250e+02
7.189276123046875000e+02
7.651633300781250000e+02
-5.365858764648437500e+02
8.975482177734375000e+02
7.703591918945312500e+01
1.695620422363281250e+02
-6.593432617187500000e+02
-2.552351226806640625e+02
-5.744085083007812500e+02
-5.080367736816406250e+02
-1.161278991699218750e+02
-2.482723541259765625e+02
9.254528808593750000e+02
3.878257141113281250e+02
-9.163097534179687500e+02
6.867387390136718750e+01
3.068857727050781250e+02
4.371279296875000000e+02
2.813587341308593750e+02
5.704321899414062500e+02
-2.579537658691406250e+02
3.795484924316406250e+01
3.317484130859375000e+02
3.088521957397460938e+01
2.830177917480468750e+02
-8.866278686523437500e+02
-2.113459472656250000e+02
-8.876702270507812500e+02
6.621232910156250000e+02
-5.894807128906250000e+02
-8.621730957031250000e+02
1.171984863281250000e+02
5.396181640625000000e+02
2.214315185546875000e+02
3.738876953125000000e+02
-7.730324096679687500e+02
-2.188936614990234375e+02
3.312396240234375000e+02
-4.067028198242187500e+02
-5.296931152343750000e+02
-5.210698242187500000e+02
4.646834411621093750e+02
-6.539064941406250000e+02
-2.351139068603515625e+01
-5.763959350585937500e+02
1.745891113281250000e+02
-7.043480834960937500e+02
-1.345978393554687500e+02
6.690691528320312500e+02
-3.531797485351562500e+02
3.940850219726562500e+02
3.992410278320312500e+02
-1.303689270019531250e+02
-7.773699951171875000e+02
-7.982037353515625000e+02
-3.369749755859375000e+02
-3.629120826721191406e+00
-8.025404663085937500e+02
-7.338775024414062500e+02
-5.939630126953125000e+02
-1.121655273437500000e+02
-8.530939331054687500e+02
-2.176522979736328125e+02
5.666116333007812500e+02
7.090491333007812500e+02
-9.847835083007812500e+02
-8.772013549804687500e+02
3.453387832641601562e+01
-6.693840789794921875e+01
-4.547913513183593750e+02
-8.928567504882812500e+02
1.028981876373291016e+01
-5.362887573242187500e+02
7.959703369140625000e+02
5.345026855468750000e+02
7.913745727539062500e+02
-7.838893413543701172e+00
3.809552307128906250e+02
-5.213999023437500000e+02
-2.389497375488281250e+02
-8.931022949218750000e+02
-4.198388061523437500e+02
6.305578613281250000e+02
4.781838989257812500e+02
1.733349204063415527e+00
-5.238935947418212891e-01
-4.875167906284332275e-01
-7.048727869987487793e-01
-1.677272617816925049e-01
-1.444958686828613281e+00
-3.014769852161407471e-01
-6.968206763267517090e-01
1.723788499832153320e+00
-6.489885449409484863e-01
1.014289259910583496e+00
-1.804715752601623535e+00
1.784639716148376465e+00
3.501038551330566406e-01
-1.569810152053833008e+00
-1.606208801269531250e+00
-1.193130612373352051e+00
1.859969854354858398e+00
9.696874022483825684e-01
9.770225286483764648e-01
1.775318861007690430e+00
-4.234276339411735535e-02
-5.205050110816955566e-01
-1.876464009284973145e+00
-1.042553305625915527e+00
-1.124811172485351562e+00
-1.160727500915527344e+00
1.564997673034667969e+00
1.824571728706359863e+00
1.411512613296508789e+00
-1.242324590682983398e+00
1.580622643232345581e-01
-1.309713125228881836e+00
2.471821308135986328e-01
-1.786768198013305664e+00
8.855158090591430664e-01
-1.280834078788757324e+00
1.709592700004577637e+00
1.398023962974548340e-01
-1.072114109992980957e+00
1.388198018074035645e+00
5.757187008857727051e-01
-8.636345267295837402e-01
1.697521924972534180e+00
-1.165205955505371094e+00
-1.785494208335876465e+00
-1.867564082145690918e+00
-8.674679398536682129e-01
-1.629218697547912598e+00
1.606576919555664062e+00
-1.643212795257568359e+00
1.131261348724365234e+00
-1.339605808258056641e+00
1.254885196685791016e+00
1.624746561050415039e+00
1.667140603065490723e+00
-1.360253930091857910e+00
1.982868552207946777e+00
-1.521566033363342285e+00
4.549348652362823486e-01
-1.609943270683288574e+00
-5.444969534873962402e-01
-1.954695582389831543e-01
-1.567260503768920898e+00
-1.086425423622131348e+00
8.134999871253967285e-01
5.664701759815216064e-02
1.573245048522949219e+00
-6.689949035644531250e-01
1.581850886344909668e+00
2.520214021205902100e-01
1.225497052073478699e-01
1.712039470672607422e+00
-2.693892419338226318e-01
-1.059452056884765625e+00
-1.740854382514953613e+00
-1.027404591441154480e-01
-8.382411003112792969e-01
1.776930093765258789e+00
-1.128278374671936035e+00
1.010445237159729004e+00
9.519493579864501953e-01
-1.994738578796386719e-01
-6.846492886543273926e-01
1.081845045089721680e+00
-1.319199919700622559e+00
3.799140453338623047e-01
-1.721383571624755859e+00
1.734043359756469727e+00
-8.201396465301513672e-01
-1.991935491561889648e+00
1.740423560142517090e+00
-1.220351099967956543e+00
7.471411675214767456e-02
-4.885381460189819336e-01
1.596319526433944702e-01
3.791958312988281250e+02
6.348736572265625000e+02
7.355518798828125000e+02
2.801655273437500000e+02
5.383979492187500000e+02
4.780973205566406250e+02
9.096296997070312500e+02
1.158950347900390625e+02
9.260385131835937500e+02
7.145891113281250000e+02
8.233746948242187500e+02
2.302490997314453125e+01
9.996141967773437500e+02
4.455150451660156250e+02
2.571593627929687500e+02
3.584029541015625000e+02
5.460782470703125000e+02
4.393951721191406250e+02
3.891751480102539062e+01
8.062248535156250000e+02
1.175282287597656250e+02
1.203227539062500000e+02
7.207610321044921875e+01
1.703997955322265625e+02
2.479711914062500000e+01
4.982516784667968750e+02
8.350432739257812500e+02
5.375496826171875000e+02
8.412615966796875000e+02
6.414666748046875000e+02
8.728419799804687500e+02
TLAST
6.651151733398437500e+02
