2415853568
-1.773599853515625000e+02
3.185270996093750000e+02
-8.052088012695312500e+02
-9.340628051757812500e+01
2.312015686035156250e+02
2.039370727539062500e+02
-5.342452392578125000e+02
-1.288081054687500000e+02
9.552265014648437500e+02
-5.709703922271728516e+00
-7.480708007812500000e+02
-7.577406616210937500e+02
-5.568988647460937500e+02
-5.765582885742187500e+02
8.996958618164062500e+02
9.699361572265625000e+02
5.761574096679687500e+02
4.267079772949218750e+02
-1.332875823974609375e+02
-8.649537963867187500e+02
-6.276231689453125000e+02
-4.076477050781250000e+02
6.858385620117187500e+02
7.753653564453125000e+02
7.089333496093750000e+02
-7.130713500976562500e+02
1.047136459350585938e+02
-9.611876831054687500e+02
-5.030810546875000000e+02
9.261561889648437500e+02
7.129294433593750000e+02
2.465840606689453125e+02
2.119024848937988281e+01
5.218477172851562500e+02
-5.944143676757812500e+02
8.178142089843750000e+02
5.612367553710937500e+02
-6.445515747070312500e+02
1.711012420654296875e+02
6.475250244140625000e+02
3.194401855468750000e+02
5.747629394531250000e+02
5.764630126953125000e+02
1.616749725341796875e+02
2.058363494873046875e+02
-7.249473876953125000e+02
3.837077636718750000e+02
-9.269815673828125000e+02
-6.441688232421875000e+02
-9.533913574218750000e+02
-2.273498153686523438e+01
-1.680101928710937500e+02
1.970128173828125000e+02
-4.047453918457031250e+02
2.154986877441406250e+02
-8.122019653320312500e+02
6.130136108398437500e+02
-1.498028869628906250e+02
2.134982452392578125e+02
-9.478644561767578125e+01
5.228950195312500000e+02
2.115193634033203125e+02
-2.989649047851562500e+02
1.016754150390625000e+02
7.901928710937500000e+02
6.953985595703125000e+02
3.103802490234375000e+02
-1.757635650634765625e+02
-1.362886657714843750e+02
3.368935546875000000e+02
-7.233775634765625000e+02
5.274559326171875000e+02
2.093119354248046875e+02
-5.033171997070312500e+02
-4.208399963378906250e+02
-9.682172851562500000e+02
-7.087766113281250000e+02
-3.176775512695312500e+02
9.762512817382812500e+02
-5.488712158203125000e+02
7.699736938476562500e+02
-9.625904541015625000e+02
8.227391357421875000e+02
-4.072969055175781250e+02
-3.277146911621093750e+02
8.895075683593750000e+02
-7.117662963867187500e+02
-3.687637710571289062e+01
-8.560816650390625000e+02
8.613705444335937500e+01
6.267473754882812500e+02
-5.113106689453125000e+02
2.125527496337890625e+02
8.473640136718750000e+02
4.047878112792968750e+02
-6.912439575195312500e+02
-3.488726615905761719e-01
-7.987345457077026367e-01
2.700209617614746094e-01
8.252795785665512085e-02
-1.128950834274291992e+00
3.627172857522964478e-02
-1.106751441955566406e+00
1.932808637619018555e+00
1.368452548980712891e+00
4.931413382291793823e-02
-1.441250443458557129e+00
6.831617951393127441e-01
4.841823875904083252e-02
1.859152793884277344e+00
-7.457745075225830078e-01
1.925062388181686401e-01
-1.738392710685729980e+00
-9.318120479583740234e-01
6.618737429380416870e-02
1.322729945182800293e+00
-1.255071997642517090e+00
-7.296440005302429199e-01
2.297078818082809448e-02
8.524011373519897461e-01
-3.887801766395568848e-01
-2.690517604351043701e-01
-1.169197201728820801e+00
2.037403732538223267e-01
-4.237072467803955078e-01
2.342525869607925415e-01
-4.265308082103729248e-01
-1.364133119583129883e+00
-8.294429779052734375e-01
-1.077187776565551758e+00
2.948190271854400635e-01
8.112736344337463379e-01
-1.859542280435562134e-01
1.034903883934020996e+00
1.647121071815490723e+00
2.373267710208892822e-01
-7.376845479011535645e-01
7.444819211959838867e-01
1.696425557136535645e+00
1.499477028846740723e+00
9.239858388900756836e-01
-1.269401550292968750e+00
1.525032520294189453e-01
1.794273033738136292e-02
-2.049417793750762939e-01
-3.136939108371734619e-01
1.828412771224975586e+00
-1.766724586486816406e+00
6.500324010848999023e-01
1.593060374259948730e+00
-4.857600033283233643e-01
-1.716191768646240234e+00
7.556266784667968750e-01
-3.691143691539764404e-01
-1.962947607040405273e+00
6.401318311691284180e-01
1.726942896842956543e+00
6.370498538017272949e-01
-1.927019238471984863e+00
3.693165481090545654e-01
1.239161729812622070e+00
-6.766393780708312988e-01
-3.629962801933288574e-01
-1.648065447807312012e+00
7.181037068367004395e-01
-9.370826929807662964e-02
-1.982444524765014648e-01
1.072723865509033203e+00
1.556948542594909668e+00
4.033760726451873779e-01
-3.166556954383850098e-01
3.190447390079498291e-01
2.658815979957580566e-01
1.906239867210388184e+00
-1.141782283782958984e+00
-1.193674564361572266e+00
-1.914098501205444336e+00
1.713873982429504395e+00
-4.717109203338623047e-01
-1.162338376045227051e+00
-4.628372490406036377e-01
2.090777158737182617e-01
7.391155958175659180e-01
6.939609050750732422e-01
-1.070693254470825195e+00
1.716896772384643555e+00
7.753919959068298340e-01
6.066695451736450195e-01
1.826975822448730469e+00
-4.511201679706573486e-01
1.795531153678894043e+00
1.968433022499084473e+00
5.452236328125000000e+02
4.921878662109375000e+02
9.477395629882812500e+02
3.152783813476562500e+02
8.791029663085937500e+02
6.677172851562500000e+01
7.955203247070312500e+02
8.672520446777343750e+01
9.719159545898437500e+02
6.570804443359375000e+02
2.437465820312500000e+02
7.177932128906250000e+02
3.526601867675781250e+02
9.624072265625000000e+02
2.326398773193359375e+02
1.492807922363281250e+02
4.612422790527343750e+02
6.143622436523437500e+02
2.978777465820312500e+02
7.360086059570312500e+02
6.777456054687500000e+02
2.936813659667968750e+02
7.016853637695312500e+02
6.984797363281250000e+02
2.666880493164062500e+02
4.191654968261718750e+02
2.524682617187500000e+02
5.603630371093750000e+02
8.005653076171875000e+02
8.828939208984375000e+02
9.490106201171875000e+02
TLAST
1.461077117919921875e+02
2415853569
-5.934270629882812500e+02
-4.700887145996093750e+02
-1.027956542968750000e+02
-4.271393737792968750e+02
-5.762192382812500000e+02
7.313375854492187500e+02
9.956229248046875000e+02
6.443936767578125000e+02
2.383762512207031250e+02
6.651176452636718750e+01
-3.364963684082031250e+02
4.789335021972656250e+02
-3.690673522949218750e+02
-5.632826538085937500e+02
6.432113647460937500e+02
-9.526174545288085938e+00
5.015753479003906250e+02
-5.711706542968750000e+02
5.651983032226562500e+02
-8.643392333984375000e+02
-6.050688476562500000e+02
7.835274658203125000e+02
4.488605957031250000e+02
2.841930007934570312e+01
-1.825774536132812500e+02
9.849213867187500000e+02
3.412492675781250000e+02
3.436816101074218750e+02
-3.177731018066406250e+02
5.468114013671875000e+02
8.897388305664062500e+02
9.365049438476562500e+02
-9.177968139648437500e+02
1.024618721008300781e+01
7.652148437500000000e+02
6.650548095703125000e+02
5.742022094726562500e+02
-6.364772949218750000e+02
-6.860700073242187500e+02
8.885050048828125000e+02
-5.559819335937500000e+02
2.150367889404296875e+02
8.941692504882812500e+02
9.366306762695312500e+02
-9.746462402343750000e+02
-9.402826538085937500e+02
6.830427246093750000e+02
4.804143981933593750e+02
-8.990065307617187500e+02
5.736836547851562500e+02
-4.298638000488281250e+02
-5.834170532226562500e+02
1.819633331298828125e+02
3.381985778808593750e+02
4.911573791503906250e+02
-7.725466918945312500e+02
-5.671268310546875000e+02
6.040979003906250000e+02
3.231109924316406250e+02
5.848096313476562500e+02
-7.869281616210937500e+02
-9.956634521484375000e+02
7.738697052001953125e+01
-3.569400939941406250e+02
-6.919338989257812500e+02
-6.412840576171875000e+02
-1.207006225585937500e+02
3.573867797851562500e+02
2.252082824707031250e+02
-2.906914672851562500e+02
-2.138977813720703125e+02
-9.589513549804687500e+02
6.016352081298828125e+01
7.080609130859375000e+02
4.444347534179687500e+02
1.360188140869140625e+02
-6.780283203125000000e+02
-3.002314453125000000e+02
-2.442494773864746094e+01
7.115817871093750000e+02
4.327464904785156250e+02
-2.410502052307128906e+01
-3.610420532226562500e+02
-3.911286926269531250e+02
-8.536612701416015625e+01
-3.151880798339843750e+02
-7.846285400390625000e+02
4.939581604003906250e+02
-5.925223388671875000e+02
3.379752502441406250e+02
4.043200073242187500e+02
5.816796112060546875e+01
-3.576147155761718750e+02
-6.078240966796875000e+02
-3.957684020996093750e+02
-3.321604003906250000e+02
-1.822686791419982910e-01
9.780906438827514648e-01
-1.828372120857238770e+00
1.348190426826477051e+00
-7.014896869659423828e-01
1.227897256612777710e-01
5.105863884091377258e-02
-1.667917013168334961e+00
-1.608752250671386719e+00
2.205829620361328125e-01
-7.372278571128845215e-01
1.465865612030029297e+00
4.577908515930175781e-01
2.916569113731384277e-01
8.460592627525329590e-01
-7.036861777305603027e-01
-1.888097077608108521e-01
-8.035011291503906250e-01
-1.661990880966186523e+00
4.467720165848731995e-02
2.351259589195251465e-01
2.681525051593780518e-01
-6.813599467277526855e-01
1.790412902832031250e+00
-1.824550628662109375e+00
9.127039313316345215e-01
-1.798091650009155273e+00
-1.224118232727050781e+00
-3.655687719583511353e-02
5.337943509221076965e-02
9.552974104881286621e-01
-9.190396070480346680e-01
1.422159671783447266e-01
1.219868287444114685e-01
2.372704744338989258e-01
5.618144869804382324e-01
1.041550874710083008e+00
4.898987412452697754e-01
-1.495901107788085938e+00
8.260576128959655762e-01
2.605806104838848114e-03
-1.034602642059326172e+00
3.685739934444427490e-01
-1.453519344329833984e+00
-1.287810355424880981e-01
1.051577448844909668e+00
-4.512911140918731689e-01
1.625910401344299316e+00
1.432375609874725342e-01
-1.111391305923461914e+00
9.718376994132995605e-01
-4.940335154533386230e-01
-1.422988414764404297e+00
-9.939362406730651855e-01
1.715872049331665039e+00
2.826050817966461182e-01
1.245792269706726074e+00
1.652082800865173340e+00
1.736956715583801270e+00
6.327769756317138672e-01
-2.026744186878204346e-02
-1.594596862792968750e+00
3.143004775047302246e-01
-1.857008218765258789e+00
6.294936537742614746e-01
3.838382959365844727e-01
1.670485258102416992e+00
1.820658922195434570e+00
8.540372550487518311e-02
1.603217959403991699e+00
5.351940989494323730e-01
-1.664645314216613770e+00
7.708764672279357910e-01
-1.144980192184448242e+00
1.425957918167114258e+00
-7.201551198959350586e-01
-1.453120112419128418e+00
1.182151079177856445e+00
7.641574740409851074e-01
8.644126653671264648e-01
-1.881034731864929199e+00
1.439429283142089844e+00
-1.525875091552734375e+00
-3.266336619853973389e-01
-1.489036679267883301e+00
1.274863243103027344e+00
2.118448913097381592e-01
1.074608683586120605e+00
1.141603708267211914e+00
5.072522759437561035e-01
-1.778822183609008789e+00
5.661057233810424805e-01
7.901263833045959473e-01
-1.680529832839965820e+00
-6.938413977622985840e-01
6.286133527755737305e-01
4.674878540039062500e+02
4.381594848632812500e+02
3.724407958984375000e+02
9.521341552734375000e+02
7.757060546875000000e+02
8.769709472656250000e+02
9.434385375976562500e+02
3.367756347656250000e+02
4.206585693359375000e+02
9.258395996093750000e+02
2.756191635131835938e+01
5.663020019531250000e+02
5.282108154296875000e+02
8.374820556640625000e+02
2.179413452148437500e+02
2.476246490478515625e+02
6.488327636718750000e+02
8.648389892578125000e+02
2.488208923339843750e+02
3.469602966308593750e+02
8.151584472656250000e+02
7.889997558593750000e+02
5.741634521484375000e+02
4.525580596923828125e+01
8.160280761718750000e+02
1.905511283874511719e+01
9.353773803710937500e+02
3.804641418457031250e+02
8.016510009765625000e+02
3.573122863769531250e+02
9.555012817382812500e+02
TLAST
3.669246215820312500e+02
2415853570
8.028728637695312500e+02
4.003003234863281250e+02
-9.839405517578125000e+02
5.962556152343750000e+02
9.911760864257812500e+02
9.197137451171875000e+02
5.620317382812500000e+02
8.731384887695312500e+02
-3.819458312988281250e+02
-4.605924072265625000e+02
-9.814618530273437500e+02
8.807994079589843750e+01
-3.409908447265625000e+02
-7.003404541015625000e+02
6.323504028320312500e+02
3.967512207031250000e+02
-3.209900665283203125e+01
7.688448486328125000e+02
-8.836471557617187500e+02
-8.998961181640625000e+02
9.721275634765625000e+02
-7.318588867187500000e+02
2.309227600097656250e+02
7.315089111328125000e+02
-8.487514038085937500e+02
-2.601562194824218750e+02
-8.482289428710937500e+02
8.840369873046875000e+02
-5.994838714599609375e+01
-6.105231323242187500e+02
-4.158033142089843750e+02
-3.341807861328125000e+02
-2.428600463867187500e+02
3.500524902343750000e+02
4.278784484863281250e+02
-6.910519409179687500e+02
-6.091313552856445312e+01
-9.207225341796875000e+02
9.780682983398437500e+02
5.240372924804687500e+02
-4.776936950683593750e+02
5.683424072265625000e+02
2.118685913085937500e+02
-6.869409790039062500e+02
7.495164184570312500e+02
5.794724121093750000e+02
8.487745971679687500e+02
-4.663497924804687500e+02
6.896325073242187500e+02
-6.583731079101562500e+02
-4.022651672363281250e+02
-6.846489715576171875e+01
-4.084834899902343750e+02
-6.282704467773437500e+02
2.078855133056640625e+01
6.968634643554687500e+02
2.126560211181640625e+02
5.646742553710937500e+02
-1.846004791259765625e+02
6.650017700195312500e+02
9.116591186523437500e+02
-1.310555572509765625e+02
3.738356628417968750e+02
-7.133168945312500000e+02
5.585364913940429688e+01
6.554718017578125000e+01
9.339382171630859375e+01
-6.402956542968750000e+02
-7.199284667968750000e+02
1.068775253295898438e+02
2.311434020996093750e+02
-9.032861328125000000e+02
7.127491455078125000e+02
2.422427215576171875e+02
8.639199218750000000e+02
-7.981118164062500000e+02
4.449679260253906250e+02
-1.983624267578125000e+02
2.005731964111328125e+02
2.874790649414062500e+02
5.281785278320312500e+02
9.236629638671875000e+02
7.280977172851562500e+02
-8.832207031250000000e+02
7.542147827148437500e+02
5.472593383789062500e+02
5.175384521484375000e+02
-5.329837036132812500e+02
8.455789794921875000e+02
8.620944213867187500e+02
-6.550397338867187500e+02
9.065040588378906250e+01
2.025268249511718750e+02
2.326799163818359375e+02
-4.574193725585937500e+02
-4.293845825195312500e+02
1.122072100639343262e+00
-7.155033946037292480e-01
5.320755243301391602e-01
2.485959827899932861e-01
-1.235617041587829590e+00
3.175488114356994629e-01
-7.848725467920303345e-02
9.250980615615844727e-01
-1.201551914215087891e+00
2.330904006958007812e-01
9.949637204408645630e-02
1.767728686332702637e+00
-9.646847844123840332e-01
-2.205425202846527100e-01
-9.164571166038513184e-01
-2.388428151607513428e-02
-1.199613928794860840e+00
5.442203879356384277e-01
8.759465813636779785e-01
-1.222093701362609863e+00
1.824313104152679443e-01
1.055606007575988770e+00
1.354081153869628906e+00
5.350027680397033691e-01
-5.422999858856201172e-01
1.627312898635864258e+00
1.895247817039489746e+00
1.431269049644470215e+00
3.021745979785919189e-01
4.037604928016662598e-01
1.921100735664367676e+00
-4.941127449274063110e-02
1.730401664972305298e-01
-1.440660238265991211e+00
-7.535982728004455566e-01
-6.397193074226379395e-01
7.815438508987426758e-01
-4.954957067966461182e-01
-5.516056418418884277e-01
5.505648255348205566e-01
1.916047096252441406e+00
-6.860935091972351074e-01
-6.752413511276245117e-01
1.480974435806274414e+00
-7.833359390497207642e-02
-1.113817095756530762e-01
-9.385110139846801758e-01
9.006627202033996582e-01
-1.865691900253295898e+00
1.656618833541870117e+00
-4.905138611793518066e-01
1.480908989906311035e+00
-1.645369887351989746e+00
-1.087653994560241699e+00
-1.323842287063598633e+00
1.440992712974548340e+00
-5.426474809646606445e-01
6.466785669326782227e-01
-8.512727618217468262e-01
-1.060595214366912842e-01
-1.571541547775268555e+00
-2.160600572824478149e-01
1.836448669433593750e+00
-1.948691606521606445e+00
-1.303060173988342285e+00
1.824910402297973633e+00
-6.833400726318359375e-01
-5.258738994598388672e-01
3.141201138496398926e-01
-1.113153100013732910e+00
-4.866864383220672607e-01
4.910525679588317871e-01
-1.294871211051940918e+00
1.526864528656005859e+00
-1.790340393781661987e-01
1.753655195236206055e+00
1.002983972430229187e-01
-1.638346433639526367e+00
9.342322349548339844e-01
1.772547125816345215e+00
-6.920374631881713867e-01
-1.509746789932250977e+00
1.675442695617675781e+00
8.803959935903549194e-02
1.019984006881713867e+00
1.512494206428527832e+00
7.132190465927124023e-02
-8.982034325599670410e-01
1.023193001747131348e+00
-3.238970637321472168e-01
1.694170355796813965e+00
-5.689857602119445801e-01
-1.590423583984375000e-01
1.122041225433349609e+00
-4.758651852607727051e-01
3.643203377723693848e-01
1.150028991699218750e+02
8.236287841796875000e+02
5.794085083007812500e+02
3.090756034851074219e+01
5.436248016357421875e+01
1.276177310943603516e+01
9.958836669921875000e+02
4.242829284667968750e+02
8.248926391601562500e+02
8.678873901367187500e+02
6.015257568359375000e+02
9.640462036132812500e+02
6.462510375976562500e+02
1.996963958740234375e+02
3.258511352539062500e+02
5.814832153320312500e+02
6.764236450195312500e+02
4.690690002441406250e+02
6.880137329101562500e+02
4.248206329345703125e+01
4.930874328613281250e+02
8.589315795898437500e+02
6.424348144531250000e+02
5.582325439453125000e+02
8.257133178710937500e+02
7.814641113281250000e+02
8.678309326171875000e+02
6.847020874023437500e+02
6.028092041015625000e+02
5.594232177734375000e+02
5.983298873901367188e+01
TLAST
3.300628280639648438e+01
2415853571
-1.119872894287109375e+02
5.199746704101562500e+02
-7.111286621093750000e+02
3.891017150878906250e+02
-5.565383911132812500e+02
-7.002523803710937500e+01
-8.815795898437500000e+02
-4.608356475830078125e+01
-8.896100463867187500e+02
1.130555114746093750e+02
2.946454467773437500e+02
1.166760330200195312e+02
1.462485790252685547e+01
-8.183981933593750000e+02
-2.648086853027343750e+02
7.773871459960937500e+02
4.486468811035156250e+02
1.221154332160949707e+00
-8.780938720703125000e+02
8.690751342773437500e+02
4.867387084960937500e+02
9.927073364257812500e+02
-4.291679382324218750e+01
-6.908710327148437500e+02
7.477153930664062500e+02
8.414791107177734375e+01
7.357743530273437500e+02
6.570269775390625000e+02
9.685127563476562500e+02
8.165443725585937500e+02
-8.673513183593750000e+02
3.423372497558593750e+02
2.910949096679687500e+02
-2.665245666503906250e+02
1.668847351074218750e+02
-5.841783447265625000e+02
1.027771759033203125e+02
-5.151227416992187500e+02
-8.242497558593750000e+02
2.875718078613281250e+02
-5.798165283203125000e+02
3.308220214843750000e+02
4.322277526855468750e+02
2.167225456237792969e+01
-6.355040283203125000e+02
1.890564727783203125e+02
-6.895366210937500000e+02
-8.823312988281250000e+02
-9.055134887695312500e+02
1.763631248474121094e+01
-2.208895416259765625e+02
-8.978192138671875000e+02
2.931846008300781250e+02
8.068534545898437500e+02
5.912626953125000000e+02
9.557501831054687500e+02
-5.356118774414062500e+02
-7.811986694335937500e+02
-2.697897644042968750e+02
8.439048461914062500e+02
1.005236282348632812e+02
5.624558639526367188e+01
-7.521677246093750000e+02
5.667537841796875000e+02
-2.863375854492187500e+02
6.826940155029296875e+01
5.560000610351562500e+02
-9.451556396484375000e+02
-3.739389343261718750e+02
5.434985961914062500e+02
1.101236343383789062e+01
-8.121653747558593750e+01
-9.899183959960937500e+02
7.859671020507812500e+02
8.492940673828125000e+02
-7.831809082031250000e+02
6.691591186523437500e+02
-3.448803100585937500e+02
3.416049499511718750e+02
-1.882397308349609375e+02
8.067072753906250000e+02
8.672897949218750000e+02
-4.721484333276748657e-02
4.211302795410156250e+02
-7.641426391601562500e+02
-4.160170898437500000e+02
6.649653930664062500e+02
-7.037042846679687500e+02
9.323529052734375000e+02
6.816395874023437500e+02
-3.141470336914062500e+02
-6.940733337402343750e+01
-8.614081420898437500e+02
-3.603975524902343750e+02
-3.077355957031250000e+02
-5.155211257934570312e+01
-1.630581259727478027e+00
4.491549730300903320e-01
-9.422268867492675781e-01
-6.440537571907043457e-01
1.662217378616333008e-01
1.727596998214721680e+00
-1.253274798393249512e+00
-1.308564245700836182e-01
-3.777905404567718506e-01
6.587395668029785156e-01
-7.582323551177978516e-01
1.378562211990356445e+00
4.188794270157814026e-02
-1.206670761108398438e+00
-7.506859302520751953e-01
-1.888177692890167236e-01
-1.593592405319213867e+00
-1.425112128257751465e+00
4.718846082687377930e-01
1.818996906280517578e+00
1.363127112388610840e+00
-5.350342988967895508e-01
1.263789653778076172e+00
-1.089846849441528320e+00
1.055081486701965332e+00
1.127243041992187500e-01
1.687425732612609863e+00
-1.722139954566955566e+00
8.096331357955932617e-01
7.883678078651428223e-01
1.822165131568908691e+00
1.053195714950561523e+00
-6.616595387458801270e-02
-4.170410931110382080e-01
6.219241023063659668e-01
-1.071847438812255859e+00
8.468371629714965820e-01
-8.327471613883972168e-01
1.250807166099548340e+00
8.450098037719726562e-01
-7.580209970474243164e-01
8.009830713272094727e-01
-1.653108119964599609e+00
-9.629436135292053223e-01
-1.476407885551452637e+00
-1.031323552131652832e+00
-9.710900783538818359e-01
-4.979881942272186279e-01
7.064694762229919434e-01
1.748934984207153320e+00
1.270662069320678711e+00
7.936366796493530273e-01
8.602731823921203613e-01
-2.191058695316314697e-01
-5.389034748077392578e-01
6.989809870719909668e-01
8.538751006126403809e-01
-1.798213720321655273e+00
-1.471771359443664551e+00
-1.383087635040283203e+00
1.391377806663513184e+00
1.988147616386413574e+00
-8.234588503837585449e-01
1.044276475906372070e+00
-1.267304062843322754e+00
-1.880623459815979004e+00
8.584185242652893066e-01
1.010765314102172852e+00
-9.292649030685424805e-01
1.226218104362487793e+00
1.705682873725891113e+00
6.985046267509460449e-01
8.528061509132385254e-01
-6.743096113204956055e-01
-1.207123279571533203e+00
-1.104846954345703125e+00
-1.718133091926574707e+00
-1.976126194000244141e+00
5.786719918251037598e-01
1.824683785438537598e+00
2.958653867244720459e-01
-1.677643418312072754e+00
-5.527990460395812988e-01
-8.798418045043945312e-01
1.918186783790588379e+00
-3.096629381179809570e-01
6.307243108749389648e-01
1.336787223815917969e+00
-1.004537343978881836e+00
-2.667383849620819092e-01
-1.337568044662475586e+00
4.334315657615661621e-01
-1.052805185317993164e+00
-1.875800043344497681e-01
-1.852557659149169922e+00
-1.569857239723205566e+00
9.638179321289062500e+02
2.295061187744140625e+02
2.042488098144531250e+02
9.388621520996093750e+01
9.315095825195312500e+02
4.393953857421875000e+02
3.546255187988281250e+02
8.007060546875000000e+02
8.710294189453125000e+02
9.644420166015625000e+02
5.169519653320312500e+02
9.915684814453125000e+02
1.954045410156250000e+02
8.838174438476562500e+01
1.987815551757812500e+02
9.630460205078125000e+02
9.465518188476562500e+02
1.112666854858398438e+02
9.963822937011718750e+01
9.932562866210937500e+02
1.367579498291015625e+02
9.560872802734375000e+02
8.759396972656250000e+02
6.143674850463867188e+01
6.497991333007812500e+02
4.812225341796875000e+02
6.754435424804687500e+02
1.420619869232177734e+01
9.092371826171875000e+02
8.538218994140625000e+02
2.149405059814453125e+02
TLAST
6.042355346679687500e+02
