2415853568
-8.049784545898437500e+02
4.106724243164062500e+02
3.035263061523437500e+02
-7.290394897460937500e+02
6.146968383789062500e+02
-6.050885620117187500e+02
-9.701090087890625000e+02
4.703254699707031250e+02
5.517308959960937500e+02
9.830527496337890625e+01
5.522288818359375000e+02
-6.213120117187500000e+02
5.592606811523437500e+02
9.701109008789062500e+02
-7.580791015625000000e+02
-2.831915893554687500e+02
-2.565904846191406250e+02
-4.827402038574218750e+02
-5.040672302246093750e+02
-8.973400878906250000e+02
3.110818176269531250e+02
-7.172109375000000000e+02
5.389356079101562500e+02
-1.926722717285156250e+02
-1.107878417968750000e+02
6.950411376953125000e+02
7.160478515625000000e+02
1.422175445556640625e+02
-5.365260620117187500e+02
-6.061643676757812500e+02
3.256936035156250000e+02
-6.657533569335937500e+02
4.717306900024414062e+01
9.410421752929687500e+02
-3.995444641113281250e+02
-5.900917816162109375e+01
9.749696044921875000e+02
7.071236572265625000e+02
-2.823966674804687500e+02
6.322313232421875000e+02
-2.318954620361328125e+02
-6.754662475585937500e+02
1.283682861328125000e+02
-4.870891113281250000e+02
7.510625000000000000e+02
-6.622750854492187500e+02
7.507642822265625000e+02
-6.448994750976562500e+02
7.980758666992187500e+02
-6.321497802734375000e+02
-9.272620239257812500e+02
2.425833740234375000e+02
-2.519039001464843750e+02
-5.116438903808593750e+02
-2.144759826660156250e+02
-7.358430786132812500e+02
6.930100097656250000e+02
-5.406734008789062500e+02
-5.811599731445312500e+02
-8.623120727539062500e+02
6.521599121093750000e+02
-1.573578796386718750e+02
-1.870156097412109375e+02
6.909414062500000000e+02
5.683544311523437500e+02
-3.980676574707031250e+02
3.591239318847656250e+02
-9.079409179687500000e+02
6.606106567382812500e+02
2.759438781738281250e+02
4.454077758789062500e+02
-9.560551147460937500e+02
5.328268432617187500e+02
-4.666768493652343750e+02
3.219093933105468750e+02
-8.538566284179687500e+02
-4.042412109375000000e+02
4.126889648437500000e+02
1.710593986511230469e+01
2.996744632720947266e+00
-5.752561645507812500e+02
1.580468750000000000e+02
-1.971726989746093750e+02
4.085599517822265625e+01
-4.268307800292968750e+02
-1.404841308593750000e+02
3.021565856933593750e+02
-8.863700561523437500e+02
-8.255098266601562500e+02
-4.268733520507812500e+02
1.520888671875000000e+02
-2.045729637145996094e+01
8.247256469726562500e+02
2.197895288467407227e+00
5.002037048339843750e+02
3.435503845214843750e+02
1.751790285110473633e+00
-1.722422599792480469e+00
6.686405744403600693e-03
1.346046686172485352e+00
2.271164506673812866e-01
-1.861768484115600586e+00
1.638386100530624390e-01
-1.174237489700317383e+00
9.056605696678161621e-01
3.202585279941558838e-01
-1.060870528221130371e+00
-9.963959455490112305e-01
-1.746868252754211426e+00
1.416993737220764160e+00
1.648478507995605469e+00
6.292731761932373047e-01
3.249444067478179932e-01
1.883014440536499023e+00
5.461004376411437988e-01
-4.510199725627899170e-01
1.280794262886047363e+00
4.962562322616577148e-01
1.627756834030151367e+00
-6.644409298896789551e-01
-1.083689689636230469e+00
1.779796123504638672e+00
-1.903558492660522461e+00
2.448408454656600952e-01
-1.765653491020202637e+00
-1.793306469917297363e+00
1.567753791809082031e+00
-9.462163448333740234e-01
-1.281147837638854980e+00
-6.454910635948181152e-01
1.953926801681518555e+00
-1.435272246599197388e-01
-7.477992177009582520e-01
1.116156458854675293e+00
-1.086763978004455566e+00
-1.787554740905761719e+00
1.794901043176651001e-01
-6.681302189826965332e-01
1.936909914016723633e+00
1.848861336708068848e+00
-5.184679031372070312e-01
-1.475319147109985352e+00
1.279064774513244629e+00
1.809113502502441406e+00
1.519456028938293457e+00
8.793647289276123047e-01
1.304157257080078125e+00
-1.317956089973449707e+00
7.528353929519653320e-01
1.996088385581970215e+00
-8.287448883056640625e-01
-2.847802340984344482e-01
1.996478557586669922e+00
-1.052865743637084961e+00
1.984648466110229492e+00
6.755625605583190918e-01
-1.705147743225097656e+00
-1.189279079437255859e+00
1.546485662460327148e+00
-5.105598568916320801e-01
1.626055121421813965e+00
9.844139218330383301e-01
2.299528270959854126e-01
1.091073036193847656e+00
1.707556128501892090e+00
1.981928229331970215e+00
-1.192131638526916504e+00
-1.251521944999694824e+00
-1.278176665306091309e+00
-1.036689877510070801e-01
1.757185578346252441e+00
-4.754085540771484375e-01
-5.598933100700378418e-01
-7.631815075874328613e-01
-1.938566565513610840e+00
-1.815532207489013672e+00
-4.684793651103973389e-01
-1.023189425468444824e+00
1.582774281501770020e+00
-4.718827307224273682e-01
-8.360554575920104980e-01
6.585680246353149414e-01
-1.092901825904846191e+00
3.561652600765228271e-01
1.277699351310729980e+00
1.365310668945312500e+00
-8.879213929176330566e-01
-5.338594317436218262e-01
-1.295142173767089844e-01
1.267037510871887207e+00
1.668848991394042969e+00
-4.690029323101043701e-01
9.827280883789062500e+02
5.859998779296875000e+02
5.481350097656250000e+02
2.231661682128906250e+02
9.549429321289062500e+02
8.326981811523437500e+02
2.191194152832031250e+02
4.640168457031250000e+02
6.995128173828125000e+02
9.447713623046875000e+02
7.023124389648437500e+02
7.985731201171875000e+02
3.963579101562500000e+02
7.200718994140625000e+02
5.490050659179687500e+02
5.552912597656250000e+02
6.847462768554687500e+02
7.935464477539062500e+02
5.233504028320312500e+02
1.000635757446289062e+02
4.400496215820312500e+02
2.671430053710937500e+02
9.481851196289062500e+02
5.648826904296875000e+02
4.470299072265625000e+02
5.435902709960937500e+02
4.543809814453125000e+02
3.566604309082031250e+02
9.934165649414062500e+02
8.817415771484375000e+02
2.268738555908203125e+02
TLAST
4.151247253417968750e+02
2415853569
-4.662452392578125000e+02
-2.449730072021484375e+02
5.983484497070312500e+02
-7.211536254882812500e+02
4.665719604492187500e+01
-9.063275909423828125e+01
8.549427490234375000e+02
-8.883482666015625000e+02
-4.506730346679687500e+02
2.801578140258789062e+01
-8.398450317382812500e+02
7.847600708007812500e+02
-2.003620758056640625e+02
7.880309448242187500e+02
7.375670776367187500e+02
1.916240811347961426e+00
-9.714751434326171875e+01
7.170815429687500000e+02
-7.671205444335937500e+02
-6.421653442382812500e+02
1.586010894775390625e+02
1.151885147094726562e+02
6.047455444335937500e+02
7.972120361328125000e+02
-1.188171997070312500e+02
-3.117902526855468750e+02
9.510438537597656250e+01
-6.426338500976562500e+02
-5.895841064453125000e+02
-4.051499328613281250e+02
-2.311824493408203125e+02
-2.884617309570312500e+02
-1.166210327148437500e+02
8.877521362304687500e+02
5.617626342773437500e+02
7.775202636718750000e+02
9.217877197265625000e+02
3.612078552246093750e+02
9.116465759277343750e+01
-5.198616333007812500e+02
1.414297332763671875e+02
6.668235473632812500e+02
-6.850101928710937500e+02
-5.257285766601562500e+02
6.678265991210937500e+02
-8.487469482421875000e+02
-4.668353576660156250e+02
5.609311294555664062e+01
-5.527513122558593750e+01
-8.986237792968750000e+02
5.320688476562500000e+02
5.373598022460937500e+02
-7.613028564453125000e+02
-6.622044067382812500e+02
6.406096801757812500e+02
-5.533231201171875000e+02
7.637493896484375000e+02
-4.338903808593750000e+02
8.573346557617187500e+02
3.490471267700195312e+01
-8.853829956054687500e+02
-4.831866760253906250e+02
9.010044555664062500e+02
-8.681308593750000000e+02
-4.922159423828125000e+02
9.638032836914062500e+02
-2.668262634277343750e+02
3.552109069824218750e+02
5.632821044921875000e+02
1.363329315185546875e+02
3.483722839355468750e+02
-7.057800903320312500e+02
-4.890299987792968750e+01
9.129533691406250000e+02
-4.109096374511718750e+02
-9.948654174804687500e+01
3.863650512695312500e+02
2.478088684082031250e+02
7.734909667968750000e+02
-8.009949951171875000e+02
7.816451416015625000e+02
4.058394165039062500e+02
-2.035484466552734375e+02
3.253349685668945312e+01
9.451469726562500000e+02
-5.249218139648437500e+02
4.623209838867187500e+02
-5.307568359375000000e+02
-9.359315185546875000e+02
1.900550231933593750e+02
-2.757875671386718750e+02
-7.061064453125000000e+02
1.387932281494140625e+02
1.466650543212890625e+02
-8.993560028076171875e+01
-3.334524841308593750e+02
5.336688756942749023e-01
-8.581256270408630371e-01
-5.571995973587036133e-01
8.125501275062561035e-01
-7.617518901824951172e-01
-2.887150645256042480e-01
-1.555156230926513672e+00
-6.115822196006774902e-01
-1.387167572975158691e+00
1.006334781646728516e+00
4.906464517116546631e-01
-1.502392649650573730e+00
-4.344585537910461426e-01
1.465453028678894043e+00
-1.551065295934677124e-01
1.437100172042846680e+00
-8.210732936859130859e-01
-6.163200736045837402e-01
1.010279297828674316e+00
8.673399686813354492e-01
-1.500926852226257324e+00
2.113545387983322144e-01
1.484969496726989746e+00
5.143353343009948730e-01
5.841383934020996094e-01
1.933858841657638550e-01
1.802725672721862793e+00
8.889158070087432861e-02
-1.153016805648803711e+00
7.009507156908512115e-03
-4.257780909538269043e-01
-1.580947518348693848e+00
1.690159440040588379e+00
1.216534614562988281e+00
-4.971614778041839600e-01
1.902401328086853027e+00
-8.728613145649433136e-03
-3.149405866861343384e-02
3.683273494243621826e-01
9.361023083329200745e-03
-1.798651337623596191e+00
1.459662079811096191e+00
-5.837885141372680664e-01
-1.197235226631164551e+00
-1.835044622421264648e-01
-4.123594462871551514e-01
3.328627943992614746e-01
1.077606320381164551e+00
-7.709523439407348633e-01
-1.639560222625732422e+00
-1.670027256011962891e+00
2.177948653697967529e-01
1.919444650411605835e-01
-1.238609075546264648e+00
1.434437394142150879e+00
-1.636098980903625488e+00
-1.512493729591369629e+00
-1.524200558662414551e+00
1.289950370788574219e+00
-1.535116195678710938e+00
-1.700436115264892578e+00
-9.104866385459899902e-01
1.686629533767700195e+00
-5.445282459259033203e-01
-3.693814277648925781e-01
-1.525745868682861328e+00
1.436580896377563477e+00
-8.983044624328613281e-01
1.653294265270233154e-01
1.237438082695007324e+00
8.894342184066772461e-01
-1.108562126755714417e-01
-3.222149908542633057e-01
6.866939067840576172e-01
2.249857410788536072e-02
-1.365955591201782227e+00
-1.954949617385864258e+00
-1.880293369293212891e+00
-8.080700635910034180e-01
1.390876770019531250e+00
-3.931125998497009277e-01
-1.086189508438110352e+00
1.058769464492797852e+00
7.049366831779479980e-02
1.610572487115859985e-01
-7.572209835052490234e-01
-1.944669723510742188e+00
-6.944682002067565918e-01
-1.116176605224609375e+00
1.299384474754333496e+00
1.491314768791198730e+00
1.829325556755065918e-01
-7.978566288948059082e-01
-1.315894961357116699e+00
-8.462280035018920898e-01
-1.794521093368530273e+00
8.593064117431640625e+01
8.643361206054687500e+02
3.620250320434570312e+01
3.147207641601562500e+02
2.721514587402343750e+02
8.148184814453125000e+02
9.607758789062500000e+02
9.202124023437500000e+02
6.996654510498046875e+01
1.924449462890625000e+02
5.069626464843750000e+02
5.001710510253906250e+02
7.683209228515625000e+02
4.470998840332031250e+02
3.631651306152343750e+02
5.532642211914062500e+02
2.888695983886718750e+02
3.570951538085937500e+02
3.213235168457031250e+02
8.566939086914062500e+02
2.693196716308593750e+02
8.105645751953125000e+01
4.365201416015625000e+02
7.831099243164062500e+02
7.768202514648437500e+02
2.080475311279296875e+02
5.415875854492187500e+02
3.711235427856445312e+01
7.763186035156250000e+02
7.623317260742187500e+02
2.278718109130859375e+02
TLAST
5.844976806640625000e+02
2415853570
5.147139892578125000e+02
-5.122862548828125000e+02
6.484712524414062500e+02
-8.524008789062500000e+02
9.259324951171875000e+02
1.323544616699218750e+02
-1.195020828247070312e+02
1.695720367431640625e+02
4.603796081542968750e+02
3.758512878417968750e+02
3.703490600585937500e+02
9.608930053710937500e+02
-1.344475555419921875e+02
9.188161621093750000e+02
2.003394317626953125e+01
-2.764109497070312500e+02
-9.564791870117187500e+01
2.186679992675781250e+02
3.188853149414062500e+02
2.165639190673828125e+02
7.642557983398437500e+02
4.290760803222656250e+02
-6.234163818359375000e+02
4.850219345092773438e+01
-9.075344848632812500e+02
-7.543861694335937500e+02
-6.820341796875000000e+02
3.667455444335937500e+02
-5.911966552734375000e+02
-6.228494873046875000e+02
-8.381024169921875000e+01
-9.570335083007812500e+02
9.388417358398437500e+02
2.334104309082031250e+02
-1.041764373779296875e+02
7.674262084960937500e+02
2.000601196289062500e+02
3.276221313476562500e+02
-9.733435668945312500e+02
7.220856323242187500e+02
3.287585144042968750e+02
8.347109375000000000e+02
8.668427734375000000e+02
-1.854267730712890625e+02
4.143853149414062500e+02
-4.553981933593750000e+02
3.988803100585937500e+02
-6.377105102539062500e+02
5.040005493164062500e+02
-3.573853759765625000e+02
-8.853821411132812500e+02
8.882189331054687500e+02
2.915145568847656250e+02
9.203329467773437500e+01
5.740665893554687500e+02
-4.354299926757812500e+02
-6.866781616210937500e+02
-5.556209106445312500e+02
-5.246005859375000000e+02
2.553619232177734375e+02
-9.498131103515625000e+02
7.426754760742187500e+02
3.693266601562500000e+02
-8.133379516601562500e+02
-7.628343505859375000e+02
-4.648663024902343750e+02
3.782205963134765625e+01
-9.430914306640625000e+02
7.490518798828125000e+02
1.218592300415039062e+02
9.068509521484375000e+02
4.286879348754882812e+01
-4.085294494628906250e+02
7.930612182617187500e+02
3.325235595703125000e+02
1.489120941162109375e+02
-1.917477111816406250e+02
-3.617682189941406250e+02
1.759515838623046875e+02
5.209312133789062500e+02
-8.037492675781250000e+02
9.232175903320312500e+02
-9.958823242187500000e+02
6.605437622070312500e+02
-6.209291381835937500e+02
7.847132568359375000e+02
3.844890747070312500e+02
-5.282825927734375000e+02
-8.819537963867187500e+02
2.840240478515625000e+02
-9.552766723632812500e+02
1.074920578002929688e+02
2.929029235839843750e+02
3.780274353027343750e+02
5.303632812500000000e+02
-8.049930419921875000e+02
9.929649829864501953e-01
-1.088157057762145996e+00
-1.137219429016113281e+00
6.778408885002136230e-01
5.781893134117126465e-01
-1.488500237464904785e+00
-1.261720299720764160e+00
-1.543632507324218750e+00
1.721235394477844238e+00
1.507188320159912109e+00
2.123280465602874756e-01
1.596243500709533691e+00
-1.890577912330627441e+00
4.153524935245513916e-01
1.123981833457946777e+00
-1.917070031166076660e+00
-1.413163185119628906e+00
-1.390268206596374512e-01
1.945894598960876465e+00
-5.436992645263671875e-01
1.544501066207885742e+00
-1.940668970346450806e-01
-1.915627956390380859e+00
1.394955217838287354e-01
1.489001512527465820e+00
-1.052797436714172363e+00
-5.679435133934020996e-01
-1.273721575736999512e+00
3.430565297603607178e-01
-1.421735882759094238e+00
1.511590838432312012e+00
3.904398679733276367e-01
-1.285266041755676270e+00
1.117088794708251953e+00
-5.464941859245300293e-01
-1.589758276939392090e+00
-6.598755717277526855e-01
-1.824116706848144531e+00
-6.908033490180969238e-01
-1.798607587814331055e+00
2.635385841131210327e-02
4.984216094017028809e-01
-3.314756453037261963e-01
5.429251790046691895e-01
9.044468998908996582e-01
5.677006244659423828e-01
-1.195340752601623535e-01
1.247355580329895020e+00
9.504927992820739746e-01
1.515678524971008301e+00
-1.292775034904479980e+00
-2.260645776987075806e-01
1.844053626060485840e+00
-9.735333919525146484e-01
-6.953238844871520996e-01
6.756860613822937012e-01
1.063714742660522461e+00
3.029237389564514160e-01
1.559220194816589355e+00
-5.088528394699096680e-01
1.036406159400939941e+00
-1.270243763923645020e+00
1.225184202194213867e+00
3.089600503444671631e-01
1.489163994789123535e+00
-3.218919634819030762e-01
3.968658447265625000e-01
-2.788289785385131836e-01
-1.431941747665405273e+00
-1.710520625114440918e+00
-1.240353107452392578e+00
-9.140475392341613770e-01
2.242408879101276398e-02
1.919193267822265625e+00
-1.210377335548400879e+00
3.844879865646362305e-01
-6.266361474990844727e-01
1.691590428352355957e+00
8.483180403709411621e-01
1.494158267974853516e+00
-6.559162139892578125e-01
-4.609054923057556152e-01
2.458041310310363770e-01
9.876209497451782227e-01
-2.390777170658111572e-01
1.796654343605041504e+00
1.743397712707519531e+00
1.702265620231628418e+00
1.155426278710365295e-01
-1.778523445129394531e+00
1.621149420738220215e+00
1.271929740905761719e+00
2.551333010196685791e-01
1.415591478347778320e+00
-1.781266212463378906e+00
1.230317279696464539e-01
8.533295288085937500e+02
1.499509811401367188e+01
4.980483703613281250e+02
3.806402587890625000e+02
4.562208862304687500e+02
7.190478515625000000e+02
9.378061523437500000e+02
4.145948181152343750e+02
7.544212646484375000e+02
4.768367309570312500e+02
3.984952697753906250e+02
5.573555908203125000e+02
9.361893920898437500e+02
6.576581420898437500e+02
9.120901489257812500e+02
3.831307678222656250e+02
5.890589599609375000e+02
7.927894592285156250e+01
7.320177459716796875e+01
8.082070922851562500e+02
9.927440185546875000e+02
2.238512573242187500e+02
1.738011169433593750e+02
1.693833618164062500e+02
6.176671752929687500e+02
7.686089477539062500e+02
8.421030273437500000e+02
7.040626220703125000e+02
2.667107849121093750e+02
9.852463989257812500e+02
4.410083007812500000e+02
TLAST
7.022052001953125000e+02
2415853571
8.074231567382812500e+02
1.674647979736328125e+02
-9.471309814453125000e+02
9.696810913085937500e+02
8.375649414062500000e+02
2.533810729980468750e+02
2.601036834716796875e+01
-2.819438781738281250e+02
2.097613220214843750e+02
-2.783038635253906250e+02
-1.261324386596679688e+02
8.263124389648437500e+02
7.210317993164062500e+02
-4.916777038574218750e+02
2.454026794433593750e+02
-9.158142700195312500e+02
-3.211539306640625000e+02
-7.866259765625000000e+02
-6.831173706054687500e+02
3.450212402343750000e+02
-9.970398559570312500e+02
-9.472327880859375000e+02
-9.470949096679687500e+02
-8.132046508789062500e+02
-9.670678710937500000e+01
-7.600135498046875000e+02
-8.696223144531250000e+02
1.829727783203125000e+02
-6.751875000000000000e+02
9.801279907226562500e+02
-9.975620727539062500e+02
1.250922622680664062e+02
-7.232343139648437500e+02
-9.244318237304687500e+02
3.038727722167968750e+02
3.646594238281250000e+02
2.371871948242187500e+02
6.099212036132812500e+02
7.597922363281250000e+02
-1.167598628997802734e+01
9.346742248535156250e+01
4.051672363281250000e+02
5.705877075195312500e+02
-3.130012321472167969e+01
-6.375068969726562500e+02
-8.685886383056640625e+01
-1.301771545410156250e+02
5.676943969726562500e+02
-1.637447509765625000e+02
7.802910614013671875e+01
-1.564479217529296875e+02
-5.059677734375000000e+02
-1.876738586425781250e+02
-6.429426269531250000e+02
-2.601919860839843750e+02
-1.386731567382812500e+02
-7.401773681640625000e+02
-8.324066772460937500e+02
-2.447327270507812500e+02
7.296062622070312500e+02
-8.938051757812500000e+02
-7.436007690429687500e+02
9.490902709960937500e+02
-3.330671997070312500e+02
-4.303065490722656250e+02
2.007558441162109375e+02
-9.036272583007812500e+02
-3.545286560058593750e+02
-5.163304443359375000e+02
-6.855095214843750000e+02
9.430015869140625000e+02
-7.377451171875000000e+02
3.938340454101562500e+02
9.204055175781250000e+02
-6.794869995117187500e+02
9.263566894531250000e+02
-1.318946075439453125e+02
9.670498046875000000e+02
1.713480224609375000e+02
-8.633055419921875000e+02
7.560812988281250000e+02
-3.819933471679687500e+02
-4.338584289550781250e+02
9.830806884765625000e+02
-1.190867080688476562e+02
-6.588837890625000000e+02
2.059926300048828125e+02
5.924970092773437500e+02
-3.501782836914062500e+02
-7.983684692382812500e+02
-4.615306701660156250e+02
5.301339111328125000e+02
4.584975585937500000e+02
-3.504151916503906250e+02
1.839760284423828125e+02
-1.421139678955078125e+02
-1.849800586700439453e+00
3.592696487903594971e-01
-1.201573252677917480e+00
1.155241608619689941e+00
-7.110425829887390137e-01
-1.479434370994567871e+00
-3.104993104934692383e-01
1.246665239334106445e+00
6.111286282539367676e-01
-1.586403489112854004e+00
-5.979734659194946289e-01
-1.550878524780273438e+00
1.980294108390808105e+00
1.940381050109863281e+00
-1.685573220252990723e+00
-4.102865755558013916e-01
1.842090606689453125e+00
-1.609202623367309570e+00
2.916805446147918701e-01
-2.668595314025878906e-01
-4.089506268501281738e-01
1.821227431297302246e+00
1.868511199951171875e+00
1.437475919723510742e+00
1.145321607589721680e+00
-1.582243561744689941e+00
1.589345932006835938e-02
1.903367161750793457e+00
-1.337245106697082520e-01
-7.694508433341979980e-01
3.213038295507431030e-02
-1.893040418624877930e+00
1.166335225105285645e+00
5.327990651130676270e-01
-9.083434939384460449e-02
-4.360148906707763672e-01
1.362320661544799805e+00
-8.615878224372863770e-01
-5.351476073265075684e-01
-1.188261985778808594e+00
3.026684224605560303e-01
-1.305329918861389160e+00
1.289170265197753906e+00
1.563359260559082031e+00
5.196167230606079102e-01
1.569522023200988770e-01
-5.377492308616638184e-01
1.423315167427062988e+00
7.913318276405334473e-01
1.108753919601440430e+00
-5.933223962783813477e-01
-2.137621790170669556e-01
6.049808263778686523e-01
6.954464316368103027e-01
-1.825254440307617188e+00
6.812636852264404297e-01
-1.016417264938354492e+00
1.186508297920227051e+00
-8.533195853233337402e-01
-1.241889715194702148e+00
-1.616352796554565430e+00
1.700068712234497070e+00
7.059914469718933105e-01
-1.293278932571411133e+00
-7.512363195419311523e-01
6.460957527160644531e-01
-1.187303185462951660e+00
2.217270806431770325e-02
-6.034812331199645996e-01
-1.697462320327758789e+00
-1.049750804901123047e+00
8.694964051246643066e-01
-1.878420829772949219e+00
-6.755502223968505859e-01
-1.281130790710449219e+00
-2.386500686407089233e-01
-1.606369376182556152e+00
1.938532948493957520e+00
1.826985120773315430e+00
-9.043983221054077148e-01
1.353206992149353027e+00
1.581141471862792969e+00
-1.275138020515441895e+00
-1.038773298263549805e+00
-1.537208676338195801e+00
-1.468386650085449219e+00
-5.754895806312561035e-01
5.169528126716613770e-01
1.288026809692382812e+00
5.651078820228576660e-01
9.420890808105468750e-01
-1.457224130630493164e+00
-4.385679960250854492e-01
-6.562774777412414551e-01
-1.460115432739257812e+00
-1.745020389556884766e+00
6.103695068359375000e+02
5.731298828125000000e+02
9.217647705078125000e+02
6.326569213867187500e+02
4.812124938964843750e+02
7.629478759765625000e+02
2.336648864746093750e+02
8.009707031250000000e+02
1.009682388305664062e+02
9.019000854492187500e+02
6.245242919921875000e+02
6.470712890625000000e+02
5.545436096191406250e+01
5.228244400024414062e+01
1.744158020019531250e+02
2.624949035644531250e+02
5.783418655395507812e+01
6.410289306640625000e+02
3.242839050292968750e+02
2.417993774414062500e+02
6.891146087646484375e+01
6.388502807617187500e+02
3.510198669433593750e+02
3.504953002929687500e+02
3.738021545410156250e+02
7.816079101562500000e+02
3.938012695312500000e+01
6.412295532226562500e+02
2.126076316833496094e+01
5.927713012695312500e+02
4.541535644531250000e+02
TLAST
5.261583251953125000e+02
