2415853568
1145517603
1144790698
-1006770882
-1010940643
1133681592
-1004239401
1143162776
-1046650155
-1014173528
1144316052
-1004397439
1142973945
1146128292
1143122975
-1023150183
1134819447
1135957390
-1001030178
1136476403
-1012159199
-1001380372
1124156432
1123003542
-1013199843
-1000259892
-1006383764
1096934329
-1012233449
-1000842627
-1004431483
-1007815726
1141626737
1145389394
-1011339274
-1001845785
1143348706
-1011391965
1146350816
-1003755345
-999120777
-1013626617
-1004428109
1103435655
1111463712
1142923689
1138653710
1145297005
1144844062
1127185102
-1009851010
1141679723
-1004020363
1132335309
1113533092
1142958811
-1005721730
1140154947
1141490654
-1012281828
1124952859
1138656072
1147360312
-1001144200
-1005381488
1143130400
-1007841683
1131628786
-1005812417
-1002777728
-1004205270
1138995677
-1026044706
1148208180
1108079853
1128531869
1132473422
1136441184
-1002016475
-1042979132
-1017375649
-1031252954
1139925172
-1012535571
1129821184
-1000336583
1145108315
-1000483337
1143255709
1147227022
-1003955977
-999403724
-1002642545
-1001886259
-1013488041
1112072469
1142537006
1053794216
-1085442824
-1077920445
1060438148
1040062795
1040875277
1057481211
1055783521
1071551857
-1077026589
1047577204
1047452083
1072255060
-1075901692
-1073898003
-1077925780
1073496348
1073195787
-1074298542
-1086329609
-1084911176
-1079322945
1069248256
-1087588438
1051189371
-1078099212
1069038498
1071002202
1033179472
-1090697398
1015161461
1059827961
-1085169973
-1096749651
-1090447275
-1073761927
1068230966
1064804207
-1114899224
1065436103
-1080249733
1058091070
-1082659421
-1080807715
-1094285809
-1099955573
-1138399405
-1079204984
1040547614
1059044865
1072985802
-1079128094
-1076867032
-1076262448
-1080475775
1042196782
1053062740
1064435744
1041189958
-1081316472
1031943747
1065697431
1059510897
1054387759
-1079559013
1070560058
-1098123488
1050082131
-1091047781
-1074603401
1031421196
-1074167709
-1095422407
1044401141
-1094455915
-1075708171
1056218793
-1119668495
-1076846530
1033234014
1070224868
-1074285974
-1077106535
-1075743340
1048257221
-1082272010
1057438222
1038290633
-1099394446
1062722382
-1127089168
-1081098658
1063762849
-1076484023
-1085863406
1073003996
1123434653
1143488978
1148276181
1130126629
1142053075
1133606490
1087400768
1140954746
1144480670
1139979576
1140004848
1114203484
1127992525
1133769126
1143157768
1144600940
1148163873
1140600805
1143665023
1144938580
1132295500
1125603534
1147542739
1147990824
1143875986
1144236046
1131708042
1134899496
1141406286
1138741542
1124984918
TLAST
1131772298
2415853569
-1000234972
-1010116153
1143414540
-1004536630
1133748355
1134098585
-1005313212
1125020406
-1002480277
-1012302505
-1001896683
-1004467852
1141109665
-999283801
-1005055135
1144517730
1148396984
-1005014920
-1006166225
-998843078
-999249834
1116141728
-1002069788
-1003449175
1124296393
1132119819
1144603230
-1071559381
1144039786
-1008476513
-1003412753
-1013786566
1145615860
1145564655
-1045013903
-1003888545
-1003396963
-999346783
-1003005362
-1038585193
1093015391
-1019633219
-1010466466
1146926731
1136174619
-1001617261
-1009072133
-1034286509
-1006444711
1124745042
-1004098718
1148600545
-1044765337
-1000664593
-1003425311
1102256375
-1007467145
1140298272
1147714494
-1007034430
1138943642
1139096761
1139246738
-999105143
-1022422765
-1004494518
-1009849080
-1000711324
-1010323920
1146702237
-1006332036
1129054245
1134763722
1148302168
-1014607125
-1009772141
-1004695416
-1014861389
1144816197
-1002320770
-1014221344
-1005614484
1143728881
-1025629902
1118475529
1145632098
-1002963854
-1007929681
1140028813
1148062553
1143060463
-1009244604
1145738685
1145074550
1133382364
-1000851659
1066028065
1062070520
-1081860346
1056052945
1071080336
-1077311617
-1093202028
-1088610938
1035790824
1071552995
-1085495017
1069161723
-1077291721
-1081671184
1064571249
1066319543
-1103650565
1062618078
-1096475363
1067760111
1048844660
1068534859
1072669150
-1081236257
-1082371087
-1074097223
-1080510247
1026751801
-1083029468
1070287457
1064816516
-1076919158
1068972198
-1080650462
-1128309383
-1103533943
-1079030374
-1078582441
1065711728
1073405351
-1080544482
-1075060744
-1093023770
-1078901443
-1086842609
1068984345
-1112521831
1007855353
1065960816
1067096501
1052029773
-1083543004
1015006732
1063678123
-1073984747
1059045795
-1114600103
-1091507181
-1074470795
-1075401948
-1082549914
1073579434
-1109316231
-1096886039
1072669645
-1080005911
-1079861954
-1090448886
1063558602
-1079401930
-1073920448
1071912649
1018656157
-1078965654
1069744813
1065600870
-1102860783
1060806435
1071641077
1054773491
-1074339888
-1080359249
1073085177
-1096657211
1070094243
-1075027884
-1081052710
-1097218894
-1085433400
-1079683492
-1088506812
1024409762
-1079394176
-1074509771
1072001208
-1082014833
1141902906
1137542085
1147676144
1148162349
1093137996
1145162152
1125477739
1145604036
1138313117
1145291564
1141797051
1137093680
1148193338
1143688842
1143469863
1138182856
1139144919
1142322743
1144492684
1129138562
1137728153
1144145959
1145743964
1072816651
1136949255
1121120838
1095111366
1141279586
1142218126
1143708360
1143981177
TLAST
1138036536
2415853570
1125902617
1145872183
-1000034087
-1012061636
-1002364159
-1017351396
1141608170
1144326802
-1017716544
-999691710
1121783313
1144622215
1135822371
1148214228
1146320439
-1008270902
1144673731
-1002457433
-1012011636
-1001100109
-1006168958
-1014519406
-1006243570
-1001270078
1137217076
-1009301328
1148831723
1139817200
1143185455
1130999437
1144888985
1144497138
1105229130
1132270680
1141402372
-1020704107
-1002070499
-1003370757
1146187051
1148384006
-999004573
-1013442571
1141508451
-1059515533
1147049330
1124461772
1145182397
-1017649045
-1023180761
1137736677
-1020506814
1143926674
-1003371990
1108445147
-1003984199
-999291320
1148677140
-1000148232
1126500848
1119585078
-1011471533
-1007867989
-1067469967
1127110358
-1003036028
1131445929
1145895420
1101657476
1104558701
1134524676
1145805325
1136930466
1148639734
-1041436618
-1019182872
-1003502716
1142808708
-999895588
1101190234
1132830342
1133821859
1142523385
-1007313662
1147991471
-1003470381
-1001320186
-1016142884
-1020929188
1137738484
-1004665449
-998718862
-1003060577
-998706001
-1004902144
1124024750
1141735848
-1074316984
-1098035947
-1075102604
-1087744348
1072221826
-1075298122
-1076278969
1067637739
1050184679
1071528851
-1084065430
-1078450021
-1094934949
1050852359
1053178411
1036296582
1047748419
1066652234
1073632508
-1082695026
-1099474086
-1080860716
-1101503656
1072734536
-1077979132
1072972388
-1083244121
1068785655
-1097844993
1062166243
1071218815
-1101850113
1070767802
-1077789695
-1076459461
1066040161
1068092285
-1086575383
1055708381
1066142937
-1075932646
-1080494661
-1075299119
-1104776021
1071758667
-1091126845
-1079885943
1068660557
-1082454150
1062802502
-1077957989
1063572137
1048871760
-1081582154
-1074546432
1072566154
-1083276504
-1073777077
-1089089093
-1076417368
-1081256037
1065749705
-1080628130
1043354257
1067012153
1071237666
-1085130254
1049431801
-1074874642
1065366834
1073394180
-1102139110
1070035381
1066444137
-1076425053
-1081686018
-1090161494
1073394781
1069194984
1072104140
1065452647
1067423674
1044695446
-1100472508
1068009368
-1083576894
1062853349
-1075273763
1067233044
-1080264663
1065781947
-1087443678
1061774068
-1075876032
1032221969
-1111202663
1119171792
1135043480
1118136784
1119499197
1123465633
1148273731
1126066776
1119368323
1139901193
1148233839
1146244563
1128105248
1136980180
1141026220
1143503058
1146257395
1126007567
1129630476
1133208075
1073352963
1137046813
1114016821
1144107627
1134057142
1146770535
1144218314
1145934700
1142895667
1142809669
1117351522
1141561361
TLAST
1133552777
2415853571
1131969009
1138676687
1143947465
-1024942771
-1026309482
1139977833
1143520522
1132933222
1142362376
1145525762
1148649694
1134076715
1142566647
1132017326
-999944502
1121126584
-1006367996
1131857945
-1000593806
1147550369
1135678326
-1007833873
1108224925
1135206521
-1001004712
-999048612
-1022721562
1143461328
-1005785111
1145946123
-1002938857
1147523228
1148385271
1148037494
-1019319298
-1013995075
1144625463
1147227588
1142829271
-1014996098
1147950406
-1007348098
1112735197
-1013492484
-1007122137
1142647376
1142275611
1077885536
1127359988
-1007762848
-1011652488
1142657028
-1007550370
1145248921
-1011001272
1143160758
1116502385
-1012422214
1141783100
-999385782
-1010169561
1138667307
-1010222704
-1011404673
-1015115852
1143458734
1143948568
1134005095
1101242456
-1003794529
-1010729690
1148645187
-1002364868
-1019049228
1142779633
-1001424004
1126365083
-1038357613
1124669021
-1009326835
-1002134288
1138752392
1124171424
1130472989
1145259341
1147203237
1085294108
1119470912
-1002951283
1145401740
1146669323
-1017875435
1145121390
-1028613580
-1009093974
-1024733245
1065904990
1067946916
1044907673
1066285151
-1083024067
1052673129
-1081317573
-1085267902
-1080149037
-1125311184
-1074050962
1065986445
1068695165
-1086465030
1055216689
1073712616
1071932714
-1087550675
-1117776310
-1125858089
1044792760
-1082357471
1042289480
-1086448978
-1075704242
1070054699
-1086242831
1052996332
1073537510
-1108495053
-1088353792
-1075504712
-1082944189
1072491141
1067721710
1072822545
-1074317199
-1092829917
-1084803432
-1093713838
1069444328
-1082755580
1039036776
1069272114
1041758343
1065065946
-1078763754
-1074202732
1017636539
1060890856
1027876465
-1082606016
1049971315
1070715669
1065583400
1052454382
1048441151
-1089855844
-1078626242
-1081882199
-1092965604
-1090354660
1058033558
1071507266
1064184117
-1079787181
1066816232
-1077125794
1054208187
1061670599
-1076056956
-1097929339
-1103389954
1073715847
1050214249
1059055865
-1073966312
1071113533
1069713930
-1115365065
1073733658
1058507364
-1086055195
-1084748886
1055398156
1037296444
1041313607
-1106238584
1059656560
1070862599
1064424793
-1076761732
-1077687557
1068412863
-1076407427
1070977442
1133579314
1135705566
1141585609
1143368993
1145428134
1119632582
1136809753
1125051207
1145308085
1148825179
1141580729
1137710513
1142934303
1128146214
1144865129
1138221326
1142060269
1138875217
1136638365
1137866178
1140106088
1130243583
1120928065
1145226372
1144780659
1126418268
1145099600
1137941009
1140945889
1140165758
1145482783
TLAST
1127704307
