2899 1062  -2731 507
2331 4522  3476 1512
-3591 2856  5053 929
1217 -1896  -3270 -2244
3211 5626  -1711 5964
-2650 -3971  -3272 -2122
3099 -1284  6147 -1904
-4760 -619  -1840 -602
3234 5985  -800 2052
2226 1025  561 309
-1976 815  122 3976
-6520 -1073  -495 -361
3771 6375  5060 -2281
625 -1363  3188 987
-4403 -7031  -984 421
6355 1263  -2068 -6611
1596 -2756  4546 6322
-2343 2541  822 526
-1180 -2414  -4954 1516
-369 753  -3806 1656
2187 52  -2562 3835
1851 926  2236 -7211
-2463 -2214  -1402 -1649
-75 -4916  1244 -1023
-3410 -2949  1455 -1576
-3879 1260  -1523 -3104
4394 -3883  -3717 -1670
-2821 1340  2509 3870
-4843 3076  270 -1349
-479 2982  -3672 -478
4199 630  -2186 -1957
-5389 4140  420 -5620
-2773 -527  -603 2706
-1426 316  -2738 -4919
-2975 -3263  849 646
2390 3154  -428 -2369
1077 654  -2374 466
-4822 -1021  -3250 1695
2377 5940  -3708 -1668
-348 -841  -1376 -657
2305 -3165  -2610 -3621
-3302 -1502  -1831 -1182
2127 3195  3422 3927
-254 4408  -2409 2236
-320 -975  1050 2623
648 -461  -2795 6541
-946 3427  142 2699
4706 505  -141 -4959
-328 953  -41 2147
761 3068  -513 -5087
5434 365  4455 527
1289 -2310  287 2113
1062 -1811  581 699
2181 1650  -1592 -5305
926 2611  1877 1383
5275 -1130  -2286 3295
-4904 648  -377 -1673
399 -2835  2350 -327
3638 -3988  1335 -3847
-1429 2811  -540 3123
2903 339  -259 -2265
-2702 -240  -622 1911
1895 -2259  2123 975
-2668 228  -382 -289
-744 -2316  -605 -5126
-115 949  194 -1858
-1296 5546  3387 2062
-157 -2715  -5368 -2886
3289 -1284  1671 -824
-1547 2498  -1340 1100
-997 -702  -2407 2126
999 -1268  4060 2554
180 -756  1093 -852
-3993 -1793  -1610 5588
-1204 7106  3921 -2476
-583 -3797  3140 -396
-991 4473  594 549
2167 37  3027 1220
1721 4861  5280 -2171
823 2157  1203 6594
-2178 -1001  2602 -1184
-1312 -5161  909 3129
3124 841  -2226 1726
2682 2501  -1009 4685
621 -949  1542 -456
1779 3357  -2492 2607
643 -1387  -354 -2492
4337 -817  -4780 3809
1446 2145  417 -1018
-800 1335  -1366 1079
2338 -1759  -2635 -3806
208 -2089  -2472 401
3008 980  -2194 -3906
133 -749  -2694 -768
-1408 382  4638 5352
-749 1975  682 -3906
3205 -3330  -761 757
-2270 -157  -3427 -2931
-593 326  -3283 -1309
-1026 3253  1035 5343
813 3353  766 2914
4069 -3219  -3438 -4616
297 -5359  -2176 -1040
349 -4535  3864 2262
-1020 5654  -1753 -3680
-842 658  -1087 -2825
-2478 -520  2121 1508
360 1088  1619 -1979
1784 -3941  712 -371
296 1141  -1746 183
-4056 -525  -3808 -1307
900 -83  -3506 -3825
-6112 -3237  -14 -1049
-1215 -118  2090 6274
-956 3893  1730 321
4375 1058  1774 -1382
2705 2758  -2706 -1526
1961 6710  2062 3140
599 536  24 386
-3209 -212  1660 4064
-1592 1089  122 -1250
-742 1915  -3878 4826
2146 3887  -2802 -392
-2748 -2267  -2818 1216
-2747 -1970  2999 40
-1957 3462  717 4842
515 2712  -3481 -1444
657 -872  2001 3478
-4465 4176  1049 -690
1101 -62  1549 2253
-2193 -4500  927 4724
-3531 -3142  4483 -231
-5593 -6523  -843 4062
-6285 2427  -3391 -2488
-389 -15  2211 -4938
1787 1995  -4737 -520
464 1079  -2344 -3563
4048 -339  -2032 -3486
-2260 1667  4826 -941
2512 -2067  -1486 2242
1884 -1733  -2277 -5413
3949 -3044  1408 -2732
-2700 469  2129 -3279
-1509 -6572  -2372 864
2567 -299  656 5057
2356 -2860  -2342 1033
465 3777  1368 3133
-3124 -6286  2774 1309
2292 -2455  -3576 2308
-3454 -763  -1058 1265
4660 2033  -1314 -1668
-4202 -3455  1420 -409
2532 -2290  -2813 576
-2575 2265  -1630 922
3238 2738  3789 830
-2003 -2521  2798 4072
-1503 -1146  4113 601
-3171 6624  2111 1904
-2529 3964  3499 -3551
1063 5118  3497 1974
4262 -2293  -2145 4238
-2418 -385  740 -908
-526 2943  2901 -576
-118 1099  288 3578
7002 1922  -789 -1023
-4845 -497  -2316 -3055
2140 4938  1113 -451
5459 4385  2796 53
-3113 -46  4366 -3067
935 4738  696 -380
-2593 -3750  6688 -5989
4707 7350  258 2400
0 -278  -574 3676
-2876 5548  6221 -5597
-1732 -5350  1200 -6442
472 -396  -423 2015
-1825 -1694  965 -993
146 -1335  407 -2353
3477 946  -231 1415
3470 3755  623 -3429
3456 -600  713 -10159
-4242 4916  215 104
-352 -256  1363 111
-1074 -1464  265 -2524
7197 -4537  787 198
435 -729  -1337 -2741
-59 -4553  -1017 -4348
-2721 -4441  -1037 1815
-3057 -1649  553 1162
-358 1406  7058 -3980
621 1967  681 4538
4458 772  -2676 -6352
-4672 -2229  -3801 -5182
1622 -6053  5504 860
-324 1343  4201 1528
342 639  -4256 4310
-5348 -126  3785 -1210
4283 -4487  1356 779
-5864 -1788  1451 -6948
-5471 2661  -4328 1911
-2373 2177  5133 4096
3300 4898  -2324 465
3711 1355  -4403 372
-1366 -2418  1242 -121
2267 5165  1764 -4344
-4144 -140  -4041 -1909
-5517 527  -2432 1866
4210 1464  -2891 435
-286 4077  2008 -5526
1304 89  3463 -217
2534 3001  3242 -106
-2740 -1747  -757 6605
4250 -1950  2214 34
2326 -3982  2205 3000
-6572 8220  -1158 -3126
-580 -3412  -2085 -2232
-1676 -4033  -3719 -1121
-3397 -7912  3853 -8023
-3050 1667  5047 2241
-1037 4770  -4229 -3213
898 -1442  -1171 3387
-2305 4199  2958 -3169
-86 -748  1351 1131
441 2183  -2270 715
-295 -1920  852 2307
-2391 -54  -558 -1585
6183 2646  2022 1165
-913 1104  3828 2169
-4774 -1093  6140 -3766
-2272 1239  1036 -4163
-3820 865  -1506 2542
-4078 5305  -4750 -1761
-1872 5351  -3594 1174
-2290 -1813  -581 -282
1456 759  -72 1042
-4498 -3045  -69 -2650
-5258 -2370  176 3559
718 3612  5652 3658
-984 -164  -352 -5195
-6104 -2190  -5000 -3798
-5689 3756  -3333 3419
2073 3944  -2233 2546
4399 6252  2771 2461
-1423 244  -117 -150
2536 3736  1388 4671
1668 -5116  1661 -1439
-2512 3544  -2970 -917
-1592 2428  -723 365
-2254 2685  -1970 1499
423 194  461 580
-3842 3259  6318 3325
2817 2438  1951 892
-2348 -4514  -2389 -5008
-918 -1100  -5440 -3526
1632 66  -2779 7216
-4642 3936  4804 -2446
-871 -1536  -543 -3161
1822 5785  586 667
-3249 3272  2473 3843
802 3915  -1276 1183
4676 -652  978 2190
5268 5698  -1302 1938
6830 -654  714 -630
-546 -1704  1086 2158
-3892 3594  -6894 244
4296 -1224  7120 -1043
4988 10  -1048 -3130
1444 -156  -1526 -751
694 -656  2334 -2167
4474 -2632  832 1142
-8504 -3542  -2766 -1449
5756 158  1476 658
-5840 -3405  -1764 -2838
-2933 -5570  391 -1166
312 1085  -1442 2920
4929 -2678  8931 1676
1864 4354  2339 2420
934 -790  -575 1874
3144 3634  559 1110
-7262 -3466  797 -1784
1179 3355  -900 1363
2013 -1387  -5778 -491
4767 -1873  -1260 645
-1223 2597  5442 3135
-2672 -1624  3828 -1657
-3820 -678  -2736 -2513
1476 1392  6394 -3097
-868 3646  542 1675
-741 4210  6725 -2807
7613 1540  2528 -32
2011 2134  -3021 1213
-503 600  276 350
1466 -1654  -878 -2515
2233 5543  -38 2953
-250 592  2172 6575
3475 475  620 -2385
-3252 5645  -122 -30
-5168 2471  -4832 -1761
-3352 -1247  -982 -1708
-384 -2333  -92 -4293
139 -1657  4124 -3835
1963 211  -84 -2103
2837 1909  -4256 -3533
1801 3373  3140 1195
1985 -1068  1719 3692
1573 206  -1077 1074
3459 -3506  3959 416
115 2748  -2133 -1458
-1882 -1970  -4533 3725
-3029 3655  400 -999
1726 -3576  1499 -585
1485 2687  2014 -2657
1706 -1572  -2176 5449
2801 -1327  -2555 3542
3384 -144  1114 1579
-1075 703  -1807 170
-577 -1259  2621 2852
2165 4821  2337 -4080
3497 -3505  -1639 -2346
-1189 1627  -4239 1722
-233 -1941  -4085 -70
-23 2351  -1913 -663
-7449 1895  -37 592
-875 -21  -2113 -375
-5404 2406  908 -2359
-2307 -2207  -1516 1263
4076 -2972  1220 -2539
-1901 305  -2996 -3281
161 -2363  -244 -1051
1179 1285  141 -1064
-927 -2151  -2592 827
3759 -6307  -2189 944
-261 3670  -1474 -716
2763 4328  -1284 -1794
-6881 1486  -552 -2224
663 -820  -3270 -1530
-902 -1527  -7179 -950
-2123 -540  -1261 -1126
-2988 -1891  -537 1750
13 -2070  -2151 -6798
-2288 4750  1336 -1660
2561 -9  2962 5752
5586 -2974  5396 -50
597 -487  2194 1446
1466 3157  -8 2300
464 765  249 1639
-678 -6759  -3332 598
-560 1597  -1129 -2281
-3236 855  -2223 -7448
-3354 -2111  -22 189
662 77  -237 -2370
284 2103  -618 -3295
-1611 -869  -1768 -1628
-1471 -837  -4066 775
9933 -1213  6728 -4860
781 -2725  402 3013
-2321 1663  324 -3676
-231 3619  -2681 1899
745 -107  72 -1560
2019 -587  1177 709
5320 830  -529 -1480
1904 -2362  2560 -3567
-3012 -3154  -5541 -1930
3576 -4066  -2006 3785
-3101 5196  2986 -4571
1397 3180  -3595 -312
-2327 2674  -6794 885
4635 4070  2415 -5194
3212 281  2116 -265
-3755 -1626  -1973 1771
1886 -1519  -3158 -3997
3085 -348  1699 -1729
-1138 2052  -976 2083
-1475 -1575  2284 97
-3490 -2302  4086 93
647 -2527  1830 7071
-361 -1039  -439 -2470
3263 481  -923 -1934
-1595 1035  3713 2352
-975 2547  -1571 -764
-2904 2  -1340 2334
-885 -2693  -752 1230
2888 272  -546 1558
2745 71  -5038 202
-2509 2298  -1604 -2223
-3463 374  -114 -2553
2261 2444  7266 -2245
-161 3196  2124 -995
2398 -519  1962 1913
278 -545  1064 3231
-4254 4917  5060 -381
-8122 -7305  1022 -279
5163 -2321  1008 568
-3887 3501  -4740 6689
389 -7  -412 484
-1221 -2617  1508 -985
-4272 2180  -1230 -1906
1517 -1681  268 -924
-1342 88  324 -3062
1089 -375  -506 1496
2886 163  -375 -2846
3284 -429  -2007 -3524
-372 -3931  -2007 -6
938 425  2061 -2300
-1058 -150  -1061 -273
-6330 484  -2889 2174
2978 3966  3215 4631
3410 -3200  2519 2360
3467 -675  -263 -2912
938 3198  2513 -3388
567 -4661  2265 3632
-800 -1294  1753 1772
1525 -455  -1259 5326
-5022 -86  -2441 1520
-869 2453  -1865 -720
-2566 2528  -4023 2546
-496 -779  1133 20
-12 3247  -982 -3170
0 -1247  445 -2568
-3220 -3645  -2308 526
7103 -3989  -2852 3443
-4156 506  1973 3695
1705 -229  656 423
3072 1904  715 -801
-252 -5969  -2420 -3871
-271 176  -1334 -3319
2094 -2585  -1024 4551
229 2110  -1718 3531
3066 -1424  -3588 2464
-1763 -3569  631 -8268
-2638 -3538  1058 -2580
-1341 -3281  1679 2660
1963 -1597  3012 -2500
1966 -958  3904 -549
-2243 2587  5138 1680
-790 -3760  874 3025
96 -2129  -1995 -6564
2691 66  678 -2112
-626 3535  3813 1674
4179 -2420  -220 -4114
1348 -804  203 -3767
511 -2943  939 -1741
1622 -420  787 1987
-4317 6055  643 -2911
2356 -3796  4040 879
1875 2387  -93 4159
-2012 966  -68 3499
-8751 347  -163 -249
2126 -2100  -52 -818
427 -1185  -6781 3873
1768 -4780  826 6486
-3101 -2679  2251 147
-695 -3556  2308 -1235
-3325 -3700  1020 -2688
2943 1622  3248 4385
409 514  1068 1714
2650 -1045  -1076 -2880
-5448 679  -702 -3874
-1902 463  1248 5750
-2936 5223  174 -1076
-3145 703  4419 3467
2283 -1511  557 -708
3707 531  2971 2339
1047 -5359  -1903 3906
-775 -5659  -3607 -3372
-1417 -6777  1143 -2335
-1495 -391  -4399 910
-2013 -1265  2851 -575
4738 -1597  268 3015
1259 -5670  -484 -380
-610 -727  5612 1265
1025 -1226  -1712 -5600
549 -608  -283 -439
-5115 -2750  -1538 4988
111 -3734  -1261 2189
4979 2812  -698 -850
3074 -1263  -1370 555
-3568 -1125  1817 -59
-4 147  -1030 1775
1410 489  -4041 5265
-4209 4397  -360 3148
3867 563  -276 5745
-1901 2241  976 -1796
2187 2563  1716 -325
-5054 332  -1838 -2121
1932 -2982  -2022 2666
-512 1430  -288 1527
-3966 -3852  1364 -4872
326 -1829  -2046 2345
-2316 -2839  2757 -3390
-2262 -1385  1456 3547
3944 -6935  -2843 2830
-4526 -1925  1566 4043
-4647 1024  745 227
-5002 -1211  -122 -3675
5339 -188  -4993 -303
5176 -1107  822 1815
-7181 1762  -894 3798
370 -1999  2708 -265
-569 3012  1752 4936
1228 2000  -1033 -1841
-2901 -487  -2749 -2418
1624 -4486  -2073 -1259
4165 89  2275 -5222
-3840 2219  1548 1399
264 1781  2584 -145
4516 -405  -5568 -1053
2348 4585  -1252 3315
-3914 -1970  2597 2494
-1873 123  -2722 -3130
-338 2668  -1997 -2540
-1515 -1809  -1846 -236
2433 -63  2259 3376
-3921 3389  33 830
245 -811  1705 1452
-1285 5633  -3197 722
4108 -4474  -2355 -436
-5268 1258  -3107 2170
-204 1838  -3559 -518
1096 -3238  4129 -1040
1236 -141  -1049 2840
4586 93  -984 -3462
-4262 1693  973 3626
2924 -257  2376 6072
-4944 2674  -1346 3392
-3434 1402  4674 2550
1488 -1294  6070 1828
2710 1014  1246 2338
-5215 3089  -626 774
-1079 481  -5992 -3127
2547 -2877  -3496 -2716
7551 -509  -2474 1757
5431 4054  3767 3047
-3080 -5455  733 2405
1759 -2676  303 31
-698 3041  393 1089
-831 212  4020 -2338
8866 -1941  -4458 5317
261 738  2882 3120
-5148 2035  2312 -1583
-228 -5177  -940 977
5724 -1649  -1746 1019
-4364 -5453  5520 -6139
2824 4111  3770 4351
2956 2244  -3322 -796
1123 -3421  3693 5145
4314 -468  4942 1098
855 3173  -2201 -2951
1950 -1604  -1318 -2375
1237 2135  2050 -3543
-1864 764  -2006 -2871
3509 553  -1046 -2427
-2869 -2971  3061 930
-2913 1765  -279 712
-201 3585  -11001 1550
-7561 3081  27 4788
-269 1931  -3502 2434
-1411 -1687  -4061 -4354
2189 4741  1348 5336
-1705 -4017  -4197 112
69 2104  1400 2083
3112 2615  195 2759
-3443 -1686  2626 2367
1970 3435  1631 2011
-3508 -1996  -3180 -5708
3415 2125  226 5072
2582 -4524  188 2426
155 -881  -1630 -1570
-1550 -2677  -2228 -2951
2604 -1069  -273 4108
1678 3075  -220 1329
-2752 3743  1125 -998
-2688 -156  -3822 -3718
4306 2884  -1645 -1002
-954 5958  2540 2596
-1336 6250  -2833 2372
-602 -3392  -1118 3872
-677 371  -3416 638
-2150 218  830 -5042
-1075 4215  992 688
-5244 -3304  -2547 -2376
-4657 83  -1847 -1005
-426 120  -479 4204
3523 1181  1605 -5303
-1844 5540  -1327 4288
-2366 9978  2217 -2673
3406 558  -4823 2178
-356 2092  5213 -6297
-632 -2041  -3240 -1157
-1021 2258  4413 -3438
-1582 1291  -1418 -2601
-793 2936  -4527 1432
-840 -5084  -565 1681
-950 2800  635 2070
-138 1470  -3091 4127
152 -1366  2061 2614
-1838 4113  -2006 1895
4157 830  -8618 -1740
860 -1831  2028 2971
-507 3080  -1724 -686
1064 1062  2315 1782
3804 4410  48 -2564
1642 -1016  -1945 3892
1350 -2196  -2494 -10
1474 -4070  1850 -2596
-298 2272  1827 65
-1396 68  -3948 -2010
4024 -1258  699 2713
-2977 870  -5890 1938
1509 -1678  1355 -1284
503 290  -1874 -2344
1601 2314  -1219 2902
-255 2334  4682 6247
-3064 3867  3598 -1882
-569 -2602  -2920 2195
-3072 533  -7480 -2404
2777 2501  -1019 3163
-1737 -1661  584 6150
-1975 3041  1519 1121
6235 327  -1336 606
396 -3273  121 555
782 589  762 -2363
2034 -2407  915 -1137
3356 -1757  4682 -879
-5395 -1513  -1234 3689
-577 1549  -58 3112
-739 -1689  -3268 377
627 -2047  2292 3042
5288 2460  3612 2142
-5233 2571  -3015 1587
812 -74  4024 -2800
-4207 -461  -1081 1767
-1733 -2204  -716 711
-238 827  3228 -7112
-2941 70  2216 -3835
2316 1043  -6812 -5660
416 88  1723 510
4090 -132  2266 -628
-1036 -1100  -1837 2256
-22 5260  3072 1162
185 -4813  -1467 1821
1529 3757  -2701 331
6521 -1885  -2245 -733
241 -2147  329 797
1437 854  -2938 2043
-4033 -2078  -808 386
305 -734  -616 341
3031 414  -3418 934
2429 267  -1211 -2112
1311 2463  1188 -751
-2539 -1365  -235 5118
-769 -6613  -7430 -5383
6972 431  1425 -3154
-840 -1537  2170 3854
718 -8159  737 -1018
1418 2641  5360 -2770
-3779 -559  3727 -2750
3161 -335  1272 -880
1481 1989  1601 30
-847 1669  -4696 -3644
-994 -1105  -2249 767
-2240 1327  -2540 4050
314 -185  2701 2167
-172 -1469  -3700 624
5718 -3544  1750 3441
-2369 -99  -2815 3953
276 1624  4404 1731
-8213 1203  3593 -4301
1124 -78  -4920 1552
-1204 7318  -1287 -7415
4692 -2262  1282 -4026
-1732 4706  4565 -2443
-3441 -3531  238 -1965
1737 -681  -211 -2539
4315 2373  2634 -3667
2513 231  607 747
-474 370  -184 -2760
2627 -2975  -3944 1196
-3696 -498  -6238 -4916
635 -3657  -374 272
-3055 -5166  4726 5314
-75 -2324  -1100 -824
-533 748  4362 1936
319 2826  -116 -4742
1901 -2298  1263 1803
2577 -1458  -177 2361
-3433 -5520  -2063 2215
-1301 -1864  3881 -5799
-4782 -200  -147 -1643
581 -301  117 3141
-694 -2418  -4471 3231
-4085 6683  2457 1411
5091 555  613 1474
-1447 -1533  3516 -2167
1469 2865  -2529 -4438
5063 -2279  2408 5371
1278 285  629 -2793
-3594 2423  4575 891
-3082 -323  -2307 -2419
3386 -3573  779 -5371
-3957 -316  5209 -2662
-275 -1590  1863 1101
1129 7870  -3205 -1008
-1145 904  2909 2069
-120 -1630  306 847
1019 -297  -3512 -3701
918 2978  896 -51
1487 -3055  -18 -91
-1452 1590  2916 1788
1854 1266  -3049 1832
5546 720  4768 5496
1480 1000  -543 1724
3234 2299  701 -396
6108 -383  -2600 3901
936 1361  2947 -790
594 -2165  -120 -99
1464 -2384  -525 1459
1176 -2756  -4682 292
276 -2116  3525 -3355
3888 548  1598 -3520
-3578 1747  4173 2569
-1886 -1659  -874 -348
-3272 -4663  1251 -251
-2108 803  2870 -14
1403 -5681  1189 255
3315 2087  1515 -3895
3203 2567  713 2331
-2697 5979  -2457 -2707
5305 536  -2895 -3403
-5816 213  -2671 -1819
1375 -3660  3147 3539
1788 83  -953 1503
-4933 -3506  -2561 1527
-678 -2043  4828 1325
6667 -4864  5253 -3207
708 -1467  -4052 -837
-4647 -985  3233 -3766
540 -140  -4118 2254
-2021 -533  129 1370
-1020 -2314  -3192 -4118
-4367 -498  -3411 -1897
1602 2531  5134 -1173
855 1562  1411 -2051
3590 2981  -2782 -1775
66 -1716  152 2572
-531 5491  1965 -3969
-4292 -2676  702 880
-659 417  -1651 1545
-916 2113  1077 3214
-5325 3476  -208 -5006
-4206 2853  -4371 -4048
631 -1306  7294 24
2192 374  -244 1296
2696 -2038  -1750 1772
-1780 18  726 -2494
3044 -2246  -452 -3586
-900 2751  8916 1103
-1650 1497  1284 4486
-124 -1269  -248 611
1798 4373  972 -3824
3991 -1035  -2680 -5120
-615 -6041  -1704 1545
-1573 4685  -2200 2168
1105 783  5468 4631
-3417 634  65 1628
-1335 -3564  -172 3846
5987 -3246  2939 1342
3117 6728  2848 -2352
2172 448  2031 -1057
391 1163  4384 5858
1952 2514  -1723 2291
-1751 3099  -3744 -3124
-2626 -1125  -1511 2973
6445 3234  1439 340
2852 263  307 -1737
-3603 -284  2377 -512
4643 -461  -1279 4892
-1229 1227  -4931 585
1861 1589  3205 3070
-5407 -2363  -2855 2245
-3177 -293  2284 1844
2609 -1657  5512 -3226
1673 7533  748 3592
-3965 -27  1892 -598
898 -6694  146 7149
4296 2726  2479 451
434 -1210  -2154 -261
3844 -1950  -319 -1251
378 3211  5825 -6142
-1739 -3070  2274 1055
86 4465  4551 3878
-1073 966  2906 2197
3045 1604  -4673 -729
1816 -3313  3781 2426
-1317 356  3929 -5751
136 -3991  -69 5166
2537 -4115  1328 1392
-1045 797  -302 714
253 -3155  -2392 1096
43 553  -2126 -1394
-1280 814  -1690 -2786
2686 432  2199 -3229
-1702 -1740  -2638 2
-852 -834  677 5253
3357 111  -7195 -1632
-4586 4786  -1303 608
-75 485  -4227 2976
1732 2474  -1135 4208
-3065 -221  -2692 1572
647 1305  -1681 -757
5163 -785  270 -4470
-5157 4969  -1317 -509
221 1076  -3465 -4588
1988 973  -1404 1473
3259 2140  -1257 4394
1004 1991  -1202 -4683
2455 -1104  2966 -4991
-1095 -2488  126 -5053
-1987 1094  2700 3959
-2193 -4378  -1772 -1351
1013 -3147  -4452 4984
237 -77  -362 2084
2235 -2009  2 -3742
879 1217  408 3386
1738 -318  -1744 -1991
-2953 -1453  -1221 -150
1446 -900  -3064 353
-5919 -2149  -2275 2440
1382 -228  -6360 1887
1792 2514  3966 -1260
-200 -142  -2452 6517
3214 192  -1054 1144
-3193 3016  486 -59
1551 -1472  739 1637
2063 -724  3564 -505
-2457 -604  -2129 -5825
-327 -2340  -3539 -3568
-656 -3629  -1859 -3637
3019 -516  -3051 5202
-1164 -591  -287 -473
5096 -7251  320 -2655
-2782 -2621  -3883 -932
2724 -2327  3856 37
630 -713  -2921 -4874
-8492 -1908  -2617 -197
-1785 3075  2432 -1531
-3254 -244  177 2935
971 317  4680 3785
816 2678  3753 2852
-2639 -2357  489 143
-934 1958  1379 -4274
-887 253  -321 -1037
-4206 -262  -228 6344
4301 3145  1841 102
2946 -1908  1722 -1000
-1429 -3403  477 -3058
-2645 -194  3944 -1726
-368 1439  241 1141
3759 2980  398 -6812
-4702 -53  -595 -1935
3668 -4174  -1346 -1932
957 -1389  -2674 -1360
2472 -3004  -722 374
-2193 987  -4794 1346
-26 -2020  -2297 -2197
-2125 2161  -8530 2409
2638 2798  1713 2087
-1755 477  830 213
3505 -2113  -5748 1848
2840 -242  4322 -70
-2009 1979  2272 1194
344 852  -4038 -1512
4210 247  -4018 -5254
-3149 878  5945 1605
2750 -1159  -3248 628
4541 4214  889 809
258 -4523  1039 -3853
-4828 4575  -1747 828
-2736 -1537  2915 1993
422 1293  493 3000
702 -2607  1458 420
7181 278  1835 1403
-6772 -2507  -246 -828
369 6264  -471 -767
1449 -703  1466 4811
3795 -3815  -639 40
3023 1311  -390 1013
713 -2877  2639 -124
-3789 -2932  -372 -3272
-1348 5123  4699 3191
2537 -4048  2388 1320
-704 -2703  4349 -4391
1464 629  1443 3138
1808 -4301  2595 3305
3692 -1635  -727 -3440
892 1847  -3999 -3399
-2800 -1579  -2050 2557
1789 -164  354 2022
1470 485  1400 -3107
2189 -470  -4520 -3088
563 -6191  -679 2415
908 -3264  -2254 6843
-409 3639  -5761 -61
-3538 -3604  -966 1615
-661 -4750  -4097 139
410 -4231  -3305 2632
-753 1112  2651 2855
-96 833  -4533 1618
1549 652  -1987 -1339
-1010 1155  -2364 3225
-6143 -1986  4967 4191
-1388 -2305  6112 -49
-3704 -1060  -1203 1438
2471 8371  -387 2305
1302 1852  1523 -680
-5657 -2583  1431 1597
4661 3729  -575 -3162
-73 -4881  3255 537
1895 -613  -495 -880
689 -2811  -2925 481
-5326 2855  1899 -2272
319 758  -531 4512
984 -449  -5791 852
359 -936  -1785 4824
2238 -1596  3092 3121
6155 -3369  1774 -1651
-1104 -868  918 835
-3233 869  1000 1051
2657 1484  4597 5072
-557 1990  -2486 2307
1415 -782  4247 914
-1335 2996  -1850 1699
-637 633  -2977 3110
-669 2427  6600 6109
-4993 -2187  -1045 1288
3219 -3521  2654 525
-1372 -429  -723 1139
-4265 -1198  3474 3068
1366 -5417  1911 765
587 -1284  2678 1308
-3813 3081  -3031 4894
255 -3861  -3019 6
-701 -1287  -691 464
3167 79  -1167 4928
-3041 3388  -560 -5026
1250 137  -3050 -1076
4293 -2548  1314 1688
-1614 -1829  -6248 2538
1900 -969  566 -2805
-2212 1373  -2041 4035
3124 -1093  -458 1519
3412 -2251  -3891 15
-1265 1752  2217 3696
735 1074  -512 -1031
2109 3486  1235 506
-299 3924  212 -3975
-4062 -4810  2282 -2231
805 -3549  1970 -2826
-2246 -3456  -2650 785
2107 3551  -5558 -2392
437 -732  1783 1033
1435 542  -1266 3089
1387 2970  329 -3543
-139 -5264  -1574 -1631
3995 -3257  -816 -736
2798 -2348  -4504 2422
-1099 443  6 -1796
-1578 -2130  4710 -430
2537 -335  540 47
3770 210  3430 1478
2023 1265  -596 4323
-906 -2536  250 708
-5126 1024  -1083 2795
-2339 -3781  -5273 2748
-1044 1692  641 -3131
-875 -2747  -6341 -4304
1235 274  4347 -4260
1652 1361  -883 1471
3439 -2748  -1415 -2536
3666 301  6111 1609
-1619 2264  -442 5563
5918 -2705  -4504 -3331
3967 -44  1496 1735
8626 -147  -4762 257
1248 -1141  202 3640
-4819 1896  4192 2459
1752 -4763  -2560 -3286
3371 -2660  1742 -4689
-1841 6895  -7980 1163
380 2266  -1341 1120
-1815 -2493  -1580 -221
1612 2184  2013 2502
-750 1162  -412 1303
2439 2205  -2953 1413
240 -1622  -4210 -1679
-4421 -1001  -5469 -1757
1425 -3376  660 -1089
-1261 5602  2428 1081
4841 -5880  -2882 -1955
-1645 970  -1678 -1889
32 5072  -3765 -2223
-1346 1364  45 -670
4532 4688  -4947 1587
-58 -3468  4707 826
1334 47  5309 6934
-1921 6608  6117 -838
3390 -3543  2733 -716
-2683 -4068  4329 2704
852 -60  1724 2942
2220 6938  -674 -2925
198 -1614  50 -1304
-2506 1372  -3952 2099
-4284 1815  5659 -1207
5261 256  1637 6645
-2624 -3211  -737 -1155
-5673 -8  185 -1039
3263 -184  -4217 4499
2535 -432  -2640 2116
5369 -1190  -2325 -3223
-2423 -5194  438 2944
-609 2719  -3041 -282
932 -1670  -3483 -1590
1093 -2897  2391 -3094
-2592 -2616  4085 1950
-4047 3428  3553 -2802
-1704 565  -4253 4923
1315 6924  -3081 3846
-3456 -1721  -1567 4557
3914 2887  -286 4192
143 4498  5298 -415
256 195  -578 -4068
991 1384  -3250 2095
-1907 -157  2126 4510
-2014 -974  6461 6923
-1115 -3427  -2158 -500
-1712 -3678  -137 -6241
-1825 -592  1623 1556
-2100 -677  2559 1799
5585 -284  1027 670
2804 7261  -6185 539
2051 2885  1417 -655
2216 1440  -2955 625
-2071 2589  2621 6407
-2400 490  729 -2813
2017 -3847  3406 2066
-3622 -1702  334 4584
-1839 -465  -5428 826
4352 582  -2476 7148
-3167 182  -1000 4497
-1574 -455  196 -3027
3257 -3404  -2740 3235
3828 -1775  1488 1267
4979 -4207  -2654 2025
-2667 1093  -2430 7851
1701 2891  -1682 -2073
4831 1819  -1590 -2847
-3282 234  2082 2670
3670 -6332  -1038 -5319
-1498 -2010  4514 874
222 5380  4466 3543
-1237 -3784  4994 -3054
-4329 -1760  -3109 -2284
-2553 -20  -928 -2714
3059 -2204  3351 -220
-2442 1146  6450 -243
-4558 -2470  1692 -5368
-884 -2216  -1388 -3187
-1504 -760  -814 2642
1094 -1356  -1557 601
-3382 -1278  -3208 301
1804 -1058  2629 -1549
3632 -1348  2660 -4657
-3469 -1636  44 -2864
-2679 6578  2293 1427
-915 -1298  5256 -3982
4667 2796  1179 963
2540 -1174  -3200 4293
-2392 -4196  -432 -23
2578 -5304  -4786 785
74 4922  -2638 -3895
1186 -1232  -3201 -2485
49 2699  3736 8020
1900 1108  223 3397
1517 -311  4222 5252
-1778 -1649  2243 -3778
4620 -1739  -2937 3359
316 3321  2777 4124
1622 719  769 1411
1707 4501  2546 2043
581 1045  2118 517
-5519 -377  -2548 371
3355 2023  2384 1213
-3618 -4876  -3620 -628
1476 -282  1890 1052
2862 1540  -1904 3080
-3252 -1874  902 828
-2050 -186  -2463 -4292
3969 725  3535 1212
-2940 1486  -2077 5926
309 -4345  1853 930
4926 220  1111 1071
-1718 -5334  -1677 -1781
-1470 7460  -337 1551
322 -698  -597 -457
-3566 4947  -1039 3751
-246 2935  2626 -2525
4076 3581  -215 1785
376 -2947  -3156 857
4954 1099  -2966 4674
-3416 5565  -1063 -2354
1528 21  -3774 4128
-3302 -2145  3431 -4356
751 -2246  2566 400
-46 -3779  -1847 1450
591 -6048  -3732 322
3224 2905  -547 4628
-567 -2011  -2070 -2054
-6504 -4396  -7264 -5110
-469 -3787  -552 2710
3392 -4154  -998 -2110
671 2885  -1338 2654
-471 3949  -2518 2583
1899 2421  320 2312
2413 3209  2432 -1397
-776 -1047  -4626 319
-1347 3746  190 1105
-720 -813  2774 -3891
-2541 1586  2438 3691
-1545 1053  8211 2127
4351 -4047  -4735 1349
597 -3137  -215 3289
-2979 6563  475 -117
-7113 3360  -3715 -3242
130 1157  -5123 -10
-8251 2648  -1941 94
3310 287  -5433 -10782
-3805 -679  -1838 1362
-4017 2177  -2491 6073
-95 -581  -1974 -466
-1519 1383  4555 571
1056 -1795  -313 -3837
-461 1012  1295 4279
-5466 -1743  -281 -345
-1245 -806  2207 67
152 -897  4961 164
3075 4638  449 1827
-2910 1431  -5559 254
971 -3668  -2963 -3429
-4252 8953  -2406 -3123
665 -4238  1748 -1498
-934 -1459  -6628 453
-2079 464  1262 7808
2232 -459  -2129 6199
-401 2268  -3165 286
3418 -3319  3499 -2969
1967 174  -397 1148
-397 -3794  2191 -5618
-404 -4071  3003 3203
-2223 1274  1129 6998
-3620 3243  -127 285
-1301 -4432  -705 9231
-4049 368  1099 1245
1075 1044  -63 -3281
119 472  1633 -3207
-2659 5248  -1771 1366
709 2812  1313 3411
-3017 -742  2005 -4614
151 1402  2253 -235
-3948 -256  6128 -1516
-360 600  1261 -595
-2346 -354  -3138 214
1510 3530  37 2417
2456 -142  -1527 1743
-1073 709  -2630 -346
4372 144  3665 -91
2169 -1155  3920 -1414
5546 703  2428 1925
-4803 -1328  5177 536
1178 765  -3282 9365
-2961 1704  -3275 -54
5133 914  -2727 -3387
-1937 654  147 114
-2793 1160  6279 -759
4173 -1484  557 3372
2660 -4003  578 621
-350 -1049  -1301 792
1162 -1777  7126 933
268 -4623  3897 -5382
2351 -1093  1439 -1411
3346 -1114  -1521 4300
661 3527  -5147 -447
1382 3912  -1055 -722
-1757 4424  2486 -1861
7181 -5458  304 1098
-945 -5228  12 5461
-4827 -2490  2162 -946
3270 -3930  1672 2668
1188 -2412  -257 659
2098 538  908 -364
200 2864  4177 2441
2367 -5555  3766 -4297
-2660 -1224  -2179 -2342
-6575 -1939  1548 -1659
-748 1718  4729 -38
631 3376  2782 -261
-5325 -1924  1324 -2790
-1223 -2894  2818 -5361
-4047 3882  1624 988
1016 2393  -1045 -1731
-970 -793  -2157 1058
3456 -703  -1183 4353
298 -613  1585 -1388
-4814 -2136  -770 -4122
1447 -1485  3817 4352
2016 -3172  -3544 2654
3667 1201  -2195 804
1543 2935  -3582 1496
754 3028  1105 958
-2951 -2033  2786 6326
-30 -1794  2351 -2844
197 687  997 -2960
-3019 -5717  7676 180
1765 367  -2971 -2974
697 -2929  -1558 1778
1426 -364  -4373 -1661
2978 -486  2358 -1972
170 -2164  1265 -3131
5274 206  -4314 -1468
-2741 -1830  135 -3648
399 1416  -794 1773
-779 -24  3241 10
273 306  866 965
15 4239  -1907 2407
2925 -5855  918 -1593
-1509 -3397  4489 4683
-1875 -8943  3184 -1557
-604 -1066  6364 -3677
3096 -4230  3135 730
-810 -1416  2654 791
170 2660  -3469 -4840
-553 7170  5453 748
2705 382  2975 2516
763 3810  183 -3102
85 358  3373 262
6174 -1131  1858 -1492
4602 -3831  3763 5099
-5052 1139  -506 3710
1884 -4113  429 -2549
1819 -1598  -3926 -3457
479 -3062  5839 -800
-1053 2442  -1626 -4453
-1261 -5078  -1183 -6242
-1470 -1111  1421 2538
2213 -4230  -1982 2995
600 2701  -1157 546
-7603 2600  1026 -927
4819 -3664  -2208 -1162
1355 -1328  -5731 -1665
-3459 1486  -3594 2410
1801 -3450  777 -251
-493 3474  -940 -1996
-870 -5475  3233 -7544
-2189 -152  -1886 986
2532 637  1541 -130
-5947 2892  1525 40
945 5162  1125 3152
-3 -664  -5107 2076
713 -1790  3277 2140
324 -6  480 -1464
-1669 -3721  -1022 -3023
2672 1556  2518 -1704
3821 -2289  3556 -453
-385 -4032  2402 -425
1484 -1819  1469 2975
1495 974  2924 683
1698 2361  849 4147
6449 6943  -6070 -1925
329 -427  -5901 195
173 2419  5338 -2511
-1967 141  1049 2789
-2478 -2494  -5991 2055
-3148 2372  2023 2354
-2400 -52  2927 929
54 -466  -2779 -3306
1157 -3211  4458 108
2409 2921  -6542 289
5205 3025  -590 1488
-1131 237  -350 3287
1415 -650  4346 2191
-455 -6552  -547 -509
-4357 282  1636 -971
-1487 2344  -887 -2631
889 -1003  2138 1615
4113 1039  -3328 1994
-567 417  -2122 -195
4509 2095  -1920 5286
-384 957  -4081 -1337
3187 -3646  2740 -8282
-320 4635  2143 -5649
3173 -1230  2470 1200
4382 -4821  798 2640
-3566 3445  5741 -1242
2104 -499  2320 1020
-112 3039  -563 -654
2924 3593  -319 -103
317 -636  1638 2652
2436 4647  4835 -2121
-3101 2380  -1546 676
2675 374  -4563 -1321
-479 1052  -1415 -1052
-233 -1042  5319 299
4345 -644  -4057 1598
1342 -5722  1213 -1338
-1593 -2499  3879 2730
-1616 5058  -1953 -3732
-965 4939  -699 1620
3782 709  -7181 -1874
-172 2221  -3725 -4423
-6150 -2279  -509 2298
8 1833  -1013 1259
-6246 1067  -3281 830
2803 966  1952 62
-80 -1401  -1071 -1634
-3421 -4116  4640 3498
-1770 -3553  -1487 -3997
-1490 -1459  -1992 -1542
2936 1213  -777 339
576 -1749  2188 -428
254 -240  -445 -1829
2879 -1739  -1771 -736
-1858 -3198  -429 3153
1869 5105  -715 -700
1550 1424  -284 2389
-1217 459  726 -1744
6140 3580  4480 1889
483 205  -3246 -930
-462 3789  -3933 3671
1732 -1885  -609 19
1564 -2941  -5619 -1129
-3026 885  73 -4937
-1567 5100  1018 2119
1911 -2190  499 3124
1403 2878  -790 6839
1885 656  601 -3150
-3381 -8113  143 -1097
6863 -1413  -2710 -2173
1417 -2399  8323 2131
-1103 3125  416 -2445
75 1569  2649 2675
587 -1543  -205 -3545
-3405 3189  -3137 -3359
-2477 1241  -2847 2069
-5125 2708  883 -1523
4105 1876  -3590 466
645 -2646  2681 -983
3003 -1490  -3786 -2368
-6907 5054  1187 8631
1306 -1001  1991 -942
-345 182  747 -2285
3906 -879  -2197 576
2943 -5817  8178 3243
1419 -833  -3899 144
-713 -429  -3498 961
-2405 127  -4425 180
-5138 3415  -2170 -746
-1037 2302  -5685 2383
4710 2201  -2652 -4008
-2459 -846  5735 -85
-1364 1184  -4394 -1375
614 -1374  59 1662
2148 -3372  -2722 5155
70 4534  6013 -5446
1211 6545  1667 89
1006 1398  -1263 4189
-5009 7087  1255 -441
2480 -194  2733 1223
-965 -4786  -1562 3236
-5126 2421  -2339 2079
1443 -152  1366 3020
-1756 3045  -1373 4609
-3212 -1047  -1765 -4761
-3471 -3228  3380 -408
1040 2019  217 1045
-2213 -672  -2032 716
4595 2866  807 2005
-617 -746  3214 -1588
453 5736  -3501 1847
1389 6228  6636 1572
-3741 1527  1829 5741
-3873 -539  -336 -4425
2143 3183  -723 -1147
1767 357  -1642 -89
3378 -5244  47 -1341
194 -1966  4432 3717
2330 2656  4719 -7157
-2882 -830  -970 -803
2 5180  6008 1266
227 -2295  1149 -2382
6476 -2892  -774 6734
-2993 -2037  -2535 1994
1138 -5967  1435 -578
-341 -480  857 -4020
-2008 901  3227 5988
895 470  -1603 -2794
-2315 -3974  -4669 5362
-1754 -1997  517 3254
-3975 3736  1605 6370
1300 1279  1899 2410
577 -2462  -2861 1987
-3722 1595  2883 -5187
-1265 2114  381 -4707
-806 -2839  -4347 2171
-2146 -3485  -1136 874
3419 648  1145 1069
-696 -1289  3354 304
5887 638  -1371 753
-834 -1192  -301 -584
-1487 2991  292 -3311
3384 -2288  -2723 -1298
-1031 -1271  -1420 1649
-660 3392  600 -2529
1873 -2109  -277 3239
-1184 -3978  -1152 -1237
8687 6575  737 2271
-1284 744  -944 -4938
4957 2837  -3925 2029
1336 -3370  -24 4148
-2229 -3299  3353 2305
433 232  -968 2823
-1526 171  -228 -1810
-2049 96  -3244 3993
1618 -263  836 1510
-5722 2232  63 -7948
-1305 3295  -2527 632
3852 3812  983 -2320
-2221 541  -59 -444
-2952 380  -2757 700
3209 1259  -4579 378
-3572 -4074  1821 -2914
-4945 -357  271 4132
-636 -407  -1738 3505
-1948 -2183  -2881 4140
-4636 -4279  3454 -59
-1072 2517  841 174
5440 -2388  1588 -5074
1595 -95  1721 2968
-1150 2052  4372 316
-1921 -733  -1477 2146
970 655  4648 -349
3217 -7350  -1988 1295
1450 2145  2720 85
3771 -634  2636 3129
-64 1220  -3562 1144
6771 2791  3036 4031
-126 -72  -2840 608
-693 -3567  4198 2997
-1130 26  -581 -2378
184 6306  1866 -408
2442 -2150  1565 1758
4044 -2306  1218 -1216
-2777 2909  -2036 2347
-4239 993  -132 4494
2445 -3109  -2198 2163
-4669 -1069  -2202 2576
-1586 -4426  -778 -124
1409 -4875  -671 5362
-1144 -3358  688 1504
-591 -33  -3455 926
2747 2218  2903 1216
1557 2556  -44 -6011
283 262  1 -4150
3349 2020  -180 1985
3265 -6067  -158 -581
-1271 461  2610 -1060
-2769 -1013  1098 4217
-533 -5817  406 -5220
-1531 -987  2656 -545
1105 -137  7380 -1528
-221 -3505  -1316 -4739
-2341 1425  2892 2216
-1550 -1574  1657 3736
817 395  -3209 -2455
1546 -3904  2037 2224
-1773 2939  -4525 -3873
-1195 3258  -157 1877
3498 -671  -5049 -800
3629 -744  -631 -2305
-2708 65  349 -2840
-508 1858  523 6962
710 1414  2019 -5559
2174 -1508  2535 2600
-1800 5292  -821 5221
-552 3710  -1439 589
-934 1136  473 -575
1036 -850  -6801 1279
-530 4352  -2373 2807
2350 -4867  -1736 -1341
3998 7373  -2778 705
448 -3673  2524 591
4284 3863  -2226 -267
-2260 3033  98 4951
-5142 5429  1538 -1857
-28 -3175  92 -1791
2722 2133  -1924 -459
4346 704  -1749 4756
-828 -2160  922 -2847
-1016 2454  -2679 -4428
-2678 1246  1210 2379
2839 3917  453 -684
676 -588  -2412 558
-1163 -127  223 2282
668 -34  -348 -476
-1998 -3340  69 -1675
1805 -5405  -499 -4335
658 -838  -773 2277
3527 107  -9685 2409
3711 355  -2174 734
-261 -2719  -673 -5658
1201 8129  -2148 312
2221 -3105  -453 752
2005 -4177  3488 -2644
-6010 634  -3273 4049
5975 1739  -836 3238
5006 72  253 2849
-4162 -3235  3657 -2053
1864 -1743  1787 -321
3996 -3861  2913 1957
-4902 311  -3961 3409
1639 1346  1487 2157
-745 -4684  4019 4717
3889 3180  369 2825
1993 -150  149 3209
862 963  204 -124
2359 -2570  2200 -1469
-4780 -3353  -1964 -1932
-1117 -3824  1308 -3283
-2031 -4973  99 2388
-1026 -1060  2690 -1210
635 1711  -1317 2228
-1210 -2598  -4488 226
-4371 -4308  461 -5914
2212 -6985  -118 -1597
2647 -3976  4615 4618
1312 1637  -1806 6309
3928 791  186 -3359
6179 -3842  -2754 -173
-2472 -3187  3734 1187
1185 -830  1310 2181
-1233 -981  157 3129
-1651 -2391  -1994 -1992
-6235 237  2753 -1455
635 1159  -5272 4542
-579 6260  6424 -565
3272 3445  3927 2638
-1083 1258  2468 1377
-3318 -963  361 3134
-371 -3949  -4199 -1190
-5918 -3650  -3851 2245
2337 -611  2173 -1658
4420 5690  -1207 -2973
-2141 3129  -1445 -87
-2913 -1127  2736 1222
5611 -1239  3057 -2885
-2013 1905  -1772 2938
-2422 7658  1884 2013
-2431 1481  -1059 -3278
-4098 -684  -1174 1851
4355 1877  -1391 -1238
1423 -6044  717 -593
5030 -2917  377 -304
3577 336  4865 -677
-1846 1501  4273 -2198
3392 -1410  4476 -3147
-1271 -3213  -1636 -3185
-2840 4180  1368 -3559
4847 -3081  5536 -681
-4490 -2343  2841 1383
-802 1619  -300 1312
-1282 3193  177 -2719
1290 -6673  542 -3292
-3719 1699  538 1347
821 -2779  -1217 1437
1839 -591  1994 3185
-933 -1297  -1563 -1921
4064 2958  2166 850
215 1503  -4208 2304
-2838 166  1684 3750
-2413 -1595  3090 -712
-2209 -671  -5350 -3887
-1879 -1695  -4164 -3718
-787 1783  -5874 4587
3743 2635  -1680 590
122 2755  -1352 -3035
3618 17  -1647 114
-10 2215  464 -1335
442 733  3387 -5416
2757 -5807  -2822 -452
-1662 -396  3520 1304
-4871 -993  -806 1222
-712 988  3436 -4226
-461 2496  -1 12
1928 37  -37 1692
815 -5466  -1499 1796
8046 4041  -3543 -4384
-1968 -1366  -3058 4158
1728 -994  5245 2016
3960 -3314  -2614 846
3944 -1782  -2621 -1516
-369 477  936 2666
515 -435  -4270 2320
-2109 -451  -244 646
1931 -1555  4970 -3428
-1110 0  -501 2230
1497 1455  174 1920
-2210 1522  751 5898
4731 5451  84 996
1574 -6908  1431 -924
3533 2451  -3462 1497
342 -2666  4097 3458
3623 -409  4198 -4787
-5130 -1965  3238 -819
-10 2337  -985 -4148
-3348 3293  1806 -2555
2696 3599  861 3938
-465 -2027  1369 3777
1459 25  163 1890
1485 -2685  4967 1871
-2691 2803  -4439 -2830
1965 -4345  3583 -4257
-4122 -1672  3362 2105
-205 1627  2557 55
-5258 3830  342 2073
-1222 6268  -198 -1768
-1877 -8881  808 4838
2434 -2482  -3604 -3232
-7611 -1021  -426 3310
-1443 38  5839 4090
1185 1556  -3252 -5948
1027 2120  1031 5334
-2037 82  -1670 -1136
474 -885  1760 535
1870 -1933  1450 904
-688 4021  -4972 2167
-2128 2365  -1766 -742
-2023 -2364  -1682 -2377
-1598 -695  -998 -425
4301 394  -1906 2609
-500 2385  -2354 785
5184 -2750  -2673 1213
4030 5490  333 2255
1036 -394  3943 -2223
-470 -1434  2225 5483
-8693 2552  3852 -1818
1827 4148  1959 -967
385 -838  -806 -1502
-2647 2218  -7285 -897
-1757 -1416  -740 1246
-273 620  -2644 -2223
-117 -3112  -4064 -220
-1457 1032  -1860 1057
-1482 4463  -5308 3217
-735 1326  -1057 1931
-1310 -1167  -7524 -4665
-4625 -2078  -1079 637
3637 -3317  -389 -4179
-5337 -2113  468 -4893
-1325 -1655  343 -499
1073 2161  -4102 1375
1697 -3914  -1910 4050
-4707 -1362  707 42
2753 -2114  4386 1808
-3191 -866  2873 1380
-2613 4417  1047 75
-1747 -4547  -33 -21
177 -3185  3197 4501
1115 -4233  417 -287
2141 3840  39 323
2529 -1450  -1638 -4400
-931 -5212  -1933 -451
1053 -8726  -1052 -2884
-69 985  2199 -397
171 3449  4972 1281
1283 -2055  -1015 -6843
1391 -2879  2092 -2981
358 5028  4820 -2179
1962 2338  -3162 -451
-222 -3696  3216 995
5742 5714  2350 -1661
-1987 2041  2239 -2763
-632 -2038  935 2322
4881 -1909  4197 3797
1506 -4670  -1275 -244
-1984 1664  -3766 -1861
-3950 830  1425 6327
-1344 1680  118 513
2522 -258  947 -3463
-316 -2921  3881 1447
-1391 770  -6298 244
4856 4549  -6263 2359
2755 -1242  3448 2906
3981 -851  159 3190
-2004 -2972  -3550 1011
-1953 125  -4421 3762
2912 778  -4660 -1091
142 -907  -223 -3175
2328 -4605  1002 51
3930 3189  -2833 4057
2592 1159  2702 2095
-2597 200  551 3742
1380 2137  6108 3427
-2945 -2590  -4001 -4304
-3110 -4083  3478 3271
-3492 -746  4534 -5477
-1714 66  916 1751
512 -4102  -4246 -4383
3062 -3514  1844 -2003
-1409 2069  -625 786
-3436 3580  -8 305
-209 -381  -1515 5076
-918 3808  -6984 1837
3339 180  -8516 -2002
5218 -2697  3388 7453
-2703 -3128  -1998 -1372
966 1277  4394 841
-5043 -2061  4307 -1001
122 -5184  1771 1119
-347 545  1891 -423
4544 4180  -1981 -4263
41 -4988  3955 -6812
2081 562  -423 -8568
1103 -5770  4823 460
-1561 -1468  53 1088
-184 3570  -778 540
44 -2314  -1324 629
-3074 5028  6890 3188
-2366 -1148  696 -3101
4679 3074  -3314 8
1999 -1928  4320 1552
-1427 -4516  116 -4780
-4027 -1134  -2202 3844
-728 2762  1749 1380
-3901 -5963  1104 6321
4322 -2726  1369 748
7199 -1489  -2170 1543
4568 1291  -3674 -2496
990 831  -3459 -2771
496 -2437  -11436 -1416
-2650 -329  -1683 3311
8571 -1134  2399 1576
-3585 1362  -2280 -1958
-417 974  1243 1048
2103 -502  -2130 2858
909 2068  1810 -1254
2882 -373  -3407 -4595
4931 480  -918 -4870
-1902 3181  1415 99
331 401  -2641 3874
-6322 -38  265 -2669
-4745 4387  571 3646
-2740 -582  4449 -1587
-2670 3306  2267 -843
2141 -3583  -3168 1076
776 1854  7721 -5123
-4259 -1965  2776 190
5421 2623  -4307 3439
255 4041  3675 5280
-205 1537  -3035 -4885
445 -1945  -345 1790
1683 -2565  1294 -1443
-445 -2791  -1705 5187
2019 -1849  1704 1317
-2441 981  -453 -629
1898 1517  2504 4316
-280 -1363  2882 -2264
-310 2545  2888 2690
-536 -1827  -2718 -1158
2578 -184  -605 -3783
-289 6941  -230 8633
4000 -2356  -309 3179
1731 5431  -2748 -1573
1940 -34  -2038 -1836
807 3721  1131 -2368
-1672 -3420  -206 2826
3465 1093  501 -678
386 1204  -1916 2071
-1228 -3366  215 950
-352 1406  3442 1267
-4086 -1692  -1117 1320
-1595 -477  6764 3775
-769 4589  961 -5436
3465 -57  -3880 1405
2783 -3911  4127 3016
-3333 -91  3192 -539
-272 136  -92 4539
1435 1107  568 -3583
-2070 128  -2404 -4969
4432 3429  231 6606
719 -214  1140 2079
1146 2977  -1281 -1744
551 240  -1218 3555
-1930 4761  -2518 477
-1339 -2588  3157 7237
-1384 -5291  -1048 -371
797 2086  -2639 2849
1635 -618  -415 895
2056 1353  3054 -3773
2555 -5028  523 6321
6182 -51  2594 -3747
-297 -630  -1265 -1505
-2586 -643  1840 -1672
4285 3738  2207 1407
-2274 2955  -2638 2574
848 -1736  6035 -2560
-3243 -919  -1861 -1598
-1498 -4416  411 932
6697 1415  -2013 -606
2061 413  2827 -917
-2970 -5662  -4114 1815
-2811 1107  4033 867
804 2290  -2342 3007
50 -3868  -4901 -771
-1175 3033  2009 128
1702 566  1315 4599
539 3105  -2603 2208
396 -632  1093 -2727
-1728 -1018  5419 -572
1972 980  -1695 3949
4660 -4306  2099 -4226
4181 -536  2551 -1323
-3983 4166  -1063 -1666
3389 2016  -1361 -1397
-7143 3690  229 -4822
3535 -2183  702 803
-1426 1916  2308 2400
1789 1417  144 -3251
-3082 -70  -1602 3968
3915 -2028  5197 -4481
1313 -512  -471 -402
2527 2476  4885 1229
241 1392  3953 -682
5151 1466  -2749 -3990
-5356 -1421  -1169 3247
-1047 -4122  -6417 -6180
-4608 1725  5971 435
-706 -1152  3331 446
-56 4592  -1317 -1095
1478 -2160  -1089 -1644
-800 2544  2119 1861
-4975 -1219  -1294 -2275
884 724  -7992 -642
137 111  -2176 783
-1070 2852  -1858 -4990
1049 2581  373 -2764
-1765 3893  614 -1166
1215 -2257  -359 3206
-2731 -461  1316 -1896
-2944 -3887  1078 -2424
1747 -4902  1328 1247
-3024 -3805  692 -2078
-2647 -3910  -1886 -2369
-5966 3088  301 -4437
1919 1901  743 -194
-92 8468  5799 -117
3099 -2809  -2283 3668
-5837 5505  -3329 1631
-3529 -3009  -1195 544
549 2067  -637 3803
-1107 2709  -5707 3454
-619 5676  -2760 1380
323 -3440  -1450 -2281
-111 -3312  -90 -524
-4877 -1676  -48 -807
2691 -840  8836 -2427
3952 -1411  -865 157
-4611 -996  2012 -565
3436 -1829  -1355 -5521
-3718 -1743  -630 254
787 -1096  -378 -4027
-1612 477  2582 -3066
-917 -102  -2594 1111
2338 -3459  2132 -149
-5403 -5248  -5690 4006
3774 2531  -2616 -4951
4479 -412  -2694 -2670
-3820 -1913  1730 1972
-2101 -750  548 2207
-200 -3479  -180 -990
4133 -1482  -5950 -1069
244 -5210  -9745 -3754
-969 -2613  1192 -1107
2208 8344  -4205 3462
885 -2233  2902 -3849
2051 1332  -959 -4773
6252 2649  -1795 4044
3931 -90  1783 -2771
1554 -4955  -1281 996
45 -1389  1415 -4605
49 1693  2442 3962
2483 253  -1453 -3101
-825 -2849  -836 700
161 -2544  1787 565
1153 -264  -1389 -3409
-3539 -208  327 3263
77 2232  4783 2661
-1484 4779  50 1620
4614 -5139  301 -485
1608 1551  2112 2084
-738 -3823  2737 2909
-50 3396  -64 -1946
-4804 2594  -5274 -1510
914 3448  -1356 2186
-1580 -1982  5302 1310
1761 4289  -6783 1641
-151 -4955  421 4715
1387 -4209  -3307 -1991
3899 -841  -3307 6919
1155 -1990  2053 -3444
24 -611  3462 747
-1007 -2354  1755 2724
3708 -1653  -2446 -2459
4256 -3732  2466 2858
-4770 -1128  362 613
-1354 -3266  1566 -3438
1228 890  1558 3835
1835 3405  -1787 1462
3863 743  -2650 -1011
1251 -1231  2021 -844
399 1655  -676 3037
382 5880  746 3209
-1922 -460  -5292 -3710
1712 -2306  -116 1261
1044 -226  -1762 -1040
4599 4992  1438 -2683
1406 -6489  3465 1412
2257 3336  1248 1193
2722 -2067  -3127 -934
1881 -202  168 -1372
2363 -398  -2878 568
4591 -1168  -2844 2074
-1339 1164  3474 -1194
-82 -3773  999 609
-4774 2559  -3643 4820
-4368 341  1921 2021
-6192 2737  -981 -50
-4785 2606  -1322 2870
-1448 -2153  1810 7048
-211 1502  212 4596
1544 -1811  -3808 -2346
-1029 -2918  3250 -2121
-3336 3557  2533 -908
-441 -2716  -278 4541
-1466 -5959  2767 2628
379 801  -562 -3779
-3329 -3747  960 42
2253 3  4444 1937
-115 -1177  -5526 -1752
-2045 3607  1181 2538
-3012 -470  157 -833
-4619 1863  2605 2194
2652 7064  -543 -2579
3243 211  -7874 -63
607 -741  -1047 -805
2555 -801  1064 3597
3391 -4009  -3995 411
-2094 -2189  3518 -2235
315 -2138  4666 2756
-2080 -4033  -528 1741
-2637 -3304  -864 -3982
2222 1545  3423 -3889
-1248 -1589  6877 -3247
-4580 -1949  -4129 -5191
1094 981  -3907 83
1181 4311  -3640 1206
3365 -2651  -3312 -3926
4059 -63  -758 -5224
-3465 -4581  -326 -1992
6674 690  -5396 -32
1198 -2246  -1644 -2290
876 -300  -2612 1504
1308 -548  2676 -66
3326 -2972  -85 -1495
150 -3606  -586 1685
1652 1026  3241 -165
-5988 2648  -2558 -1249
-2097 -1286  6082 2212
5166 -395  837 -4321
1283 1032  -3514 -1540
6208 77  203 -4603
-817 -2165  -2642 131
782 -4212  2470 -4668
1953 1551  -206 1239
2914 -706  -1630 2606
-320 -1730  -3455 -308
-3423 979  -2161 2479
3648 452  1433 3868
-3101 1191  2451 7829
2023 -448  -162 4155
332 -4381  4033 -1304
1603 4166  608 -1869
-494 -833  2689 -1278
-1100 3815  -252 -1760
3101 2566  3487 -4235
-2204 1313  -1210 8542
-137 -6974  1539 2421
-1049 2906  1912 -2616
729 -1618  230 -4460
-1039 2108  138 108
2547 -1280  -788 -5620
-2390 911  -3004 2000
2666 2657  -5354 2081
-906 -1213  1550 -2372
2134 -371  -2440 1091
-5579 30  -295 3213
-102 2011  2808 -4480
3631 -46  -747 4029
-1838 -2303  3842 -1446
3572 828  -4440 186
-710 -836  898 1059
118 -958  2780 2418
-3604 474  3354 5613
-4835 -1508  -2098 -638
-5637 1216  -1062 4114
339 -658  3706 -800
685 -598  982 2168
3411 -3273  -3830 3601
2016 2458  2240 4629
-2381 -1967  6506 1185
2338 1758  -3884 3329
-3641 -2011  -4917 -3589
2427 1433  -4067 5976
-805 3413  -3615 -2851
-5405 3425  79 -4684
340 -3105  -2245 1191
-62 -2223  1344 -3764
-1970 2085  -1707 -1945
-324 -4573  -1816 -3154
-1574 2090  1068 -1064
-3764 3606  -1 -2284
1462 -5558  1462 534
4440 686  -693 -1738
2743 753  -2853 2499
4222 2638  6512 -1076
-2885 -3773  -4579 -469
2336 254  1392 -3634
2456 -2231  1029 -1818
-1886 -43  -2609 1354
-2876 2477  1239 4860
5230 597  1169 -3820
