1467 -3821  1049 3695
3940 1514  -913 5369
2707 -1087  456 -1244
1809 1866  2741 -3300
-5799 -1699  -349 -230
1183 10  -1846 813
2860 8403  1030 -4168
-2072 -6191  -5214 3526
2051 3298  -1487 2435
2137 -3382  4634 -4729
147 1753  1367 484
1017 727  -4354 -59
1438 1045  -3009 -415
5227 1999  -230 370
402 1309  -3585 3098
-1969 -6232  3726 -2030
-1177 91  -2684 -2975
997 -1574  -4018 -6173
-939 1158  3077 2916
2998 -1661  -141 3330
2544 -1331  -1116 895
45 852  -1628 789
-1101 5990  70 351
-1452 2826  3429 2596
-540 -1830  -6465 -2604
3206 -1741  -5568 95
-2971 -329  -2263 -5280
3947 167  -2449 -86
-2687 1149  -638 -4817
-763 1376  6517 2470
-3556 -2030  -419 -1854
1076 -3104  -2979 -5214
1621 -473  -4829 -2227
459 -5212  -1359 2303
-469 -1342  179 225
4162 -512  -260 -1746
1994 377  -4083 587
-4147 4018  3730 -2330
5723 4331  -1981 3124
-3848 -3043  1275 1905
1694 3916  393 -4550
-2315 1978  -4096 1700
-4252 -10  -248 -1367
-2525 1393  655 50
-2131 -2390  -2733 -4083
-366 -1271  -2232 1161
-69 -6670  2487 1436
567 878  -1332 -3158
1926 379  552 470
-4303 -920  -4361 1182
889 -586  74 852
1799 -657  -4529 3248
2110 -665  3422 -1887
834 -2298  515 -2985
2662 -2664  -2360 -645
-3635 -794  -1677 -3078
-821 -680  -2147 -1568
-2856 2230  -38 2086
3386 1858  -2123 753
2318 -807  -2823 3679
-590 -5924  509 2331
-477 -2112  -2693 -3777
-3989 -2152  -334 -646
2517 2202  -1231 -226
3290 -1429  -1461 -3192
2350 -3001  -5496 -501
2194 90  -878 1576
3421 1279  -3124 938
1309 2641  -2996 -1120
-5823 4865  867 1230
-920 -2969  159 -1953
2201 1708  -6469 5055
-623 1862  3451 -288
-1801 3755  -1795 2678
-2780 -1903  -4690 2354
-3705 -1521  880 2654
3939 1737  1870 1216
-466 -4962  4323 -1383
-177 -172  -1691 -1981
-1468 1714  -5066 2495
-5154 -7829  -537 1379
271 -921  -1255 3420
-1879 206  -3688 1364
-3854 -3017  576 -346
576 1198  2024 3497
2382 -1839  -3226 -2570
2450 -1078  -549 1910
-1492 1760  -3740 -414
-915 -2742  775 2402
-5790 1046  3503 -276
2380 2077  2243 -421
2739 -5616  -1342 3571
3861 -1121  835 -771
1626 1887  4393 -95
5010 1679  577 -3583
-3311 -3252  3553 2465
1006 -4234  3501 828
-6303 2412  4546 -779
-2824 -2068  -3447 -1253
-3645 -5880  773 247
1726 24  -68 1497
-1488 -3245  -7559 505
-4653 3044  -1082 112
-970 4013  -1121 -2542
-835 -4816  3493 -3835
97 -382  -3156 -2458
1378 1104  -2349 4630
157 -5381  -5098 2178
1864 1415  2081 -1644
-106 -2644  1978 -1442
555 -4298  4249 -746
-2431 -3860  -189 -3733
5063 2342  4089 2490
-2904 -20  -759 2656
1604 -501  4304 -3388
-646 -3013  -2272 -3837
593 -2073  2056 -2961
4878 3295  -4538 2097
-2314 1393  1484 3989
-2549 -3723  -4826 1543
-1754 2301  -1287 -1455
-5698 -1706  1445 -1117
-1572 -4609  5368 2128
-1475 -80  2004 2409
-4975 542  -2016 4790
-488 -1965  1537 1301
1237 3607  -1083 1740
2093 -4371  3790 -6405
2761 2928  -2543 -3043
-5272 2233  3180 -3345
-1926 5461  2443 868
2126 -6470  -6913 5729
3694 1298  564 1995
1141 796  69 2356
495 -949  309 3330
3146 1096  -3520 478
1990 2421  -2143 2270
2627 3127  3414 1529
3398 -813  693 -3243
1430 -1913  -2657 -1331
2436 71  244 -234
-3536 2182  103 2572
-2584 5332  768 1580
-920 954  -1126 3263
1500 873  -3302 -1165
163 -3951  -4128 -8147
-660 722  2646 -4949
-1194 -2787  4823 1443
364 1300  1650 -1877
2505 5904  -3795 -4687
1485 -4541  2140 1473
-696 2098  354 -1014
-318 -5791  -1582 622
38 1284  2602 2343
-3716 -863  -2499 3194
1828 -1973  -5321 -304
-1357 2114  -896 -1461
395 4059  -2730 2472
-5240 915  -2747 333
-5376 -2759  -1833 4807
1935 -3225  1257 -1653
4745 -3148  -2203 606
2165 950  -6955 -605
802 -1189  -475 -1385
155 836  623 -289
-1503 3151  2502 -3971
910 -2046  -3043 1018
-996 -2551  3439 -253
-3614 691  2314 -1638
-1285 -3135  1448 -1727
364 4324  -2927 759
4002 -173  -1374 2146
1573 -6257  -1165 5346
1655 -1940  460 2710
1645 1783  1694 -110
3707 696  5000 3884
2498 -7398  299 1169
1152 2761  4215 -2673
308 -1842  855 -2783
-805 -2638  1726 -796
-9612 -130  1047 -2616
-42 1589  -1348 -4181
1653 -3403  637 187
-2047 503  -863 1644
2778 -3263  -3177 1476
1617 -1662  -1826 -1115
-1663 1308  1161 4749
-58 -5873  -895 1612
-1530 765  -2968 -182
3929 1913  3758 2898
7413 2052  1666 -130
-2484 -7183  375 1428
1364 -1427  -1240 3856
-1418 -1297  883 -3604
2978 -3725  -420 -101
2674 -396  -548 3085
-1741 896  -5180 628
-897 1508  -3147 368
-1981 394  -231 1529
-4910 903  -1712 -426
351 1737  -1059 3363
-1191 3675  -2944 -759
-3095 -1330  -1099 -440
110 600  -257 2434
1568 -4634  -4639 -4810
-4102 971  -1348 -1026
3242 3383  3623 -1388
3833 -1331  1502 2587
-749 5611  4259 -5029
1371 3127  7375 -2566
1969 -683  -290 964
-2122 -2914  76 -221
-1289 -540  483 -3913
118 -4625  -770 -5983
-3901 1298  7290 -4756
-1755 5601  -2104 2046
-106 -1170  -1744 -2439
1631 -1551  2184 2076
1946 -3484  727 4356
-1594 -3109  347 3471
1113 -1614  2283 155
1394 1665  1189 -1576
4404 -3539  -3067 -5938
-1725 -2081  -616 5128
-1005 3750  1295 -4911
6113 671  897 -1394
738 1844  3768 1494
-1099 -1906  -3578 2461
-449 2633  -1577 -2171
-3551 583  1462 1646
-4382 1947  2423 -337
-679 3302  568 -3186
-5931 454  -525 -1946
3328 4894  509 4659
-1112 -1011  6976 1498
-752 1093  -1590 -4601
1726 -1588  5184 1359
-424 -4726  797 -1949
-1822 335  1317 192
-1889 3308  1336 -587
3362 1622  -2177 -833
523 1010  -794 -7128
4801 -731  -4293 -1335
808 2667  2457 11907
756 -1302  -3703 -2715
4390 -2189  3537 4330
1473 -5399  -2457 1186
-3251 1455  95 2730
2082 -4052  -1623 2543
-512 245  4245 2389
2998 -3678  5743 954
291 610  -151 7509
-6983 6209  1000 2902
-2890 -2435  -1946 2481
-3498 -619  1295 -2129
1610 1533  -2742 1955
-4199 -1169  1254 -1346
162 -4414  3485 -2379
-23 2392  1088 1230
3581 487  -1923 -1233
-502 1150  -377 -4137
1092 4601  367 -4273
163 -1372  -2779 2203
3748 3794  -296 4553
4111 3049  4197 532
3449 1281  -1330 -1167
-2280 -935  1119 356
-42 2059  -3335 3112
-2636 6392  -1391 5345
211 -5610  -2039 -1545
1265 1650  2519 1236
1477 -4240  -351 -3692
-17 2254  -1894 3624
3620 5076  2540 592
-2307 -6760  -520 3082
4616 2138  723 4275
-1561 -1094  33 -1054
3432 1953  -3070 -1460
-50 -914  -16 -2540
811 5141  1382 -6655
-1630 1472  -1787 -3266
1016 2034  1301 4781
7474 356  4242 -3691
891 2711  -3659 1593
-1296 -1649  3570 2759
-6076 1677  6010 1292
1743 3244  1056 408
994 3782  1846 -4058
-582 -402  -737 888
-330 1399  986 -1623
342 5691  -6029 -265
2248 -946  -6763 -1382
3387 1296  346 7026
-1370 2456  -2226 -1205
-1203 3813  -2674 -7200
2126 -3600  389 -1954
-1099 -2413  3119 -58
-8 -1036  8991 -6837
1035 -619  -2202 -1383
244 3061  -1200 -2203
-434 3833  2333 -4597
1240 3984  449 566
956 708  -2389 -3895
-516 4267  -10263 -987
3070 3920  298 -3659
3848 -399  -500 -235
-956 -1065  -1370 5754
-1782 -1210  1889 8646
-7080 5360  -5105 2149
272 -145  1968 -1008
-4399 2606  -271 -550
-1437 1150  -2036 693
-1646 -439  2935 23
-1330 136  -9 -5278
1765 -1898  707 2160
-5411 973  -2533 -2845
3606 -4957  2152 -692
-109 268  -2448 -298
1594 -1037  -7959 2016
1027 3330  5129 -254
328 -5521  2091 4396
2028 -1756  -2013 -5526
4533 751  3412 2528
585 1001  -1356 -3032
4166 -2924  258 -2964
-244 -1296  4983 -4648
1950 3136  3849 -887
825 1753  1373 5526
-407 -1452  -1800 -3627
2722 1131  -3171 -4421
4035 1713  814 2616
4435 5994  1564 3343
2797 1581  1297 -1444
-841 5044  -3681 2863
-793 -633  -58 1431
1104 2681  -5417 -1667
-3713 -210  -3000 5480
-1582 1212  4027 -627
-3146 -3965  -3539 -6475
1215 -5286  -8029 -370
-3322 1474  -3432 1823
-1263 -3826  -2122 7005
-456 1359  -1132 -2338
-1860 1041  1612 150
1 -12  6877 -2839
1262 3215  -527 36
-672 -5801  443 422
2913 370  -1146 3090
2252 -3589  -217 -847
-1196 -1878  -3839 179
-2026 -2840  2949 1982
948 1261  -4159 627
-4161 94  -4948 -3680
-370 -113  -3172 -2601
66 2707  1585 -2871
-678 -4434  -1267 346
-3778 -1977  2644 675
5906 -690  2515 -142
1296 -584  2080 2658
-1978 -1485  435 3744
2910 -4823  -5438 -4131
4374 2347  1528 -2198
5636 3538  -4256 -3921
-2898 -1336  3808 -2492
1550 623  -3024 2368
-3965 -3957  -15 -4207
4286 4332  -4074 -1753
-4473 3109  4059 3038
1388 -2265  -671 -2841
-3747 -2818  2279 -830
-1065 5103  3543 45
1329 5385  -1487 -2147
1451 -2405  -2055 -155
653 561  2037 -1441
1282 2015  -595 2443
-796 143  -4202 95
-3153 -1596  3696 -774
-2064 1085  -206 1087
-4617 -354  3271 -507
-1030 1005  -2329 -1522
6383 -641  -3905 -1786
2477 196  -3693 3525
-315 1108  2209 568
1409 1602  4306 3460
176 -191  1769 2229
-1158 -1145  -168 2633
-3513 -4779  -2507 5230
5066 1489  62 -4378
-836 -4405  -1585 -2422
-5180 -821  1108 -3539
4348 -642  1882 3560
3354 -2782  1758 -462
3837 -1875  -1286 -2795
-3431 810  -5949 -1986
-4298 -3202  -69 1883
583 -802  -1435 2366
2538 -5139  -359 3282
-488 2767  -1366 1632
1263 4376  130 -3854
1071 -1822  -3971 -475
3959 1421  7155 -1141
-575 -2661  -1584 4413
-3754 -353  -256 1837
3388 2739  67 -104
-1455 -1455  3011 3010
605 5569  921 -2946
2945 -932  4029 1387
-6749 3884  -475 739
-1691 -2032  948 -1687
1610 2478  -1169 -2431
-244 4794  1325 -1630
173 7947  7879 1280
-2690 806  4156 250
834 206  -563 3253
4251 -4983  -2615 5435
1038 -1860  413 -3450
2754 -3760  -2043 -1028
2902 -494  5639 -364
-1276 -1996  1941 -3303
-3669 -2998  -4679 -3433
-174 5005  2438 -1192
-1318 -2982  2436 -185
1858 -1006  1884 2451
2771 567  -2574 1126
-1029 4339  -2138 2737
-188 -942  4610 3968
2590 3976  -5051 283
-1986 -5293  1807 147
3940 1832  -4962 2853
934 1004  -496 -3148
-3357 2448  3731 -1328
-1318 -4140  -1231 1545
2996 771  1407 -2408
1840 2740  3226 -1430
-1343 1623  -3577 -3957
-501 -3606  -4168 -1476
1960 12  -2360 227
2821 -1748  809 -5757
1357 2173  1928 -2203
-4360 -628  -1139 308
1868 2344  -2997 2351
-2760 4574  -1540 -789
-3830 -4573  -1686 -2705
-238 -2090  -3681 -752
-2225 2122  -1810 2179
-2179 1023  -173 466
4325 879  635 -4255
742 1930  3261 -3336
-590 764  -669 1339
3408 1314  4795 1207
-1238 763  2863 1787
236 -7802  2260 84
742 -5495  1 2857
1902 -3226  918 -692
190 -2313  2799 -5235
-4281 -4369  -6200 1104
-788 -877  1850 1593
728 -2776  3211 2850
-873 1357  -574 -2939
-1017 2948  -2289 3101
2054 -934  4793 4620
-4410 852  -5073 5684
84 -2005  -5409 -1804
-4543 2790  520 -1467
-181 2458  631 -2173
1778 1513  3855 1636
-3088 261  4424 422
-2119 1228  4218 -2281
3212 950  2712 -643
-3659 -1038  -2855 1189
983 3712  -113 5039
-139 -1384  -1411 -2321
2300 -1089  -411 4051
-914 -1047  -4033 165
-3443 4284  -1161 -3198
377 -3292  3557 4733
-766 3029  319 -400
1891 -5137  -3239 119
-27 2477  3973 4554
2212 -893  -3507 -2982
-130 1544  3896 -73
621 -2633  3637 1946
-425 1293  1118 2869
1229 736  -6291 2319
770 987  -3739 2821
-6345 335  -6572 3698
-3953 -724  -1853 -901
-1198 -2561  -734 3698
1915 -3669  -187 -1272
-624 -1932  -32 2579
-263 5678  -2991 1573
1795 -3524  -4964 -3634
2344 -868  -1256 -2010
2418 1276  2752 504
-289 -3496  -2835 445
-1919 -1609  3090 -1633
-3173 2033  -1043 4967
469 -3933  1952 86
1771 1058  3250 -8479
3641 -1548  421 -599
3341 -249  593 1385
-747 -5104  -478 2068
134 -460  2606 -635
-1981 1373  -1636 -4306
-3442 -875  -223 864
-3285 -383  -1369 -3605
-4382 -1116  -834 -4790
-2460 1244  2139 -4019
3157 -1829  1706 4150
1807 7790  -4383 -1097
888 1974  525 2638
-3676 -1345  -1192 2991
-175 -1109  -1699 -1783
-3216 -1458  -3157 815
1178 2443  3368 -4789
511 3657  7870 -1656
-1882 2359  1663 5755
-1178 -2291  -4515 -534
-3639 -1602  -746 1505
-123 971  435 478
-1682 90  -1655 4099
-5429 -2918  -2201 -2869
1491 -9051  -7918 1732
-867 -2622  -1779 -4764
5823 -73  230 -2194
6350 -2896  2166 -4022
-3833 2162  -1040 1594
1156 2435  -6172 -3990
-2676 -4157  2190 -2402
2079 -676  -4566 -203
1260 -2984  -875 2104
1014 2152  -2370 2757
-2564 -3458  7903 -3433
3023 -5351  992 -1706
1281 974  -4381 -1106
-2345 -2399  -3749 2607
3581 2439  814 -5214
-436 -3628  2927 1818
503 1142  2437 1779
-3606 420  556 -787
-762 1382  -4352 -1761
-1911 1272  -467 5121
-716 -1084  224 -298
-2581 -318  4757 -305
1187 -2485  -542 3348
2512 3636  133 -826
825 -3056  -1493 -10
-625 -3400  6275 4120
-582 1391  -4174 5617
-6694 -602  -1036 1669
-2714 957  -1377 -1739
1341 -1344  6756 4444
-1708 -518  2040 2390
2392 -1695  4682 987
-2133 -1098  -3901 606
6130 475  1418 2662
-4834 1073  -8510 2905
-2443 -1427  3866 -1772
2699 2305  1896 1121
-486 -3778  4020 -5811
4159 -26  902 985
646 1358  -59 -1061
-1990 -2696  -1181 2870
5618 -1152  -3030 -638
2569 -1417  1009 3350
-2633 815  2004 6001
2014 1824  -2225 5401
-4378 5195  -337 -817
5175 3827  -424 4017
-3152 -4350  155 170
-4294 -543  5990 1084
2104 -3047  5941 771
-3230 3905  -475 291
1066 -3513  4014 -1927
1125 -2890  1711 -4613
482 -3398  -3997 4042
1851 -4602  -3270 -2337
-278 -1667  2778 -1724
1597 -1856  -1130 2678
-828 2629  -240 2047
1545 -3909  -1546 2515
1771 3462  2197 4839
2424 -3050  -273 -2004
-296 -1692  280 -1184
485 717  -12 -52
1546 1198  -3042 6007
-931 -6995  -1481 1463
4410 -91  -631 -5910
203 2904  -3055 -1725
-5132 2603  568 -2701
-2462 2198  1602 -746
2559 -2491  -1554 821
-1744 1149  2281 1930
90 1746  2603 -920
1796 -520  -4470 -2466
-2025 -617  724 -2894
2201 1204  575 1415
2803 4132  -2521 -1964
4609 -5870  -3335 -345
4241 3864  -1077 123
865 341  -473 -14
3087 -2760  4310 2119
-3853 2729  -1557 3310
2665 5412  2108 -3512
244 629  3063 1037
1498 -2322  -3530 1179
730 3956  1868 3079
874 -5911  2789 -1991
-1244 -3073  -3092 6253
-4317 -5948  -3870 1160
-4331 -1022  -1013 3222
-358 3047  1753 -2335
1322 3412  5009 -3962
-5521 -1415  -1724 -5949
2198 -1603  -526 -988
244 1988  -4810 -1235
5491 4375  1498 -4419
-2854 1002  2224 -1470
-2284 999  -1232 866
-889 -1059  4702 1842
-4128 3487  1001 972
2087 259  2222 636
-385 2584  -317 -1477
5449 -2246  -353 -2183
-947 -1954  1660 -2200
4907 72  -12 -1361
-353 -695  -1620 -5705
-4777 2316  -1906 -2201
1069 -4909  -96 -1013
5719 905  -4461 -748
4112 1080  -101 -3691
1132 2945  3787 479
2068 1099  471 2570
-338 2366  -2676 -184
-957 -1298  -265 3659
-3029 712  -2186 -452
4185 4836  444 781
-1514 -90  605 3657
6494 -328  1762 -1744
-3170 3711  8954 3521
-2123 3128  -7957 -3075
281 -7016  -340 -1032
-1135 5789  2359 1597
-1191 2116  5713 -3787
299 581  -3895 -3916
-1815 -5393  1902 2922
2045 -3313  -780 712
-4897 -629  3015 -2051
-2251 -1841  2727 3277
755 -2725  4788 -3056
-261 150  2779 1155
-18 -2199  1258 -1306
-2861 -927  -4083 3259
290 -2719  -1862 -1304
-2400 4508  -1387 -209
5440 -2366  -2393 -115
1293 1  4607 248
856 2950  -4526 -2736
1423 -2349  490 5185
-4010 -552  -4125 -4418
7414 -4187  157 -5072
-3465 -3445  -1460 -1009
-2591 887  -2470 1054
4295 -3700  992 776
2017 5380  -2881 -326
1369 -3978  8 -3260
-1547 1997  -1245 215
3946 -1708  -1236 1279
-3769 -2364  -1533 -5335
-3583 -764  -290 559
-4054 1300  1498 344
3359 -2165  147 376
136 -2625  -510 -4393
1514 1888  -1862 -1065
-1559 1834  -1083 -2258
-1156 1353  1456 -917
-2600 -1759  -924 -312
4025 -2350  -1125 886
-335 -767  -245 -924
1280 -4312  -3164 2794
2153 1386  -4274 723
949 -1480  199 7749
-3285 2973  -1575 3060
-6165 2087  -224 325
-6616 -1449  6010 376
-4968 -1959  1348 777
-2654 -243  -2485 -1295
3765 762  1296 -914
207 1392  -4561 1967
-657 -2914  -4155 -3426
-226 -6144  -606 3213
4051 2891  3260 -930
-2978 4058  2075 2549
978 -1447  2127 1169
-3997 -1568  7324 -1984
1696 4989  -3993 1256
5764 -1764  -2143 1361
-1289 177  903 -1293
495 4645  73 2018
-4656 3829  1277 -1444
1876 745  -670 1077
2622 -3958  -1428 113
-7386 -2340  -1587 6477
-830 7223  -717 -560
1841 415  -642 -5976
2809 2816  -1487 954
-4882 -6767  -35 1993
343 -2005  -530 -2455
-6807 -704  594 152
-573 -2292  -1018 1341
3428 -3457  -4823 4181
3640 2734  -6209 -4099
1351 -3821  3025 -2133
5710 -489  2382 3556
2236 -1395  5632 1392
-1229 2519  -3577 -395
4071 -1044  -5995 -919
-1310 1674  -5698 -342
-3719 -1145  890 1093
-1660 -3378  -995 6566
974 -5311  -93 2790
364 1751  4050 -1132
-4457 -901  2880 525
554 -636  -1081 1
-617 -999  -3613 39
-2443 -462  -3756 -2924
4415 673  -2266 672
1758 3588  -174 -1763
2989 3213  -2624 124
3509 334  2272 2028
6970 -1345  642 3921
-888 1165  -4998 2384
-439 -1034  -2306 -858
3084 3087  -1834 1938
-4511 -170  -1987 -589
4337 2717  2449 -444
4407 -2688  8686 2186
-524 -2810  -1964 1003
1539 189  3205 -2218
1062 -1219  -434 -3539
750 2546  202 928
-1578 3384  -1500 300
-1648 806  -3941 6481
5236 1747  1176 1192
-6083 1281  -6210 478
-1339 -974  736 1153
5042 2085  1636 -1206
1250 717  1599 -8573
-1424 293  191 2213
-868 4796  -75 1211
-4156 2368  3928 -1764
-6952 1770  -2397 2544
2724 -161  -7585 1701
-2153 -1604  288 932
-1509 -1957  -2375 -6735
-551 -5264  -31 -3855
2730 1539  3806 418
2063 738  -4064 938
4341 -5349  -4843 -2767
-2649 -4588  -751 5399
965 2737  -1644 -5036
3892 680  -529 -1755
683 2608  -7552 7417
1571 1691  3446 -213
1704 1814  643 262
7145 142  2959 2391
256 1571  1580 1362
-1128 2282  2473 -4456
61 1730  -3354 683
1341 946  -7165 -3492
-658 5997  567 1598
-565 -956  -323 -960
-3984 6154  -1243 -2947
801 609  2802 2024
3127 -433  3781 749
7903 -3376  3316 -3508
4015 -7171  -2519 558
602 2252  4654 2330
285 947  -1015 -5259
792 1637  -87 3203
3 -4852  4068 2812
-1524 -868  500 1085
1858 -2304  -1468 -2804
3709 5565  -2307 -4554
2889 2530  -2405 -2415
-1452 1713  -1646 5516
2378 459  -379 3815
-2742 -990  -3564 -3379
1297 2546  -3118 -1065
668 1597  1895 2445
-1374 -97  2132 3585
612 8223  5674 5839
663 3029  884 3133
-2945 6850  -2698 3679
3967 4723  -1929 -1238
-3908 -635  3703 -4845
1153 -3444  -2153 -20
896 1364  1408 3417
4652 3023  2969 -4199
4061 1396  325 -1530
-1391 1191  759 1802
-892 -1412  -342 4561
2430 -6199  -834 -224
779 -1088  -4500 -1919
-1893 914  -2655 -1753
-2407 1021  1701 -1903
-1088 -1556  -4481 1973
1293 -1888  -2054 -1183
3225 3614  -2877 3455
3845 3515  -4908 1501
1840 -6630  2229 3014
-5042 -741  -96 -639
1328 -1988  -1581 -2099
4203 79  -893 3247
-4445 280  3167 147
-1313 3392  5590 -330
-4052 665  1011 5678
-1266 -3055  433 -1328
152 3422  -1480 284
-857 3954  -3300 -61
100 2870  -1393 1829
3330 -5967  1293 1482
-2287 4403  722 653
-1038 4361  -5512 -2319
-4295 1082  -1828 2687
-6203 -4680  2075 -684
-1608 3344  -6412 -3720
4169 6089  -1313 736
-1722 -427  685 2218
362 -3827  -296 -10
-2559 -1208  3180 1571
117 5683  1041 5656
-3561 -1940  -1646 -102
-995 1817  1771 -738
-4585 -1609  2673 -504
1616 3061  -537 -1785
3924 3048  231 3313
308 1998  -2303 1411
827 860  -2893 3224
8467 -2622  2606 2249
4293 -6653  -1390 966
-2092 2234  -4239 3109
1260 2669  -5609 -2513
-2269 -4945  4567 -756
1687 2063  3010 -730
2409 1171  880 2142
6095 -2702  -323 277
2032 -2782  1137 3817
-325 3144  -1408 -1985
-2146 3965  3448 -2889
793 1154  2279 2665
705 -5731  3759 -3554
1630 -339  -901 -1103
2029 -3669  -2720 2133
-2252 1486  -4829 -1939
-3545 -86  1668 4653
1117 -86  582 122
2811 -299  -985 373
1544 -5271  212 2916
-1477 476  1692 -4183
1967 5285  2289 -6468
726 2209  -6744 1886
-8947 1168  3281 -553
2022 -4786  5438 130
4977 -5468  -834 21
302 -4982  -614 635
-418 -4948  -3670 -3563
1643 1284  -370 6749
317 2327  -2058 -72
2536 -1801  -684 -5752
3375 5692  -2285 -1562
559 -688  3991 -2521
1584 -2846  4386 1360
-195 -1689  474 2662
10935 -229  592 792
1521 -152  1655 2686
1021 -1181  1037 1681
-1706 -3840  200 1263
4104 381  -1793 1563
-56 -1760  -2224 4661
-186 560  -1869 -27
4189 -706  -1287 -231
-4862 5882  1503 -2188
2993 2139  -4681 179
-6256 3013  -2125 774
679 -590  -1618 6937
-372 5714  -2349 -530
2242 4299  1718 -2178
-3118 701  3817 -1823
-636 2907  6481 1746
1123 1115  -1822 4273
1556 -2893  2848 -5138
-289 2365  58 -2840
2555 -1390  2012 1021
2794 -4485  641 1285
1976 -2478  1582 -1253
908 467  426 4189
-879 1875  1109 3347
-2363 1135  5576 -2129
7817 22  -977 -4434
-3157 -1191  -993 1669
-1318 -686  3536 2811
2629 -1070  -3657 -3068
5666 2587  5766 644
-448 -3581  -4478 -2106
-3908 -887  4385 -1177
-926 -1616  1514 48
-4886 1791  -694 265
-147 6849  -4697 -834
6547 2199  -2685 -844
-4502 4268  -2423 -4491
-3887 4506  -528 827
-6576 2624  -5177 2523
4918 1310  1614 2848
2444 2887  -2064 1397
-735 2675  1737 2926
1726 881  -2830 -2752
-4801 297  679 1770
-6050 -1050  890 889
-1996 1692  -882 5120
-2423 -1597  -1105 4977
622 -1424  -1823 -612
-4956 1222  3951 -3778
-5252 -1257  1954 877
6212 2742  -2089 -3687
-1880 2837  3528 140
1092 1302  3468 -2926
1859 2111  -438 513
4849 285  56 -165
-1322 89  2559 -2529
-1050 1322  -113 -2748
2531 -1921  -294 -2301
1061 -2760  -3047 -1593
2104 -4803  1100 7869
-4074 -237  -4168 -1434
605 1105  -4997 -1043
3625 -3764  7049 1364
1891 -2265  258 -4303
655 1887  2202 3648
5093 -2624  2299 5184
1345 -1801  595 6315
-3618 -1141  338 -3527
1452 4841  3147 876
-1144 -207  2084 1349
1380 1475  3118 -4584
2678 -1352  -2680 -360
-173 -2034  -957 228
1572 1000  -739 -5308
-1923 -2018  -2464 3861
-4038 2166  -1839 329
6755 -2424  796 2014
2466 -2987  3558 1811
3640 -530  -5377 -1025
-444 -67  1943 3306
-1971 -93  1275 3415
-1018 -5608  1313 2658
-189 -2385  -135 3314
-1095 -2210  -2690 -310
-230 -3787  777 -1587
-2756 -2294  799 1347
-1070 -4094  2062 -948
1806 3267  -1175 -3545
2509 -2438  1813 -1936
3898 91  -501 2203
-199 2227  5067 -3151
-2014 4178  -627 777
-138 -3061  -2866 3143
-2216 922  -4343 -1458
-1157 1579  -1979 -1258
1282 582  -33 -2377
-1516 -354  169 2393
3968 -4502  -1391 6642
264 634  2312 2877
-2522 573  919 -4922
-282 500  3552 617
-4232 512  3021 1113
-770 524  243 2754
1399 -2977  -2901 -1162
-1586 1371  454 -3899
390 584  -2469 3076
405 -3997  -563 2041
-1487 2192  -2290 -4316
363 -1968  -3123 -202
-92 -220  2659 -1227
-2924 -561  -353 814
2574 1822  -1367 4720
712 -563  2434 1949
-449 1992  -427 2050
1941 1152  8427 3282
-11 4033  1388 -3112
2445 -955  -1360 -1551
3681 2923  3361 -908
-537 -1230  -1243 -49
2156 356  885 -1342
-2167 1300  -1937 -738
-808 1562  -477 6244
2409 -7581  -2972 -2753
-1109 5184  -560 6540
-817 -3975  -4765 -678
2271 8134  5902 4921
2076 1896  742 666
-881 -1094  -600 305
5211 -568  -2809 3935
1179 -2177  -1565 -4354
305 -3707  -851 3590
1381 -234  -2797 -91
-819 845  -361 2652
-2688 -2883  1543 3834
2435 -3011  2376 -144
-4136 825  1138 3581
6281 -1372  2352 -3130
928 -7775  -2982 1066
-9 787  -247 -5962
-1982 -2616  -2327 -2204
1328 1521  -803 -880
-4030 3631  -1457 451
-669 -2718  2421 304
2621 4182  -4096 888
738 1445  -2015 -1524
1791 1380  551 -4685
-4255 1957  1308 -1989
2569 -1289  -4967 -2995
-4534 -501  -1457 -1876
-601 948  -4239 2160
-4492 -172  -2897 3964
480 6714  -5150 -999
47 -440  -4551 -279
4641 3235  -2973 2568
-152 -325  702 4545
-2083 -2325  -568 2557
-556 -5669  5543 4306
1144 -180  -1158 708
-81 1447  -4117 4055
-886 1527  1726 983
-1251 2532  -785 515
2588 -603  2166 3049
3282 2985  -1190 -3073
-57 -985  806 -3426
2788 -2564  2816 1854
-641 761  1723 -1398
-3671 3229  1524 3356
-2945 -235  5757 -1973
29 -3173  -2154 212
-81 -3685  3061 413
686 -2345  -4615 5937
-1065 -2512  1485 -2329
1099 2786  -1158 3910
540 -218  -92 -1598
1099 -1486  -1966 73
-144 -1796  1418 1948
-1210 863  1084 -1386
2415 3120  -2279 3087
871 -159  -2765 -391
2583 1902  399 1038
-3838 -1426  19 1047
2744 -689  2139 253
-1558 2105  2253 530
7699 538  1363 4725
740 709  2137 637
-4062 -535  -1531 252
571 5907  4938 1257
-2227 331  -3005 -2242
1150 1555  30 -1656
1502 6321  1522 599
1114 1555  2076 3846
-1287 6086  815 5988
1676 -2947  2518 -305
1985 1340  1847 -6052
1472 -3629  -3448 2835
-197 -1726  725 -2164
2901 -3401  -4862 -2430
-1009 2716  -5319 2207
-851 5432  807 -1805
1384 1772  -1919 2357
2267 445  -1762 459
-3209 -1090  2851 -1386
-2517 -1307  3921 -3594
2479 -2101  -4045 -4326
1526 -4450  -1373 -1117
-5685 1160  -810 1264
4396 -5465  -984 672
3401 -1334  -2464 -5418
2106 2067  2701 1169
-1725 -3747  -776 5353
-3156 -1584  -2579 667
940 1777  856 -1107
2802 2149  -1556 4375
-1016 42  5637 -142
-91 5495  -4900 -1686
-563 2287  -1431 -632
-6587 -6048  -1584 165
-3154 285  -4121 2125
-3390 3056  1104 -854
1177 -92  1446 -405
-5427 -2560  -40 -815
3672 2892  3698 3825
-4275 -1686  -5124 -1396
5904 -44  -3907 2451
-2410 4820  -717 1215
1010 964  5479 3101
714 -868  -2954 2939
4632 -6449  -2064 -1187
-4494 1929  3039 3394
1211 -3461  -2435 -186
-579 -1091  -4784 4371
-2729 -1089  -1858 -4224
3077 -1968  -1261 3346
-1712 897  -897 3517
7000 -4012  -661 -1601
997 -2462  -4443 2568
-2745 1190  -990 3333
-773 3289  974 -135
2360 -3544  -507 -3227
-2752 2245  4606 -9014
3213 2284  3932 -3128
-639 2121  5692 -521
1627 -3524  -254 4427
1052 -6362  -1726 -3039
1414 2223  354 4269
7241 2918  -1540 -2432
722 731  578 -3706
4833 -1113  3324 -1629
-1411 2442  -3945 170
-930 1900  2710 3269
-1411 -1570  -1141 -1342
-5123 -1728  -2479 2904
2361 1688  -1521 -3107
-861 806  -441 1742
-478 1329  1454 -2890
2335 6469  1589 549
-3014 -3379  2082 -2938
-16 360  1401 661
-963 -2481  2037 127
-1134 4721  3355 -1846
37 -1161  -1617 -107
685 -7  4648 -518
3436 132  1141 2587
539 -2368  2094 -3925
386 -378  651 -1746
-123 -2640  907 1179
2810 486  -3651 -1619
-4349 -671  777 455
-2013 1105  -494 -1294
7651 -3717  1645 4135
2433 1827  -885 184
2700 -1461  3230 2000
2052 662  -3525 -3845
-4000 3322  -646 4959
-4428 2440  -33 -2437
-2873 -7077  2774 -1637
-552 -645  2891 7322
853 520  -1240 522
2038 584  -4934 -2529
-2735 -556  2129 4054
1826 -3335  -1736 -6917
-1999 4719  -2212 1668
217 -638  1426 -120
367 -216  -974 228
-4332 -4084  2980 429
-3948 3786  -425 -3273
-987 -699  5683 -4595
-3106 -4860  -708 616
4719 1540  -5041 -4882
-1745 1719  -295 -511
-2204 6619  9123 -1592
-2263 1183  2447 2893
9540 1401  -5740 171
-6155 5640  2083 2486
525 3458  -590 3289
649 4332  -142 4895
3837 -4047  -1686 -166
-3586 -1525  -671 -2235
4353 -2751  -49 5219
1209 2431  -3757 -2633
5609 -3620  4380 2074
2662 -2442  -2887 2954
866 -2985  4726 4078
-3608 -4313  1146 -1128
3136 2511  -983 -434
-1675 1858  -4496 3470
4874 1922  1216 -1034
-605 2108  3093 6298
514 -4853  3042 -4031
-809 -300  3444 -70
426 -3043  285 2248
162 11  -2019 211
-2794 2427  4168 2673
2297 1205  -5149 1499
-3431 3207  -3516 -860
-1385 -744  -3416 1082
2615 1821  -5913 1750
391 -2033  3918 3819
3827 141  2096 -5161
-6834 -1284  1248 2944
3612 1347  -811 -2996
-5660 -4556  -5116 -5084
2851 -2345  -1026 104
-240 -4149  2368 -3135
591 -3912  5591 -2986
-556 -1477  3333 6948
-2019 2475  812 317
-4914 -2488  -3792 -402
2121 -1952  306 2895
2061 1035  1257 -4271
-2097 4250  655 -4638
801 -1738  1599 -84
159 -655  5682 -6382
4243 1650  -1259 3925
-3663 -7485  2796 -307
4800 -3248  -5200 1696
-293 -4041  -44 -804
196 -5179  -1095 -1384
5421 1655  -821 1306
-598 -475  -9832 2078
1042 938  -4116 2371
809 -3693  2855 1020
3184 -754  -6969 -2934
-4472 2221  1295 -5819
1195 -2249  5306 -4334
-465 -1831  3583 -461
-514 -1207  1720 1504
-2119 -3280  -3068 2385
434 1258  7305 -4486
3421 -1700  4877 789
-762 4520  -5779 -3638
17 -4930  2720 155
-6026 2103  7224 2657
3900 -2380  194 1384
-86 -4836  -997 -3817
3345 -5235  755 -3511
-5064 54  -440 -3480
2018 1513  1015 2320
-4778 -1428  -2968 -2060
-3652 -615  -698 -1999
646 3176  3819 878
4505 -3007  1535 1511
1997 -804  1808 -1810
6100 1927  403 -4168
-4123 2265  5633 -48
295 -1218  -521 4825
1332 -7394  -1633 900
2324 622  1739 -3452
148 3284  2168 2150
-3157 -291  -3353 -4084
4219 -1337  678 817
-3135 -1252  -3229 264
1343 -564  -2776 5531
-907 747  1959 -1845
-115 -2913  1378 1132
3347 -989  844 3596
22 3632  -793 1842
4240 2191  -1148 -1475
-412 -2385  -4676 -4730
1653 977  -2073 -2623
-9446 -2562  -5669 -3635
2150 5486  -1687 5552
-3457 2149  4414 -3851
-5073 -2924  4820 410
-159 -598  -4948 -2272
-539 2604  -1370 -5247
4694 -5486  -1031 -1703
-4250 2215  488 -1631
1108 -1083  1104 -906
403 -944  -117 -6086
-1200 5164  -1286 473
7945 -5265  300 2421
1752 -2973  -788 265
2246 -2214  5848 -47
-63 -4832  -1899 -3076
4091 -3132  -4203 3379
-4133 4539  3055 -25
-759 -954  199 -2739
417 1151  -1863 5007
-1504 4542  3320 -3577
462 969  -1026 3254
964 -4785  846 2126
1490 2337  2385 -1143
580 2532  2101 760
-740 2348  -2918 -3381
-3018 2990  1072 4077
-3274 3028  -3042 2284
2822 1889  -4594 1337
413 -2121  4122 974
-1378 2830  -613 -1700
2617 2357  -5115 -6755
1366 -2737  -840 5133
-4148 -401  -2320 5259
-6 -3416  -834 -536
1950 -1929  6442 2840
2716 2249  -1657 1821
-706 826  1302 -2252
1401 -2468  -3264 2362
-2290 876  4509 297
1392 -2931  -1747 3635
-2069 455  323 4490
-1516 597  3774 413
190 -2477  2838 3464
-215 311  15 -3346
477 1014  2351 -2499
-1541 -2545  676 -130
-536 5486  1264 3740
-1198 -3392  -3484 5173
-3806 682  1188 -1413
-2586 3984  -1306 2525
-4501 2982  -1512 1463
-3644 -3408  1251 -1799
520 459  2217 -4749
4764 -1154  -2407 -7858
1488 1576  3236 2030
1682 -4082  299 965
-1246 -1582  771 -63
669 413  -1571 3311
-3548 2433  -459 6322
-1000 -2243  342 -4651
-901 -533  3149 4893
-147 -4542  -1189 -3231
765 2089  -1712 789
4164 -2912  -7445 -2723
297 711  -887 -3715
2546 2441  -2560 953
1851 5511  -679 -2581
-2207 -3082  1330 -1185
-4567 -4180  -1909 2975
-155 97  -1240 -659
1969 2170  -3620 -515
-258 533  -3486 494
4498 -3243  -2543 1651
352 -3114  -433 3529
1166 -1350  -3115 1402
-5424 1064  -1043 -1631
-3342 1452  -1105 3530
711 -4824  1440 4253
1180 1892  5140 1379
-3663 1229  1313 -3990
-2311 2453  2634 268
2405 -711  1478 2952
-1282 3756  5018 2783
620 -4561  2544 380
-461 -1623  2232 2115
-153 5899  -46 5089
-1622 -1421  1314 -2229
-234 643  -273 -3382
-126 -599  4720 -2273
4135 1524  2191 -766
-7720 98  -776 1261
-3035 -1257  -970 -3788
2399 760  2829 139
3222 594  -4411 1921
-275 -3930  1155 5689
-5309 3384  -2315 -2933
3265 1562  -137 -979
-1168 1994  -5056 1885
-3631 -1426  1518 5175
338 -3357  -3155 3439
3683 -2782  5889 -7359
-672 4703  2549 1414
1451 2825  64 590
1781 628  71 -1085
-594 -1110  5990 -2749
580 99  -3343 -1470
-3611 -2311  -3789 -702
231 -151  992 -2122
-3538 586  425 -2642
4013 -508  3155 2234
-712 -1852  343 -3102
-2381 3203  5183 323
254 -4999  -3682 -1502
-2443 -4500  -3251 -930
-293 -982  818 -2777
-568 -2965  2787 -355
373 -5094  -4741 3267
-685 -3913  -2876 4820
2946 1646  -1550 4793
6086 -4150  -3816 -5372
4595 2605  -1534 -1925
192 -489  1010 6155
-5592 -1492  3030 -1057
2926 1911  4785 -3417
1853 478  -4147 -1856
583 2388  -2381 1038
-3381 8574  2732 800
1583 -1947  359 -1310
6212 5071  2710 8043
-5309 4325  1909 6708
-4190 -5887  -4291 -1664
6678 456  11 2336
-3277 -1041  280 1999
-344 -1349  4293 279
-2408 2735  3783 2624
-1170 -829  2670 739
1614 -982  1809 -3636
-1584 197  2582 -145
4976 565  5232 376
-1609 -967  -1716 -3455
-3691 -751  -1380 -1587
834 -2660  -359 -3289
-2448 2257  62 -1810
1048 -5958  -5117 1690
-4507 1204  1292 839
-6263 -1142  4005 -1416
-4339 3669  -2247 1053
923 1470  -1344 1847
-359 3174  840 -113
4150 108  4959 735
5726 -1099  -1704 -1739
1109 2736  -3138 2570
-3792 2297  -4088 1719
-3959 -2876  -450 4312
2191 3687  1331 375
4058 7532  -731 -4850
-1850 -1433  -4282 -2954
-55 233  3586 -3997
3888 6491  -2577 -2654
-1639 -1045  -4285 274
-199 3362  -1927 290
-5942 105  1265 369
536 1557  6515 3978
-2123 -483  -3266 -1014
1859 465  9919 -2845
-5897 -1453  609 3643
-435 -330  -852 -1340
1221 -3326  4443 -537
-6369 -1914  -1503 -3895
-3607 -1916  2197 -3909
7111 4287  1852 -1513
-6200 -682  1192 4303
-1024 -1102  -1715 -5277
483 -1265  -195 -4767
1303 3970  159 -2362
-820 -2308  -2070 -203
-1072 -1333  7966 -3476
-953 1259  -3009 2510
3012 621  -1841 -2114
6302 2847  -1361 796
2381 2814  -322 977
414 -5125  -5281 -3577
-309 -2581  1667 1275
-3396 -1117  23 365
5580 -3063  -1992 -920
4447 -2863  -1901 5455
-2421 2406  -74 -1355
-2759 363  636 1725
4327 -1167  -336 2629
-1096 -3084  -3973 -182
-1783 -1574  -3343 4717
-703 4636  2637 1423
2334 3431  -152 812
-2322 -403  -1028 -2538
-907 2423  -724 -2502
-445 3762  3733 -927
512 5581  -618 -573
3888 -5731  1234 2943
2810 3022  -4366 6216
613 632  2392 2373
-775 2388  2532 -1929
1503 4372  804 4439
3470 1306  -691 826
5108 452  -416 -621
4567 1085  -1736 -2421
-753 -1297  4075 -4513
-1807 1182  -1435 -56
-1796 -2056  3648 938
-2374 2094  3738 -1929
-5634 -3470  -2764 211
-2310 -6044  2014 -1387
-1434 4610  -2819 -1545
2093 -67  -1640 -6466
75 582  -155 270
1752 671  118 -2188
563 11  -1160 -4909
2753 1560  -2871 4326
-4528 -2148  -1651 -1587
-82 2585  2646 4060
-996 2430  -266 6251
-1008 -7974  1684 57
3438 -2055  -743 -426
181 2914  2499 3760
-1732 2443  3126 1223
-2209 771  3599 -1014
-4473 5417  3784 -4762
279 -1078  2108 4220
-2311 -4403  91 441
-26 -200  -1612 -5242
3359 -1186  5584 5328
-3307 3371  -2521 -633
5822 -1829  1976 8095
-5833 -1179  -2522 671
667 719  -1226 -263
-1597 3781  -1577 3603
511 5766  -2346 -1438
-186 604  -2002 783
523 -590  -79 5307
-1138 -2578  1986 -1574
2579 -1485  -4353 2713
907 2757  -1085 -4862
-101 -463  2068 867
3386 -4421  962 2027
6116 -2743  1439 3403
-3152 1518  -4632 1724
3799 -4148  1361 2432
64 369  -507 1101
189 -2397  -2391 -327
-1527 3270  129 -1153
-2402 -2685  269 -1155
-21 2575  1583 -1259
3056 2951  149 -2814
2805 -4624  -4539 -168
-1163 -1947  634 927
-4073 -1840  -2787 -800
-3249 3058  -4326 -1769
4862 -1770  307 1726
651 257  -3081 3850
-1647 1614  4829 466
-1971 -3692  -242 7
-188 1560  -626 -5394
194 5881  -1684 2031
-3557 1924  -614 1585
6549 1168  -643 -819
4580 -1994  2295 -764
1060 1352  -469 1084
3703 4808  2446 3467
-2964 1781  1829 2561
740 -154  -2628 -3982
2290 -1039  -3143 -4418
2150 -2601  139 -248
-475 2787  785 -4507
1694 -854  -4982 -2950
1606 -2241  -188 -3563
1605 1384  -6 -898
2535 -4043  0 2939
-1082 6186  5192 -4278
1962 1646  -1229 1776
-3299 -2331  -891 -1419
-1544 3195  -3544 7462
-1249 -621  4103 -205
-1434 -2584  1417 1766
4252 -2003  1183 -2190
1524 5095  -1134 206
3839 -2818  -5399 -5305
-8512 -869  7856 -1564
-1952 -4345  11 2220
-928 3223  -1998 -1073
-2244 -4303  -3525 -1792
-3736 -3463  2908 -1082
1270 1182  30 -2119
2663 -4050  -1204 -3405
2490 -7832  3081 8296
-917 -3175  -1108 1646
-80 572  -712 1557
-1866 -3947  2777 -668
-3366 115  -694 -2374
-3158 -3179  1636 -2787
3653 -4854  -1474 588
2645 -2344  -4498 -2059
-317 3053  -1919 -4746
-2684 2151  -6134 -1581
8383 2251  3136 2750
742 127  -3895 2957
-4489 3264  -2332 2538
-2819 1578  -4823 -1681
-5418 -5629  -3700 -3373
-4068 214  -2035 -3094
1546 -1575  635 3139
3630 1581  -3006 -62
1164 3329  2750 -2450
-1738 3629  -5862 -4049
-1952 -4149  955 -3526
-1290 -1156  1950 -563
-1003 3715  -3941 4583
-626 -254  3310 2846
-478 -4404  -1438 1205
1864 -152  3144 -786
-4031 4515  -140 -2151
1188 -999  666 3601
-3455 -946  526 2535
-2541 -1806  -2148 -557
2055 -794  385 -1887
1574 -402  -3454 -2416
1460 1780  510 651
-657 -2453  -8049 6473
1924 -3882  3160 -3274
1771 -1462  1529 -1793
-814 1543  6032 1372
-621 2117  1579 4652
2957 -5916  2772 -2501
-4703 -6657  1457 5434
262 -4296  2176 3659
-47 815  5776 -2553
-610 -57  4808 727
-3026 -408  2105 -2860
2016 -5904  -4948 2568
-201 2065  4383 4799
1455 797  1535 795
3004 3720  7377 -1348
-4381 4640  9635 9404
848 2766  5951 -2566
-281 955  2547 -292
3955 -386  3941 2446
1017 -6755  -5079 2526
-9004 1971  -1570 167
2018 1705  1648 -479
957 -2063  545 2023
2271 -1294  -1974 -3163
1955 -648  7668 -2417
122 -1392  -1119 -3563
-1941 -932  805 -782
3328 -1238  1792 1718
131 -4678  -2141 2651
6422 -263  -2721 -2642
-800 -2757  -617 477
2075 -1757  -379 2527
-1872 -4058  701 -2833
-3335 -461  -1411 3458
2878 -89  265 -3454
374 2129  3962 861
717 -1983  278 -245
387 3655  -2795 1466
4747 1300  2937 543
-4061 1355  -1667 -4633
485 -123  503 1685
1154 -5488  4025 2548
-136 -1144  192 674
-4119 -5642  -5054 -459
873 -4835  1456 -293
785 -2478  -1006 -2399
-1449 1263  365 -5448
-757 -5864  -2009 1447
4930 -268  -41 -413
-588 454  2852 4839
-517 -1721  2664 -410
2857 -2991  1203 -961
-398 3840  2159 -3083
1042 421  -1155 1163
182 -895  3221 -1628
-4166 4493  -3232 -3250
1839 -242  -4242 -1814
-1695 1352  3394 -4023
727 393  3759 -4632
-988 -1716  -1586 363
-936 -676  4901 1027
-4310 2536  -4918 4299
-1042 -3411  4903 6278
-178 1911  -819 4244
-2769 1487  -4715 -793
2417 -635  -2633 -1600
1588 11  1506 4121
2474 -3696  -8675 -3443
-1822 -4260  3321 2542
-2460 -988  842 -2486
-191 1811  2947 -1436
2909 -4349  -967 1083
3218 -3339  615 3368
291 -5563  267 -1026
-2088 -110  1187 816
5717 -3557  -847 -3313
949 -514  676 -6662
-2573 -5769  -1310 1389
3001 -1546  1186 -88
1024 -921  -2669 6866
2575 1807  -4794 -1771
-1047 1228  9030 703
657 1550  -4302 3107
-1950 2662  -1986 -5988
2222 2616  -9161 -1103
1543 -1171  1900 3579
-3614 484  -1986 -2510
876 397  -3741 1302
-5713 2388  -608 1035
2795 -5893  2448 -5478
1533 -3288  -1260 -435
2450 -353  -1965 -3007
-2953 1515  -207 4532
4724 3136  -4337 -3164
-851 2236  772 2674
1446 5569  -1035 -3413
1397 -1924  -491 1750
-1060 -2025  3479 -113
-525 -1971  -6361 -2908
4869 3305  3319 3520
2197 -3182  6226 -6052
-4764 -1493  1533 3257
-1896 -603  -2295 4144
-1357 -847  -2865 -7361
-1290 -34  -1138 -47
-3584 671  -67 1439
2344 2274  1077 -3266
2456 -2323  -2008 -7947
-3347 1338  2057 -3291
2196 535  -2794 -1004
3634 -2724  -4763 1334
-4859 -1838  243 -4391
-3045 2551  -1740 -4984
-2072 -396  3526 5655
-2178 1663  -375 -1784
-12 -2705  3028 3670
3204 -713  1887 2058
-4520 -1104  1479 -1796
2008 -250  7642 -3191
-1346 -2360  3255 2766
-2655 -304  -4639 -72
-1195 -2188  1424 -3623
201 -1204  4049 -3333
-2064 647  999 2002
2662 1515  -5420 -1673
-1336 792  -5931 1759
881 -2640  2612 -2336
-2223 234  476 -1325
2701 -2182  -364 -2511
-5618 -4489  -1588 -3542
-2193 692  31 145
3983 1663  2713 -2944
201 4016  2271 3340
1493 519  4435 506
-1437 4388  3092 1478
2972 1338  720 -2141
3085 2318  -2519 -2390
-2393 1287  1516 -4163
1026 1814  5441 582
-3492 6114  -3901 -1610
-1638 -1565  1144 1012
-837 1341  -2015 388
-464 -1120  -1063 -3327
4676 4296  -1382 1847
-1205 -4508  2529 1819
-3786 -3770  -5154 -3471
4683 -3608  -207 892
5918 4634  1724 4795
-3157 1441  2324 -1625
1066 1948  -813 4275
-2230 4060  3224 106
1277 2279  2468 -1712
1369 -4485  -545 -1038
-7512 -3979  -1197 -2417
-1145 1010  -93 909
-3122 -788  -2278 1571
-1608 -565  -6109 -414
1268 1759  -2310 -5924
6292 2764  894 -132
-5700 -6017  -1890 -985
960 -5497  1390 -928
797 -3143  3943 5464
-1008 2414  -207 -2457
-1158 -5439  3907 2318
1319 -2144  -6432 1778
2349 -654  1431 -976
907 -846  11 -2746
-3605 -3625  -1160 -5321
717 6145  1501 -5697
-5843 2021  1446 3663
-2228 -3581  385 -2796
2898 -2074  1174 3670
1929 3285  374 -1588
-4638 -1152  -4204 -2387
-2816 -1462  -1564 -480
120 4487  -5609 -91
798 3164  -4430 4674
583 3067  -1519 4441
2416 -2779  -2144 -493
-1301 2557  2319 3813
-2249 -3314  -417 2132
-3008 3455  -1255 -4491
17 2499  1939 -2415
-1947 2249  -710 -3006
-5772 2083  -1009 2298
373 -4355  294 -656
889 857  2588 -2824
1348 3527  -1142 1577
1713 -4553  6802 196
-1965 -2270  -3891 2175
342 1725  3312 -4321
-635 577  -3767 4830
-2538 1921  -490 1051
-788 3147  31 4562
-534 -4676  -2152 -2285
2337 -687  4621 371
2326 -3708  679 5237
-779 -3323  -2451 3165
975 -454  -291 -1149
-1504 701  982 2697
1881 -1314  -3228 -1732
-703 -4496  4676 -1997
-3468 -4417  6283 -364
1747 2177  3694 -2894
-6579 -1378  3662 4376
2013 3238  1528 2188
-6382 -1651  1428 -660
3751 1985  -690 -1546
-196 5641  4 141
-1905 384  -5236 737
-6837 2540  2713 3207
-3252 4987  -1256 -776
-766 -6765  420 -3211
-3564 3528  1586 2218
-630 -551  -1228 -4733
-3072 4227  4023 2618
-178 -2041  -1569 6062
160 2312  -3437 -2012
-3162 1367  -4074 6112
8347 6528  -4692 -1464
67 -4311  -2280 3412
1367 -1126  1313 -1215
5261 -696  -590 -3150
844 2704  3951 -1190
-1959 841  -1933 -3143
2069 -613  -2389 -5482
1365 3139  73 -4353
1584 -806  -1127 3701
398 57  1330 1037
1464 594  283 6136
4872 -2085  733 -4216
667 -6465  2271 3695
-2463 -6224  -2571 2006
1184 3316  7016 -4890
-2688 -5055  1559 5085
1359 2056  654 399
2754 -2408  1282 -1479
3362 1699  1328 -1083
-1888 -397  -3229 -2989
3861 2315  -1659 -2354
-1181 -838  -4114 -4570
-4747 -1549  3406 1348
-1951 -2274  2656 -93
5773 -1983  794 821
-4090 -910  -2457 5770
1612 3529  -130 -5252
-350 1592  -555 4582
-3644 -1847  -1914 -5312
2574 -2739  2672 -2338
-3028 3164  -1472 284
2111 1684  -2701 -104
-1126 534  3344 -1589
-695 3221  134 -2484
1010 1762  2389 2594
-1379 -3528  1028 5684
-986 -3583  338 1831
945 -2587  -7825 -694
-767 2543  4420 2616
-5851 642  -2433 2035
2828 -271  -1169 162
3700 -1087  -1144 -3257
-3866 -2412  82 4814
-10 1089  144 2341
-7346 -4283  493 -1093
1530 -1962  212 -3550
4278 -3043  3056 3836
-4938 870  -1962 -24
711 -3372  -3536 5087
146 3804  20 634
2402 3747  -1576 -817
-2861 -2199  2464 4108
-330 -1150  -6001 -1217
-17 4712  -1610 2097
545 -1936  -5098 3650
-4090 3622  -2641 -1091
-4610 1942  1212 2049
2612 4766  -1273 -1866
1176 -4479  7743 -3033
-247 -459  4540 -2977
2584 1334  220 1571
1114 2875  -747 -3191
-4978 1012  -41 -1387
-3095 2299  661 2365
-89 -6680  -4565 -4651
-1403 1012  -3651 806
-347 3644  -1100 -1632
-3893 680  -717 5536
-459 -3164  -4003 -1544
-598 -2172  725 1243
-4821 1566  -401 2382
3647 1894  2230 -1233
-1513 -334  -248 1992
4671 -6220  -4166 -510
3801 372  2349 -3713
-3024 1633  -22 -4774
4712 2178  2635 -166
-1825 -2896  -2049 -1763
4852 382  -3029 -703
-2097 -3967  -2543 8421
734 2908  920 1073
-2953 -713  -4764 2711
3112 -5916  -2619 -2168
-2559 665  -2667 1883
4596 4539  3250 3234
893 -2443  -5261 3287
5407 -113  3849 1876
3583 515  3305 -1411
3109 -3425  3592 909
1409 -1874  -4303 -1357
6224 6768  -628 -3525
618 1124  258 -9161
-957 4133  -1581 -3414
5277 -8095  -2908 -119
-5925 -1911  3693 1105
5077 -4475  4613 -675
1229 -1342  311 -6433
-1286 2217  -3601 -838
5687 1015  -3091 -2946
1947 -1138  -4814 -4809
1637 20  3788 3412
703 8673  3519 3326
-764 1195  1195 -5380
-3768 1966  -1414 -480
-216 -5329  -3688 -2298
4663 4756  -1280 -3870
3972 -5830  1891 -31
-68 -3026  -1527 -160
-3065 2847  -5762 -268
1198 2303  1026 4701
-2255 4522  428 -857
-1954 5553  5622 2027
4521 590  978 633
4522 -7883  1274 5296
2373 -97  -2003 936
-1519 6837  -1173 -103
-327 -484  2306 1588
752 -4035  2528 -105
-2922 1645  -2452 -1350
4008 3051  1616 -304
-243 3409  -2986 -693
-4116 -3173  2383 -3073
2637 -5475  -478 -3046
-360 -657  762 68
2094 2327  302 -3661
-3204 2034  -3617 -631
-4046 -182  1213 -2214
-516 3379  33 2579
-23 -155  1039 1903
-249 2926  -331 1572
-512 717  -2642 2277
68 3757  6707 1899
5902 1101  -531 -5829
-1582 2381  383 1209
2329 3107  -5716 4059
658 -1941  2232 4989
4306 -2586  -2959 -588
2998 -1159  -4655 -82
-937 -2263  5768 4299
-4704 -2368  -966 93
-1694 -1531  2639 -1380
-339 1626  0 -1676
-4 -4179  -2485 -3838
7962 4980  2481 -674
1249 -113  2102 1463
-2975 898  3501 1070
-2420 230  2730 2819
3924 -474  2890 3580
7987 1949  -364 -229
483 -3028  -1510 25
1858 2612  4186 894
2459 1356  -1549 1987
-554 -206  -2952 3493
1094 508  3961 4764
-1674 -2365  -1648 2721
-1481 -657  768 3144
-2013 66  2239 3897
621 3926  6388 1508
-2831 -491  -99 2954
-3103 4354  2626 1666
-5222 2630  2592 -1738
-1716 -2910  393 3631
2321 -1290  -215 3634
-2512 -928  -1387 -3725
-4831 -455  -4623 -4698
4536 2772  1303 2546
-2227 -1580  2707 -2103
-1569 -2660  -1006 -5307
-1599 1577  2530 -3339
6244 -1774  1313 -454
2475 4478  2762 2265
1006 690  3397 3215
-194 916  -43 2261
-2293 -572  3097 1035
5016 517  3656 6007
-1983 218  3242 1838
-2489 6959  139 -3015
397 -1207  2694 -1613
3577 -4377  5199 -3270
-6085 1921  23 -2033
2144 3194  -5004 829
4286 136  3755 1688
-2940 3272  -1604 -3202
97 -1366  3013 3201
421 -5829  -2057 5556
26 -2864  5124 -4688
794 -1658  -1766 -1645
326 -1516  -4111 -767
3317 -3542  4230 -1695
6826 -1701  3072 -899
-49 2623  -5286 3474
-4 -4262  2807 -4848
-891 -29  -3067 4302
-6336 -7307  -7198 -577
-3833 5353  -2866 1018
-2993 -2517  -3219 2987
-3252 -1293  3466 -4252
2967 -875  -1557 -2917
-2965 5437  2037 2607
-1055 -3984  -843 -1876
2517 1739  902 1048
3990 4484  -3631 722
-2478 -8135  1159 2893
-22 -6117  -1997 -644
2264 -795  -1622 1092
1663 -2592  34 2049
2776 -2633  766 -1492
3529 -2553  598 848
-12 1981  5553 -1301
-580 4399  4667 -4226
-1072 -7320  2535 -801
1273 1272  -1426 -1669
1163 -4038  8909 1501
645 2253  4029 1338
-86 -5053  138 4281
-1043 -3189  1859 272
61 2607  1307 -3286
2421 -3605  -4146 -3810
-7133 -1513  -6381 -207
1503 -2041  -334 1608
-936 2879  8805 -2328
-3238 -2001  -4693 1436
-110 -364  -1187 5697
1939 3979  -1951 2165
-2555 1335  1681 3791
638 -518  1161 59
246 -3014  -472 -5717
2030 -2088  6001 -621
1728 -1653  -679 -969
6342 -1593  2820 2144
3866 -1366  -5870 1560
1293 866  4150 -3321
150 -833  1986 -2129
1602 2524  -4640 3379
-4155 -221  650 -3629
511 -545  1186 856
-685 3881  -2419 -1183
-6999 2136  7294 -6560
1547 2131  399 1669
1243 -1445  -1924 1973
829 4828  -4512 -5740
-2194 937  -147 -2985
2223 -6722  2453 -1790
233 2897  -1920 -1908
-2889 3296  4872 924
35 356  -2431 1683
-2874 7118  3475 3349
-3632 -2899  2203 -3658
-715 4046  -2782 270
163 1489  6394 -1395
