-152893643        0        0        0
1050216425        0        0        0
-355794929        0        0        0
-1126625502        0        0        0
569119285        0        0        0
-518450266        0        0        0
386532375        0        0        0
-49212425        0        0        0
-85057828        0        0        0
-787409637        0        0        0
-368179192        0        0        0
 2614062        0        0        0
-286994972        0        0        0
-221518010        0        0        0
       4        0        0        0
       0        0        0        0
       0        0        0        0
       0        0        0        0
       0        0        0        0
       0        0        0        0
       0        0        0        0
       0        0        0        0
       0        0        0        0
       0        0        0        0
       0        0        0        0
       0        0        0        0
       0        0        0        0
       0        0        0        0
       0        0        0        0
       0        0        0        0
       0        0        0        0
       0        0        0        0
