1.000000000000000
0
0
0
0
0
0
0
0
0
0
0
0
0
0
0
0.500000000000000
0.866025403784439
0
0
0
0
0
0
0
0
0
0
0
0
0
0
0.333333333333333
0.577350269189626
0.745355992499930
0
0
0
0
0
0
0
0
0
0
0
0
0
0.250000000000000
0.433012701892219
0.559016994374947
0.661437827766148
0
0
0
0
0
0
0
0
0
0
0
0
0.200000000000000
0.346410161513776
0.447213595499958
0.529150262212918
0.600000000000000
0
0
0
0
0
0
0
0
0
0
0
0.166666666666667
0.288675134594813
0.372677996249965
0.440958551844098
0.500000000000000
0.552770798392567
0
0
0
0
0
0
0
0
0
0
0.142857142857143
0.247435829652697
0.319438282499970
0.377964473009227
0.428571428571429
0.473803541479343
0.515078753637713
0
0
0
0
0
0
0
0
0
0.125000000000000
0.216506350946110
0.279508497187474
0.330718913883074
0.375000000000000
0.414578098794425
0.450693909432999
0.484122918275927
0
0
0
0
0
0
0
0
0.111111111111111
0.192450089729875
0.248451997499977
0.293972367896066
0.333333333333333
0.368513865595044
0.400616808384888
0.430331482911935
0.458122847290851
0
0
0
0
0
0
0
0.100000000000000
0.173205080756888
0.223606797749979
0.264575131106459
0.300000000000000
0.331662479035540
0.360555127546399
0.387298334620742
0.412310562561766
0.435889894354067
0
0
0
0
0
0
0.090909090909091
0.157459164324443
0.203278907045435
0.240522846460417
0.272727272727273
0.301511344577764
0.327777388678545
0.352089395109765
0.374827784147060
0.396263540321880
0.416597790450531
0
0
0
0
0
0.083333333333333
0.144337567297406
0.186338998124982
0.220479275922049
0.250000000000000
0.276385399196283
0.300462606288666
0.322748612183951
0.343592135468138
0.363241578628390
0.381881307912986
0.399652626942727
0
0
0
0
0.076923076923077
0.133234677505298
0.172005229038445
0.203519331620353
0.230769230769231
0.255124983873492
0.277350098112615
0.297921795862109
0.317161971201358
0.335299918733898
0.352505822688911
0.368910117177902
0.384615384615384
0
0
0
0.071428571428571
0.123717914826348
0.159719141249985
0.188982236504614
0.214285714285714
0.236901770739671
0.257539376818856
0.276641667586244
0.294507544686976
0.311349924538620
0.327326835353989
0.342559394522337
0.357142857142857
0.371153744479045
0
0
0.066666666666667
0.115470053837925
0.149071198499986
0.176383420737639
0.200000000000000
0.221108319357027
0.240370085030933
0.258198889747161
0.274873708374511
0.290593262902711
0.305505046330389
0.319722101554182
0.333333333333333
0.346410161513775
0.359010987142301
0
0.062500000000000
0.108253175473055
0.139754248593737
0.165359456941537
0.187500000000000
0.207289049397212
0.225346954716499
0.242061459137963
0.257694101601104
0.272431183971292
0.286410980934740
0.299739470207045
0.312500000000000
0.324759526419165
0.336572800445907
0.347985272676876