2415853568
9.333894042968750000e+02
-6.676815185546875000e+02
3.863405761718750000e+02
7.903353881835937500e+02
7.860445556640625000e+02
-6.849448852539062500e+02
-5.738299560546875000e+02
8.755820312500000000e+02
9.322598266601562500e+02
-5.636250686645507812e+01
-7.855293579101562500e+02
7.266130371093750000e+02
9.242263183593750000e+02
-7.381824951171875000e+02
-9.857649536132812500e+02
1.971223144531250000e+02
8.877031860351562500e+02
-2.266618957519531250e+02
-4.701676940917968750e+02
-3.390460968017578125e+01
-1.650373687744140625e+02
-4.017772216796875000e+02
6.649531860351562500e+02
8.121046142578125000e+02
-5.879282836914062500e+02
-9.409354858398437500e+02
1.353851928710937500e+02
1.964146118164062500e+02
-5.919422607421875000e+02
-8.689775390625000000e+02
-7.236424560546875000e+02
-3.637344970703125000e+02
4.251666259765625000e+02
6.228085327148437500e+02
-3.861850585937500000e+02
2.829215087890625000e+02
1.922833061218261719e+01
7.337655029296875000e+02
6.541241455078125000e+02
7.732100830078125000e+02
-8.290169067382812500e+02
-2.534756469726562500e+02
5.195654907226562500e+02
-3.551551208496093750e+02
9.773368530273437500e+02
-9.963963012695312500e+02
8.667932128906250000e+02
4.564939575195312500e+02
4.038498535156250000e+02
-4.882039489746093750e+02
-2.747390747070312500e+02
4.984678268432617188e+00
-7.151452026367187500e+02
-6.125961914062500000e+02
-5.966013183593750000e+02
-5.472686767578125000e+02
-1.194648971557617188e+02
-8.717289428710937500e+02
-7.799084472656250000e+01
-5.566725463867187500e+02
7.465979614257812500e+02
2.593936767578125000e+02
-4.701087646484375000e+02
-6.846521606445312500e+02
2.799494628906250000e+02
-1.682826232910156250e+02
4.087862548828125000e+02
-1.825873413085937500e+02
9.185267333984375000e+02
8.774221191406250000e+02
8.111516723632812500e+02
-6.212906494140625000e+02
-4.410526428222656250e+02
3.018149414062500000e+02
-9.598609008789062500e+02
-3.723783569335937500e+02
3.173185424804687500e+02
-7.178142089843750000e+02
-6.724523925781250000e+02
5.906967163085937500e+02
-3.146660766601562500e+02
7.297706909179687500e+02
-2.142004547119140625e+02
7.000534057617187500e+02
-6.910187377929687500e+02
-1.425270843505859375e+02
-6.790049438476562500e+02
1.642241821289062500e+02
-6.566329956054687500e+02
-4.194563903808593750e+02
6.892602539062500000e+02
-7.780532226562500000e+02
-8.306020507812500000e+02
4.115568237304687500e+02
-3.258982849121093750e+02
-7.593024902343750000e+02
-6.885050535202026367e-01
-4.475390911102294922e-01
-1.615041136741638184e+00
1.206134915351867676e+00
1.372539401054382324e+00
-4.074661731719970703e-01
-1.900801062583923340e-01
-1.316242814064025879e+00
1.069366216659545898e+00
8.078125715255737305e-01
-1.569213032722473145e+00
6.522386670112609863e-01
2.112559676170349121e-01
6.865682005882263184e-01
1.246999025344848633e+00
7.299089431762695312e-01
-1.109416723251342773e+00
-6.909906268119812012e-01
7.010844945907592773e-01
-4.852245450019836426e-01
-1.138849973678588867e+00
3.909482359886169434e-01
1.627631783485412598e+00
-1.461904883384704590e+00
-1.503222823143005371e+00
-1.369155526161193848e+00
-1.188750386238098145e+00
1.867977261543273926e+00
5.656802654266357422e-02
-1.426780939102172852e+00
-1.703843593597412109e+00
1.882771849632263184e+00
-4.963719546794891357e-01
-9.603256583213806152e-01
-3.410734534263610840e-01
-1.689608812332153320e+00
-1.246851086616516113e+00
-7.048037648200988770e-01
-1.937363266944885254e+00
1.853145480155944824e+00
-1.978819012641906738e+00
-1.281233906745910645e+00
2.386572659015655518e-01
1.638293862342834473e+00
-1.373966693878173828e+00
-1.119804501533508301e+00
1.931351184844970703e+00
1.219731092453002930e+00
3.087073862552642822e-01
8.737206459045410156e-01
2.754254043102264404e-01
-9.250351190567016602e-01
7.051368057727813721e-02
1.153251647949218750e+00
1.087008357048034668e+00
1.295774340629577637e+00
1.444595217704772949e+00
-4.729283154010772705e-01
-1.696200251579284668e+00
1.070624351501464844e+00
-9.265586137771606445e-01
8.581665158271789551e-01
2.132737636566162109e-02
4.637518525123596191e-01
1.808944642543792725e-01
-3.124855831265449524e-02
1.790958166122436523e+00
-7.388864755630493164e-01
1.516411781311035156e+00
-1.732913136482238770e+00
1.182081222534179688e+00
-1.653099179267883301e+00
1.887663841247558594e+00
6.283217072486877441e-01
-1.025013685226440430e+00
8.711729049682617188e-01
-5.893592238426208496e-01
1.849629044532775879e+00
-1.069440484046936035e+00
-1.402876853942871094e+00
-1.550309062004089355e-01
4.574490785598754883e-01
-8.084890246391296387e-01
9.440343379974365234e-01
7.109823822975158691e-01
-8.252745270729064941e-01
8.067414164543151855e-01
7.939189672470092773e-01
-9.332478642463684082e-01
-3.233380317687988281e-01
-9.901269674301147461e-01
2.414521127939224243e-01
1.202261090278625488e+00
1.531575798988342285e+00
1.796042442321777344e+00
-1.415569067001342773e+00
3.352160949707031250e+02
9.413393554687500000e+02
4.594912109375000000e+02
3.679333190917968750e+02
5.733357543945312500e+02
9.105219116210937500e+02
9.800861816406250000e+02
6.957269287109375000e+02
3.683057556152343750e+02
8.635941772460937500e+02
9.243194580078125000e+02
5.429229125976562500e+02
7.115507812500000000e+02
8.714989013671875000e+02
6.844813232421875000e+02
6.504323120117187500e+02
3.807171630859375000e+02
6.004095458984375000e+02
2.431822662353515625e+02
1.198806457519531250e+02
2.585324401855468750e+02
4.462372131347656250e+02
3.445639953613281250e+02
7.019773559570312500e+02
3.825278015136718750e+02
5.048616027832031250e+02
2.908557739257812500e+02
8.902619171142578125e+01
7.167954101562500000e+02
2.241104278564453125e+02
4.654414062500000000e+02
TLAST
5.939560546875000000e+02
2415853569
-3.860609436035156250e+02
-8.379261474609375000e+02
-2.835165710449218750e+02
5.761284790039062500e+02
-5.609891967773437500e+02
-9.125023803710937500e+02
-1.749235076904296875e+02
-4.999959716796875000e+02
3.043825988769531250e+02
-2.509801025390625000e+02
9.154704589843750000e+02
5.118493041992187500e+02
4.244495849609375000e+02
-8.960576782226562500e+02
-3.819293518066406250e+02
-1.279384517669677734e+01
8.041341552734375000e+02
9.025385131835937500e+02
-9.930996093750000000e+02
2.424159393310546875e+02
8.435772094726562500e+02
4.007773132324218750e+02
5.783433227539062500e+02
-7.263632812500000000e+02
-3.043166198730468750e+02
-9.147371826171875000e+02
-3.878810424804687500e+02
7.240950317382812500e+02
1.346437835693359375e+02
9.302781982421875000e+02
-9.352805786132812500e+02
-1.678467559814453125e+01
5.397446289062500000e+02
1.137568664550781250e+02
5.694223022460937500e+02
1.865940704345703125e+02
-2.874239807128906250e+02
-3.434233398437500000e+02
-2.516766204833984375e+02
1.444553527832031250e+02
9.786220092773437500e+02
3.910514831542968750e+02
4.797870483398437500e+02
1.445245513916015625e+02
-7.106395263671875000e+02
-6.712222290039062500e+02
-4.952814331054687500e+02
8.217222900390625000e+02
-3.633799133300781250e+02
-6.665784912109375000e+02
6.243911743164062500e+02
5.070101623535156250e+02
-6.160820312500000000e+02
1.966676177978515625e+02
-7.654890136718750000e+02
-7.607609863281250000e+02
5.729857177734375000e+02
6.841710205078125000e+02
4.667595520019531250e+02
9.894886474609375000e+02
-3.037550964355468750e+02
-8.702260742187500000e+02
8.480234985351562500e+02
-7.432297973632812500e+02
2.015627593994140625e+02
-7.968289184570312500e+02
-8.590300292968750000e+02
4.107181091308593750e+02
-7.879769897460937500e+02
6.316890258789062500e+02
-8.923233032226562500e+02
3.091951293945312500e+02
8.123836059570312500e+02
-6.283021240234375000e+02
9.014694824218750000e+02
-8.032637786865234375e+01
-9.325679321289062500e+02
-9.688605346679687500e+02
-5.352502441406250000e+01
1.135347747802734375e+01
-3.393003082275390625e+01
-5.970341186523437500e+02
8.969126586914062500e+02
9.338041381835937500e+02
5.141220092773437500e+02
-4.022983398437500000e+02
-5.032407531738281250e+02
-7.212249755859375000e+02
-3.599386901855468750e+02
1.612098312377929688e+01
7.019889526367187500e+02
-2.879049072265625000e+02
8.142914428710937500e+02
-7.030992431640625000e+02
2.175467071533203125e+02
9.962417602539062500e+00
-1.829937100410461426e-01
-1.302013754844665527e+00
1.402163624763488770e+00
1.342573285102844238e+00
6.214399337768554688e-01
3.822448551654815674e-01
1.822334885597229004e+00
7.422022819519042969e-01
-1.164322733879089355e+00
-1.786252617835998535e+00
2.369163036346435547e-01
9.715240597724914551e-01
1.553574204444885254e+00
4.319192171096801758e-01
-6.840625405311584473e-01
1.855355620384216309e+00
-1.678612470626831055e+00
1.687665939331054688e+00
-4.941664636135101318e-01
1.325244665145874023e+00
1.947656035423278809e+00
-1.495802640914916992e+00
1.577353239059448242e+00
-1.151089787483215332e+00
-7.457278966903686523e-01
4.934376180171966553e-01
5.634860992431640625e-01
8.289598226547241211e-01
8.297217488288879395e-01
-9.229218959808349609e-01
1.153074622154235840e+00
-5.164456367492675781e-01
3.471356034278869629e-01
-1.964324526488780975e-02
-1.464741468429565430e+00
1.972716569900512695e+00
-1.202580690383911133e+00
-1.799764871597290039e+00
-5.727603435516357422e-01
1.361058115959167480e+00
-1.862269282341003418e+00
-7.721186876296997070e-01
-1.016276001930236816e+00
-1.974800229072570801e+00
1.274122357368469238e+00
6.130496859550476074e-01
-1.935514450073242188e+00
2.625590264797210693e-01
-8.494500517845153809e-01
1.265746235847473145e+00
-1.562851548194885254e+00
-1.110263824462890625e+00
8.947758674621582031e-01
1.670553088188171387e+00
1.987823128700256348e+00
1.781206607818603516e+00
-7.666872143745422363e-01
-1.301228702068328857e-01
-1.456282019615173340e+00
5.135438442230224609e-01
-3.965491056442260742e-02
1.663521230220794678e-01
1.668572306632995605e+00
1.417770981788635254e+00
-1.300485432147979736e-01
-2.473620027303695679e-01
-5.102367401123046875e-01
1.808536529541015625e+00
1.102824211120605469e+00
1.507883787155151367e+00
1.773754119873046875e+00
-6.528974771499633789e-01
-3.173657357692718506e-01
1.703358411788940430e+00
-1.889752388000488281e+00
2.652080655097961426e-01
1.128431484103202820e-01
1.349928140640258789e+00
-1.128234624862670898e+00
-1.009501338005065918e+00
5.953310132026672363e-01
1.459355950355529785e+00
-1.004716396331787109e+00
-6.121587753295898438e-01
1.260633826255798340e+00
1.155999064445495605e+00
2.966537475585937500e-01
-1.818976759910583496e+00
1.264112234115600586e+00
-1.923779606819152832e+00
1.741509556770324707e+00
-4.781433939933776855e-01
1.206604003906250000e+00
-5.707508325576782227e-01
1.822005152702331543e+00
-5.323015451431274414e-01
6.726223754882812500e+02
4.147430725097656250e+02
2.791000671386718750e+02
8.927781982421875000e+02
6.442742919921875000e+02
2.480281372070312500e+02
7.680937500000000000e+02
5.368090209960937500e+02
4.197689514160156250e+02
9.739089965820312500e+01
2.221614837646484375e+02
1.054244613647460938e+02
6.972293701171875000e+02
7.476308593750000000e+02
4.357467346191406250e+02
5.429449081420898438e+01
1.699365386962890625e+02
9.449057617187500000e+02
8.919155883789062500e+02
3.982601013183593750e+02
1.414356994628906250e+02
4.434725341796875000e+02
4.335229797363281250e+02
1.953874397277832031e+01
7.189916381835937500e+02
6.574379882812500000e+02
5.865844726562500000e+02
8.069426879882812500e+02
8.208176269531250000e+02
2.141468963623046875e+02
7.025767517089843750e+01
TLAST
3.687758483886718750e+02
2415853570
2.911083374023437500e+02
-9.913484497070312500e+02
-7.464244365692138672e+00
-8.768169555664062500e+02
2.053876495361328125e+02
6.485623168945312500e+02
1.159818553924560547e+01
6.975487060546875000e+02
2.273752593994140625e+02
-3.035837097167968750e+02
7.358364868164062500e+02
-3.567998886108398438e+01
5.403478393554687500e+02
4.815025329589843750e+02
-1.059260482788085938e+02
1.636380386352539062e+01
2.691871948242187500e+02
7.763068237304687500e+02
-6.509013671875000000e+02
9.894660644531250000e+02
-7.873894042968750000e+02
-7.188483276367187500e+02
-9.643714599609375000e+02
-6.388448486328125000e+02
5.393630981445312500e+02
4.551889953613281250e+02
7.794238891601562500e+02
3.901450195312500000e+02
4.426671600341796875e+01
-5.896364135742187500e+02
5.331271972656250000e+02
5.805243530273437500e+02
3.991773986816406250e+02
-4.008899230957031250e+02
-5.824971923828125000e+02
5.851820068359375000e+02
-5.198366088867187500e+02
-3.080617713928222656e+01
3.981403198242187500e+02
-1.098739166259765625e+02
6.817203979492187500e+02
2.480370025634765625e+02
-6.283650512695312500e+02
2.933242797851562500e+02
1.538038177490234375e+02
6.419359741210937500e+02
3.808289184570312500e+02
3.525783996582031250e+02
5.677496337890625000e+02
-8.831068725585937500e+02
-2.529228363037109375e+02
-3.390523910522460938e+01
4.308275146484375000e+02
2.823016357421875000e+02
3.700752258300781250e+02
4.917356567382812500e+02
-8.618347167968750000e+02
-6.227861328125000000e+02
-7.462959594726562500e+02
-8.059548950195312500e+02
-3.285521240234375000e+02
-2.237010192871093750e+02
8.731165161132812500e+02
-6.548731079101562500e+02
5.055661010742187500e+01
9.433963012695312500e+02
3.648941040039062500e+02
7.417722167968750000e+02
-9.965945434570312500e+02
6.142636108398437500e+02
6.163800659179687500e+02
3.402292175292968750e+02
-8.606223297119140625e+01
-8.101668090820312500e+02
-2.893092346191406250e+02
-9.070255126953125000e+02
7.341507568359375000e+02
-4.611310195922851562e+01
4.319279479980468750e+02
-7.067000732421875000e+02
3.451380920410156250e+02
4.685124511718750000e+02
-8.799826622009277344e+00
-2.832079124450683594e+01
5.299381713867187500e+02
-2.855708007812500000e+02
-4.672907409667968750e+02
-7.473554077148437500e+02
-3.721820983886718750e+02
9.205485229492187500e+02
-9.853249511718750000e+02
1.497434425354003906e+01
-8.843383789062500000e+02
6.852162475585937500e+02
-4.152807922363281250e+02
2.686128234863281250e+01
-4.062039256095886230e-01
-1.961606264114379883e+00
1.914682388305664062e+00
-4.021031036972999573e-02
-3.351837024092674255e-02
-1.315398216247558594e+00
1.518510341644287109e+00
-7.903480529785156250e-01
-1.536669373512268066e+00
-1.579260349273681641e+00
1.170495867729187012e+00
-1.279184103012084961e+00
-5.499802995473146439e-03
4.565533101558685303e-01
1.594219207763671875e+00
1.715359687805175781e+00
-1.688247323036193848e+00
1.990491986274719238e+00
-4.916753470897674561e-01
1.322651863098144531e+00
-1.995496630668640137e+00
-1.745085716247558594e+00
-9.543845057487487793e-01
7.289257049560546875e-01
-3.880648314952850342e-01
1.169580101966857910e+00
-1.030127525329589844e+00
-1.102441549301147461e+00
1.233726739883422852e+00
-1.122481942176818848e+00
1.510079741477966309e+00
3.834964931011199951e-01
-1.409774065017700195e+00
-1.677777059376239777e-02
-5.313679948449134827e-02
-6.055293679237365723e-01
1.717719912528991699e+00
-1.625637054443359375e+00
7.183140516281127930e-01
-1.059634566307067871e+00
-4.572139084339141846e-01
8.548396825790405273e-01
7.850320339202880859e-01
-6.806638240814208984e-01
7.922897338867187500e-01
1.891586780548095703e-01
8.804470896720886230e-01
2.501473724842071533e-01
-1.773398399353027344e+00
1.330567717552185059e+00
4.785594940185546875e-01
-8.788591623306274414e-01
-9.556666016578674316e-01
-1.046066999435424805e+00
1.314883083105087280e-01
1.672280073165893555e+00
9.951521158218383789e-01
1.064319491386413574e+00
-3.541909158229827881e-01
7.305769920349121094e-01
1.924591183662414551e+00
6.994842886924743652e-01
-1.939725518226623535e+00
1.419602632522583008e+00
-1.539988398551940918e+00
1.294515132904052734e+00
3.176339566707611084e-01
-1.876369714736938477e+00
-1.782550096511840820e+00
-1.948952913284301758e+00
1.983534693717956543e+00
-3.028682768344879150e-01
1.299570560455322266e+00
1.471549510955810547e+00
4.061031043529510498e-01
1.856184840202331543e+00
5.850040912628173828e-01
-1.201214432716369629e+00
-6.965954303741455078e-01
3.259328603744506836e-01
7.056946754455566406e-01
-1.237239986658096313e-01
7.520549893379211426e-01
-1.830071687698364258e+00
-2.765028364956378937e-02
1.435726284980773926e+00
5.697392821311950684e-01
2.329300791025161743e-01
1.302853226661682129e+00
1.125856518745422363e+00
1.471323847770690918e+00
7.388083338737487793e-01
4.112368524074554443e-01
2.376928776502609253e-01
-1.760668039321899414e+00
-1.867974877357482910e+00
8.812946777343750000e+02
7.755212402343750000e+02
2.553693084716796875e+02
7.334519653320312500e+02
5.666634521484375000e+02
2.764946289062500000e+02
7.206473388671875000e+02
2.835466613769531250e+02
3.415696411132812500e+02
2.024244384765625000e+02
5.578610229492187500e+02
4.483436279296875000e+02
6.323109130859375000e+02
1.051218700408935547e+01
4.057342529296875000e+02
3.755142211914062500e+01
3.050530395507812500e+02
8.626644134521484375e+01
5.455394897460937500e+02
9.204465332031250000e+02
8.543546752929687500e+02
4.912563171386718750e+02
3.441850585937500000e+02
2.209039926528930664e+00
6.446103515625000000e+02
3.220276794433593750e+02
3.910019531250000000e+02
6.221852416992187500e+02
1.845042572021484375e+02
5.611317138671875000e+02
4.497389526367187500e+02
TLAST
3.765467224121093750e+02
2415853571
-3.218945617675781250e+02
-1.537225036621093750e+02
7.063103485107421875e+01
-9.107722167968750000e+02
4.958454589843750000e+02
8.333554840087890625e+01
-9.554144897460937500e+02
-4.779551391601562500e+02
-3.043453979492187500e+02
5.101174926757812500e+02
-4.733597717285156250e+02
7.272683715820312500e+02
-8.513722534179687500e+02
-8.309816284179687500e+02
9.636412963867187500e+02
3.493920898437500000e+02
4.940945129394531250e+02
8.857205810546875000e+02
-4.933019714355468750e+02
5.824689941406250000e+02
-2.389767761230468750e+02
5.600831909179687500e+02
5.691438598632812500e+02
-9.401889038085937500e+02
-7.302493896484375000e+02
-2.844329833984375000e+02
6.792655181884765625e+01
8.427734985351562500e+02
-3.561481018066406250e+02
-9.457285766601562500e+02
7.211703491210937500e+02
4.138843383789062500e+02
-9.970997924804687500e+02
6.745244140625000000e+02
9.009532470703125000e+02
2.391603393554687500e+02
6.045726318359375000e+02
-7.599933471679687500e+02
-6.323162231445312500e+02
3.195567016601562500e+02
-8.329251708984375000e+02
4.516868209838867188e+01
-7.430097656250000000e+02
-4.617864685058593750e+02
8.749301757812500000e+02
7.633011474609375000e+02
4.335158691406250000e+02
-1.945628967285156250e+02
-1.141222457885742188e+02
-2.773221435546875000e+02
-1.227012100219726562e+02
-1.689658546447753906e+01
-6.455396728515625000e+02
-7.393726196289062500e+02
-8.438378906250000000e+01
-9.488201293945312500e+02
-7.559555816650390625e+01
-4.920955505371093750e+02
-5.087718963623046875e+00
-1.079725723266601562e+02
-1.747730102539062500e+02
-7.035275268554687500e+02
-2.959849548339843750e+02
5.523236694335937500e+02
1.530720520019531250e+02
5.946610107421875000e+02
-5.631626586914062500e+02
7.702379608154296875e+01
-8.275771484375000000e+02
8.607465820312500000e+02
1.842304229736328125e+02
-3.971579589843750000e+02
1.447879486083984375e+02
-3.799652404785156250e+02
-6.863843383789062500e+02
2.748013916015625000e+02
-8.608109741210937500e+02
3.048900451660156250e+02
-3.888258056640625000e+02
7.819437255859375000e+02
-1.764903106689453125e+02
3.204323425292968750e+02
2.352884521484375000e+02
-2.834062500000000000e+02
-4.159775390625000000e+02
-4.306632080078125000e+02
4.078021545410156250e+02
-8.847031250000000000e+02
-5.057403869628906250e+02
-2.511887817382812500e+02
3.253056030273437500e+02
8.833895874023437500e+02
-4.827841186523437500e+02
-1.641909790039062500e+02
-9.488666381835937500e+02
-7.381527099609375000e+02
-1.076808691024780273e+00
1.295409083366394043e+00
1.379157662391662598e+00
-3.221980929374694824e-01
4.260569512844085693e-01
5.642830133438110352e-01
-8.309813141822814941e-01
9.830862283706665039e-01
2.499835491180419922e-01
-3.941977918148040771e-01
-1.792705297470092773e+00
-1.956822991371154785e+00
-1.660291552543640137e+00
1.546085834503173828e+00
-1.626477599143981934e+00
-9.127575159072875977e-02
1.719311356544494629e+00
-1.414178609848022461e-01
-1.350371718406677246e+00
1.927330374717712402e+00
-1.604125976562500000e+00
-3.713079988956451416e-01
1.582076430320739746e+00
-3.868648111820220947e-01
-4.573029279708862305e-01
1.687945723533630371e-01
1.066397130489349365e-01
1.745300889015197754e+00
-3.987962901592254639e-01
2.114210426807403564e-01
-1.782703638076782227e+00
-4.452431201934814453e-01
-4.937624633312225342e-01
1.244325935840606689e-01
7.888575196266174316e-01
8.055487275123596191e-01
-1.684677481651306152e+00
1.559297561645507812e+00
-7.673210501670837402e-01
1.639572024345397949e+00
5.053139328956604004e-01
1.925144791603088379e+00
7.883393764495849609e-02
-1.577406525611877441e+00
5.801460146903991699e-01
1.300460934638977051e+00
1.700336813926696777e+00
-8.509148359298706055e-01
1.534238815307617188e+00
-1.353113651275634766e+00
-4.233598113059997559e-01
7.210779786109924316e-01
-1.001499056816101074e+00
1.152814388275146484e+00
1.814445853233337402e+00
-1.098987579345703125e+00
-1.158007502555847168e+00
3.440986573696136475e-01
4.555151760578155518e-01
3.647750616073608398e-01
-1.255474686622619629e+00
-1.006195306777954102e+00
5.007169842720031738e-01
8.192566782236099243e-02
1.855271697044372559e+00
-1.081975579261779785e+00
-1.183004736900329590e+00
-1.624455094337463379e+00
1.726038336753845215e+00
-2.424184232950210571e-01
-5.814979672431945801e-01
1.202824115753173828e+00
1.484117627143859863e+00
1.857767939567565918e+00
6.780781596899032593e-02
1.966273903846740723e+00
-1.218381881713867188e+00
-1.646473050117492676e+00
-1.204873800277709961e+00
1.852184057235717773e+00
1.786207318305969238e+00
-1.554933309555053711e+00
-1.601447105407714844e+00
1.973025083541870117e+00
-1.452968120574951172e+00
1.824349045753479004e+00
1.503758788108825684e+00
-1.754253029823303223e+00
5.991964340209960938e-01
-7.510980963706970215e-02
7.017740607261657715e-01
-1.943175196647644043e+00
1.636948704719543457e+00
1.415287494659423828e+00
-1.140237927436828613e+00
4.169420599937438965e-01
8.377738037109375000e+02
7.310953979492187500e+02
1.581394958496093750e+02
9.116281127929687500e+02
1.923942446708679199e+00
2.431824798583984375e+02
1.370706939697265625e+02
3.413730773925781250e+02
1.479891510009765625e+02
2.811734619140625000e+02
4.004541931152343750e+02
4.733859558105468750e+02
2.698488159179687500e+02
6.797816467285156250e+01
5.405589599609375000e+02
6.333846435546875000e+02
6.559472656250000000e+02
2.867875289916992188e+01
1.058626480102539062e+02
6.682634887695312500e+02
1.025700378417968750e+02
6.659066009521484375e+01
4.516867065429687500e+02
3.647414855957031250e+02
6.733428955078125000e+02
4.031134033203125000e+01
2.253117828369140625e+02
2.851853332519531250e+02
3.252681274414062500e+02
7.933937549591064453e+00
5.508828735351562500e+02
TLAST
1.300195789337158203e+01
