2415853568
-1020028012
-999923034
1140776902
1142151097
1146719993
1109961299
-1000819654
1146442917
-1007095599
-1002957567
-1003397461
1127633941
-1017480744
1137707530
-1001369370
-999177048
1147544015
-1001612690
-1013293595
-999253169
1145027450
1143827391
1127291261
-1003835501
1142342194
-1000854057
-1028944547
-1011340281
1148752212
1148116707
1143310883
-1027357761
1148280115
1126957043
1119914556
-1005950277
1147369651
1143363933
-1005817673
-1030754620
1137148745
1147036349
1137332221
1142245725
-1018214206
1138496104
1120142638
1121790527
1136181003
1142081009
1111149981
-1001916451
-1024471762
-1008149660
1147148210
1124189172
-1026301602
1118723188
-1028228637
-1014016274
1148630355
1144970988
-1006071771
-1020674013
-1002237247
-1001004906
1137357247
-1008469482
1148212771
-1003544248
1138665515
-1007247760
-1013797888
1143070410
-1009806998
1143238899
1141389405
1131998614
-1008290691
-1009401282
-999455128
1131782836
1143133952
1123108871
1140611108
-1005494813
1131389737
1120940649
-1001102796
1136098027
1143964525
-1002029269
-1001692075
-999741991
-1001234110
1129258156
-1085446082
1071703576
1065505185
1046372800
-1075121638
1051319440
-1103544469
1063229492
1052435647
1063140832
-1121204200
-1078811981
-1077894361
-1079546423
1071047152
-1101124644
1065198765
1051447961
1072446406
-1086247977
1046550624
1070823415
1071301833
-1087253605
-1081550809
-1083667574
1070567939
-1089245754
-1085424383
1065805473
1069772534
-1082444655
-1092470612
-1080043691
1040575262
-1127890349
-1081067352
-1099373617
1042655654
1040048217
-1089276928
1068919549
-1082724070
-1080333743
-1079344978
1048390170
1073379819
-1076621988
1057629745
-1076898881
-1081977873
-1079320616
1052757777
-1075889918
1070442238
-1106962471
-1079862191
1068501970
1072166404
-1075684884
1062947966
-1101472148
-1079242762
1065529236
-1076547447
1066753665
1048303416
-1112490142
-1078433232
-1083762119
1066295232
1069134453
-1087718547
-1077409802
-1081891560
-1081841054
-1078416518
1067726812
1066228387
-1080026748
1042881623
-1074678356
1065414733
-1074011648
-1084971477
1045046246
-1079334744
1040695278
1072342954
-1106665082
-1082013262
-1080424257
1065652008
1054175237
-1101133617
1034596759
1138360153
1104111852
1141467750
1138338116
1137848084
1134897883
1129096717
1142608216
1133892556
1132816868
1142638737
1141131544
1124504695
1140876544
1127772315
1145329011
1146453611
1140268625
1146332143
1117735548
1140629376
1115853489
1138102184
1119948756
1123963368
1142239155
1130496786
1121313841
1130122852
1135536580
1139401932
TLAST
1128906308
2415853569
1084646580
1120821536
1122769446
-1004604147
-1005233175
1137582963
1143805133
1147519333
1141009460
1121670853
-1001441757
-1001440368
-1003637222
1137585883
-1008871871
-1021739229
-1003632087
-1006397719
-1014946505
1130552564
1148115593
-1002805223
-1009862301
1148734825
1145016463
1147388622
1114187866
-1006363339
-1005239131
1142419501
1146598687
1131007178
-1001453343
1144400645
-999823852
-1011267716
-1008477894
1142778052
1147560784
1146231601
-1000930232
-1004943604
1096732134
1051665930
1141254421
-1026319941
-1014442566
1121259158
-1009573534
-1014044764
-1011700433
1144150225
-1008292310
-1001293626
-1023546529
1141739025
1141532926
-1005454869
1118198197
-999853666
1141516487
1141058166
-1006104471
1126760143
-1069990597
-999683586
1142955446
-1017572014
-1017850462
1129801670
-1039491553
-999379879
-1017762093
1133703013
1145089612
-1015339711
-1003741322
-1004820060
-1003998682
1147647261
1148457359
-1015925526
-1010796526
1141430699
-1010935925
1142390006
1141513522
1134942052
-1026062567
1143924087
1148546046
-1006735504
-1001337643
1142110961
-999808816
1136041512
-1078678625
1065393974
-1105419588
1069629330
-1074824874
1049735869
1059541513
1059927181
1067433382
-1115626279
-1074172830
-1089793459
1060409797
1064983182
1069875641
1045179234
-1081724534
-1077933044
1071562602
-1098574604
-1074365304
-1081082979
-1091637793
1053169936
-1075285621
1031850835
1060839431
1073349191
-1080896894
1057836979
-1102646081
1062019946
1068887780
1071876214
-1091219652
1067776082
-1079660218
1063357703
-1074977296
1066769832
-1081053253
1060423662
1061732073
-1073808562
1041325981
1070309578
1058469469
1004636081
1057970427
1067854995
-1077506872
1059813092
1067709993
1065867257
-1106030730
1057148820
1064987878
-1077078482
-1080876081
1069975233
-1088741651
-1079003938
-1114553199
1071511956
1069442682
1071707410
-1083112803
1021123316
1065481419
1058914332
-1095852281
1066928940
-1074242704
1068106490
1058638823
1066635584
1066122444
-1080118587
-1079852959
-1075332904
1061839714
-1075094047
-1075238626
-1074616445
-1088646458
1050137794
1059496249
1071161629
-1074506302
-1079753999
1066381377
1066992052
-1099484205
-1093693899
1073389212
1012793337
1142954504
1139902704
1140629069
1136751170
1145465036
1141964868
1126321265
1143943206
1148265285
1140457746
1147035977
1135267468
1141754169
1138083298
1138384806
1145185226
1141237419
1148088193
1141378386
1118056602
1136077780
1146402415
1137386293
1104780914
1131883872
1116097003
1148745351
1148364068
1145573513
1142322252
1144995182
TLAST
1126775223
2415853570
1136290055
1145035047
-1007508435
1126363979
1124421396
1146319342
-1011860331
-1003159637
-1002038030
-1009195817
-1000767028
-1010718795
1125974709
-1026018323
1133592096
1111525314
1140877878
-1027753411
1141432421
-1034875919
1138898566
1141473164
1144073150
-1003915977
1138707891
-998997375
-1018682455
1124284295
-999604502
-999895558
-1006477948
-1013916332
1144039982
-999128927
-1065758921
-1016154064
-1028710964
1138428994
1146808111
-1020604558
1140747225
-1036431773
-1018494357
1122331682
1146755134
1134405756
1145965451
-1016480499
1127357997
-1001235381
-1001036244
1142561409
1148608316
-1005972726
-1004332683
-1004187922
1131107739
1141263858
1143672113
1137446920
-1008121334
1148362635
-1024723074
1137325193
1086861415
1147085925
1140746291
1137102955
1132395227
1143077577
-999217513
1134911395
1144951939
-1003780613
1144829970
-1002437644
1141312357
1115868427
1148113609
-1030614172
1133206490
-1004150787
-1005834968
1141716214
-1016443493
1120335720
-1032089829
-1007572832
1136582453
1120262294
1148739905
-1008503256
1132101657
-1015488434
1132353593
1122043120
-1090367195
1059785813
1062786063
1050064521
-1088953803
1061649510
-1078579494
1069821496
-1086884387
-1090109988
-1081510929
1053692586
1049821695
1059032626
-1097985430
1065723335
1067908801
-1077933455
-1088766699
-1088755589
-1076830467
1065547098
-1078201530
-1136831391
1072696742
1069319733
1065510354
1056114148
-1079468524
1067493122
1065153147
1065112607
1062140535
-1089675939
-1078044188
-1084145773
-1076967395
1072729345
1043633101
1062003150
-1096606793
-1075367771
-1078826825
-1079309788
-1086624973
-1080733668
1060259860
-1074034757
-1081456615
1068700419
-1077129553
1071435800
1060373246
-1075750149
-1075257128
1071240759
-1088491532
1054389293
-1084403046
1054686822
-1087588448
-1102930530
1072553718
1066131387
-1101252486
1036880615
-1080247151
-1094886604
1063868731
-1086992869
1061909865
1065723956
1053386473
1068174678
1071241600
-1077280140
-1079824737
-1078887905
1070875353
-1107613624
1051877083
1070798398
-1081798823
-1082021286
-1077454879
-1102784455
-1080722905
-1077891885
1065998923
1071210836
-1079594211
-1086326182
1063734830
1029596773
-1077339143
-1089510550
1133675257
1141048392
1135759336
1110882115
1148570066
1138535790
1140588558
1134675274
1132584788
1136751080
1146093845
1144532944
1136499444
1095780099
1145526763
1132900804
1142008789
1103915092
1143311598
1136771840
1140361586
1137669106
1135570842
1141489302
1148402249
1122078060
1134338327
1109864667
1144560022
1143234763
1129751232
TLAST
1137729649
2415853571
1137209978
-1004883153
-1018198195
1145743773
-1011786682
1141167740
1126903275
-1000384136
1147953185
-1002251670
-1013038097
1147270133
-1006608520
1147185611
1134592266
-1004936650
-1003266020
1148257893
-1026636284
1139179344
-1002987625
1096351577
-1001735994
-1057544257
-998959454
-1000006870
1146029952
1145227900
1141393699
1114396152
-1004088584
1139684597
1130151218
1125270147
1146282467
1132767277
-1038725933
1141078356
-1006294299
1142324287
-1001946095
1145631541
1132006510
1133711935
-1000454696
-1000350759
-1004352825
-1007845043
-1000532679
1133315942
-1011894446
-1006560850
-1000895659
1133173165
-1013646614
-1013612236
-1015257778
1141689809
-999927976
1133329093
-999334241
1127844587
-1028169026
1112622136
-1024587383
-1020736094
1130627051
-1011054642
-1005868875
1136502649
1143782518
1142063048
-999705674
-1004494919
1144055409
1143962106
-1005274014
-999461100
-1004822185
-1014522132
1129639695
-1031420874
1132494637
1145756078
1137500361
1138129632
-1004681188
-1009926269
-1005197344
1137585756
1138270193
-1011304722
-1064653303
-1002076239
1144361272
1135028535
-1079878396
1070465166
-1077642249
1057018861
1048203703
-1098874135
-1081981753
1069695538
-1092118462
-1106817194
-1111532417
1069606898
-1088555369
1072475743
1072477673
-1100554045
-1090034325
-1081602659
1073244325
1064548714
1067152515
1058141248
1068815018
1066346208
-1083964089
-1080428159
1063213301
1071603950
1035142672
-1073883200
-1093579357
-1093320836
-1125398358
-1089599059
1055138960
-1078518168
-1076334974
1069783050
-1106206748
-1081525145
1053178507
1070233956
1061888682
1073132902
-1078369909
1069028874
-1073903907
1068766060
-1075545690
-1080566215
-1079997840
-1125154963
1070801665
1062910304
-1087946501
1064867871
-1091754900
-1078399800
-1075735146
1066465242
-1104701444
1071723289
-1086530948
-1075196990
1060030427
-1079007820
-1079219367
-1073808722
1060180420
-1079071926
-1075815051
1069038021
1055691230
-1101777430
1064834017
1060539486
-1088637797
-1104724231
1057333643
1067208725
1073077612
-1078634621
-1076112859
-1077037158
-1079243812
-1075278347
-1096529516
-1096356241
1069334721
-1078407101
-1077635317
1068511889
-1076282332
-1075491036
-1084264890
-1110324737
1143010786
1143299790
1126857253
1146907070
1145208966
1124463687
1146698410
1144730057
1145546107
1141364248
1130157698
1147510106
1142162794
1135418996
1132716967
1147435671
1137827364
1141312578
1142430796
1145999357
1142678539
1127265872
1142149240
1140105746
1141439001
1143923026
1131794344
1127915661
1121790610
1133053846
1092878377
TLAST
1142773510
