2415853568
1102884916
1138539727
1141085438
1134460656
1147020290
1128663680
1123037854
-1027288891
-1002962497
1143169788
1137107363
-1001647393
1137245207
-1001567363
-1006573152
-1017160456
-1006047380
-1006827461
1134906504
1147143454
1140899532
-1002646536
-1035331111
-1000154469
1145251206
-1006474759
-1022872518
-1001733112
-1002866035
-1045960535
-1004546408
1145036001
1113857933
1096879494
-1023925104
1133745880
1145095589
-1013305534
-1008212116
1143761116
-1020143686
1142968076
-999490493
1135809986
1117855724
-1001855806
1147944513
-1029596538
-1008146591
1144888509
1139822131
-1014533197
-1009762276
1138447296
-1006725158
1145520747
-1002158302
1143228036
-1004716156
1136121189
1148185163
-1001359509
-1026969725
1143310846
-1004560964
-1005231319
-1053381894
-1027813907
-1003434489
1142131441
1146923759
-1001333206
-1004092022
1142451036
-1020810378
-998977911
-1007544798
1146012238
1145916291
-1012239285
-1003536733
1145939534
-1020459531
1133347384
-1007305898
-1012646909
1143715228
-1007697996
-1009606516
-1002494529
-1011777085
1143837170
-1020865974
1143735032
1140622816
1147832026
1068978207
1066570692
-1077502479
-1108798785
1069652928
1058821723
1055559869
1068515500
1069013229
-1080871797
-1122684154
1069861364
-1080105221
1014550830
-1076973254
1067703425
1014217408
1067836801
1039060502
-1089299580
-1102637604
1039388042
-1121026177
1065380228
-1081315997
1058917423
-1088906931
1072290497
-1080560342
1051033405
-1077423217
1072826931
-1088668961
-1082305281
-1101142213
1059726021
1066334748
1073028672
1041448895
1071543329
1028613515
-1081656381
1066724303
1058271689
-1073865033
-1104765943
-1074390773
1069548946
-1146894090
-1112587053
1054253338
1045981835
1063257841
1066529319
-1098735921
1066586705
-1106136190
-1122339670
-1076392863
1070410392
1061120737
-1081977652
-1075497558
-1089277901
1031639783
1072741465
-1081942072
1067449624
-1074422782
1059873573
-1075675241
1033524573
1061874347
-1077434217
1051113396
-1086772940
1051263010
-1074378563
-1103150247
-1080654864
-1082013444
1070583802
-1074669755
-1088890159
1073547326
1068508833
1049315768
1008820830
1066198027
1066597300
-1074089668
1072377297
1069406610
1048578049
1070411300
1059687315
1142745188
1134509835
1142001298
1140279640
1142199370
1089855673
1148270967
1131092872
1117347594
1133734214
1143815121
1147743985
1146292649
1134778569
1146096368
1113167190
1119463731
1127897336
1145368844
1144328091
1124279113
1144064060
1144943054
1128193095
1143450782
1137364191
1116917987
1140940055
1140213914
1146911272
1141640261
TLAST
1146228715
2415853569
-1008390937
1136630796
-1016817013
-1018285145
-1001017983
1135296562
1127453484
-1002715123
1134342650
1125054719
-1014073485
1141401178
-1016313546
1139099391
-1004627030
-1000648088
1144343429
1136964401
1112624171
-1005548523
-1000948161
1143410109
-1001292861
-1000501492
1134041214
1096372999
-998726630
-1003174471
1142592855
-1007216211
1138252805
-1000418765
1147155604
-1004294969
-1013208482
-1003410700
-1015679079
1143450955
1122370342
-1022546045
-1000812956
1136557180
-1013629992
-1004030003
-1005742004
-1019066423
1141315079
1128721744
-1012857797
1127676098
-1011801498
-1029055000
-1013511787
-1007499140
1131919107
-1013141204
-1021038294
-999997502
1141395784
-1009048833
1145056718
-1011935401
1142068614
1134244080
-1013111115
1137039858
-1008625232
1143274387
-1006111243
-1003148928
-1003382758
-999995192
-1000902894
-1004208388
1132492237
1124225667
1121637853
1135531244
1147426450
-1005514366
1144855905
-1007453299
1140131552
-1000214600
-1011254476
1145629728
-999173985
1140909841
1141132090
1146341906
1148238091
1143876313
-999412122
-1000676794
1148128767
-1007204850
-1087696490
-1093608544
1046840491
1059572250
-1096741189
-1074487696
-1079876174
1072660354
-1089099351
-1079850400
1071706392
-1077696231
-1075207926
-1077502654
-1085490765
1037725304
1068087188
1070105561
-1098362972
-1095213922
1062578381
-1086928627
-1074385643
-1099999023
1061983620
1067843028
1065173851
1071013601
-1086588430
1036091637
1058916350
1065310447
-1095786158
-1079694735
1038495066
-1078676269
1062005077
-1077833237
-1126054929
1070169600
1066884457
-1081683110
-1090954528
1053426716
1072663347
-1106572741
1057364542
-1096453802
1062346011
1019210131
-1092932349
-1094367822
-1085288273
1062515210
-1104962385
1067609939
1063075737
1058514152
-1079113400
-1073950318
1052557152
1067911684
-1078234067
1062496385
1069540647
1073734004
-1077365483
-1074562329
-1092209739
1068179783
1038277304
-1082399836
1071619645
1059524427
1071489153
-1080680657
-1074635300
-1085694583
1062979738
1065843383
-1090445523
-1084487754
1047270205
1048819527
-1082018508
-1077203431
-1075952233
-1098189911
1058616200
-1098952215
1071260929
-1086643358
1061520998
1057950844
-1104653729
1058099615
1138925784
1144185480
1148352332
1101589665
1138861883
1138158937
1145242747
1100238552
1141962389
1133209987
1139689997
1144213576
1142782297
1131819592
1129146352
1146399235
1140704394
1148511190
1143333203
1130474478
1126784117
1134698903
1144974296
1139155221
1141767024
1142213932
1127125072
1135318440
1133723769
1147802106
1089585338
TLAST
1148128113
2415853570
1139149053
-1009120375
1134861078
1135386402
-1021857160
-1022682176
1144344750
-1036183293
-1015057736
1145525351
1137417272
-1020833747
-1015927099
1139491166
-1001568405
-1005763131
1119998157
1133404267
-1011281937
1139654298
-1012068293
1147452161
1147131196
1134838537
1148502915
1144284342
-1002654618
-1035441801
-1011632720
1138670823
1138488266
-998867036
-1001721780
1146696729
-1022960026
1133007483
1144215144
1136965668
-1002595321
1134429737
1141687228
1120590065
1143154557
1126226531
-1001193482
1144826956
-1004918944
-1003547489
-1005898730
1118821872
-999627665
-1003730853
-1022176997
1145135005
1135947194
1139159895
1124365368
1141260647
-1005232651
1133163925
1141140053
-1006066830
-1029782007
1124962344
-1005572360
-1006654302
-1020911498
-1026253958
-999896551
1143824714
1109480189
-1008247746
-1003451644
1119323615
-1009275388
1148226619
1119793163
-1005356263
1134495224
-1018933325
-1000757388
-1007252637
-998658605
-1003176177
1133038512
-1004049319
-1009226333
1146156783
1143040052
-1014303639
1138826194
1146358552
1143642723
1141063481
1144934042
-1017139610
1061182978
1061426830
-1075171902
1066409679
1069955493
1060064811
1064606886
-1089886030
1049296141
1068675929
1071266679
-1078114284
1066760740
-1078152535
-1105069700
-1086226221
-1137755764
1048989952
1033871903
-1075191487
-1084027656
-1090991583
1073357733
-1080506696
-1085590941
1048144030
-1079022473
1068564648
1069099327
-1079502118
1064446320
-1102881153
-1077794930
1071579949
1067181360
-1078095079
-1078195682
-1076456755
-1097568828
1070158209
-1103637417
1048800256
1071205162
1023899399
1070077430
1068867018
-1081596864
-1091955624
-1082338272
-1077585534
1063295195
-1081590824
-1074701061
1040875822
-1098166024
1071399490
-1082803142
1037269642
1064425795
-1077508077
-1091516843
1060131679
-1076365735
1073012752
1060893164
-1088356434
-1088828978
-1096812543
1034807318
-1127084372
1064099965
-1079067215
1040397770
-1077877981
-1080769180
-1085422781
-1077915973
1061162352
-1074171275
-1084573278
1050932163
1072852674
1066404517
1050169256
1066161570
-1097262924
-1083044047
1067809378
-1083698996
-1073917742
1034897335
1070823080
-1080446563
1050878557
-1077116285
-1088652128
1124937371
1141377144
1132676936
1134048596
1144957581
1143784336
1145002330
1128074234
1128973002
1144876466
1123193365
1147325650
1147596437
1140626049
1143984851
1135033964
1142894957
1103637156
1130055653
1138940591
1140136948
1148612314
1148828081
1123430871
1133122526
1118120947
1135261022
1148009153
1141797398
1109381224
1140992099
TLAST
1147749946
2415853571
-1012316449
-1022257331
1134691923
1147364598
-1005311112
-1008700774
1147338939
-1006816578
-1001195515
1139847962
1133745590
-1004075757
1133741783
1144428469
1130649380
1145424417
1147205244
1142200732
1130548428
1136704490
1143733679
-1018262950
-1002997170
1141219136
-1012124582
-1001788241
-1024272025
-1013087067
-1007028288
-1021473872
-1007330104
-1009276538
-1018207028
1114859407
1140852067
1144234923
-1014818087
1133656128
-1000277399
1129611017
-1053449678
-1019730674
-1001050711
-1003477232
-1015080694
-1001651207
-999956071
1106476660
1144724110
-1009480519
1142726444
-1015107322
1145870133
1117140190
-1001268773
1146986113
1144063668
1132322006
1142342120
1148569413
-1002195925
-1049448723
1148066772
-1001023257
-1015964740
1132912553
1139510598
-1009003105
1117362052
-1037092682
1145884826
-1002435216
1146422509
1138136784
1143058422
-999392048
1148833438
-1025904489
-1007495372
-1014130472
1119375393
-1024300202
-999912817
1142496456
-1002488733
-1002580304
-1000999358
-1004221229
-999450120
-1067464472
1143440778
1117139680
1143644541
1133344631
1144679367
1134894461
1073626034
-1084782868
1058742726
992638347
-1082416218
-1076253587
-1085978789
-1104203687
1045458426
-1104566039
-1079664859
1068209564
1049267569
1056022168
-1106875925
1066670248
1068030466
-1099375606
-1073953989
-1090225494
-1091459919
-1098476225
1057764877
1071585328
-1075248947
-1101228209
-1083869569
1057335709
1065649589
1073573449
1047922243
-1076668514
-1096650229
-1083403171
1072773523
-1079421076
1072189993
-1077938211
1062556885
-1077776998
1071462061
-1074485163
1071906629
-1077619319
1059848977
-1082487503
1067966813
1068736580
1050036456
-1073929335
-1084052112
1067736891
-1075835223
1057834620
1014608153
-1088970932
-1080627305
1048962424
-1078392489
1068467641
-1088645150
-1086909988
1069542895
-1090086406
-1101875024
1066734312
1068850621
1070386470
-1116825899
-1084941580
1070421517
1051445669
-1080716228
1057051176
1053302119
-1097706557
1070789853
1072597657
1069203188
-1113014648
-1094448005
1067434638
-1074526804
-1088074643
-1075289005
1070986735
-1076529321
1071679042
-1100932327
1021144519
1072968137
1014191519
-1110902950
1057642510
1069807824
-1079560419
1148400334
1147401968
1144901841
1132171359
1147216784
1133811165
1146841151
1109759887
1113695494
1145621037
1121282769
1138465413
1135317993
1133179946
1135937168
1139987638
1146166177
1142574018
1147328402
1146170729
1125261711
1137926613
1141194967
1132446205
1141740114
1148423715
1130444910
1145316357
1148763321
1132334724
1146487792
TLAST
1127081709
