0 0 0 0
0 0 0 0
0 0 0 0
0 0 0 0
-1 -1 -3 1
-3 -1 0 -2
-1 -3 4 -7
7 3 2 2
-30 61 -34 38
-38 22 -39 10
-14 -55 52 -48
2 -44 36 -43
147 -46 117 -12
99 12 88 31
-7 148 -276 243
631 -36 390 799
-215 -36 -129 -59
-81 -65 -54 -73
91 -88 273 -260
-275 589 -926 -344
136 -97 90 -55
71 -30 59 -20
48 1 197 25
-533 480 -31 -169
-88 165 -80 111
-80 86 -84 65
-182 -17 -385 -41
706 74 -815 -460
113 22 68 35
44 38 29 41
-5 48 68 37
94 -258 112 -640
-97 -27 -71 -32
-57 -40 -50 -43
25 -117 206 -67
39 -830 -381 322
32 -29 57 -14
64 7 61 27
-36 195 -396 417
1170 -315 -846 -291
9 18 -23 -1
-30 -15 -32 -32
89 -206 491 -518
-440 -21 -217 -287
179 -35 152 9
136 38 121 64
-11 331 -261 891
48 -250 440 -741
-203 22 -158 -11
-135 -34 -117 -56
-63 -236 -207 -520
-11 -988 -835 35
58 -32 43 -9
36 2 33 7
6 28 -24 -80
522 -460 -467 -961
27 118 -6 71
-21 47 -28 31
21 -62 299 -160
-161 -337 -111 -25
-104 -157 -54 -111
-29 -89 -11 -78
16 -27 -22 95
625 -119 698 -317
73 -50 85 -54
94 -44 103 -30
191 128 294 394
38 -78 389 730
35 156 -5 143
-34 128 -57 115
-217 44 -476 122
-910 -486 -394 497
-42 -43 -12 -46
4 -45 14 -42
58 -29 -34 -168
-172 321 -12 -197
30 -56 20 -36
19 -24 19 -20
48 -8 144 -70
-557 244 -463 -27
-18 -38 -10 -29
-2 -24 4 -21
30 6 105 69
-676 30 -669 315
-30 197 -61 132
-76 97 -85 67
-100 -57 -76 69
-986 -749 -398 409
16 -85 24 -52
29 -36 29 -23
-8 -5 -241 -124
263 914 120 -83
-45 -93 2 -81
21 -66 35 -57
125 7 242 -16
159 716 -424 -77
121 85 48 77
14 69 -6 61
-121 15 -295 -77
388 385 -379 -252
-163 -63 -91 -62
-55 -65 -33 -60
73 -39 247 -47
-313 -59 -186 -72
35 79 2 61
-11 49 -20 40
-55 -11 -44 -33
-207 273 -415 -250
81 -41 61 2
46 24 32 35
-91 49 -252 -29
342 -346 38 608
-27 16 -22 -5
-16 -13 -9 -23
133 -24 450 178
-540 -797 63 -440
-27 48 -25 10
-20 -1 -17 -7
-57 -52 -320 -174
504 881 912 411
79 -103 60 -45
53 -18 43 -5
13 37 15 -36
501 94 -14 194
-186 123 -129 72
-107 47 -99 30
-100 -29 7 28
-519 -753 484 152
21 14 3 -13
0 -26 4 -33
109 -16 152 242
234 -492 526 -1041
61 -73 63 -29
58 -4 54 12
-35 53 -311 -146
410 1306 -282 -93
-65 -25 -43 -39
-30 -44 -19 -47
69 -71 281 -47
-160 -926 -372 811
133 -93 97 -42
77 -16 67 0
17 41 -40 14
413 532 373 580
-60 130 -43 85
-42 64 -41 49
-64 46 -93 176
-82 -168 129 -584
-58 -53 -54 -59
-42 -70 -26 -79
110 -147 159 -243
1100 288 -1084 332
107 66 79 81
56 91 32 101
-133 142 -258 136
-158 645 -490 526
16 -47 11 -28
8 -22 8 -17
26 -31 101 -75
248 234 -504 -469
-230 -10 -167 -58
-129 -85 -99 -104
94 -208 318 -185
621 351 517 1
169 75 113 91
75 101 46 111
-195 187 -719 303
1541 231 438 139
-189 -123 -98 -111
-54 -105 -21 -99
131 -89 310 -238
208 -395 399 795
222 16 141 33
99 44 77 52
-12 88 -65 133
621 -418 11 246
-54 67 -32 41
-22 28 -15 22
24 57 92 195
-406 -82 37 -235
-30 -52 -28 -23
-28 -11 -31 -10
-96 -58 -388 -173
218 -139 202 -566
43 52 17 31
7 25 0 16
-19 -52 13 -421
387 313 871 -292
27 -68 34 -53
42 -43 46 -32
141 74 405 298
180 -781 151 138
-15 -23 1 -21
8 -13 11 -6
1 33 -135 81
-136 129 139 220
-78 50 -62 33
-58 17 -55 8
-76 -100 -94 -470
4 973 95 -677
147 87 95 67
73 63 60 60
67 107 352 208
47 529 -1291 201
-132 -85 -89 -57
-70 -46 -63 -45
-120 -93 -376 -145
1284 -134 -572 -34
143 -30 100 -15
83 -5 72 1
91 36 220 -98
1061 401 -687 -187
-37 -47 -16 -24
-8 -12 -7 -8
-29 -7 61 13
414 -498 530 595
78 134 46 88
28 70 23 64
-6 148 -30 387
-10 -378 615 -358
-45 -119 -15 -90
1 -79 15 -71
119 -45 214 -6
-939 -145 732 0
-130 149 -122 101
-122 69 -130 42
-200 -177 -274 -480
-24 179 74 358
17 87 13 60
11 50 7 49
-27 137 -61 366
813 -500 -707 -1040
145 -180 120 -116
117 -82 112 -58
205 32 412 115
-329 56 -480 -110
-60 -8 -53 -12
-49 -20 -40 -29
-10 -112 17 -149
267 760 -462 458
-6 -3 14 -1
22 5 22 17
-68 117 -389 284
936 29 115 -50
-131 90 -131 55
-130 27 -125 -4
-57 -230 180 -591
18 345 -662 -889
113 -120 119 -77
117 -45 118 -19
99 188 76 443
913 355 477 -54
35 29 21 19
14 15 8 15
67 -21 400 82
-1066 67 -428 495
-86 174 -99 120
-105 85 -113 62
-236 -40 -711 131
871 -619 515 -8
-95 -85 -66 -73
-45 -71 -30 -70
55 -143 49 -441
629 -213 672 1137
118 43 99 49
81 58 67 69
-16 159 -50 206
663 -14 577 62
3 -54 7 -40
9 -35 17 -30
57 -2 79 22
531 -373 300 190
3 -108 9 -80
21 -67 28 -58
85 -40 116 -171
809 981 -185 -301
-73 -26 -45 -27
-35 -28 -27 -31
-19 -52 -8 -118
885 -28 190 581
139 112 91 95
65 91 46 91
7 174 86 432
-305 -163 -7 499
-180 -29 -128 -36
-103 -43 -84 -55
-68 -149 -227 -357
227 749 517 -785
108 72 78 67
60 67 45 71
-36 102 21 58
-4 207 179 -199
11 -97 21 -49
26 -25 27 -9
3 103 -24 340
-474 -819 520 -920
73 23 36 -6
30 -17 28 -27
145 -47 299 -28
-754 -377 -206 226
-135 -92 -80 -74
-55 -69 -38 -63
-17 -134 -87 -360
355 791 -153 564
188 124 108 122
68 118 35 118
-96 200 -225 498
-228 -854 -334 240
-258 81 -187 10
-151 -29 -125 -54
-8 -205 -59 -478
-309 -205 417 485
65 -196 78 -120
86 -74 82 -41
67 52 114 -25
-278 58 252 617
79 132 19 91
-9 68 -24 54
-51 -40 57 -169
171 242 -250 150
-144 -64 -89 -60
-62 -59 -41 -60
28 -32 39 90
642 -93 473 -96
115 13 72 29
50 34 35 39
-39 27 -149 -36
728 -88 -272 525
19 8 25 3
27 2 27 7
45 32 170 1
77 390 353 118
-33 -57 -3 -43
14 -31 24 -24
29 109 -110 342
112 -215 135 74
0 -42 -11 -20
-17 -18 -19 -18
-22 -102 -27 -315
-499 -492 -501 1115
88 258 40 183
9 149 -9 129
-102 98 -60 58
-805 309 109 -343
-104 -145 -58 -125
-26 -113 -3 -110
156 -105 423 -69
-484 161 153 17
54 119 14 109
-9 97 -26 88
-158 47 -307 116
-351 417 -51 173
-31 -146 -2 -107
12 -83 24 -68
45 -42 26 -71
-104 -23 712 -37
-74 138 -61 78
-56 47 -52 29
-8 -18 34 16
198 173 -348 -415
190 -149 160 -93
145 -54 143 -23
132 159 100 245
-199 1356 -575 -169
-61 -9 -37 15
-35 21 -39 23
-167 -7 -436 -97
-491 -675 -381 84
-40 198 -82 110
-94 60 -97 28
-20 -154 207 -331
-642 -820 -12 -451
25 -116 48 -64
56 -35 57 -12
-1 96 -223 174
600 -393 807 1
-1 -5 4 -14
6 -16 9 -18
47 -35 148 -256
-108 0 290 -331
-201 58 -153 2
-123 -26 -102 -47
35 -122 230 -26
189 -906 -139 -73
207 -70 168 -13
142 25 121 49
-9 192 -253 258
104 773 436 -682
-11 -129 -15 -91
-12 -79 -7 -77
75 -171 196 -454
808 247 -830 173
29 181 12 129
-2 106 -14 96
-89 163 -237 444
504 -728 -662 75
-148 -25 -99 -33
-72 -37 -61 -44
-6 -151 88 -443
-706 177 173 86
140 -39 119 -19
108 -2 104 16
112 189 157 495
-194 346 -344 -495
65 -71 45 -38
39 -21 31 -11
-41 15 -391 -51
59 -149 -824 455
-243 50 -189 7
-160 -24 -143 -49
-43 -280 185 -745
-612 -320 -86 895
138 78 92 67
68 68 52 70
-34 176 -21 392
134 -320 667 -129
-120 -140 -56 -106
-21 -83 -1 -73
80 -8 163 120
-607 -477 -411 -747
191 123 96 111
51 94 17 87
-63 -11 -89 -111
-373 160 -582 -80
-159 -80 -98 -82
-64 -83 -40 -85
47 -92 69 -129
126 529 770 -531
-56 -17 -22 -1
-14 11 -13 16
-116 35 -256 -54
182 -21 543 -707
159 12 110 20
85 29 71 34
95 110 325 305
-459 -895 -469 -810
-33 50 -30 16
-28 2 -25 -7
-33 -100 -125 -239
708 -242 84 308
123 51 75 66
47 71 29 75
-65 105 -93 186
413 -669 214 262
-6 9 4 0
12 -1 18 1
44 83 -28 225
420 -533 -922 -610
-109 -86 -76 -70
-57 -69 -39 -74
63 -158 230 -352
-533 253 -354 -492
-30 52 -30 30
-31 17 -34 9
-66 -20 -142 1
315 -85 323 -171
90 -119 84 -74
83 -49 89 -31
142 123 219 337
-485 -25 -104 50
-204 240 -184 142
-179 81 -177 37
-174 -256 -142 -587
-285 309 -492 431
247 -170 211 -70
186 -14 164 27
29 270 -181 595
884 -276 195 9
-122 -8 -94 -40
-74 -58 -54 -69
50 -138 60 -387
230 368 547 -803
75 -40 61 0
49 19 38 27
17 54 215 95
-489 -245 -144 131
-99 116 -80 62
-75 36 -75 14
-81 -54 -179 1
473 -580 492 -256
54 -127 56 -90
57 -66 59 -50
94 -17 177 -114
681 52 -150 406
62 43 36 29
22 26 18 25
12 65 76 228
434 -328 -409 615
-69 100 -51 76
-48 63 -53 53
-137 14 -290 -10
94 -393 -4 79
-17 -134 3 -111
20 -97 34 -84
149 -36 342 10
-306 -591 561 221
92 68 43 69
20 64 1 59
-86 -10 -170 -127
456 276 452 -154
-129 -87 -77 -85
-48 -83 -24 -82
95 -69 304 -85
514 439 196 -420
114 20 78 18
62 16 53 19
92 80 272 355
-160 340 421 647
-136 102 -107 72
-98 52 -99 36
-178 -28 -521 41
300 218 -420 132
170 -12 134 28
107 52 85 73
-72 134 -270 12
-275 -64 -209 615
-102 -26 -80 -38
-61 -46 -49 -55
48 -120 194 -266
-7 -498 280 -327
-93 88 -76 41
-64 18 -56 5
-13 -24 44 94
-2 -906 -29 -58
192 -216 162 -136
152 -87 148 -54
156 78 125 71
182 435 647 899
-44 53 -42 38
-39 26 -38 19
-52 1 -154 28
-65 -444 -188 751
-100 59 -71 28
-56 9 -53 0
-34 -81 -3 -328
-382 429 299 633
47 77 18 60
5 49 -6 45
-63 29 -62 -2
277 -117 130 266
15 -110 39 -70
53 -42 60 -24
87 134 103 372
-371 -226 -27 -839
-105 -9 -98 -30
-90 -45 -83 -63
-13 -253 22 -612
-24 503 536 -904
132 -85 111 -48
101 -22 95 -5
100 123 178 262
711 612 -1 -76
-139 166 -116 109
-108 77 -104 54
-163 -22 -242 -42
-380 113 382 33
128 -151 126 -103
129 -67 134 -40
196 139 356 333
-423 477 -222 -571
-79 124 -71 70
-72 43 -73 22
-87 -92 -122 -111
-508 -245 -668 920
188 11 107 43
71 52 47 61
-48 61 -132 139
1 -260 -644 460
-129 -18 -82 -20
-66 -25 -51 -30
-15 -78 0 -113
-126 161 124 -278
83 -36 68 -7
61 7 54 19
1 108 -130 196
203 229 -221 -399
-1 127 -10 89
-14 71 -23 59
-35 43 74 105
-1702 -225 -89 -397
-55 -89 -43 -85
-31 -80 -19 -82
47 -169 40 -304
101 260 556 -193
-121 59 -100 41
-89 27 -82 16
-163 15 -527 74
681 -873 914 -531
-23 62 -33 34
-36 17 -38 2
19 -132 263 -479
-214 -721 438 53
97 -56 97 -20
96 5 90 27
51 214 104 509
-294 -241 1020 -1241
-49 -94 -31 -98
-9 -97 6 -97
153 -112 297 -146
-159 127 299 -338
110 38 61 50
39 51 20 50
-44 20 -137 36
401 413 7 354
-53 47 -40 34
-36 25 -37 19
-71 -15 -134 -147
222 865 504 -300
-37 16 -12 -1
-3 -4 3 -2
27 50 95 214
-313 -424 62 408
20 -162 24 -117
30 -93 38 -77
68 -94 102 -328
310 985 476 -96
141 139 104 125
79 119 59 122
-53 243 -81 536
381 -205 -1491 60
-203 -58 -151 -65
-118 -76 -96 -87
7 -174 -49 -176
180 -934 -545 -147
-45 -65 -28 -57
-15 -55 -5 -53
47 -83 34 -248
403 209 -204 284
169 63 110 91
69 103 36 111
-169 137 -387 183
179 -1415 -682 973
48 77 28 41
23 26 21 17
80 13 194 -94
63 -254 241 -766
-63 -20 -28 -19
-13 -16 -4 -12
-1 24 -3 -79
39 458 -405 -1324
67 -202 61 -139
64 -110 68 -91
219 -52 689 -20
-736 418 -826 -178
-193 190 -170 110
-159 67 -152 35
-213 -98 -407 31
-83 113 595 -430
299 -34 218 23
172 54 142 80
17 208 -119 344
-386 170 532 -424
-295 41 -210 -8
-167 -38 -139 -60
-19 -175 -4 -205
-815 -748 517 178
201 -23 156 -7
129 12 116 28
53 115 -56 83
-269 378 204 877
-96 -14 -71 -8
-59 -13 -51 -17
-12 -44 -69 -105
-61 211 -83 -838
-23 -138 -6 -103
6 -89 17 -78
73 -82 144 -287
-396 493 639 509
13 160 -21 107
-39 81 -54 58
-91 -86 42 -248
299 -61 294 897
5 -2 14 8
17 15 18 21
-15 136 -110 437
527 -563 1254 1038
13 96 -5 58
-11 45 -17 34
-41 -4 -138 -93
-111 -163 96 457
10 -155 29 -95
39 -69 45 -53
82 25 130 24
-363 227 547 -514
-34 -18 -10 -21
1 -16 6 -14
32 6 59 37
-513 70 -16 -347
45 160 8 111
-12 89 -25 76
-123 22 -197 -39
-788 -209 103 312
44 -67 32 -37
25 -25 26 -19
74 -9 203 95
5 -379 -1142 -957
-115 5 -78 0
-63 -5 -54 -11
-73 -25 -310 33
113 3 608 -918
66 32 40 13
29 6 24 0
42 -38 29 -232
537 226 -344 69
-62 -107 -25 -77
-6 -63 9 -54
72 3 193 106
-178 13 633 -145
197 99 121 108
78 113 42 113
-155 105 -463 0
752 439 -470 -608
-119 -5 -82 -24
-61 -32 -48 -42
29 -79 174 -179
193 -738 -86 -157
67 40 45 30
33 27 28 29
11 86 10 216
137 -873 -101 113
-117 -54 -80 -54
-56 -59 -36 -63
73 -106 225 -202
-456 127 482 -663
18 -74 31 -57
39 -42 44 -26
48 72 -51 201
407 4 -945 53
86 88 39 66
18 54 1 47
-36 -64 78 -330
-34 704 -1098 -178
-98 31 -79 17
-69 4 -60 -3
-34 -13 89 202
-49 -16 204 -1080
108 -67 96 -33
89 -9 80 7
40 125 -153 420
241 -383 -300 299
-133 69 -103 40
-95 21 -89 2
-113 -125 -334 -457
147 693 386 -634
67 -86 64 -66
68 -50 70 -36
129 50 275 84
356 -306 -150 159
-105 64 -110 31
-103 5 -98 -16
-65 -164 -30 -305
627 -43 402 -505
133 -84 118 -40
109 -12 102 10
97 168 60 423
935 102 -653 -90
-286 52 -221 5
-189 -26 -168 -54
-132 -290 -212 -684
687 44 501 808
317 -72 237 -15
198 25 173 55
59 302 -50 483
950 -119 488 361
-132 99 -99 62
-87 35 -78 12
14 -119 381 -334
-945 447 -13 -665
41 -60 34 -56
38 -47 42 -38
59 32 118 191
368 577 898 -4
-218 5 -160 -12
-132 -31 -115 -47
-48 -167 45 -133
342 -231 349 204
320 -18 229 24
188 53 159 78
28 284 -220 602
538 383 561 726
-271 45 -199 -10
-162 -39 -137 -64
-61 -287 -65 -738
652 215 439 733
257 -136 210 -53
184 -9 167 29
113 268 195 530
914 373 -408 -62
-182 -5 -130 -37
-101 -57 -76 -71
44 -145 220 -204
-201 247 198 654
91 7 70 18
57 26 47 35
7 127 -10 444
-457 -174 -70 437
131 75 88 88
52 96 24 98
-151 59 -387 -43
-724 278 180 432
-106 13 -82 -24
-58 -39 -43 -55
92 -91 250 -113
-230 407 554 -740
-44 -17 -23 10
-19 20 -24 27
-138 29 -312 -3
-253 190 251 -407
151 65 102 46
83 39 70 42
107 125 297 319
-955 -167 -280 -152
-176 -121 -129 -99
-104 -97 -84 -102
-16 -231 -115 -337
386 -401 -298 15
101 163 54 114
25 93 9 79
-29 23 -5 -37
711 541 -518 463
-60 -124 0 -98
32 -80 52 -57
120 120 145 401
12 724 -110 242
21 79 -26 81
-50 70 -67 52
-167 -71 -429 -118
-264 -186 176 -68
-2 -66 16 -57
23 -47 31 -36
62 -16 25 -159
195 303 122 210
-2 87 -1 50
-2 38 0 34
-26 39 -6 -5
14 -124 -100 432
95 -31 65 3
50 20 38 29
3 89 36 224
-72 -602 -1270 -194
-135 -42 -95 -65
-68 -79 -48 -90
115 -180 321 -297
16 281 -153 631
-31 -10 -20 10
-20 16 -20 20
-89 48 -192 255
-292 -162 243 492
38 -90 49 -73
56 -56 62 -40
76 68 -114 198
-108 -392 415 424
39 69 13 53
-2 42 -11 31
-17 -63 29 -389
-432 896 -409 443
-31 79 -39 66
-49 53 -55 42
-99 -21 -106 8
461 -425 -904 254
-2 -43 -1 -40
3 -38 8 -36
72 -45 176 -158
445 1100 243 -415
-7 -27 25 -16
32 -4 34 6
11 83 43 173
232 708 -235 100
146 172 71 131
34 116 11 106
-98 130 -242 277
-432 -152 12 9
-28 -180 -1 -116
10 -94 20 -78
96 -102 271 -309
-920 854 232 -376
-219 -1 -137 -19
-100 -31 -76 -39
-39 -47 -48 53
-92 101 -123 -236
90 22 41 -4
27 -15 25 -19
82 -52 224 -59
-59 529 -35 -65
64 38 56 68
37 81 21 91
-172 162 -478 361
-145 -329 25 -329
21 -22 0 -32
1 -36 5 -42
111 -88 239 -170
-161 -14 -354 -527
-57 -99 -20 -57
-7 -40 -3 -30
-79 -17 -392 -105
1063 -176 182 145
-19 111 -38 67
-44 42 -47 24
3 -71 96 -302
1076 -114 -568 -534
-90 -43 -42 -54
-17 -56 0 -54
84 -23 332 -158
391 658 220 765
238 -6 164 35
126 56 101 74
-20 190 49 393
-162 -58 143 -301
-205 17 -142 -10
-112 -29 -89 -44
-5 -97 128 -91
-464 143 -127 -1068
40 -6 26 -8
21 -9 18 -8
50 8 99 194
-259 -529 -378 759
176 97 105 98
70 101 41 101
-114 91 -334 -2
-236 587 -264 350
-78 -64 -53 -64
-39 -64 -22 -65
54 -126 201 -390
167 390 256 207
-67 17 -39 9
-24 8 -23 10
-15 47 167 222
-230 -220 -236 -253
17 1 3 18
-1 22 -9 22
-73 53 -297 221
83 -514 206 -1239
-87 -40 -41 -56
-17 -60 -1 -58
105 -80 206 -277
-479 234 261 -85
84 62 37 50
18 42 7 37
-28 10 40 -80
-70 406 -437 -17
38 -213 64 -136
78 -93 86 -62
84 85 99 230
-114 -469 75 485
-4 212 -34 148
-55 109 -70 85
-116 -50 -3 -101
-617 -667 -758 -291
29 -155 46 -113
61 -87 72 -69
151 83 100 429
285 -611 188 170
-145 182 -143 120
-144 79 -147 45
-181 -178 -328 -464
-402 -79 -393 248
16 20 4 16
-3 13 -12 10
-36 -50 2 -216
555 -175 248 451
67 -229 85 -156
95 -112 105 -83
179 97 301 265
677 426 776 -854
8 47 4 30
4 18 2 10
54 -1 127 61
540 642 -738 -25
54 83 41 76
22 77 7 79
-150 101 -380 70
-328 941 471 -750
-63 -3 -70 -22
-63 -40 -54 -56
69 -199 332 -473
775 648 -618 -241
21 -135 36 -86
44 -62 51 -40
73 105 105 489
590 -136 19 312
16 159 3 100
-6 77 -14 61
-56 -13 -94 -175
-210 1373 255 407
111 49 86 76
61 87 41 98
-133 189 -332 332
33 -241 -955 381
-228 -38 -182 -60
-151 -82 -128 -105
24 -292 199 -570
493 -542 -318 44
134 -117 133 -47
125 -7 114 23
18 201 -62 424
843 -405 -267 -204
-73 218 -84 116
-85 69 -84 34
-45 -56 -60 -63
323 -1015 -508 -308
7 -19 -18 3
-26 3 -31 -3
1 -73 116 -191
-504 343 358 -1295
-19 -240 49 -179
83 -136 102 -102
161 80 133 147
255 688 279 7
36 139 -3 102
-22 80 -37 65
-80 3 -49 -92
-678 246 -529 -365
3 -169 14 -128
25 -108 32 -97
135 -123 469 -285
-219 344 -155 928
-114 82 -79 38
-63 20 -52 7
0 46 106 522
-3 -456 -179 284
38 79 0 80
-21 74 -41 65
-210 -23 -658 -124
581 -6 52 250
-18 133 -11 84
-13 66 -16 54
22 11 271 -60
-499 -102 4 728
57 -198 74 -142
83 -109 94 -79
153 98 96 395
201 423 554 -525
52 18 11 27
-8 24 -21 20
-128 -108 -320 -515
444 674 89 836
-16 62 -8 53
-6 48 -9 46
12 118 221 395
-408 -862 -73 -461
-75 -9 -60 -31
-47 -44 -39 -56
83 -159 286 -220
-477 632 379 41
168 -16 131 13
109 40 91 60
-100 204 -528 392
751 376 134 330
-140 5 -91 -8
-69 -18 -55 -26
2 -73 49 -287
-1 -102 -746 -460
76 -67 65 -30
57 -13 51 1
76 65 282 242
-709 -561 -721 -554
-20 115 -29 77
-36 60 -48 50
-168 -31 -447 -152
76 -216 338 -502
46 9 17 0
11 -7 11 -16
114 5 307 76
-145 -637 -39 -1001
-139 -112 -79 -90
-52 -82 -32 -82
49 -126 134 -225
-110 12 26 692
50 97 28 63
16 52 9 47
-38 55 -25 72
62 698 -142 -790
0 60 -37 49
-52 35 -59 18
-74 -84 -32 -104
46 -643 429 445
33 -103 78 -65
91 -32 94 -6
75 167 44 300
255 522 -34 -298
-71 5 -67 -7
-64 -20 -56 -29
-9 -117 90 -191
-120 -8 -244 -797
23 -3 16 7
11 10 9 12
7 41 13 126
-17 448 -460 -325
-48 1 -21 -28
-8 -34 3 -36
56 -41 124 -103
-262 904 424 51
106 69 51 79
23 82 -1 81
-126 85 -266 225
-325 -370 188 63
89 -27 72 -6
58 5 48 11
21 21 -43 -89
114 119 -615 275
-165 -12 -104 -39
-73 -46 -51 -51
1 -70 52 -144
-155 -280 345 155
123 20 78 30
57 33 42 39
13 78 47 110
233 -13 -554 -846
-19 -59 -11 -29
-10 -22 -8 -18
-7 -19 18 10
-76 -836 -936 447
-3 83 -14 49
-15 34 -18 20
-5 -19 68 -62
-337 -266 -441 336
-47 -15 -24 -23
-16 -25 -8 -28
15 -35 31 -63
338 -379 -557 987
10 -45 5 -29
7 -24 10 -21
36 23 97 76
-203 80 203 -167
36 -92 56 -55
57 -33 55 -19
56 -2 248 -99
-717 531 -44 614
75 14 47 8
36 11 33 14
1 108 -78 448
188 -681 -673 505
8 10 2 15
-1 14 -4 12
-18 2 -109 -6
-585 98 -804 -177
-64 116 -56 87
-58 70 -64 53
-152 -32 -293 -186
-330 90 -465 -786
15 -29 8 -22
3 -23 -1 -22
35 -73 170 -152
419 -427 -522 -1077
-107 37 -91 10
-78 -5 -62 -18
-21 -19 -48 196
190 -1033 861 -408
79 -64 82 -30
79 -13 73 5
41 86 -67 122
-125 -491 -118 453
94 17 58 16
40 18 33 20
46 11 140 -36
-352 186 -1259 -419
-125 -109 -63 -94
-32 -83 -11 -73
27 -29 -1 -8
-284 259 201 -559
-104 169 -101 109
-101 73 -103 47
-128 -71 -201 -35
-341 -1445 445 209
113 -79 78 -51
62 -34 59 -23
83 1 114 -63
-100 -162 132 -278
-56 42 -34 24
-28 16 -26 9
20 -44 200 -77
230 396 -1461 107
21 -166 32 -108
39 -74 44 -55
-3 28 -229 121
1273 198 -47 84
-54 227 -77 145
-88 97 -91 61
-68 -43 -86 -114
396 -19 402 -825
51 -109 65 -68
70 -38 71 -20
61 45 204 -35
-516 360 117 851
64 3 56 11
52 21 50 32
16 161 -47 491
-120 -213 -834 -669
-93 25 -90 -5
-82 -28 -73 -44
-29 -171 -165 -353
-196 -210 368 -220
-17 -11 -21 8
-24 10 -28 2
-25 -69 56 -264
-88 548 346 -734
34 -60 54 -51
61 -37 68 -19
66 110 10 275
509 -143 140 -101
108 22 68 28
53 28 42 33
66 52 302 84
-1529 484 640 482
1 11 -6 13
-10 16 -16 15
-91 -15 -311 29
226 306 -349 -37
-149 66 -110 26
-89 2 -74 -15
-21 -90 -18 -231
191 502 -179 -450
114 -124 103 -75
95 -46 91 -22
72 100 98 183
-167 176 -273 149
89 143 31 135
-11 122 -35 107
-175 -25 -202 -175
-143 -136 -618 -686
-123 -84 -75 -78
-47 -76 -26 -76
77 -86 214 -102
1241 330 -379 -1583
-72 -63 -26 -57
-3 -49 9 -40
32 49 23 289
591 -617 426 -202
-12 80 -31 38
-37 16 -36 3
-20 -48 -205 -13
1149 -852 -113 -348
61 61 40 68
23 69 10 69
-95 79 -273 -72
131 -565 202 322
-51 -46 -26 -71
-4 -79 19 -77
221 -18 603 14
-866 -353 -307 281
93 -32 54 19
28 43 7 47
-147 -40 -209 -236
-340 363 -255 -15
-172 83 -125 27
-100 3 -82 -10
-12 -15 84 187
136 -631 148 -782
254 -111 178 -58
143 -27 126 -8
122 59 187 140
-381 333 944 -227
-121 112 -70 66
-52 45 -40 35
-73 78 -326 204
20 323 -61 -585
113 -53 61 -11
32 0 17 2
-17 -91 51 -407
-590 186 -179 411
-3 -6 19 1
25 8 28 18
-15 116 -57 240
163 -168 -476 -684
-95 -19 -73 -22
-61 -32 -52 -41
19 -101 104 -178
57 -600 -951 -390
-82 162 -81 91
-80 56 -81 33
-78 -90 21 -198
-250 -334 363 303
137 -231 126 -157
129 -111 137 -76
219 153 273 502
219 41 -291 -541
44 94 25 81
9 75 -6 69
-118 -12 -226 -240
-941 493 57 1056
-72 51 -64 42
-60 28 -59 16
-64 -21 -63 91
-122 -1056 -105 121
-117 -34 -81 -46
-61 -55 -44 -60
39 -104 26 -164
405 -245 -238 -87
60 -62 53 -40
50 -27 46 -14
54 8 137 -41
134 295 -328 303
68 61 50 56
34 61 25 63
-78 129 -250 297
138 -489 -63 130
-3 -76 -8 -62
-7 -59 -3 -58
79 -126 241 -353
21 339 -125 -493
-30 1 -9 -5
-2 -6 7 -6
68 57 163 287
384 304 -767 -59
-37 19 -13 6
-5 7 0 10
-45 37 -230 36
-263 891 -458 292
18 12 -19 19
-38 13 -49 2
-90 -114 -152 -308
-422 -535 421 611
-3 3 5 -3
8 -3 11 -5
41 -7 129 -98
394 35 -233 769
-73 11 -50 10
-40 9 -37 5
-79 7 -166 12
78 -677 1177 834
39 -79 37 -70
43 -61 52 -53
175 -5 455 -45
-527 623 1275 -354
38 43 25 53
11 55 -3 53
-96 23 -126 6
-39 525 203 398
18 41 24 15
28 9 32 10
66 111 57 396
236 -17 -516 -23
-10 -69 -4 -39
-3 -26 -4 -20
-34 -83 -113 -338
75 994 -846 275
41 -7 24 -7
21 -6 20 -2
37 55 99 197
65 366 -223 -703
68 123 22 101
-4 90 -21 77
-128 19 -275 -83
-132 548 279 -404
-177 -114 -98 -98
-59 -91 -32 -88
83 -70 178 1
57 -653 265 291
-61 109 -56 61
-56 42 -61 27
-109 -83 -183 -284
372 54 -263 266
236 -12 167 10
137 32 122 49
78 248 70 562
-155 -400 -34 -865
-108 -67 -90 -61
-79 -67 -64 -81
62 -281 260 -695
473 495 -1379 625
43 -21 57 -2
60 19 59 36
-5 221 -42 571
-212 475 763 201
12 -123 16 -87
17 -69 16 -59
28 -135 11 -392
597 321 -125 1007
-8 163 -13 104
-11 80 -13 66
-38 135 -85 370
773 -406 -735 94
-87 134 -100 92
-111 60 -115 32
-117 -168 -31 -420
-31 108 -1141 -650
29 -142 55 -91
70 -61 78 -36
79 186 -9 519
-260 -401 757 -11
0 -13 -11 5
-23 9 -30 3
-72 -149 -20 -465
-987 -717 348 573
-113 56 -86 19
-72 -2 -59 -15
3 -28 44 98
660 -924 3 -491
26 90 18 59
9 49 2 43
-42 16 2 -89
11 -139 -75 409
140 -255 122 -171
124 -121 127 -90
214 65 419 301
280 -443 -96 -84
9 254 -11 199
-36 166 -57 147
-237 92 -534 191
86 -770 -702 262
-80 -87 -48 -80
-28 -75 -6 -73
100 -55 153 -61
-172 -511 -426 -876
6 -71 -3 -56
-2 -49 2 -52
62 -85 26 -215
726 141 -949 119
91 16 74 31
57 44 45 52
-61 86 -113 -27
-89 264 -108 -210
-62 28 -53 1
-43 -14 -32 -25
50 -50 247 -35
-169 -616 -167 571
2 -100 10 -57
15 -39 15 -30
18 -38 108 -69
333 229 -664 198
-44 151 -52 86
-54 51 -51 29
-12 -3 6 267
466 -655 -273 427
-10 -66 11 -27
15 -6 12 5
-98 6 -384 -211
591 1092 468 -319
165 10 106 19
76 22 62 30
61 62 272 84
78 -162 -24 -78
-118 6 -80 -8
-59 -17 -43 -24
36 2 48 271
307 -289 -211 -564
-121 44 -72 10
-48 -5 -34 -8
-31 32 -323 103
-104 297 -795 -541
110 -156 80 -87
65 -54 52 -35
2 -80 -53 -487
-265 178 -796 339
24 -31 9 -32
10 -34 15 -36
112 -35 435 -102
240 394 26 -150
33 223 22 170
5 149 -9 138
-133 209 -215 599
-557 -529 -587 -354
-35 -150 -20 -130
0 -116 16 -108
123 -88 83 -99
-690 -36 -381 -286
55 -34 48 4
35 21 27 30
-23 16 2 -83
-1195 785 -409 -262
-6 150 -48 111
-66 85 -83 60
-156 -88 -266 -152
56 -223 -272 -350
-224 -9 -147 -54
-102 -70 -70 -83
56 -105 85 -99
410 -212 733 12
220 5 149 36
109 53 84 66
-30 119 -177 110
513 151 80 416
41 -113 42 -60
40 -38 40 -23
19 5 16 -149
300 126 904 93
-132 -9 -78 -64
-39 -81 -11 -90
220 -65 586 110
179 -169 377 250
165 63 94 89
58 94 30 102
-139 131 -440 194
134 1338 -320 -380
-233 -35 -156 -41
-126 -48 -106 -62
-53 -207 18 -472
16 74 108 563
84 124 58 86
45 76 34 77
-50 160 -94 345
347 34 415 -227
22 -41 -7 -32
-10 -33 -10 -37
38 -85 58 -96
750 -681 -223 408
-90 4 -67 1
-56 -9 -49 -16
2 -98 148 -173
520 595 -314 -273
160 -77 146 -44
134 -15 129 9
88 167 81 373
844 1331 225 174
-39 83 -47 69
-51 58 -52 47
-159 55 -462 249
393 -336 -222 -1094
-42 -99 -12 -86
5 -77 20 -70
126 -55 136 -102
59 -569 -270 286
6 58 -21 44
-30 32 -38 20
-72 -82 -113 -313
268 48 -472 613
18 15 17 19
15 18 12 20
-4 27 110 -15
619 224 -732 -389
29 110 18 84
9 75 -2 71
-65 84 -32 254
9 -171 677 -931
79 -216 84 -153
95 -112 104 -84
153 90 19 256
599 100 -65 -554
-32 130 -43 107
-54 90 -67 72
-140 -44 -124 -251
-1028 -150 -648 72
-97 52 -72 -2
-54 -30 -36 -46
153 -74 524 148
-878 -308 -279 171
38 -95 34 -41
28 -10 17 7
-144 23 -568 75
-48 388 758 -36
-58 -75 -31 -71
-6 -65 9 -58
94 -1 54 62
-202 -403 878 -500
83 69 49 57
29 52 15 48
-41 23 -140 -132
-533 234 -15 -315
-48 -72 -13 -58
2 -52 10 -44
52 -40 138 -177
-264 22 255 307
14 111 -15 89
-32 75 -43 61
-106 11 -113 5
-120 -437 -206 -363
6 120 -3 75
-9 52 -13 40
-18 4 36 -79
255 -330 -940 318
-38 -85 -34 -63
-27 -58 -20 -60
90 -127 412 -125
-49 -158 -48 381
29 73 26 67
13 67 2 70
-161 105 -457 152
739 711 1092 -355
52 -100 33 -69
26 -58 30 -50
66 -32 126 -92
970 -692 -324 -882
-93 -82 -48 -70
-23 -65 -6 -63
101 -40 313 27
323 -613 -39 -128
-9 -35 19 -31
28 -21 32 -12
21 45 -28 98
476 283 418 -13
105 77 56 53
41 43 31 39
37 91 49 211
-29 263 25 -163
-111 -14 -83 -10
-74 -15 -71 -20
-75 -142 -72 -361
-260 167 44 295
88 10 69 19
60 27 52 34
10 138 -5 330
2 -367 -240 171
-97 -33 -59 -42
-41 -48 -28 -53
59 -103 150 -186
-33 44 -611 166
79 150 38 141
10 132 -14 126
-203 136 -483 205
22 -502 -689 452
-12 -167 0 -136
15 -117 30 -107
148 -101 267 -216
189 -863 -568 -19
55 -31 62 -14
61 1 59 15
57 115 119 245
-791 -75 1 15
-88 60 -82 19
-73 -5 -65 -23
-18 -108 -69 -212
-159 211 -602 42
164 71 95 78
55 81 28 81
-106 51 -256 -74
125 -17 -242 387
-174 -181 -89 -149
-42 -136 -12 -125
156 -83 364 -105
-108 -144 530 422
45 193 9 148
-13 122 -29 108
-107 41 -117 25
-59 666 -812 -205
-38 -83 -22 -59
-12 -50 -6 -44
10 -49 -38 -142
382 952 34 -429
-87 181 -93 97
-91 57 -87 30
-67 -59 25 -105
-255 337 183 -563
155 -166 121 -67
98 -23 79 6
-29 50 -94 50
338 -215 490 507
-94 -14 -23 -40
9 -37 28 -31
98 116 74 368
101 -251 605 -543
192 44 105 42
69 43 46 45
-8 12 -87 -161
-599 451 425 -29
-120 -91 -65 -56
-41 -46 -25 -41
16 -35 101 -80
-613 146 -176 -762
-48 87 -48 26
-38 1 -31 -13
20 -37 54 -69
-384 75 58 -84
183 4 120 37
87 52 63 59
-3 64 94 21
-627 16 -958 1099
-67 -47 -35 -37
-22 -34 -12 -31
27 -45 186 -7
-556 620 -372 -468
-197 45 -142 9
-112 -13 -94 -26
-73 -63 -327 82
948 -115 -401 -226
125 -27 83 2
60 15 43 26
-57 25 -278 -206
222 221 571 224
7 -60 29 -50
43 -39 50 -31
117 30 311 -147
567 719 -1030 -380
-3 44 -22 27
-26 15 -27 7
-13 0 78 128
488 -645 -1265 391
-56 -54 -15 -33
0 -23 10 -16
20 54 -42 226
-212 -585 -696 647
15 37 -7 23
-13 16 -22 8
-57 -85 -118 -387
-131 526 -305 12
63 0 51 16
38 26 30 33
-33 98 -8 181
-226 -938 54 140
63 106 20 70
3 51 -8 36
51 -34 361 -89
-597 73 -1419 -495
-196 -60 -124 -67
-90 -70 -68 -72
-2 -96 59 47
-344 -374 263 890
36 69 14 49
7 37 2 32
0 45 -5 260
-533 195 178 -413
41 -198 47 -124
51 -88 51 -65
37 -42 -122 -115
271 692 415 122
26 144 22 97
16 81 7 74
-42 128 -147 262
206 49 -1253 -507
41 -72 22 -56
18 -52 21 -45
83 -84 256 -293
-770 1200 -60 -379
-167 79 -127 41
-109 19 -100 -1
-97 -83 -125 -3
423 -269 -98 124
86 -89 76 -56
75 -35 73 -17
72 65 3 99
655 443 345 539
24 17 13 21
1 26 -8 27
-82 -5 -72 -77
-191 -334 -138 367
105 84 67 65
49 58 39 57
1 146 -55 341
85 -280 -256 -927
-216 -166 -140 -140
-98 -137 -68 -137
126 -242 345 -388
-134 -101 -127 168
235 94 186 91
150 105 120 121
-81 288 -371 505
36 333 -148 625
12 -18 -20 -12
-25 -14 -27 -20
6 -108 56 -312
-685 -360 325 848
-179 15 -126 -17
-95 -39 -75 -49
33 -81 151 -31
-277 -361 -282 -95
97 75 57 89
32 87 9 88
-103 91 -222 187
-704 -311 -360 366
-188 -77 -126 -93
-90 -98 -63 -107
72 -203 152 -408
-12 424 337 -514
49 169 5 129
-17 109 -34 90
-115 41 -159 76
187 -35 176 797
45 -116 60 -65
64 -32 61 -12
-5 90 -108 115
8 -34 637 71
191 -11 142 11
121 28 108 43
65 191 35 393
-577 -616 236 -494
-222 73 -180 24
-160 -8 -145 -37
-80 -247 -128 -529
-96 -688 -98 -812
121 -77 101 -54
96 -37 93 -21
149 85 306 118
-134 217 376 194
79 30 64 34
55 37 48 45
29 118 111 284
-1169 505 -691 254
-100 -64 -87 -61
-76 -63 -63 -72
-18 -178 -81 -290
-556 359 293 406
-242 60 -145 37
-111 23 -93 16
-132 -8 -287 13
-421 -1 42 42
223 143 127 120
79 114 49 112
-125 131 -417 54
-73 -560 -11 -841
2 -176 13 -121
18 -99 30 -89
174 -122 541 -298
-554 -915 -381 -96
-83 9 -45 -16
-25 -23 -8 -23
39 27 48 188
219 149 140 -301
59 122 20 99
0 85 -18 76
-113 30 -219 -12
-478 31 322 -491
120 -73 80 -37
65 -21 57 -8
46 9 118 -5
-235 -323 93 -26
-46 -61 -4 -47
15 -35 28 -24
58 87 -17 319
219 -521 -990 -169
-43 202 -73 138
-91 101 -100 71
-145 -106 -225 -315
-591 153 -235 -764
-94 -196 -45 -161
-13 -142 11 -126
126 -108 140 -209
969 -150 212 843
-73 9 -47 -2
-34 -5 -30 -7
-5 -1 50 8
40 -111 305 101
121 -29 106 -25
100 -10 101 4
125 137 201 294
-298 230 -483 949
-6 -121 -9 -71
-9 -54 -10 -43
-26 -95 -145 -169
177 -338 -371 1376
55 107 32 93
13 82 1 73
-69 75 -149 48
-41 466 -15 118
-112 140 -107 81
-104 50 -102 24
-108 -118 -161 -278
390 -286 -78 23
17 -47 27 -31
31 -24 36 -14
57 43 73 52
533 -50 159 748
150 -141 113 -100
103 -70 100 -50
116 19 170 -117
589 946 251 431
-152 78 -108 57
-91 41 -81 27
-94 20 -111 162
-79 -691 115 789
43 37 6 36
-15 31 -27 24
-89 -113 -103 -426
473 33 -324 440
-35 15 -4 2
11 3 17 6
49 119 89 372
639 -589 495 -27
-9 -60 -13 -62
-3 -67 11 -68
167 -42 265 -37
121 989 -45 -472
19 -22 42 8
40 29 31 43
-109 78 -310 -43
-682 683 -190 1380
48 47 14 42
0 39 -12 33
-58 9 12 -49
-882 -139 -209 -602
-13 -73 -11 -78
-1 -84 12 -85
193 -103 393 -147
479 858 -242 -483
132 63 98 83
69 94 45 107
-162 135 -233 108
-1227 916 555 670
-159 0 -111 -22
-86 -36 -67 -42
-5 -68 -8 60
370 -584 -147 -652
152 -10 100 4
80 11 68 18
44 56 -67 76
822 -127 -530 614
-121 20 -75 -10
-48 -24 -34 -28
47 -12 114 -4
-374 332 -545 -173
128 -163 106 -67
91 -27 78 4
-28 99 -149 101
-925 105 -314 398
-62 228 -75 140
-81 91 -89 60
-56 -86 102 -160
-1117 -517 -494 187
-95 -6 -74 -11
-63 -19 -57 -31
-11 -132 102 -229
-271 645 460 -463
29 -168 53 -115
66 -83 76 -55
83 94 33 291
312 639 -15 69
6 20 -1 1
0 -5 2 -12
32 -16 9 39
-16 191 -61 -400
59 -8 35 18
20 24 10 26
-71 -14 -166 -202
144 538 88 556
-11 116 6 80
7 68 5 64
-31 176 -29 439
-927 -554 71 -368
23 -39 -1 -24
-12 -21 -14 -24
-13 -123 37 -397
-1160 -143 188 275
14 -27 22 -5
20 4 20 8
36 31 232 116
-238 112 -1163 -802
-180 116 -148 59
-130 21 -122 -2
-124 -126 -249 -84
530 -727 361 -380
137 -116 111 -64
102 -36 95 -14
133 106 170 312
220 106 -386 -817
-55 23 -27 -1
-15 -5 -8 -6
-55 1 -363 -169
379 587 166 571
27 41 -8 35
-26 25 -34 14
-7 -99 271 -245
-694 -779 -7 -99
89 -76 86 -30
81 -8 78 12
25 160 -64 391
27 58 281 -708
-154 55 -103 8
-81 -11 -64 -24
-54 -65 -183 -117
-489 -1429 416 688
119 37 51 31
22 21 9 12
85 -113 422 -306
14 -369 -1118 567
42 103 37 111
19 116 2 118
-190 211 -490 541
101 -322 200 -1064
-181 -203 -100 -178
-53 -163 -18 -153
139 -169 134 -380
319 -57 239 -958
153 78 105 76
78 79 59 86
-33 190 -83 318
-806 -463 -46 -944
-209 61 -162 0
-132 -36 -113 -65
57 -237 347 -406
-1196 -316 295 -330
122 -122 89 -70
71 -44 63 -24
16 32 -107 99
411 242 430 289
-9 139 -15 102
-25 85 -33 72
-119 25 -214 -94
365 107 -379 -406
0 -123 12 -87
23 -71 34 -60
130 15 345 96
-169 211 564 -1303
-73 18 -53 -3
-45 -14 -37 -25
-17 -40 -117 58
97 -666 60 150
68 -8 59 6
48 18 38 28
4 14 173 -155
-1142 590 -29 350
14 -13 10 -10
15 -9 15 -5
38 43 94 243
311 333 -565 -582
108 103 52 91
21 83 -1 75
-110 47 -300 163
-83 -617 -210 68
-162 -116 -62 -89
-23 -71 3 -56
46 30 -4 58
-731 -81 148 -311
20 95 -32 56
-50 29 -59 8
-50 -153 -34 -393
174 -161 -603 -702
120 -55 101 -23
91 -1 85 17
60 161 68 377
-189 -559 186 -115
-96 -58 -72 -57
-54 -58 -42 -64
36 -166 173 -358
-354 -146 -214 265
48 35 33 35
27 32 24 34
-12 93 -57 249
309 -100 120 497
