0 0 0 0
0 0 0 0
0 0 0 0
0 0 0 0
0 0 0 0
0 0 0 0
0 0 1 1
0 0 -1 -1
1 0 -2 -2
-3 -2 0 0
-5 -4 2 1
7 7 4 6
92 2 95 -10
52 -42 -5 -79
88 -17 -4 -10
-111 13 -176 52
-60 -78 -28 -23
-3 56 -7 95
41 77 51 105
7 35 -59 -106
-42 101 -89 133
-110 89 -84 21
-124 91 -82 79
-2 44 60 10
-104 54 -70 1
-45 -39 -43 -28
73 97 41 14
-24 -50 -79 -79
27 -16 -54 -5
-127 1 -149 6
-149 96 -176 56
-162 6 -117 -31
37 -98 59 -56
75 26 88 104
148 -114 130 -65
112 1 98 48
113 -22 108 -57
53 -51 -33 12
168 -103 127 -168
40 -161 -16 -112
-72 -66 -142 -15
-116 30 -16 55
-190 137 -144 101
-64 35 -25 -26
73 -26 91 -92
35 -131 -42 -110
47 -6 7 29
1 107 39 168
-169 -138 -132 -34
-56 88 -2 166
44 -96 47 -104
19 -70 -13 -14
10 -27 -49 -11
-93 37 -105 101
26 147 18 100
-1 72 -13 73
-27 -71 -38 -81
-6 -37 55 34
-60 7 -21 18
20 49 14 76
96 -91 146 -96
117 -79 45 -48
50 38 18 16
6 -1 34 7
30 20 7 -31
1 -35 1 1
-35 -52 -58 31
-92 119 -128 152
-159 100 -120 116
-71 77 -16 6
4 -60 -62 -32
-88 -4 -59 7
-18 -106 0 -60
36 -19 46 2
-41 30 -11 38
-21 30 -58 1
-79 -31 -103 -4
-101 -17 -63 -74
82 -81 109 -38
132 -26 126 -39
-101 -14 -72 -6
-9 -9 71 -18
-8 8 -31 -5
-3 -38 45 -78
-127 30 -107 53
-39 64 49 67
-33 -25 -84 26
-85 75 -54 77
94 -36 142 14
143 13 84 -33
96 96 103 77
56 25 -8 -23
11 -39 16 -23
7 0 -18 15
12 68 21 78
-18 33 -81 -54
-94 51 -96 17
-82 -64 -51 -117
-9 25 35 -71
70 -108 64 -63
-25 -59 2 -21
1 57 -27 109
-76 -87 -44 -59
-11 -56 16 -82
-40 75 -80 75
-99 30 -90 -30
-21 -23 5 -53
41 -88 66 -110
32 17 2 37
-51 18 -93 -44
121 -75 26 -58
-71 -59 -111 -50
-29 -104 -74 -103
-88 -33 -70 55
-38 -127 -15 -20
28 83 64 110
40 -29 129 -52
191 -96 165 -119
-7 -65 88 -74
92 -27 5 49
40 -1 25 6
-29 -2 -65 -36
67 61 19 29
-19 -13 -37 -17
-30 -46 4 -71
31 -34 37 23
-115 -154 -138 -94
-134 -50 -87 -60
84 -41 -30 -43
-120 -60 -149 -55
-30 24 -29 49
-10 99 17 124
125 65 128 105
87 60 13 -50
148 172 122 118
38 -4 -46 -115
2 4 -33 61
-44 129 -19 179
-8 -128 -31 -74
-47 2 -57 47
32 82 4 47
-28 -42 -35 -137
-28 24 -52 -38
-48 -97 -30 -95
-68 18 -53 -47
-44 -72 -46 -61
135 30 119 115
68 179 16 179
-2 -6 -30 23
-54 38 -68 48
88 -34 108 -124
79 -172 8 -157
77 160 138 165
143 153 99 131
-36 -15 0 -66
24 -103 28 -110
14 -60 15 -45
6 -18 -11 12
23 -33 80 -81
127 -111 141 -106
12 -58 46 -99
60 -104 39 -77
26 -70 85 -59
105 -43 76 -31
152 187 141 103
53 -22 -60 -100
109 75 36 -33
-62 -69 -116 -8
77 -37 33 -20
-13 21 -38 16
75 -101 0 -32
-85 -29 -120 -73
37 150 -67 97
-124 16 -98 -26
25 92 -32 41
-59 38 -57 89
-19 18 -13 -8
-17 9 -31 35
-45 -69 -21 -22
7 18 32 17
-7 37 -24 73
-53 55 -85 0
59 41 46 10
29 -17 46 -9
30 -1 -20 -54
-17 -95 11 -113
-96 114 -65 63
-45 2 -48 -14
57 -29 1 -59
-62 -24 -82 41
-5 -97 -36 -48
-29 18 3 65
-18 44 20 33
51 23 48 14
48 -53 70 -22
71 22 61 59
-69 54 -61 37
-27 -8 -3 -64
-18 208 28 166
29 59 -6 -44
22 41 -34 -6
-59 -51 -22 -65
85 1 83 -27
80 -74 40 -131
-8 -38 29 -6
-5 -5 -75 -11
143 42 59 -53
-54 -132 -115 -148
35 -9 -28 -76
-50 -108 -24 -77
33 91 55 -28
62 -111 29 -111
-40 -32 -1 -90
19 -90 25 -46
-30 -79 -60 -74
-71 -40 -61 18
-54 -58 -49 -194
-9 -255 53 -205
-100 -39 -84 -54
-23 3 33 85
-71 -84 -47 -22
-25 35 -16 32
-80 3 -75 109
-40 169 3 168
-109 29 -37 34
35 27 57 1
31 -51 62 -43
39 -43 -16 -39
121 -43 72 -90
-3 -80 -53 0
129 39 97 -6
53 -9 24 -4
87 -66 17 20
-44 75 -56 69
79 33 74 80
85 92 83 70
-70 -30 23 -31
88 -34 89 -34
34 -82 98 -122
124 -143 92 -130
2 11 69 -42
73 -59 11 -12
-9 12 -20 -49
-61 -39 -93 24
-98 -11 -116 -1
-93 13 -41 13
-37 146 13 56
69 -75 97 -168
167 13 146 -63
76 -115 -1 -108
68 94 12 74
-43 51 -68 36
-73 33 -40 41
37 70 132 102
-100 86 -101 124
-47 118 2 60
-44 3 33 -40
53 -82 -2 -72
106 -165 102 -165
43 -55 -13 97
160 -47 174 -3
176 52 158 74
-35 -33 -63 -78
-97 -105 -116 -82
180 64 143 23
62 13 -24 28
59 94 4 133
-94 156 -176 146
71 -67 44 -54
-11 -25 -61 4
18 -113 12 -87
-21 -33 -57 19
48 -32 64 -59
66 -83 49 -83
25 107 78 5
102 -93 80 -124
-15 54 18 1
33 -21 26 0
32 29 9 -9
-36 -20 -79 10
3 102 -10 20
-12 -25 10 -19
-76 -108 -71 -93
-28 -38 15 13
-26 -23 34 -3
54 -11 5 -47
52 69 120 64
125 31 90 1
57 72 -4 34
-52 -15 -63 -57
33 70 18 97
-12 91 -47 55
-2 -61 -77 -65
-157 -86 -176 -121
4 -26 -74 24
-68 40 33 22
-86 -61 -136 -45
-77 -25 45 0
-141 13 -139 12
-72 21 -6 28
-61 20 14 63
52 72 28 33
28 110 5 84
-66 1 -137 -76
-60 99 -94 39
-117 -9 -97 -11
-41 -185 -67 -193
-30 -121 46 -14
-50 -95 18 -28
94 54 114 85
44 -1 28 95
-56 143 -151 120
128 89 92 164
34 183 0 131
27 74 -22 123
-65 114 -76 67
-58 53 -88 -22
-55 -104 30 -136
-33 -25 17 -105
83 -141 103 -109
60 -23 69 -65
29 -91 -19 -98
67 39 0 17
-43 -21 -30 -46
65 117 16 90
-24 43 -39 -1
142 -13 100 -52
43 -66 3 -29
54 13 63 -28
60 -35 37 -30
76 -52 124 7
126 52 80 70
6 3 13 -38
-2 -76 -13 -92
74 -1 -1 10
-49 19 -37 17
-100 74 -129 122
-91 126 -13 74
-29 -180 -42 -198
-14 -204 43 -170
-38 50 -35 -13
13 -50 56 -55
-11 -86 87 -17
147 57 130 83
45 -103 49 -7
19 62 -18 53
112 -13 118 118
95 172 45 130
25 82 62 86
63 33 36 -40
43 -58 49 -49
47 -49 43 -61
113 -73 150 -17
163 40 138 81
-108 44 -83 27
-37 20 15 24
22 -11 14 -57
22 -76 34 -58
114 39 114 50
74 45 14 5
135 15 139 38
129 3 121 -46
-27 107 38 9
122 -89 161 -144
-132 13 -90 82
-64 121 -63 104
89 -88 53 -39
8 9 2 42
-108 -86 -163 -95
-115 -73 3 -33
-73 -138 13 -122
127 -55 187 26
152 -52 133 -15
31 17 -102 10
61 -52 -9 -11
-96 28 -126 60
8 -77 -21 -61
-18 -22 -2 10
-87 16 -40 19
-6 15 -5 11
-11 -39 -53 -16
-102 35 -121 82
15 -87 -24 -39
-59 9 -71 18
147 125 71 147
-50 83 -160 -27
-22 116 -18 100
-22 58 -19 20
-65 -32 -113 5
-143 13 -136 -19
66 26 49 -69
31 -179 13 -209
-20 47 11 -41
23 -49 24 26
182 4 99 19
3 79 -57 131
24 -30 72 71
117 164 121 186
-50 55 -9 106
3 96 -11 35
86 33 26 21
-46 -3 -91 -17
13 -34 36 -8
60 12 74 -6
-84 11 -57 82
-23 98 -2 72
77 -21 53 -66
18 -66 -6 -14
-139 -15 -88 38
21 103 130 119
-32 26 -40 56
-53 33 -71 -13
93 92 35 22
-33 -35 -64 -40
-91 -15 -102 -8
-81 35 -44 79
22 -8 -9 63
-45 133 -57 160
-10 87 -48 103
-29 69 55 -8
-46 103 -109 93
-83 28 6 -36
5 73 19 18
63 -28 96 -35
56 -72 123 -78
150 -59 109 -32
1 35 67 38
111 27 127 14
52 96 28 66
-6 32 -49 11
-33 74 -34 43
-31 -4 11 -38
1 36 -154 -15
-204 -40 -121 -17
-60 25 -86 2
-8 -7 119 -12
-54 -24 -69 -38
-51 -46 -38 -36
57 -28 45 -23
-25 12 -116 61
-1 -12 -55 -63
-117 -102 -131 -117
-2 -133 -55 -135
-82 -93 -79 -23
-8 -155 -14 -154
-29 -86 -45 19
7 -103 13 -159
21 -150 30 -107
-57 -110 -50 -29
-22 34 7 40
-30 83 -9 80
23 11 50 -80
7 -3 19 -37
30 -66 27 -55
-8 -28 11 -48
20 -34 20 2
59 -2 39 -6
33 0 53 13
-81 -18 -78 -40
-3 -51 97 -54
-99 44 -34 73
63 82 118 65
48 -33 94 -28
77 -46 7 -82
233 40 165 44
14 28 -125 24
-13 -80 -62 -132
-84 -120 -53 -58
-68 -124 -63 -154
-25 -160 3 -147
-49 -9 45 -45
113 -69 128 -52
-1 51 -37 54
-65 67 -58 60
-66 2 -101 11
-71 -19 5 -59
-38 -43 -17 -92
9 -93 11 -36
28 37 -17 64
-86 106 -130 128
90 -12 74 3
56 40 35 92
-22 -72 35 -116
58 -105 34 -46
-18 15 3 -62
34 -82 78 -23
-55 -133 -30 -212
30 -187 71 -86
-26 -2 26 -6
52 20 42 56
-7 25 -49 17
-96 22 -115 28
41 -73 1 -43
-18 -2 2 20
-15 -79 -10 -9
22 67 56 117
-42 54 -61 12
-81 -45 -100 -92
-43 32 -24 -1
-20 -16 -34 14
21 -73 54 -119
58 -108 36 -61
-5 20 48 -20
96 -63 114 -78
7 93 7 23
8 -42 19 -73
-42 3 -52 39
-25 71 -4 86
-32 86 81 88
123 78 74 67
131 -16 122 -44
71 -48 30 -32
98 59 97 100
100 117 101 100
13 15 -22 -2
-51 -18 -54 -18
-44 -151 -67 -153
-53 -122 -9 -89
36 -22 20 5
15 10 22 4
36 -24 18 -29
10 14 12 87
-11 -128 -13 -102
-5 -35 17 16
129 24 88 43
46 13 19 -54
-3 -46 -5 -38
0 -25 -2 13
-121 26 -60 -18
14 -27 70 -10
61 -98 32 -87
11 -41 10 23
-48 22 12 9
96 7 143 -1
-29 -36 14 -5
18 -1 -15 -19
18 42 -8 9
-31 -31 -30 -50
-7 -53 -11 -62
-24 -46 -46 -16
45 -24 -1 -5
-73 22 -126 38
-56 -26 -58 -3
-19 3 57 -21
-104 6 -131 28
-102 0 -60 -52
-59 170 12 143
62 79 72 34
65 100 32 11
-13 -56 -45 -63
-27 35 5 -39
49 -84 76 -72
-82 71 -14 -19
73 -92 139 -118
-48 63 -71 29
-54 -22 -2 -66
60 51 -26 65
-90 65 -115 55
-136 68 -107 64
-39 21 34 -49
-178 93 -162 115
-100 91 -25 44
28 -94 2 -47
-40 -1 -88 8
-41 81 -81 101
-106 63 -74 8
-32 32 -88 -39
-83 -72 -45 -46
-44 -72 15 -58
43 -26 25 -11
39 13 44 39
37 30 32 -1
12 -12 14 -45
12 -68 1 -60
3 16 9 -35
22 -69 46 -72
-82 -54 -39 -32
58 21 148 76
-177 -44 -108 12
10 55 110 37
-26 -124 -8 -70
16 -53 21 -67
3 51 32 72
30 80 -6 83
5 -23 14 -91
-8 -148 -31 -160
98 19 8 -5
-60 11 -45 65
88 1 -16 44
-53 104 -26 128
-102 -18 -93 -1
-67 -1 -38 -7
206 -6 126 -33
10 -39 -82 -28
-42 38 -47 104
-14 139 61 114
19 -65 -35 -37
-41 -32 -12 -43
-48 46 -25 50
17 31 48 1
1 112 -24 89
-64 14 -95 -77
118 41 73 52
3 41 -60 32
37 3 107 -20
132 -32 93 -29
-97 139 -66 91
-63 12 -77 -57
79 -16 86 -10
82 13 76 40
85 -127 73 -44
52 44 33 74
52 11 37 28
26 -22 21 -107
49 147 83 116
92 43 64 -3
-40 81 -77 4
-116 -36 -115 -14
62 6 -26 -50
-92 -86 -117 -114
-122 -92 -149 -11
-172 39 -163 39
96 52 -35 72
-148 49 -173 -1
9 83 -48 98
-77 68 -74 13
42 55 11 25
-38 -35 -69 -82
2 167 -61 149
-90 118 -50 99
128 -133 21 -152
-43 -95 -29 11
-29 -96 -98 -129
-115 -104 -95 -53
4 -9 51 48
56 111 12 143
-15 -81 -12 -52
-37 -18 -71 0
81 206 89 214
50 159 -9 62
-57 -42 -110 15
-124 43 -71 27
-23 35 15 52
102 5 162 -70
-141 46 -39 -48
57 -143 98 -169
11 23 28 11
50 21 76 39
90 71 33 64
-21 25 -50 -25
-36 64 -24 83
19 109 69 139
-82 -132 11 -99
120 -18 185 49
-38 2 -85 70
-100 100 -61 70
100 52 85 69
94 48 99 6
65 -131 121 -68
123 26 60 102
-78 -44 -66 -13
-80 11 -107 8
-64 118 -67 100
-74 42 -66 -26
-3 8 22 28
74 16 119 -21
-97 29 -55 21
2 -12 44 -30
-58 96 -35 27
27 -17 97 -9
-52 62 -61 43
-78 47 -119 74
104 3 128 -80
87 -124 26 -116
-96 -175 -177 -160
-217 -96 -188 -20
44 -9 68 0
109 18 138 39
-12 -39 4 -43
6 -8 -15 37
82 -43 63 8
9 35 -47 8
-25 40 -16 72
16 53 66 11
-24 9 -10 21
22 49 38 77
-33 64 -17 101
-2 105 16 63
-48 33 -29 25
41 1 120 -12
-67 -94 -20 -75
35 -18 58 34
16 -76 -39 -6
-99 66 -115 108
126 76 111 70
110 54 115 27
7 -80 42 -95
50 -112 22 -119
54 117 9 117
-34 86 -27 38
50 -41 9 -40
12 -43 41 -35
50 80 46 29
7 -14 -60 -30
53 -43 56 -37
26 -27 -5 -28
-62 27 -81 54
-66 45 -21 7
-4 33 -20 -14
-34 -76 -54 -98
21 40 50 -78
49 -141 25 -115
-16 -212 7 -217
46 -144 93 -41
49 -21 19 -24
2 -17 -3 -5
37 -106 14 -114
-5 -74 -3 -3
-16 -154 -35 -151
-31 -84 -13 -3
9 -136 23 -79
26 -11 12 15
-51 94 -39 145
-26 127 -14 53
54 -7 63 18
53 51 28 98
51 -20 44 -77
25 -99 12 -96
-65 34 -67 74
-40 93 -10 90
57 74 140 55
151 25 66 0
8 -74 44 -81
15 -62 -37 -23
-8 52 13 70
47 76 79 53
92 -22 94 18
54 58 -15 93
41 -138 22 -126
-1 -55 -8 21
-49 -76 -1 -59
34 -66 15 -102
10 78 43 60
9 1 -52 -60
77 -58 17 -31
-41 13 -63 63
-52 -19 -66 -19
-83 -3 -103 8
-46 -19 -58 -27
-82 -50 -93 -70
24 150 -5 129
-49 90 -89 65
144 44 103 35
-9 47 -129 68
202 -72 190 -59
127 -18 54 24
-16 5 65 17
129 23 132 16
59 -40 67 -64
7 -81 -71 -67
226 110 137 0
41 -96 8 -116
-12 -31 -30 -136
6 -140 62 -34
-50 -27 -31 -11
6 46 32 65
-6 113 45 195
80 167 77 50
114 -4 129 -25
96 -60 32 -70
-69 25 -35 30
-11 41 -14 51
23 61 40 75
10 79 -39 63
59 46 -5 80
-75 68 -99 20
189 151 139 63
74 -56 24 -119
-119 -101 -122 -194
-76 -197 -9 -114
-44 -13 13 33
48 78 17 73
65 -1 68 35
-33 36 -171 23
148 124 46 64
-109 -1 -209 -38
63 9 26 -34
-1 -72 -7 -79
-120 8 -71 -21
-1 -39 52 -49
-62 -54 -47 -40
-26 -51 -14 -72
-26 187 -41 161
-55 111 -50 69
-4 -6 -35 40
-28 93 10 118
-91 122 -53 132
-1 91 26 15
-12 -26 14 15
24 55 16 88
-92 -117 -68 -150
-25 -148 6 -123
-79 46 -8 74
53 84 62 69
-22 43 14 44
18 13 -2 -37
17 77 -7 71
-19 29 6 -20
-34 -48 -94 -88
-67 -110 37 -96
-149 -25 -140 -31
-45 -31 55 -46
-100 -73 -63 15
-43 72 -49 80
62 64 5 38
-52 1 -65 -13
19 66 28 0
46 -30 43 -5
40 -74 104 -112
93 -98 3 -52
86 -43 153 -49
137 -43 64 -40
89 -85 103 -39
86 -16 50 -40
-110 73 -117 98
-117 40 -105 -60
-8 7 -49 -5
-63 -20 -33 -15
68 -36 99 -19
127 24 112 63
23 -38 82 -37
92 -19 58 10
-10 7 9 -16
38 -12 64 12
59 -19 58 20
20 73 -49 102
-21 -9 -70 48
-135 99 -153 119
39 -55 -4 -81
-8 -91 21 -86
-58 -90 -25 -40
11 15 19 35
2 -68 22 -22
-1 -10 -63 -32
26 100 83 95
94 68 77 39
31 -10 -17 15
-34 37 -3 40
27 52 29 47
61 43 97 60
-50 38 -71 35
-64 81 -29 140
-119 103 -123 87
-60 28 29 -63
-21 92 12 55
34 -25 14 -86
-58 50 -55 39
-67 31 -63 30
162 24 79 5
-7 -13 -58 -22
66 -18 79 -48
76 -79 51 -95
-8 135 43 81
67 -7 49 -74
55 52 98 22
99 -1 64 -9
156 146 117 184
28 160 -66 77
-51 33 -58 3
-52 -52 -26 -89
-2 -112 25 -75
49 12 41 91
-4 -105 41 16
52 94 24 61
-18 81 47 149
99 118 109 34
-55 -37 16 -63
68 -61 72 -30
22 36 -12 40
-46 0 -40 -81
-7 74 -64 52
-56 -8 -4 -42
-109 -1 -15 -46
83 -58 116 -38
9 119 22 124
-26 107 -104 78
24 -63 10 -43
-1 7 24 54
-51 -86 -99 -74
-82 -58 -16 -46
-14 58 11 24
65 -12 101 -26
-14 -9 15 -26
2 -43 -52 -51
119 -10 61 -55
-29 -75 -76 -38
-77 -20 -147 -119
-151 -163 -90 -137
118 171 61 94
-20 3 -89 -47
74 -1 87 -50
91 -71 84 -68
-18 -79 12 -85
6 -118 -37 -157
8 118 -65 78
-145 13 -172 -36
-19 -27 -6 6
34 53 69 95
-115 -64 -95 -69
-74 -52 -65 -37
-15 25 18 50
56 18 96 -58
-10 69 -62 79
-71 59 -29 36
-13 -88 -72 -75
-83 -51 -51 -39
-10 81 11 80
43 34 56 -24
-28 -27 11 -67
32 -83 19 -64
-18 -127 41 -90
86 -28 90 19
-78 23 -21 9
2 -12 -30 -16
1 -16 30 -32
25 -2 13 52
-30 -3 -38 10
-16 10 22 -17
-10 -12 -59 -21
-111 -48 -139 -61
-21 103 -81 65
-85 26 -8 4
9 -52 -14 -22
19 11 57 15
-21 66 -10 120
-24 105 -47 29
-14 65 -56 52
-63 -5 -23 -60
0 64 7 23
18 -33 11 -75
21 7 15 44
-10 81 -29 104
-93 -40 -134 -41
-120 -31 -54 -9
-198 47 -221 23
-162 30 -62 70
-71 -73 -26 -64
32 -20 65 18
-18 -71 -64 -86
-119 -99 -139 -103
43 -87 -42 -47
-87 10 -71 55
-162 50 -109 60
-1 45 100 14
-13 106 -45 60
-71 -6 -77 -57
114 17 82 21
48 18 30 13
50 -39 44 -52
12 -44 -34 -14
146 -30 89 -86
-5 -123 -76 -125
-30 95 -12 47
43 -2 109 -14
-92 75 -108 4
-112 -44 -120 -53
21 -41 50 -80
47 -121 15 -143
-52 87 16 39
57 -28 36 -70
-33 45 75 53
131 68 122 79
-87 -75 -116 -95
-113 -114 -77 -122
-1 48 46 -51
72 -157 39 -199
59 44 94 -11
61 -27 0 10
27 -114 25 -143
59 -111 115 -35
-62 94 26 23
130 -44 164 -85
3 33 106 47
132 50 57 42
-7 29 40 33
41 36 30 43
111 19 30 -4
-44 -9 -80 -6
-92 -173 -90 -121
-65 -50 -24 3
-35 -17 -61 -79
-73 -143 -70 -165
108 38 52 0
-47 -3 -138 34
82 -69 36 -84
-14 -69 -18 -34
-118 -75 -146 -126
-101 -103 -23 -1
-26 -140 14 -161
32 -77 10 32
61 -30 14 26
-52 36 -89 -25
24 116 68 132
135 86 189 26
162 -35 195 -9
173 31 87 56
67 3 100 26
93 23 70 1
-130 93 -151 59
-112 2 -36 -52
25 -29 85 -25
146 -29 171 -35
-9 20 15 71
62 115 111 132
-104 42 -62 15
8 -23 41 -34
-76 122 -36 33
-25 -2 -30 30
67 -105 43 -44
40 47 58 98
-11 193 3 190
6 123 -17 49
34 75 2 -11
-42 -47 -52 -5
79 48 47 50
33 81 33 88
12 -102 2 -3
-34 44 -84 6
136 -1 104 19
19 -12 -61 -58
106 108 87 165
54 193 29 173
-73 99 -42 92
17 19 70 -70
-82 78 -63 -56
-46 -158 -53 -144
-15 11 -41 -36
-79 -7 -82 57
-33 10 -94 57
-84 84 -9 67
8 -14 32 11
79 17 106 -1
-33 65 18 102
62 88 66 35
100 96 153 55
135 -7 55 -34
102 -73 121 -118
101 -73 62 37
-93 -56 -104 -24
-106 31 -100 50
66 41 45 40
3 -12 -29 -78
-43 25 -126 65
-176 100 -156 112
-7 50 -53 99
-42 97 19 38
-106 -21 -97 -50
-55 -94 -25 -111
33 -37 59 -25
42 20 6 74
-41 -106 -149 -113
-212 -100 -184 -83
17 6 12 45
39 82 66 97
-1 -33 34 32
52 83 43 81
-11 -7 -49 12
-84 -14 -93 -62
9 85 -8 40
-28 -9 -61 -28
61 -79 199 -56
262 -6 223 35
13 28 -6 51
-33 49 -31 26
-72 -30 -111 -46
-99 -34 -57 11
162 3 160 26
76 72 -64 96
43 -54 65 -11
34 1 -8 -31
-77 -15 -122 10
-144 9 -137 -7
-42 -18 4 -32
53 -59 89 -84
41 40 15 13
-8 -32 -18 -69
10 -43 27 -102
69 -172 123 -219
33 24 38 16
53 -26 46 -84
63 -24 126 47
128 68 69 31
5 110 -33 118
-80 72 -97 12
-166 -41 -199 -87
-156 -105 -58 -88
45 -49 37 -4
29 32 9 30
166 -108 180 -84
143 -56 74 -30
-11 -108 35 -96
74 -56 88 -22
80 -53 74 21
36 76 -11 82
-5 10 -103 5
-185 -27 -194 -62
55 118 19 93
-6 47 -19 4
-34 -53 -44 8
-53 69 -35 99
48 -84 -31 -106
-62 -122 -31 -121
-21 -50 -6 -41
47 -7 103 35
16 -36 7 -25
3 -13 -5 -16
41 -50 68 5
78 68 73 115
47 -39 -17 -43
-98 -36 -164 -33
32 -2 12 31
-40 45 -92 28
-70 -87 -39 -67
2 -55 40 -52
16 41 47 104
73 147 73 134
13 63 21 156
0 167 -46 97
-92 -2 -63 -57
-15 -84 58 -28
-31 -57 -71 -120
-53 -83 -10 7
-148 -11 -103 14
-36 35 23 37
-12 44 1 12
41 -14 78 -23
-140 -38 -113 -12
-90 12 -101 11
8 -50 50 -35
50 -39 30 -60
-38 -126 -104 -88
-154 -32 -164 22
98 71 97 90
63 98 11 88
-5 -121 -11 -166
-25 -166 -24 -115
-83 -57 -140 -55
-135 -16 -64 30
85 -19 59 24
46 70 42 94
5 -27 -49 -13
-88 9 -87 21
-52 -64 -59 -36
-22 1 40 39
36 9 91 -35
149 -65 161 -76
-53 -108 16 -88
63 -53 60 -16
-88 33 -50 16
2 -14 55 -43
-130 19 -184 16
-190 12 -149 5
-65 -101 -159 -25
-220 57 -205 94
79 -3 3 35
-40 41 -28 18
18 47 31 42
66 47 94 68
8 3 11 20
3 55 -10 76
135 -46 143 -74
115 -130 60 -193
62 -6 61 -43
18 -110 -32 -143
93 16 37 -99
-11 -173 -14 -157
-77 18 -127 -86
-137 -160 -114 -178
-1 69 -7 57
-29 38 -51 19
156 30 172 93
168 134 149 121
3 -19 14 24
22 27 14 -6
-3 -2 -30 -21
-56 -31 -53 -3
-37 46 -73 -12
-53 -50 12 -81
-103 -42 -119 8
-95 0 -53 -54
8 62 -9 77
-27 78 -36 79
36 54 -4 78
-66 66 -122 -2
15 96 39 107
51 45 60 -32
106 29 85 15
27 33 -58 75
108 -147 155 -84
136 23 84 109
-44 54 -49 50
-7 14 70 -56
-225 11 -193 67
-86 65 13 14
-68 -3 -5 16
16 13 -29 2
53 -146 117 -159
134 -123 108 -53
-40 -55 3 -70
47 -69 67 -56
24 196 2 158
-43 69 -89 -33
67 36 45 64
13 62 0 40
46 -24 63 -17
88 -5 101 10
-111 17 -110 23
-89 36 -65 53
-52 32 -7 -23
43 -52 70 -39
35 -210 57 -247
44 -191 -5 -63
40 174 67 70
65 -36 47 -101
37 -61 38 -133
30 -144 23 -75
25 -2 -32 -1
-72 26 -60 47
-54 13 -134 -52
-163 -97 -137 -71
48 -30 27 -92
-13 -53 -46 51
39 56 -11 46
-46 22 -33 -21
63 75 -40 75
-131 65 -163 59
37 -68 -15 -17
-15 59 46 109
-102 -70 -72 -22
1 10 53 -6
-8 136 -17 230
-53 232 -96 146
-48 86 -39 59
-23 -4 -2 -49
12 -66 -8 -119
-34 -107 -57 -38
-72 -145 -52 -155
-3 -134 69 -116
109 46 26 67
-35 30 -56 -38
-89 1 -21 32
79 75 146 127
-32 -18 47 -36
62 -19 -14 6
127 -71 168 3
119 77 35 95
-18 3 -39 108
-36 142 -9 85
-79 -36 -28 -51
36 -74 64 -66
18 -91 71 -108
86 -55 62 36
133 55 130 68
105 91 74 99
-81 -110 -86 -72
-58 1 -8 77
3 20 -13 -35
-5 -77 22 -94
7 -27 15 -33
48 -26 83 -15
30 -69 39 -4
21 58 -24 78
161 -27 103 11
0 41 -77 62
4 -29 37 -62
112 -50 184 -7
-91 73 -7 117
88 122 128 63
-19 -30 4 29
0 56 -39 57
-66 -74 -56 -46
-66 6 -65 48
-3 -25 -105 12
-166 42 -155 45
39 -75 34 -26
17 36 -19 82
15 -72 22 -86
0 -89 -19 -86
93 52 80 70
71 74 73 67
99 90 89 88
62 66 21 35
13 32 15 -9
12 -40 20 -36
83 13 16 19
-38 56 -55 91
-28 -76 -35 -51
-4 -27 51 -11
-40 182 -4 119
49 39 72 -3
-3 1 29 -47
31 -46 10 1
53 8 42 -27
31 -62 24 -94
-13 55 72 55
143 27 154 -3
64 20 97 6
87 -22 47 -61
-56 51 -48 84
5 67 91 22
-27 38 -46 27
-19 42 23 95
71 9 99 -20
129 3 141 49
64 -91 95 -118
105 -102 78 -48
52 21 78 -21
83 -48 77 -63
12 -113 -47 -68
-82 -3 -66 62
74 15 22 -28
7 -69 26 -110
-117 69 -44 115
57 114 123 85
2 121 33 84
44 24 30 -38
31 24 23 27
9 2 -2 -25
19 1 24 -39
16 -38 -4 12
57 -81 66 -63
49 -11 16 18
-36 37 9 95
47 92 55 40
38 81 69 9
59 -92 13 -163
-48 0 -49 -68
-35 -125 1 -125
6 92 35 41
91 4 132 -8
-75 13 -43 -25
-9 -82 4 -131
-53 81 -33 41
-8 -8 5 -27
0 -107 17 -62
-3 23 -50 78
47 -55 -39 41
-133 79 -163 44
0 57 5 37
44 15 74 22
56 -70 103 -89
80 -74 9 -47
95 17 6 -18
-61 -40 -52 -6
-168 49 -140 -23
-29 -13 89 42
-82 -57 -57 50
-17 138 12 154
-14 102 -14 -14
-31 -158 -76 -238
70 48 137 -30
128 -84 66 -96
-53 -10 -81 26
-78 35 -39 11
-95 2 -80 24
-49 17 -38 -18
62 -77 68 -79
18 -80 -64 -46
-126 22 -110 -104
-90 -143 -64 -67
29 -36 -13 -69
-75 -37 -132 10
-100 8 -98 70
-89 110 -71 113
66 60 118 26
128 -17 83 -50
147 -26 129 -7
48 7 -39 4
-66 -112 -105 -69
-88 -20 -8 6
-72 39 -104 136
-71 183 -4 139
-48 17 -87 89
-91 111 -59 101
15 -47 -38 -115
-74 -129 -66 -87
190 22 96 50
5 75 -27 75
107 56 51 69
10 70 -12 55
51 -164 80 -120
60 -67 8 -41
110 -12 11 29
-98 54 -137 61
36 -6 12 7
36 38 78 77
-112 69 -83 35
-56 28 -48 53
38 -80 -33 -82
-117 -39 -159 2
12 -141 -37 -62
-75 22 -82 69
50 3 51 31
48 46 52 26
-10 -6 -66 32
-106 32 -115 4
83 -42 77 -121
50 -182 15 -185
11 72 30 80
41 98 31 122
-74 124 -41 96
-23 72 -26 60
-65 -66 -69 -77
-43 -56 16 -24
31 -115 8 -73
3 -18 -2 21
-4 26 -4 47
-22 55 -36 46
22 43 -3 -20
-10 -100 2 -144
-39 25 -35 -38
-25 -57 -8 -12
91 -38 19 -11
-56 51 -104 93
93 57 127 82
88 52 -24 -21
54 93 82 66
27 1 -48 -52
17 -22 -44 -70
-67 -96 -25 -88
32 -6 44 1
74 26 79 62
-29 -89 8 -108
-2 -70 -44 -1
61 20 20 43
-24 61 -38 44
22 19 68 57
102 83 91 107
72 114 68 88
21 53 -20 -11
8 98 -55 223
-65 246 -22 173
7 77 34 12
60 -58 67 -76
-73 15 -119 -69
-115 -123 -56 -126
-132 52 -91 -25
-2 -101 63 -122
-72 107 -56 67
-70 67 -103 100
71 -56 34 52
-18 156 -49 167
-38 -58 -36 73
-22 154 -13 164
-55 -100 52 -81
154 -23 199 38
-97 106 -79 165
-50 168 -31 95
-89 103 -43 116
24 56 81 -34
-127 -7 -92 -30
-28 -50 28 -36
-5 53 -2 3
10 -16 20 4
83 -94 134 -99
158 -47 131 33
0 18 0 47
-35 82 -74 87
122 113 51 108
-38 51 -96 -25
69 -107 84 -119
68 -82 27 -6
32 -62 40 -62
16 -49 -29 -50
-106 -32 -85 -46
-60 -55 -37 -26
-53 -72 -42 -111
-29 -54 -36 53
-55 -149 25 -37
51 103 -3 180
-45 169 8 135
3 24 -37 -93
22 188 43 100
55 8 47 -29
-53 -21 39 42
94 118 79 146
6 52 -14 81
-73 53 -125 -4
74 61 44 -35
8 -111 -13 -116
73 6 63 50
16 108 -44 129
15 -31 -45 16
-109 44 -130 60
-83 -98 -102 -168
-99 -162 -86 -85
81 24 109 37
85 66 23 88
32 89 63 41
64 -33 40 -92
175 51 197 -13
147 -75 43 -95
62 -14 124 -31
121 -32 49 -22
-66 -4 -33 -39
-53 -72 -100 -75
199 -28 202 -23
178 33 157 104
3 -54 -31 9
-46 86 -46 122
46 -51 21 -18
-11 22 -31 52
-41 62 -26 66
12 58 52 44
14 -15 26 -84
31 -120 16 -92
57 16 61 0
38 25 9 74
146 161 126 132
72 80 6 30
38 -26 26 -47
-33 -31 -119 13
-60 -37 -17 46
-13 132 -35 159
62 -128 52 -109
14 -90 -20 -59
10 116 -17 51
-23 14 -9 20
-168 -17 -124 7
-37 33 50 28
-38 -22 -40 -17
-13 -50 25 -95
-19 -135 -1 -104
50 -30 110 53
-56 -53 -51 36
-20 94 -5 57
72 32 148 87
151 51 83 -31
90 69 70 82
34 90 22 104
-10 -72 -32 -93
-27 -80 -15 -46
-140 -32 -121 -22
-64 4 20 33
-57 53 -64 44
-13 24 50 6
-73 76 -22 50
36 31 70 30
-42 -37 -30 -18
-4 11 15 19
-18 -29 -4 23
-8 48 -28 44
-97 14 -118 -37
-101 -78 -39 -84
-3 25 -28 -2
-18 -15 14 -12
9 -68 -9 -64
-2 -39 32 -8
227 -39 184 0
85 37 -39 41
61 -91 41 -23
-4 20 -19 7
108 -14 66 52
30 67 -7 35
130 -17 187 -83
156 -162 53 -207
74 40 66 35
0 28 -70 24
89 -138 40 -104
-19 -21 -51 89
16 42 44 -45
77 -52 94 22
54 -82 69 -79
60 15 32 130
59 -41 65 -10
70 37 75 76
36 30 57 -25
60 -45 25 -20
14 -42 62 -30
62 9 28 52
-62 35 -88 -40
-81 -112 -32 -138
-67 70 -64 38
-32 25 -13 30
-69 23 -12 90
17 127 6 100
23 17 36 51
21 48 -9 32
37 32 36 4
29 8 30 46
23 -23 0 -19
-3 19 10 57
-53 -23 -31 20
3 73 24 105
79 12 96 41
71 56 13 44
-24 68 -18 34
-4 -23 40 -62
96 55 -37 5
-135 -35 -153 -58
12 -136 -34 -47
-37 62 3 151
2 -5 -1 -34
16 -23 35 22
-42 11 -24 -5
18 16 58 54
-123 -37 -85 -11
-10 25 59 39
-158 -30 -121 -53
-25 -88 81 -102
26 5 56 -52
89 -84 93 -79
-46 56 -52 62
-61 40 -68 -3
41 -146 88 -159
109 -110 85 -3
-26 -127 26 -112
52 -44 50 3
-12 -12 -45 43
-58 49 -43 24
-90 99 -76 44
-47 -3 -36 -18
-14 -7 28 -38
33 -82 4 -130
27 -55 64 -60
71 -90 38 -117
54 13 113 -28
127 -87 101 -126
16 1 56 -39
115 -55 158 -20
-71 66 15 37
91 26 109 15
174 38 141 95
52 103 -33 57
-4 -28 -57 -54
-70 -77 -28 -55
48 -108 70 -194
92 -187 87 -100
73 17 46 93
0 157 -26 151
-78 6 -105 -5
-54 -69 38 -134
-201 9 -116 -49
5 -67 75 -24
-78 -87 -17 -51
23 16 31 57
-22 142 -26 158
-8 102 35 8
-80 -34 -46 -72
55 -83 154 -38
-102 25 -35 4
35 19 59 44
-26 69 -17 139
4 179 42 168
-71 -40 -75 -57
-46 -65 -31 -55
-59 -87 56 -46
126 30 116 95
44 29 139 85
193 113 173 93
-68 -55 -3 -95
18 -115 -13 -88
185 -16 133 -34
23 -29 -64 -21
40 54 16 50
13 0 21 -57
-50 -24 -5 -72
23 -74 25 -12
-17 -56 -38 -95
-37 -90 -12 -59
117 130 132 76
103 -14 27 -91
-133 0 -163 -32
-176 -52 -132 -39
92 -124 40 -171
12 -168 3 -121
-64 24 -63 50
-69 73 -63 70
73 -37 -47 0
-138 5 -146 -31
-119 43 -132 44
-75 -5 6 -59
-115 114 -96 24
-69 -82 -54 -139
-64 16 -111 4
-134 8 -104 26
-105 18 -193 25
-214 34 -160 38
-113 -55 -141 -32
-108 24 -39 82
-24 -57 61 -64
145 -71 160 -88
-3 -79 93 -24
135 40 110 77
2 -193 -11 -114
-26 -37 -27 -9
29 62 7 60
-17 28 -35 -10
-12 -23 18 29
52 69 76 60
54 33 64 81
41 58 -11 -18
24 90 15 66
-4 9 -9 -25
-68 53 -55 -6
-26 -8 -13 59
113 -49 163 -58
149 -20 89 10
-66 -28 -46 2
11 -24 79 -88
-26 105 87 102
190 52 205 -1
-83 27 -39 14
-32 7 -51 13
71 90 -14 110
-116 105 -180 71
62 69 20 49
-41 -12 -86 -81
44 82 -23 88
-116 64 -188 35
-65 84 -53 93
-36 95 -13 89
57 -64 82 -19
85 52 60 118
-56 -11 -98 -68
-131 -90 -133 -63
13 -41 54 -40
95 20 109 92
-95 -59 -88 35
-85 115 -83 116
-2 116 -61 156
-111 105 -122 10
-5 165 22 89
45 14 39 1
18 -92 55 -64
36 36 -31 131
-204 -77 -179 -56
-96 -60 25 -97
-137 -82 -128 -80
-66 -49 -17 20
-115 -45 -44 -37
21 33 58 118
-61 27 -41 30
-2 50 29 65
-35 110 -32 141
-34 143 -33 107
-27 -54 -59 -31
-55 -10 -13 -1
-8 -63 35 -9
77 54 65 95
-15 40 90 64
134 75 108 69
57 130 47 71
40 -9 57 -63
-10 2 -66 -33
-99 -51 -108 -49
169 8 170 37
130 44 82 27
13 106 -41 105
-69 83 -51 57
0 -39 -69 -51
-99 -42 -79 -14
-143 -40 -143 -25
-75 26 19 75
-155 -118 -145 -35
-119 61 -115 109
19 -23 48 21
31 59 -2 77
100 -13 61 2
21 25 -4 39
-104 -18 -67 4
-23 26 -7 40
-37 20 32 72
77 121 85 132
-50 -2 -16 56
25 76 39 34
-95 -54 25 35
122 82 147 75
-75 50 -37 55
6 51 26 55
2 54 81 63
109 84 61 80
125 -41 84 50
-5 70 -51 -4
55 60 -75 53
-129 -12 -94 -61
7 6 21 -30
40 -3 58 60
41 -130 -45 2
-88 140 -50 194
-21 82 -70 118
-58 102 -11 55
21 -44 48 -92
65 -96 54 -45
-72 6 -60 -22
-44 -39 -23 -58
-9 49 -33 58
-40 23 -28 -28
-33 116 -45 138
-52 133 -50 100
62 -70 37 -2
5 58 -18 80
-25 -126 35 -99
102 -31 131 52
-4 -109 35 -85
35 2 2 103
108 -89 81 -86
46 -50 31 -19
-103 -58 -82 -29
-25 -18 23 -22
-99 36 -45 0
8 -42 33 -78
132 -134 130 -67
82 -3 9 25
1 -131 -32 -171
-82 -192 -113 -168
58 64 50 46
30 40 12 44
-40 15 -60 13
-64 -6 -38 -33
82 102 45 101
36 82 59 60
-1 -21 -25 -6
-37 5 -50 -11
-93 103 -89 163
-84 152 -63 87
-66 -69 -134 -132
-157 -169 -124 -137
-79 97 -69 4
-34 -79 -1 -123
-13 -13 -1 -39
9 -68 15 -78
-50 -10 -30 -17
1 0 13 41
-52 -39 -33 -76
-46 -77 -75 -53
146 -8 121 -13
78 -17 47 -16
3 -56 -38 -79
-85 -88 -115 -85
77 7 74 -11
68 -54 65 -87
-49 -5 43 -90
121 -124 118 -68
-89 34 -40 -16
-26 -28 -27 -29
-1 -125 -100 -99
-152 -80 -124 -71
16 43 -2 44
13 21 45 -15
150 -30 161 -70
139 -93 89 -62
110 -49 86 -133
34 -140 -10 -79
26 -37 -49 -22
-106 9 -110 24
38 -8 -6 -15
-36 -56 -45 -107
-87 84 -47 11
11 -96 53 -177
46 172 124 235
166 228 144 144
41 16 -3 57
-76 30 -126 -42
-64 25 -100 20
-74 -17 14 -57
16 53 33 60
97 44 164 16
-18 -46 -60 -51
-84 -59 -98 -66
-12 54 51 23
81 -33 56 -77
15 143 149 146
241 125 244 85
-76 -24 26 41
109 96 126 117
-74 -115 -49 -127
-38 -85 -45 0
-34 -52 -24 -76
-9 -56 15 -20
-10 4 -61 -9
-99 -32 -108 -43
26 -96 -2 -151
-44 -146 -90 -78
-64 -42 7 -15
56 44 63 96
-4 36 39 56
55 60 30 31
-53 66 -40 125
-26 112 5 33
-89 6 -119 -39
-56 -105 67 -133
-210 -43 -181 -49
-65 -10 61 41
-66 -82 -45 -14
-10 41 5 44
15 -63 61 -12
71 14 35 -1
5 112 36 166
29 147 -11 68
122 -16 169 -40
174 -63 143 -53
7 -7 38 -75
84 -116 124 -116
-92 49 -99 22
-80 -3 -61 -3
-46 -1 20 -11
76 12 93 52
-72 84 -42 68
-12 22 2 -38
-61 48 -59 -8
-57 -67 -59 -74
-73 -7 -50 -47
-27 -24 -17 34
-58 -172 -13 -71
39 56 80 116
-106 -51 -110 39
-52 63 38 5
-75 -56 -27 -20
56 4 110 28
-58 -56 -65 -50
-67 -14 -51 24
66 90 58 65
78 0 105 -77
-88 -85 -75 -112
-66 -120 -72 -91
27 -35 -28 -23
-98 5 -128 25
99 -21 12 -20
-72 -22 -111 -12
-85 20 -75 -62
-10 -128 81 -153
-39 -39 7 -74
55 -132 54 -189
102 -159 119 -164
63 -158 -18 -130
-80 1 -140 47
-142 86 -67 93
-77 77 -97 116
-63 131 -17 122
52 -46 59 -85
28 -101 -18 -96
135 23 121 71
107 108 109 119
-105 -82 -69 -52
8 20 74 91
15 -181 -14 -68
-60 90 -88 200
-56 2 -154 49
-180 81 -108 74
45 -57 51 -67
63 -62 31 -36
56 -37 121 -54
76 -31 -40 25
1 26 -33 37
-67 69 -53 79
28 -245 27 -183
44 -104 54 -46
71 163 52 153
14 94 -9 22
-28 10 -88 -33
-84 -60 -14 -42
-118 87 -126 73
-62 65 39 48
-99 -126 -111 -53
-51 12 35 25
-62 29 -45 141
-22 171 -14 97
112 44 94 53
61 -6 50 -68
-11 139 -62 69
-72 13 -49 7
0 21 11 -4
11 -6 -7 11
86 48 95 27
55 14 -8 7
59 -83 -10 -65
-102 -51 -161 -59
-68 107 -55 135
-10 98 49 23
-13 22 -18 43
-25 61 -38 73
96 -49 56 7
3 79 -25 125
51 98 64 147
103 165 143 127
-48 66 8 108
72 93 98 33
-13 -7 -41 -41
-83 -83 -108 -105
107 27 89 15
69 -19 55 -63
-42 28 -41 55
-50 70 -67 80
14 -120 18 -94
16 -7 11 91
19 -114 64 -52
77 30 40 61
46 -42 29 61
-9 91 -17 25
-109 -24 -199 -24
-190 -77 -90 -126
93 127 80 77
63 20 34 -10
72 -19 33 -7
-25 23 -63 52
-12 -63 -28 -12
-19 62 9 115
-70 -58 -32 6
31 76 84 112
-23 21 4 28
33 26 41 25
-4 22 10 -47
20 -93 35 -89
-41 36 -114 -1
-151 -25 -141 -30
