50266631
-33292792
33883138
50332157
-117898753
  132355
117440257
-117177855
-100465655
-16908286
-33750015
-83624959
-83363074
101448962
134284026
16712191
84213502
50135293
16841219
50264834
-16450309
-16777227
50264573
117310464
117179912
-33620220
-117572099
-66846474
  -65279
16515583
-50069252
-67108101
50462208
84081153
50265097
50201599
-83885822
-16908293
-50530308
 -131321
   64768
33684739
-16842496
-33751039
16712449
66846973
100596739
100335875
67239420
67240954
67110662
-16515068
100598271
-16972551
16711419
-17104387
-16712448
66913533
-33749499
-100860667
-33489407
33751036
-83820036
-50331644
-50395907
-50461185
-16712449
33161220
-16646141
-17103616
  392709
-67240955
67370754
67371778
-133825273
-117375232
-16842246
16908288
-100531968
-100337156
-83622658
33555193
83755015
-33619961
-67369985
  197120
17039103
-67175685
16581630
100928005
67368708
-16974845
-66977798
16581630
-100860418
-50004481
100336375
33161724
16515072
-84082685
 -392189
-33356799
50266372
117308930
-83885057
  130559
83755521
-100402170
134021120
-16448765
50003456
67370241
-34012931
-100465666
-133693695
-50135550
-16973056
16778238
83886081
33553919
-33751043
84344066
51315964
-83623677
83887103
33092610
50396417
33488896
-117179649
-83821056
50331387
-100792578
84081405
67305217
-33423619
16515322
-100531196
 -132860
-33816317
67107332
16840962
84148738
50265860
-33947135
83689723
33817091
-167969281
-16777723
-16779006
-50135804
66912004
16908034
100466426
168101374
67175930
167640581
-33227772
-16383228
-66845951
84212996
67240449
 -260864
16972035
-133955330
83559165
16776961
50069509
134216196
134679293
16582655
50594050
-50329604
-33228034
-16383993
117702651
  -65281
66978040
66651135
-33816575
33487616
-100532482
-33487366
16841478
16777478
67240190
-67043839
117767172
100271358
    1276
-16711166
16644865
83688446
-16776700
-16908293
-100270590
-66586112
-66912255
   65536
100663293
66913023
 -328962
100466689
   65282
-34141961
67238907
-67041282
-100793604
67372291
218103805
-34077181
-50266364
67239428
83754492
50332157
67108610
-33358336
-50068991
67175419
-16646406
33685243
-33423873
-33750783
-16712700
16908540
67304958
133956597
116982015
50529277
50723584
-33227519
67304961
-33358846
50395898
 -130564
-83427325
17105668
-16449795
-33096452
-134022143
-16775941
100270082
167837181
83755518
16384773
16711426
100400125
-17104641
16973051
67107840
117374715
-17039108
  -64003
-84278019
-50658817
16384510
67044099
-16775937
84148222
  130556
16974594
33358338
50396160
-17104643
-33554436
-16908799
33750781
84018438
50463485
-67043070
-33488640
100401153
-83821571
17039361
-16909563
-50200828
16908798
-100598012
-67042554
-16842746
50070785
  -66050
33488131
16644096
83820545
-117441533
17039621
-83821053
50330625
84016384
67110145
-16906755
-83819527
-83819776
33749757
33489917
33619456
-16909314
16318211
-83820804
16580350
-84082944
117570308
16514302
67698178
67435266
-83885572
16843260
  130813
-50528511
16712195
-84346624
117373437
33752061
-33751810
50462724
67043070
-50526977
83819772
     260
   67071
67239679
33226757
17038853
-33618437
66911230
-16581630
83756035
-50134527
-33685505
-16842492
33422340
67042562
33686782
-50069246
117441020
 -393479
33553669
17169154
  197882
-50658565
-16647168
17235200
33815811
33753089
-16908028
-33292800
83689978
16580350
83756284
67042558
83822083
83885312
33817089
17105152
-33226752
-33096446
-16712705
-83687937
33817857
 -392443
-66976769
117636867
-33618945
-83952134
33422590
100728065
-17169922
66912762
66978818
-50004219
100596992
33751812
50461956
50593023
17103617
-117376252
  458492
-33420797
50332926
-17037312
 -131582
-33554427
-16384259
16843517
33686528
83754493
33618691
33029629
 -195840
100468223
33489154
 -131070
-50332156
67173374
50526978
-133954819
 -131836
-100662788
-50331393
-66912257
67307007
67369729
33553918
33816827
67174911
33489148
 -260862
  326145
-16711679
-33750530
-33225726
-16711678
-16514302
17106177
17040130
33752574
84082179
-50267392
-16710656
66848259
50133758
67304958
100597506
50528007
 -197121
33816578
151453953
101187586
-16711170
-67372031
134086659
67172860
83558656
66845440
66715397
134086916
50070528
 -393473
-67174400
-16710912
-50526975
33489151
83885825
50462977
16907266
16909312
33619971
66977533
 -196091
50135293
67306744
16972801
  -65281
-67305724
-16580354
16516091
50267390
33555969
-16776449
   66554
 -194816
-33423108
16842752
-16317443
16844027
83558911
-50265084
17039113
-33555464
-100663297
67041791
17038334
-33816580
100468223
16647167
-16908802
84278789
33555203
-33685504
66847746
-33750529
-134019841
-100662787
50332670
-167575808
-234816250
-83624192
-50199299
84212734
-17038596
66780164
-117375490
33750784
-17300477
16710660
33946369
50660863
67173890
  261886
50528772
-17234946
33554173
50528253
-16711421
-100859134
-84147201
-16711428
-33357572
83885829
-33423100
33684739
34013953
      -1
  196866
-16382979
-67108861
-50724868
-84149254
   66562
-117177089
-150800124
50265605
50789124
-66977531
-117572611
33750787
16580869
50396674
67173114
117636600
201065473
66781947
  -65286
-84083464
-150930178
 -326918
33424644
-16712962
33817599
-17040643
33882107
67372289
50201858
16776194
-33554945
134412794
-50724862
-33423610
33553919
  260613
66977537
-16711932
151060989
33619206
134282752
50135555
67240453
134152701
134283007
84017156
50069249
83821315
 -130053
-134217470
66978817
100859905
33815803
33686526
33293572
16384512
-117310209
-50330371
 -261377
-16712189
50330623
-83952640
67043329
-66649604
16972543
50135048
-17169919
50069500
-33751299
66913024
  197380
33490693
-83624447
-33619458
66846468
33487358
-33424383
50593532
-66846723
-67043326
-50397435
 -327679
-50067968
-117702404
-50791935
-16712702
-50331645
17040131
-50266109
-33360125
33226752
-33947142
16908796
33292539
-67304958
  130304
  -66814
100598015
117506047
117440001
50201089
84016385
  195580
-16580351
16711938
16645888
-83558653
-83756032
84016896
33947644
-83820292
-201262335
-83756544
33554178
184550912
16777728
67044348
33292035
-33688063
-33163778
-16122109
50398723
  197889
16777988
-51181564
33359615
  -65024
-83950082
33489409
-50528774
-50593284
 -327428
83689218
100859133
-16974073
33487361
33291009
-33555967
100400896
33423868
50791425
-33094916
-17038588
-67240192
-67041281
 -197630
-83690745
-33359620
17038079
50199297
33556224
17105665
117441276
167642114
-16255241
-100600580
-16779519
  327170
16776442
  131073
-50003199
-83559937
-50397699
50331648
66976767
-50071815
201328126
235144701
84280572
-50659327
33750781
50855678
-66846467
-50788868
-33292545
50267133
-16974077
50592513
-33226748
67044863
184353021
67307004
16776446
16515325
100532479
100467455
16449788
-50725630
  132096
-16647165
-83819775
50660091
67044089
100794110
-67633670
   64762
33554172
50200830
-50789886
33224961
16515835
117048064
  129278
-33684228
  393222
33946890
100664315
168035586
100859903
-66779393
-16578817
33817597
-33553155
-50265348
50070015
-33358843
50265601
50136062
-100662785
-50331399
50200575
-16646909
50133760
17038080
-33816322
-33685512
100924420
50526722
-100598537
 -195847
117375232
67043836
  196099
-33358075
17170172
  328958
-83623170
-100728320
-33488895
33358596
83492347
 -391680
  -65028
33423612
50658557
50592764
 -328192
33684988
100334589
-67108352
-16450309
-50462206
-67305213
-67044862
33357312
-67369731
16973824
67306756
-33555966
-50004991
-33619200
-83622657
-33291259
  131586
-117244932
16710398
17235450
-50265091
-33292028
-67109882
83819517
67108351
50462977
-16776963
16581626
-67371010
-84016124
-16450564
-16580092
   66822
16646135
   67585
50071037
-50330878
33620220
100533244
-33555200
  -66044
  -65275
-67304960
-33556735
66845698
-33358590
33554431
33750017
100861184
100532483
-33553663
83953157
50331132
50070279
134610694
67239677
16843520
-33620226
  197886
67043586
83951354
33293311
  261636
66978816
50068989
16647679
-83819262
84018685
100794367
-66977537
33293058
-83689733
-83493632
33751297
-66911491
  263167
-16712703
-66978566
50331390
50529533
66781441
-16974590
50134528
16647422
-50331131
-17235713
-67043583
17170174
  328187
17038855
50265085
-100465153
-33358336
-33554692
83755011
  132866
-16514818
-33816065
117506814
16842494
67108095
50200319
-100335109
-16974596
84081410
-16581376
50330881
50331395
100598780
66846974
50398463
-50462723
-83755516
33881347
 -327169
100532737
50528773
-16514309
-16450300
  326909
-100467198
-16842237
84214530
67109116
66716412
-84016891
  131070
17104637
50528001
  327168
-50134020
-50462210
-50921728
-17038595
-50462980
-33620479
-83886597
-50658305
67305216
33423100
50331395
66911485
-33751554
 -195834
33620993
66716412
-16514559
 -131836
117375491
50527493
83822332
  196351
-16712703
-100923651
67240197
-67044092
  262399
-16582909
-67174915
16907777
-16712195
67108090
-16710653
-50203138
50331133
-67109884
-49937659
   65282
50658048
-33357821
67437572
-50463482
-16515584
-16973819
66976255
50135041
-17039108
101056509
-100466943
-16645631
  -66303
-50594305
-67174657
-50594303
-16841477
16448514
50201598
33882620
-33227775
-66846461
17038847
-50200580
-17105405
33686529
117113085
 -457731
-33946877
-50527231
16581118
16907520
-83689472
33424636
83689728
50136065
33291518
83820804
50331130
50593794
50464514
83559933
50396925
-66976262
-84146179
83885573
67371777
50201344
33490171
-33489152
50660097
16973827
-33817600
-33488382
-33358338
50200829
 -197371
33490181
50659074
-50068225
50593021
16645890
-33686013
  -65542
-67174406
-67107835
-33291269
  131582
-16973824
-16842497
-33422595
 -130822
-117440004
16907010
50134018
  392703
33490181
  196607
  -64005
100533757
-67174661
-84146692
67240195
-67437314
83623424
-33487874
50201596
67369987
-50332931
33358332
-50134269
-100794366
33358081
-50332162
100402179
16908547
-16447999
16580608
16449279
117375743
    1279
33488385
-117375999
33554430
-66845441
-33291006
-117111809
16975358
17039616
67044356
-33357317
-50266619
84016892
33687294
17039623
67175422
117767426
-16906242
83951877
33160959
66781188
-16645371
50266371
-33423870
83755268
-33619460
83821566
16646660
-83951870
-16580098
-67108100
-33686787
-17169153
-33619970
84212226
  -65278
-17300731
-50333183
16844797
16909059
100860421
50593535
100990719
84149247
-16973315
 -195843
134087173
-50266877
-67371004
33750270
 -132095
-16579579
83951361
16712190
-16646915
-50199806
-33619460
-50069505
-16645634
-17040640
66847228
  132095
  130047
     257
50660352
66979585
-66978814
-100795395
-33881601
117570567
17040637
50396163
67174143
84081921
-117373703
16907522
-16779009
16778232
-33684230
67305726
100728575
16910333
   66301
-50332677
50135550
33489406
67109883
-83819518
66847234
-33488643
-50332165
 -130051
50201086
-16449538
66650108
-100728058
-100598272
83952379
-17169915
-50330626
83951363
-67568386
  -65796
100924924
50199559
-16516348
16516351
100925440
117310206
134284286
 -327423
33686271
84146433
 -132607
33618689
-16841986
16711428
-16712193
-16646910
16972289
33815549
-33227009
-83232005
33751554
66978303
-67108356
-16580864
66782978
  132095
33881090
-33358076
49938434
67369984
67176189
33685248
-16383235
-16252163
-83755007
-117178628
16579333
50658821
    2557
-50201344
-16843261
151061506
33752831
-33490169
67173371
-83820797
  195578
 -196353
101185796
50268932
-33683967
-17039872
16580095
50135807
-33489411
-50790146
-50527995
-16841734
-16777729
-50658817
-151258621
-33818111
83688963
16973566
-117703939
-67698684
100989701
-49873664
-17104123
-33488641
49938435
-50201348
-16645116
16973062
-33096198
16579840
16776192
67108095
  523261
-83100161
-33488898
67108607
50070273
-33619965
50201083
33684738
-16712444
-33882882
 -197122
 -393980
-50527999
-33358332
33881341
-66583302
-84278780
33487613
33488897
  326909
-33424636
16646650
-16974082
16710650
 -326647
-33554432
33225476
33292536
17235448
-100596738
16776960
-33620477
   65797
66912768
-83689221
-16974085
-50462714
-33752060
-100532479
-67042559
-66911747
16776703
-67304449
-117440002
17104378
117439491
  261883
-83625212
  131842
84016132
-33750021
16514305
50201342
117373950
117310723
-16974598
-83622912
83819009
33555710
16907770
-16581370
83558142
 -327423
   64767
  394749
  194818
-16711163
50659331
100530947
-100596486
50266623
  329468
-33945861
-33619203
16974842
  197888
 -328956
 -132097
-84016647
33749762
 -195076
-50265601
33094402
33619971
16580349
67306240
-16909310
-67042813
  -63994
-33685240
33684996
33619972
83885568
84082178
83754500
33619199
-83755017
84083969
84214011
-67042820
  197634
 -129792
   65530
-50789120
-100728582
-66845186
16908290
-50003200
50004481
  -65794
-50855679
50462976
50726146
-83426308
-67044863
101055233
50331647
-49873658
-134150913
-100793602
50723329
33619460
-50594046
-100859656
33751557
134020865
17104641
17170429
-50330628
100926974
-33227773
     766
100597760
50332672
50396671
50134790
16645887
16843263
-50330630
-33684737
-33357316
16712959
-100728316
-66978554
100335866
66979069
-33423875
83822081
-33751556
17170438
117700864
16449793
-83817735
-33683719
83951361
33816572
67241727
   65535
-16974850
50199041
-16776446
16778243
33881855
-50591998
-67370752
16974596
-134349064
16712705
-50330879
67306232
-67043327
67239171
83690489
33750530
134021117
-33880829
-33620481
17039104
16843774
-17103870
50331388
67108352
67174139
-16777724
117113093
67110143
  130817
-16907517
33488640
83819780
-16645379
33489663
-16906752
16449792
-83624703
33423869
16843775
16841217
100598015
83884546
-33816324
16710656
50333188
-33620475
33947644
 -263167
-50070788
33686780
34078715
33424641
-66978046
50462971
-83820542
-16973569
-16778233
33881340
-33685247
-100466944
50071034
16713213
  -65023
-117572096
  130558
33291008
33686784
-84017151
16514820
133889286
-50394621
-16644096
83821053
84082433
 -261377
-16843011
-66911996
33489659
-67569664
33946877
-100597758
50136324
-117176836
16841470
-117636355
50396675
16909055
117832704
67175426
150731782
-16646147
16515585
-33882111
83557122
-100599043
16907521
66781949
-16448767
  -66300
-33487875
   66048
67503107
100467203
33423105
-50330369
-50199798
-50725117
-50660352
16776454
-50529530
16907773
33750523
-66977274
-16775168
-33685503
84215045
100728834
100662520
-66845948
16712707
 -392962
-49938682
-50200574
50396930
-16909561
-16385028
33946617
 -260867
-33161476
33619459
33685757
67043068
17039100
-66978049
-33750273
100597252
-151255816
50594556
-33619973
-50070526
-66779653
  263422
16712447
83950596
-83755519
-134281986
50136062
167641085
-16842754
50331903
117964542
16973821
83558654
-83819516
   65286
33620991
  195586
-50332161
50463745
151455486
-83885570
-33617664
-66585090
117506305
  262403
67828989
-33422083
84015870
-67239936
-16776442
  328958
-17104128
-50463744
117242630
33227519
-50266372
33816320
-33291268
100400900
16712958
67699198
-50004742
-83952386
-117243641
-66977790
  -66558
67042309
-33292035
50330627
16580865
-16908541
33488636
-66979075
-50070268
134151933
50005244
-151126012
-83687930
100989184
83753981
33488648
33619716
-33817085
 -131076
16907004
   63235
-33159173
-33817092
84147713
 -262145
66978818
16843773
34078468
-50593796
134022145
67698173
16516348
33292804
50004482
66781180
100923907
83556606
 -133120
100924670
  261632
-17105150
84016897
16710657
-33750527
16254462
33358082
-83558915
-67108095
-33750528
-16842491
-33815300
33948156
67174658
  -65785
83951358
33815041
-83558404
-33620729
33096964
33752832
67437058
-33488899
33553150
100794114
67240446
33292026
  197117
-150534912
-49807103
  -65019
-100597759
117639421
-16710910
167575556
184287486
83951872
-33357826
134153219
33881345
33422594
-16383494
50463745
100466183
117570809
50725631
  525569
83952637
16841728
117374467
33687039
-67436544
-50134528
50135039
16579587
-16712444
-67107583
-16449025
-16842237
-100662276
   65277
17105153
17103361
-100859389
   66048
-33289217
-50460163
33490432
 -196608
-33095933
83493119
50200069
-100728573
-83689215
-66976766
-17233662
     510
16450555
-33880580
 -196355
-100270336
-33423614
16580361
-32898307
  131591
16645121
100533509
33489916
150994168
-16972294
-67435523
67307769
   65020
  131330
-67305471
67306235
-50134525
-33356290
33423359
16713472
-16253187
  393725
-50199555
50529534
-33488381
50526975
83886850
-66976248
100532735
33421567
134021126
66847751
-117178106
16777728
50396672
117440260
33882887
50461957
83885567
16187908
 -588803
-33946876
-17169665
83688956
100532988
-117505787
-66911994
33620990
-33424381
-16580092
33752315
67304962
-16645890
100598270
117046276
-17170948
-33356544
-33620229
-100531461
-67633919
-50134535
33226231
16711677
67044602
33687039
-33553662
83624443
49938937
-50591999
33687026
67307005
100990974
-167969025
100793854
    -259
-16973317
16908802
-67438339
50134785
-67043334
84017409
117505532
-33226237
-66912507
117375484
84279550
16843774
-50265595
-16972545
-33160699
-50528002
  394235
-84213758
-33291514
83691004
  260869
83819523
 -261633
33489413
  393468
33555203
-16972803
-50463234
50725633
33488899
33424129
67241216
 -326653
-17170947
16449789
-17300483
66911492
50462976
67240191
  194053
17038843
-83558656
 -130562
33817858
50725372
16776444
67042049
50594045
67043324
-33750274
100533252
117243651
  195329
-67043582
-33422585
  -66297
150538239
 -130042
-66911999
50527752
50595331
84082178
-16711427
67435772
-117505026
-66912000
-66845951
-50070526
84213758
-50068995
  196862
 -130045
-84016890
33488124
67437567
84147713
-67306239
 -327418
100334596
84148224
67501316
83885061
-16712693
50397958
66976764
-67305213
 -130563
33161732
32965633
-33620992
-100859394
-67239429
-16450043
117243644
33293063
-100663039
-50265351
 -263425
-117440260
50332416
-33162247
83821058
67174403
66781695
-67043581
   65792
117440003
16579332
33488385
16581126
33161469
-33815040
-50002432
67173377
33095424
-16515577
-16580349
  327171
16712958
16908548
-66847227
-100664570
33487355
50004226
49937157
-16645119
16581373
-17105918
16579325
-66910727
-150863876
-16514309
-100399366
  130301
67043332
-16841983
  132096
-33225468
-66912254
16908796
17040384
-33554943
-16909315
-117375738
 -197368
50266617
-50003454
 -129800
-17169920
-83361534
-49938437
17235197
67369984
33881348
-33358588
16972801
16711172
83689731
66783234
16778499
-84080894
16514304
66848003
134414077
-50527744
-33159171
  132611
83298308
83299588
-33096703
67109628
  131842
32769284
16974852
-50265859
  195586
-33422586
-33423873
50593539
-133890048
-67108352
33423108
-117440511
33489155
-100531969
50200830
100139263
-16776705
50790912
-50397952
67305467
50657277
-50134276
-50134786
16776962
50397437
83623424
-134022915
-83689980
33945345
67171834
-33751042
-100335875
-16712450
50136060
16515838
-50396162
17235451
33488892
67173886
-49939454
-16647172
-66977786
167969790
50660354
-50462726
-16777221
134676993
100924162
83754242
16907007
50657795
  131075
-50397695
84017658
    1790
33619461
-134479611
33619714
-84147965
   66307
-50527743
-33356798
-83820286
16974590
83885570
-16842243
17104381
50397437
  328194
  130824
-33291269
-16186373
-83885058
-17039358
-67501817
-33555715
33947138
-50199295
  264443
-16710910
83690750
-50657537
-33487106
-33356805
  588798
-16843006
84081665
-16711682
-66977026
-16514817
33423361
50529279
  327418
33489668
67043588
83885827
100730111
50201858
319093760
235142910
50528512
-50004486
16515324
-16646394
  263679
50660354
-67043586
  460285
-50068730
-67173887
100663291
50461953
-133889020
-100270588
-100860929
 -195838
117834748
-16646659
-17105407
  -65283
16909316
16580095
50592513
117308412
-33684738
-50004220
-33815300
16842501
33684737
-50331389
33816064
17104387
  130053
67437309
50134786
-100401661
50724354
-16449279
  131332
  458749
17236224
151126016
-83754492
16580609
-50004482
67044860
-50593283
50331899
-67174660
  327422
67305211
-16776967
-50593535
  195846
-16841730
-16578305
17040389
-33488891
-16908549
150995451
33883132
-33488897
33358078
50265094
  -67070
-16712443
-33161467
-17235200
  197123
67041796
-50199556
33881344
-67436802
33292805
16451075
49937921
-16646661
33489663
134283005
67043075
  -65019
16713468
16713216
83559425
33555452
-83820292
50331393
117439747
 -197373
-83559423
-50135042
50658308
    -509
50265093
-33554688
50135552
 -262907
-67042563
33292036
16514826
-50657538
50462723
50265861
  196354
-100532218
-49742846
-67437822
-83626495
33881090
83558658
-84148224
-66780677
-50265857
-16713216
-83821054
-16645116
-17104129
-83885063
-16646398
 -132355
-67174917
-33159931
-33687293
 -262657
33817344
83886596
-16909056
83754494
-83754752
-50332417
-33094660
  261887
66978043
167705596
67304705
-50069508
84410108
   66306
  131321
33684993
100925440
-100598270
150930432
50201342
-117308672
-66978813
-67370241
83690244
184222208
 -194565
-33423875
-50463229
-16647683
-33488895
-33881346
16777470
117440251
-17366012
-50332672
-17169668
-50068476
33356802
100531969
100991232
33751046
50461958
-50134777
17038851
    1026
-50397443
-16712190
33489662
117507070
  130813
-50460935
17039105
-100599037
33553916
-67305729
-84147710
67438593
50135297
50527739
-100467198
33881594
100794366
-16648706
50393848
-16845564
  263678
50267135
-17038588
50397437
16909310
-83951871
84017406
  197372
66845694
17038852
151126530
17103876
16974588
167968255
-134544389
-218627080
-84343814
-33291777
33488889
66911999
100728578
66847231
67173889
-16842239
-117440516
50658556
  197885
-33290756
-17171460
-50397439
-33160704
16713217
-16777731
-16644867
-117309960
-49872130
134086655
-50004483
-50003968
-33487608
33424136
-33883649
-33686027
50201604
   66308
-50594044
50395658
-16843268
-67175677
 -261631
117048067
-67173631
33620485
50398469
-50198019
-16711420
-100402183
 -261887
83624964
50592768
117244418
16842755
-67042823
-50529535
50528764
50463742
17170179
84278268
     250
167575552
83820542
  197881
-100662794
  196861
117441283
-50396416
-100664068
-16776191
-50331396
-83886587
-83756032
-50332924
50067972
33162240
-16580351
50462213
 -328960
16972798
-33552901
  262146
 -394242
49806338
50395905
16384770
-83687429
  654850
16776961
-16646140
 -260863
100925181
16909316
-100401410
-16580868
67238660
17105406
33620230
117309956
33554688
  -64508
16974594
50267129
-83753982
  196095
16582141
66781954
33816576
-83690496
-16450055
84083198
   65280
-83951365
33424385
-33489404
-33684733
17171460
67239677
50134787
-16645885
16972540
-50134526
-16841982
-67371776
17039611
-50264064
-66911231
-67109374
  130559
-33487877
50658307
-83821313
33226749
67502082
-16842237
 -262656
66978564
50069762
16842755
83491587
-100663295
117310203
84082682
50266629
-117177848
100531971
-83492101
-50265349
134087935
-50201345
-16580863
-17169924
50070528
-50266364
33749763
66845441
-33751038
-33291004
84083456
 -130307
16777981
-67436288
-33490432
   66564
66911232
33684740
33883138
17302780
-50396158
-67435524
33752064
33356544
-16385536
-50593013
  327935
-33619717
50527232
50397696
50527488
-67043581
50135556
-16712448
   66815
16909054
33684733
-33620741
84082435
83821820
  261626
-50069757
-50462210
-16777471
-67108098
50201851
16450301
33358853
-17038594
  131582
 -393727
 -326656
  261120
-16841984
16975101
100532992
83953156
  197123
-16973053
  -66045
67305983
-33686527
 -130300
  589824
-16448258
66978811
-16907521
  -66812
-33620736
33750527
-100925693
-50004221
17041148
117244163
16449027
33358847
50397692
-16908282
17105149
-33947900
33618689
33684229
-33489154
-50527232
50003457
-16841983
 -261633
-16710147
16777474
-17039100
-50463487
-66978811
-84082428
-33686020
66846976
-134347777
   66557
67304961
33554179
-50528002
66976513
  130561
33686527
-66912775
33422080
  -65532
-33620228
-66781439
-16777474
  -64768
16975621
16974851
50135035
-33555965
-83493121
 -131329
33620481
   66555
117112061
-33946880
-117505534
-50331647
50658811
83493633
-16841474
-16712189
-33750789
-16513791
67108100
    1023
16777217
-33816578
 -327677
50660611
16710658
-83885065
33684991
-66781439
16711936
50200831
-33489153
50528006
 -327172
   67068
50332416
-33357312
33620224
 -130048
50397445
33291520
-100727293
16384510
66781180
83688452
83886852
 -198144
100793343
83819776
16843261
-50529020
50397182
83623166
33488382
-50004478
16710657
-66911234
-33618945
-100597758
50527491
-117178109
-33619453
33882106
33751045
  -66308
50397180
-33880838
50658559
-16647419
66911746
-33751553
-50069765
33553414
67043580
-33553669
67175427
33227519
 -458492
117244926
-66913278
-83493631
-33816575
-33359104
-66978304
16713214
50526466
16515068
-16841477
-33816317
50527744
67173632
66978811
     513
16777216
16907008
-50134532
33096448
33357307
-50396670
-33618694
33684220
50199553
16580352
16909311
-67174140
33291779
67436806
33292291
-100467707
-66846719
117373703
16450052
-50070019
33489919
16581385
150667268
-83820030
16646919
33357573
50265603
-33554435
  261633
-49937405
-33555202
  130813
33816576
-16775425
84147198
-16711165
-33882112
-33227007
-66781184
17103620
67435264
-133757701
-33423620
-50463491
-17040382
-16777986
67436291
50397952
16581885
-33750525
33291774
33881342
-66978049
-50855426
66846976
-16973312
16450043
-67567360
83623164
33554946
-50398202
67108353
-33684486
83821312
33621244
-50266109
16710915
33554948
33227002
33685759
16645626
-33227519
  328192
33554947
-33291525
16514559
50133249
33358333
-16645121
66715903
33816317
50463741
67436035
16908795
66847482
 -130814
50069754
16974853
  326404
66847996
66847997
16843011
-33423103
-16580612
33815547
83886590
-16974080
-16251654
-83624451
  -65794
16646149
49938438
83755776
50528253
33422593
-16777724
50201341
-16777983
117571325
  393982
133955578
67042562
67042820
33946622
-16514815
-16447746
67241729
-50267132
50135293
-50331136
-33619971
-50135042
-83624192
117244678
50463237
100794627
83885312
  -65794
-16580350
-33292543
-33423618
16842242
-49938953
-33423364
33488894
-67109381
-33096446
-83624446
-16710912
16646404
67369980
100663041
-33358336
-83688962
50005764
-33880837
-83885568
67501830
133955838
67174911
-16842494
  130820
16581629
100335622
16448257
-16842495
  392708
134022141
50199804
-33619969
16777217
66977535
33750535
-17169667
-16516351
33553155
-50527746
50266880
17169667
  262143
151388675
 -328448
-84213502
16582151
-100336132
-50395901
-67108861
-84018175
16646657
33752322
17039360
-49872897
16842238
50658306
33555713
33883132
  326912
84015876
50068990
16974849
-50594305
-33750273
 -130051
  131079
17103879
   66818
50265852
  262407
-66976504
-50396668
17169924
-33227260
16646141
-16974588
-67107841
16840962
-33292544
50201346
33356803
83952129
-66978050
16647677
-50398207
-100336382
  327166
67305730
50200320
16842497
67042817
50332160
-50594044
-50461954
-83951364
16580865
-33881080
134545665
   65284
-33881599
50068735
-84148481
16645377
83952638
33357566
-33291772
-16842494
67109118
33489152
-100204034
33750272
-50068482
83951870
  459518
-50330881
-16711682
-50135809
-33357312
  261628
67044095
-16582145
-50135809
33687300
  195585
66912508
16448514
33291265
50461698
50330625
16579843
-16906498
50397437
134217727
50265603
50266882
16711168
16777987
-67239933
-33487622
-66978052
 -261891
-17039868
83754496
117636094
50200061
-50134012
-67109630
-50201856
33552638
  -65277
-16709635
16581379
-150733566
16844033
16646914
16973056
-84148991
67241214
50593787
100402178
  261119
-83623938
33293574
33161212
-151127551
-33228287
67172866
-50331391
-67370749
67044354
  197886
-117242885
134282501
33750024
50004741
-100532483
33227527
 -196864
16318466
  196604
-84081924
33619201
16581117
66845954
100794113
100401407
66978307
33358341
50462205
-66847485
33357312
-33225986
  131834
33358591
83821056
  195843
-33357309
-33358091
  195835
50398726
-66847487
50135037
-33554181
33489153
83952389
16645121
67305466
-33685762
-100334339
50396929
100727554
33552892
-100530945
-16516095
50201091
50462715
67240961
-50266621
17104644
16843520
  195835
-16383486
-33357308
33292802
67109631
-66911747
-33291008
50136062
66978816
50724866
16907262
50135297
-50135803
33948158
100729596
33946371
   66043
83558404
83821568
100467452
16712705
-16775935
-33749252
17038588
-50332163
-50397187
66846721
16974078
-134021118
16712451
67109381
-67436288
33162500
33357830
16777733
17038851
-16908550
-66781442
50726149
33750016
17302524
-16974335
-33554940
33489663
 -131588
-33751040
49872129
-50266370
 -131074
-16516609
-16711684
50135548
-66716411
-66781438
-16906754
-83951100
-33423617
   66810
-83626236
117244927
17040130
-67240199
-33162757
50529280
16713469
-33293050
 -196604
-33292036
-16909311
67106819
84016636
-66912510
16777982
83427332
16385022
117178369
133957887
-66715650
-50200324
 -392705
100596483
 -130049
16908545
-67044098
33357822
100793350
-33423873
-50461957
100205565
16646915
-16578818
67306496
50396161
-67042812
-33619711
-16514819
33358085
33816063
     770
-16645885
-33684230
33881859
  524287
50004479
  -65534
100664069
-32965117
-33293318
66977542
33556223
67567108
-150667513
-100664058
67567105
33228027
33685494
-67173641
16451073
83887871
-16909055
-67173631
-50265345
33752580
-33619457
50660358
50593025
117376004
-50004483
-100662271
     511
16907775
-100402178
50658818
67109371
16711936
17039101
50266368
117440512
33751804
100728575
33293566
-100401153
-50199550
-100400131
33554946
-16776448
67239682
83688956
83558656
50136324
16908802
67107586
67108097
67239684
67305980
117375233
33423101
50005759
-50200577
33947135
  394235
100598270
49807868
84213508
83950339
-117243138
  391939
33423613
-50068476
-50201093
100663036
50527488
  -66044
-83753982
-33816835
-66912769
16712187
 -129791
16907520
17039101
66977288
-67107068
-150667261
167574786
117112835
-33685760
-66976259
-33159689
117244157
50265855
-16711165
50201085
16908286
84214779
-67305734
-50004735
50070017
67109380
50331391
-50198790
33422593
-16318977
-50069504
-33488389
-117701890
134217474
117244158
-66847490
-184352508
-117309446
66845948
-33030396
       1
83885824
33555708
  196605
66912768
-16515841
-49874173
   66301
      -1
17103870
-16646400
67043332
-67108359
16712193
83820545
-16777472
   66815
-50396163
-66782204
-33358596
17236485
134479099
-100400644
-33424133
-33161728
33423877
50265601
67043328
33554171
-33225477
  260613
83492860
100598521
-16776445
33356797
-66977795
50202210
  -63493
-84017408
50396930
50265597
-33422844
66715902
-33684996
17235965
-100467968
49873412
-117308928
-100662531
-16974591
100794629
  195840
50659844
50331135
83821819
17040131
-66912004
16841218
-16515581
184548613
100795388
83624954
-50200834
167771906
134610436
-67239674
-117636865
33489660
50003195
66976002
  325379
33488382
-83689213
67372036
 -457988
33687042
-33227265
83820540
-66979072
-117375493
33357315
-66715391
-83886077
-67304968
67501822
-83557630
-16841470
-83885057
-100598265
-66782463
-49938689
33359873
67239424
 -326654
-50464249
   65788
66911490
150799106
-16908033
33489915
33751804
50463746
-16646917
-134019586
-50592262
16710403
16645119
16973310
17105415
-33946107
66846978
-134021125
50658306
-16972797
-33291774
-117309184
 -329219
50202211
-16513789
134021378
67698694
67568131
-33357821
-83884796
-150929156
33684991
67239422
-16581122
-67306494
83885312
17105409
16842755
50201856
-33423614
16646142
83690751
16516607
83754493
-33225729
-50528254
50069505
-33817338
50790151
83821050
   66039
17038586
17235454
16907011
50462717
66650372
100335358
-16975361
-33358334
-16907005
-33423103
-16776702
-66848259
67371254
-16711681
16777220
84279031
-66844935
-117374462
 -131584
16842751
100401923
33554688
 -261890
16842754
-33816572
50462461
33226235
-66714626
67502077
184417796
33686529
134546181
-33488635
16645883
-33488382
-67240957
100467202
-33619460
100860672
50725380
33620483
-50528508
33684478
-49676801
  261127
17039612
67371517
-67174395
16646657
  196861
33749759
117702398
-83755261
-67041537
    -512
100990204
-16777731
66911490
-50528258
-33487620
50528511
50593278
117570302
66847740
50070016
83951358
-83821567
-67108350
-83559423
-16974331
  392963
67371009
33816831
33488892
33489149
-50397435
50200323
33422845
-16646646
-33751554
-50527486
-33291522
151321337
-67043332
-84017406
-50460926
-16382467
  261637
-50070271
50137350
-50529535
67175424
-33553926
-50462466
100662022
-33552639
-50461183
-83559165
16581375
83952386
  197377
16710913
-67109375
16843011
33949186
-16710913
 -132351
-100729861
-33489405
 -195076
33752067
133955332
150667260
33293568
-50133761
-117441029
33553664
67239424
83492865
33555196
33816064
-67108861
   66562
-83493634
  196862
-50135550
-16645379
-16711936
17040390
34077952
-84147712
-50723841
-33422593
-33161733
67176197
-16776705
100664060
-66977028
84082186
100400132
83493115
50462976
-50200827
16712964
33423111
83689730
33422330
66977532
50462461
-100794630
-50266368
83819779
     770
50396932
-83557375
-67043321
  -66301
-16515325
-83951110
-33750280
 -131077
  327170
83755515
-17040124
67043072
66978812
33881598
-33423104
  391937
66912510
-16318979
  327168
-66913026
33620229
134217470
50200574
50005244
16777213
33620731
83952635
33619964
 -196352
33423101
-50460928
66783229
100467716
100730622
67437574
66781437
   64767
-50397443
-50265856
-66845441
50266110
-50135303
17038845
16711938
-16909055
-16646906
-16842746
 -263169
-16384004
-67369474
-50069758
33422595
-50332413
16776704
83753729
-33423107
     507
33815548
50657797
50657797
-16450559
33751288
-16712956
33617408
66910458
-50462973
 -262913
-50134527
83885826
16974591
67369979
33750529
-16843267
33555455
-133954559
67044092
   65794
83953410
16646399
33883902
-100662790
16647932
117373950
-67042822
33489916
100467450
-16581882
 -197120
66913278
16711939
-16974591
-50723838
-67369985
-83821060
50267388
33554436
-67173636
-33554688
50331915
-50331388
-16383481
-67042563
-33422852
  327428
-33684987
-50528505
-33554690
  197891
-50199548
  -66040
-16579582
-50133500
-67173370
-16319484
50789891
33751300
-67109117
67043592
-16646917
-50266618
-33685246
 -131070
  197632
84084219
16516606
-50069508
67241470
33555454
     771
33226757
-16580866
50396665
16383490
50201855
-33292027
-33686016
33881345
  197123
33553156
 -130818
-67042306
-50462468
-67174913
-33619708
-16842751
-83296259
17105404
-66847490
-66519297
-16712194
  197123
50857213
33619715
-16317696
67698940
-16710661
33358080
66846978
100466684
-66913022
17039873
-67566339
-33358340
-16777216
-66781440
-16841985
-33423868
-100662783
50200063
117374203
  197117
-33619709
-133693436
-50265851
-83625469
-67044098
-83623425
-16645376
67435261
-16909055
16581116
33487614
-33489915
-117375484
-33489148
-16843270
33685241
-83755779
16646660
84084479
 -194811
-33489147
117637124
-16844037
67106819
-50397437
  197377
50657788
     256
-33620478
16647429
33947908
  392447
 -131066
  327167
-33487871
83951101
83951617
   65792
 -392709
117374468
84017149
   66308
67174396
16645637
66781956
-67044101
 -130559
16907521
-67305982
-50265858
-16973571
33619708
117178880
  -64512
-16645883
-50004482
67107839
   65791
33619197
  -65543
-16450557
-16907520
100599812
66716670
-17171454
-50463237
33685505
-33686781
-84146948
-16645638
-16513531
50659595
67108861
50134266
-50396413
-67107589
100991745
  132613
16582143
50200579
-16842500
-33684733
16908290
-16907775
16777217
-50266370
  -64003
100597508
-33620228
134478848
-100596997
134153217
66978557
-83491847
100991742
67436799
50527489
34078719
33684739
-66781695
16907520
-16646658
-150928899
-83691009
33553660
33750783
 -130302
-50462466
-50069506
16778756
66910978
-16189185
-50526211
 -262908
 -129536
67174911
50006014
83559422
16647164
16909058
50593280
-33422588
33422589
-83625213
101121532
134609921
-33357821
33684990
  130300
-33619458
67370236
33161980
134152448
-33685763
-66976516
-16580607
50528508
-17039109
-117310211
-50463999
16711677
-83690245
33490177
-100400644
50332928
-50330361
17102591
-50528770
-33227516
33880836
-33816574
-16711170
16975358
17039874
33422082
-33686268
  391423
17104380
  130560
33620224
-16580869
-16909057
-33685249
-33225477
-50198789
-84213509
-67043844
50004476
   64518
 -261370
-16647421
83755521
16645635
-83820803
-33684991
50463488
83820034
100599293
 -262912
-83755008
33620734
-50461697
   66298
-16450306
-67175172
-33946113
49808378
 -458239
-33358593
67435776
-33749761
 -260098
50200065
101056513
-117376256
33685250
  654596
33816830
-33160447
67370498
67239168
16973820
-50199557
-16580355
-33619203
-67108867
16973819
 -131843
-66911229
-16974080
50526981
-50200571
33620991
-33292036
33751557
16776709
  130820
  392958
50397179
50070017
33620221
-67306498
-66846212
16908543
117308675
16646913
-100596732
 -131332
-50070274
 -195074
33293310
-100729854
83756028
-33292287
17038080
-16515326
  129792
67369729
16908292
16711932
84016128
67043074
-66978047
-66976516
83822594
-16579587
-50462977
66848255
16909312
50069250
50265084
-33553920
50659838
-117048065
-16710403
50265092
 -261121
-83559166
-16646652
-49872899
33749757
-83428098
  263173
   64515
   64772
-83755265
50463741
33291772
83689216
66913275
-16581627
-67044356
84082940
  326914
16777217
-50397190
-83754496
134283517
101055236
33554180
-67174397
33359107
  131581
-66846207
-33685499
-16840961
100728318
83821564
16712448
-16579579
-16579584
50461697
83951103
100925439
-33685248
84018180
16841733
66977018
50527233
33357565
33749760
100596739
-33293058
33684481
100467971
16843521
-33880834
-67043587
16514817
 -262912
  262148
33555197
-50331905
-83559419
67437823
-33686530
-16645886
-16777209
  392961
50789120
-84082173
16711679
50398468
33816326
66976770
-67304446
-83821317
-50462726
  -64509
50266117
16647168
-83820801
33423360
-117310211
-33815810
66978566
84212990
66782463
-16711171
-50332163
-16973568
100401922
16843009
16907774
  -64508
33291008
67108100
100794628
    -507
  195834
-33620992
-50135806
33684477
33817855
50396415
-33292285
17169404
-50003202
-50592772
-16645634
67503362
16646655
  130044
  262149
100598018
  326656
-16776704
-16253948
-50329856
66978556
-83951872
-67109118
83819774
-50526974
-100794113
67174142
16908547
50462724
16841984
-33554436
117310458
-50396419
-16908797
33619455
16972801
-66913277
  392446
50266370
16580352
    1023
-66978303
-117701633
-83625472
-50462466
-16908803
-83689984
100402687
  130050
33947646
50398718
16515067
100859903
-50395649
  -64769
117309181
-33422595
-50595329
16581119
   65535
-33489409
16843004
-33620224
100531461
-33685760
50331389
134151936
-16581125
-16449795
84475901
33619456
-33488387
-67437053
16515068
16581889
-16645379
50396162
-16711426
 -197123
50135298
-16581120
50070269
-50529533
33422589
50134530
-17039615
-33356805
  130557
-17103613
50658819
-16776196
-84081413
-16907776
-83755780
67110142
 -196610
-67044352
83821309
-67174402
-67042044
83624958
-50330882
50004987
-50461188
-33750530
-33750012
-33685762
  -66818
-67043584
  197375
83689476
-50462463
-84083460
33816061
16711163
33620732
  132347
67042307
-16646915
67174144
50201596
   65026
  131845
83754241
-100597760
   65020
 -131586
33422853
-83689985
16776703
50594300
50266370
-16712445
-67043842
-66779906
-33619461
-67173635
50464002
-83950083
 -260609
50594303
-33684225
-50397179
33162491
-33751298
-66913022
16910075
100599037
83951874
-67175167
83623168
16645884
-33422338
  -65025
       0
       0
       0
       0
       0
       0
       0
   65536
       0
       0
       0
       0
       0
       0
       0
-16776705
       0
       0
       0
       0
       0
       0
       0
50331391
       0
       0
       0
       0
       0
       0
       0
     257
       0
       0
       0
       0
       0
       0
       0
16777472
       0
       0
       0
       0
       0
       0
       0
33488896
       0
       0
       0
       0
       0
       0
       0
-16645889
       0
       0
       0
       0
       0
       0
       0
   65538
       0
       0
       0
       0
       0
       0
       0
-16646398
       0
       0
       0
       0
       0
       0
       0
 -130815
       0
       0
       0
       0
       0
       0
       0
-16711681
       0
       0
       0
       0
       0
       0
       0
-16711936
       0
       0
       0
       0
       0
       0
       0
   65535
       0
       0
       0
       0
       0
       0
       0
33488896
       0
       0
       0
       0
       0
       0
       0
-16515073
       0
       0
       0
       0
       0
       0
       0
