  720899        0        0        0
  786460        0        0        0
       0        0        0        0
269746176        0        0        0
100663303        0        0        0
620769792        0        0        0
1174406656        0        0        0
      10        0        0        0
    2564        0        0        0
 1966118        0        0        0
   10240        0        0        0
       0        0        0        0
1107296256        0        0        0
 4653056        0        0        0
754984192        0        0        0
50344704        0        0        0
       0        0        0        0
       0        0        0        0
       0        0        0        0
       0        0        0        0
       0        0        0        0
       0        0        0        0
       0        0        0        0
       0        0        0        0
       0        0        0        0
       0        0        0        0
       0        0        0        0
       0        0        0        0
       0        0        0        0
       0        0        0        0
       0        0        0        0
       0        0        0        0
