2.461711502e+01 0.000000000e+00 
0.000000000e+00 0.000000000e+00 
0.000000000e+00 0.000000000e+00 
0.000000000e+00 0.000000000e+00 
0.000000000e+00 0.000000000e+00 
0.000000000e+00 0.000000000e+00 
0.000000000e+00 0.000000000e+00 
0.000000000e+00 0.000000000e+00 
3.329628229e+00 -1.261340141e+01 
1.776886177e+01 0.000000000e+00 
0.000000000e+00 0.000000000e+00 
0.000000000e+00 0.000000000e+00 
0.000000000e+00 0.000000000e+00 
0.000000000e+00 0.000000000e+00 
0.000000000e+00 0.000000000e+00 
0.000000000e+00 0.000000000e+00 
5.200850487e+00 2.284032345e+00 
4.897172928e+00 -1.635695648e+01 
1.349411678e+01 0.000000000e+00 
0.000000000e+00 0.000000000e+00 
0.000000000e+00 0.000000000e+00 
0.000000000e+00 0.000000000e+00 
0.000000000e+00 0.000000000e+00 
0.000000000e+00 0.000000000e+00 
7.155796051e+00 -7.100450993e+00 
-5.296669602e-01 -1.962547183e+00 
4.922904968e+00 -1.733065796e+01 
1.103360462e+01 0.000000000e+00 
0.000000000e+00 0.000000000e+00 
0.000000000e+00 0.000000000e+00 
0.000000000e+00 0.000000000e+00 
0.000000000e+00 0.000000000e+00 
1.705969453e+00 -1.271395683e+00 
5.384306908e+00 -6.585060120e+00 
-5.399358273e+00 -1.646452188e+00 
6.040687561e+00 -1.475500870e+01 
1.122502518e+01 0.000000000e+00 
0.000000000e+00 0.000000000e+00 
0.000000000e+00 0.000000000e+00 
0.000000000e+00 0.000000000e+00 
1.551103711e+00 -5.558528900e+00 
-4.677431285e-01 -1.631063342e+00 
1.012413502e+01 -5.864890099e+00 
-6.291499138e+00 -8.329083443e+00 
5.270582676e+00 -1.234874535e+01 
7.206634998e+00 0.000000000e+00 
0.000000000e+00 0.000000000e+00 
0.000000000e+00 0.000000000e+00 
-7.334494591e+00 8.250694275e+00 
6.612827301e+00 -3.944355011e+00 
-2.889541626e+00 -1.437275028e+01 
2.382153273e-01 -3.593042374e+00 
-3.149177551e+00 -5.378177166e+00 
2.327360630e+00 -4.419867516e+00 
5.264503956e+00 0.000000000e+00 
0.000000000e+00 0.000000000e+00 
1.605928230e+01 1.135731983e+01 
-4.338385582e+00 -8.958672285e-01 
-5.442574024e+00 -3.719786406e+00 
-3.529539585e+00 -8.636129379e+00 
2.862509727e+00 -5.331852913e+00 
1.178766966e+00 -1.021624088e+00 
7.782450914e-01 -1.574467063e+00 
4.289229870e+00 0.000000000e+00 
2.461711502e+01 0.000000000e+00 
0.000000000e+00 0.000000000e+00 
0.000000000e+00 0.000000000e+00 
0.000000000e+00 0.000000000e+00 
0.000000000e+00 0.000000000e+00 
0.000000000e+00 0.000000000e+00 
0.000000000e+00 0.000000000e+00 
0.000000000e+00 0.000000000e+00 
3.329628229e+00 -1.261340141e+01 
1.776886177e+01 0.000000000e+00 
0.000000000e+00 0.000000000e+00 
0.000000000e+00 0.000000000e+00 
0.000000000e+00 0.000000000e+00 
0.000000000e+00 0.000000000e+00 
0.000000000e+00 0.000000000e+00 
0.000000000e+00 0.000000000e+00 
5.200850487e+00 2.284032345e+00 
4.897172928e+00 -1.635695648e+01 
1.349411678e+01 0.000000000e+00 
0.000000000e+00 0.000000000e+00 
0.000000000e+00 0.000000000e+00 
0.000000000e+00 0.000000000e+00 
0.000000000e+00 0.000000000e+00 
0.000000000e+00 0.000000000e+00 
7.155796051e+00 -7.100450993e+00 
-5.296669602e-01 -1.962547183e+00 
4.922904968e+00 -1.733065796e+01 
1.103360462e+01 0.000000000e+00 
0.000000000e+00 0.000000000e+00 
0.000000000e+00 0.000000000e+00 
0.000000000e+00 0.000000000e+00 
0.000000000e+00 0.000000000e+00 
1.705969453e+00 -1.271395683e+00 
5.384306908e+00 -6.585060120e+00 
-5.399358273e+00 -1.646452188e+00 
6.040687561e+00 -1.475500870e+01 
1.122502518e+01 0.000000000e+00 
0.000000000e+00 0.000000000e+00 
0.000000000e+00 0.000000000e+00 
0.000000000e+00 0.000000000e+00 
1.551103711e+00 -5.558528900e+00 
-4.677431285e-01 -1.631063342e+00 
1.012413502e+01 -5.864890099e+00 
-6.291499138e+00 -8.329083443e+00 
5.270582676e+00 -1.234874535e+01 
7.206634998e+00 0.000000000e+00 
0.000000000e+00 0.000000000e+00 
0.000000000e+00 0.000000000e+00 
-7.334494591e+00 8.250694275e+00 
6.612827301e+00 -3.944355011e+00 
-2.889541626e+00 -1.437275028e+01 
2.382153273e-01 -3.593042374e+00 
-3.149177551e+00 -5.378177166e+00 
2.327360630e+00 -4.419867516e+00 
5.264503956e+00 0.000000000e+00 
0.000000000e+00 0.000000000e+00 
1.605928230e+01 1.135731983e+01 
-4.338385582e+00 -8.958672285e-01 
-5.442574024e+00 -3.719786406e+00 
-3.529539585e+00 -8.636129379e+00 
2.862509727e+00 -5.331852913e+00 
1.178766966e+00 -1.021624088e+00 
7.782450914e-01 -1.574467063e+00 
4.289229870e+00 0.000000000e+00 
2.461711502e+01 0.000000000e+00 
0.000000000e+00 0.000000000e+00 
0.000000000e+00 0.000000000e+00 
0.000000000e+00 0.000000000e+00 
0.000000000e+00 0.000000000e+00 
0.000000000e+00 0.000000000e+00 
0.000000000e+00 0.000000000e+00 
0.000000000e+00 0.000000000e+00 
3.329628229e+00 -1.261340141e+01 
1.776886177e+01 0.000000000e+00 
0.000000000e+00 0.000000000e+00 
0.000000000e+00 0.000000000e+00 
0.000000000e+00 0.000000000e+00 
0.000000000e+00 0.000000000e+00 
0.000000000e+00 0.000000000e+00 
0.000000000e+00 0.000000000e+00 
5.200850487e+00 2.284032345e+00 
4.897172928e+00 -1.635695648e+01 
1.349411678e+01 0.000000000e+00 
0.000000000e+00 0.000000000e+00 
0.000000000e+00 0.000000000e+00 
0.000000000e+00 0.000000000e+00 
0.000000000e+00 0.000000000e+00 
0.000000000e+00 0.000000000e+00 
7.155796051e+00 -7.100450993e+00 
-5.296669602e-01 -1.962547183e+00 
4.922904968e+00 -1.733065796e+01 
1.103360462e+01 0.000000000e+00 
0.000000000e+00 0.000000000e+00 
0.000000000e+00 0.000000000e+00 
0.000000000e+00 0.000000000e+00 
0.000000000e+00 0.000000000e+00 
1.705969453e+00 -1.271395683e+00 
5.384306908e+00 -6.585060120e+00 
-5.399358273e+00 -1.646452188e+00 
6.040687561e+00 -1.475500870e+01 
1.122502518e+01 0.000000000e+00 
0.000000000e+00 0.000000000e+00 
0.000000000e+00 0.000000000e+00 
0.000000000e+00 0.000000000e+00 
1.551103711e+00 -5.558528900e+00 
-4.677431285e-01 -1.631063342e+00 
1.012413502e+01 -5.864890099e+00 
-6.291499138e+00 -8.329083443e+00 
5.270582676e+00 -1.234874535e+01 
7.206634998e+00 0.000000000e+00 
0.000000000e+00 0.000000000e+00 
0.000000000e+00 0.000000000e+00 
-7.334494591e+00 8.250694275e+00 
6.612827301e+00 -3.944355011e+00 
-2.889541626e+00 -1.437275028e+01 
2.382153273e-01 -3.593042374e+00 
-3.149177551e+00 -5.378177166e+00 
2.327360630e+00 -4.419867516e+00 
5.264503956e+00 0.000000000e+00 
0.000000000e+00 0.000000000e+00 
1.605928230e+01 1.135731983e+01 
-4.338385582e+00 -8.958672285e-01 
-5.442574024e+00 -3.719786406e+00 
-3.529539585e+00 -8.636129379e+00 
2.862509727e+00 -5.331852913e+00 
1.178766966e+00 -1.021624088e+00 
7.782450914e-01 -1.574467063e+00 
4.289229870e+00 0.000000000e+00 
2.461711502e+01 0.000000000e+00 
0.000000000e+00 0.000000000e+00 
0.000000000e+00 0.000000000e+00 
0.000000000e+00 0.000000000e+00 
0.000000000e+00 0.000000000e+00 
0.000000000e+00 0.000000000e+00 
0.000000000e+00 0.000000000e+00 
0.000000000e+00 0.000000000e+00 
3.329628229e+00 -1.261340141e+01 
1.776886177e+01 0.000000000e+00 
0.000000000e+00 0.000000000e+00 
0.000000000e+00 0.000000000e+00 
0.000000000e+00 0.000000000e+00 
0.000000000e+00 0.000000000e+00 
0.000000000e+00 0.000000000e+00 
0.000000000e+00 0.000000000e+00 
5.200850487e+00 2.284032345e+00 
4.897172928e+00 -1.635695648e+01 
1.349411678e+01 0.000000000e+00 
0.000000000e+00 0.000000000e+00 
0.000000000e+00 0.000000000e+00 
0.000000000e+00 0.000000000e+00 
0.000000000e+00 0.000000000e+00 
0.000000000e+00 0.000000000e+00 
7.155796051e+00 -7.100450993e+00 
-5.296669602e-01 -1.962547183e+00 
4.922904968e+00 -1.733065796e+01 
1.103360462e+01 0.000000000e+00 
0.000000000e+00 0.000000000e+00 
0.000000000e+00 0.000000000e+00 
0.000000000e+00 0.000000000e+00 
0.000000000e+00 0.000000000e+00 
1.705969453e+00 -1.271395683e+00 
5.384306908e+00 -6.585060120e+00 
-5.399358273e+00 -1.646452188e+00 
6.040687561e+00 -1.475500870e+01 
1.122502518e+01 0.000000000e+00 
0.000000000e+00 0.000000000e+00 
0.000000000e+00 0.000000000e+00 
0.000000000e+00 0.000000000e+00 
1.551103711e+00 -5.558528900e+00 
-4.677431285e-01 -1.631063342e+00 
1.012413502e+01 -5.864890099e+00 
-6.291499138e+00 -8.329083443e+00 
5.270582676e+00 -1.234874535e+01 
7.206634998e+00 0.000000000e+00 
0.000000000e+00 0.000000000e+00 
0.000000000e+00 0.000000000e+00 
-7.334494591e+00 8.250694275e+00 
6.612827301e+00 -3.944355011e+00 
-2.889541626e+00 -1.437275028e+01 
2.382153273e-01 -3.593042374e+00 
-3.149177551e+00 -5.378177166e+00 
2.327360630e+00 -4.419867516e+00 
5.264503956e+00 0.000000000e+00 
0.000000000e+00 0.000000000e+00 
1.605928230e+01 1.135731983e+01 
-4.338385582e+00 -8.958672285e-01 
-5.442574024e+00 -3.719786406e+00 
-3.529539585e+00 -8.636129379e+00 
2.862509727e+00 -5.331852913e+00 
1.178766966e+00 -1.021624088e+00 
7.782450914e-01 -1.574467063e+00 
4.289229870e+00 0.000000000e+00 
