3.309111786e+01 0.000000000e+00 
0.000000000e+00 0.000000000e+00 
0.000000000e+00 0.000000000e+00 
0.000000000e+00 0.000000000e+00 
0.000000000e+00 0.000000000e+00 
0.000000000e+00 0.000000000e+00 
0.000000000e+00 0.000000000e+00 
0.000000000e+00 0.000000000e+00 
2.282132864e+00 5.409339666e-01 
2.912737274e+01 0.000000000e+00 
0.000000000e+00 0.000000000e+00 
0.000000000e+00 0.000000000e+00 
0.000000000e+00 0.000000000e+00 
0.000000000e+00 0.000000000e+00 
0.000000000e+00 0.000000000e+00 
0.000000000e+00 0.000000000e+00 
3.987799406e+00 -2.010183334e-01 
4.164978564e-01 -2.762186527e-01 
3.003992081e+01 0.000000000e+00 
0.000000000e+00 0.000000000e+00 
0.000000000e+00 0.000000000e+00 
0.000000000e+00 0.000000000e+00 
0.000000000e+00 0.000000000e+00 
0.000000000e+00 0.000000000e+00 
5.257015705e+00 -3.999561548e+00 
4.811219573e-01 -4.572649598e-01 
1.651942015e+00 -2.382544279e-01 
2.679342270e+01 0.000000000e+00 
0.000000000e+00 0.000000000e+00 
0.000000000e+00 0.000000000e+00 
0.000000000e+00 0.000000000e+00 
0.000000000e+00 0.000000000e+00 
-3.572057962e+00 2.075534821e+00 
7.241714001e+00 2.710144997e+00 
2.653522968e+00 1.197837949e+00 
5.439686775e+00 -5.579299331e-01 
2.910234642e+01 0.000000000e+00 
0.000000000e+00 0.000000000e+00 
0.000000000e+00 0.000000000e+00 
0.000000000e+00 0.000000000e+00 
-3.592119217e+00 4.918053746e-01 
-9.051002860e-01 -1.338212013e+00 
5.128907204e+00 1.086507082e+00 
2.523942709e+00 -1.609566092e+00 
1.314527273e+00 3.674671054e-02 
2.908649635e+01 0.000000000e+00 
0.000000000e+00 0.000000000e+00 
0.000000000e+00 0.000000000e+00 
-1.575295925e+01 -1.294672489e+00 
-3.341415167e+00 1.267883658e+00 
-6.847519875e-01 -8.567948341e-01 
1.159147549e+01 1.530931473e+00 
1.662144065e+00 9.528277516e-01 
-6.604440808e-01 -4.517342746e-01 
2.377412415e+01 0.000000000e+00 
0.000000000e+00 0.000000000e+00 
1.939307785e+01 1.158814192e+00 
-1.369038963e+01 1.378711104e+00 
-4.226379871e+00 -1.957758069e-01 
-7.571771145e-01 2.110488415e-01 
1.093005371e+01 1.736151725e-01 
4.916248322e+00 -1.930354834e-01 
1.139415646e+01 3.663476557e-02 
5.873180866e+00 0.000000000e+00 
3.309111786e+01 0.000000000e+00 
0.000000000e+00 0.000000000e+00 
0.000000000e+00 0.000000000e+00 
0.000000000e+00 0.000000000e+00 
0.000000000e+00 0.000000000e+00 
0.000000000e+00 0.000000000e+00 
0.000000000e+00 0.000000000e+00 
0.000000000e+00 0.000000000e+00 
2.282132864e+00 5.409339666e-01 
2.912737274e+01 0.000000000e+00 
0.000000000e+00 0.000000000e+00 
0.000000000e+00 0.000000000e+00 
0.000000000e+00 0.000000000e+00 
0.000000000e+00 0.000000000e+00 
0.000000000e+00 0.000000000e+00 
0.000000000e+00 0.000000000e+00 
3.987799406e+00 -2.010183334e-01 
4.164978564e-01 -2.762186527e-01 
3.003992081e+01 0.000000000e+00 
0.000000000e+00 0.000000000e+00 
0.000000000e+00 0.000000000e+00 
0.000000000e+00 0.000000000e+00 
0.000000000e+00 0.000000000e+00 
0.000000000e+00 0.000000000e+00 
5.257015705e+00 -3.999561548e+00 
4.811219573e-01 -4.572649598e-01 
1.651942015e+00 -2.382544279e-01 
2.679342270e+01 0.000000000e+00 
0.000000000e+00 0.000000000e+00 
0.000000000e+00 0.000000000e+00 
0.000000000e+00 0.000000000e+00 
0.000000000e+00 0.000000000e+00 
-3.572057962e+00 2.075534821e+00 
7.241714001e+00 2.710144997e+00 
2.653522968e+00 1.197837949e+00 
5.439686775e+00 -5.579299331e-01 
2.910234642e+01 0.000000000e+00 
0.000000000e+00 0.000000000e+00 
0.000000000e+00 0.000000000e+00 
0.000000000e+00 0.000000000e+00 
-3.592119217e+00 4.918053746e-01 
-9.051002860e-01 -1.338212013e+00 
5.128907204e+00 1.086507082e+00 
2.523942709e+00 -1.609566092e+00 
1.314527273e+00 3.674671054e-02 
2.908649635e+01 0.000000000e+00 
0.000000000e+00 0.000000000e+00 
0.000000000e+00 0.000000000e+00 
-1.575295925e+01 -1.294672489e+00 
-3.341415167e+00 1.267883658e+00 
-6.847519875e-01 -8.567948341e-01 
1.159147549e+01 1.530931473e+00 
1.662144065e+00 9.528277516e-01 
-6.604440808e-01 -4.517342746e-01 
2.377412415e+01 0.000000000e+00 
0.000000000e+00 0.000000000e+00 
1.939307785e+01 1.158814192e+00 
-1.369038963e+01 1.378711104e+00 
-4.226379871e+00 -1.957758069e-01 
-7.571771145e-01 2.110488415e-01 
1.093005371e+01 1.736151725e-01 
4.916248322e+00 -1.930354834e-01 
1.139415646e+01 3.663476557e-02 
5.873180866e+00 0.000000000e+00 
3.309111786e+01 0.000000000e+00 
0.000000000e+00 0.000000000e+00 
0.000000000e+00 0.000000000e+00 
0.000000000e+00 0.000000000e+00 
0.000000000e+00 0.000000000e+00 
0.000000000e+00 0.000000000e+00 
0.000000000e+00 0.000000000e+00 
0.000000000e+00 0.000000000e+00 
2.282132864e+00 5.409339666e-01 
2.912737274e+01 0.000000000e+00 
0.000000000e+00 0.000000000e+00 
0.000000000e+00 0.000000000e+00 
0.000000000e+00 0.000000000e+00 
0.000000000e+00 0.000000000e+00 
0.000000000e+00 0.000000000e+00 
0.000000000e+00 0.000000000e+00 
3.987799406e+00 -2.010183334e-01 
4.164978564e-01 -2.762186527e-01 
3.003992081e+01 0.000000000e+00 
0.000000000e+00 0.000000000e+00 
0.000000000e+00 0.000000000e+00 
0.000000000e+00 0.000000000e+00 
0.000000000e+00 0.000000000e+00 
0.000000000e+00 0.000000000e+00 
5.257015705e+00 -3.999561548e+00 
4.811219573e-01 -4.572649598e-01 
1.651942015e+00 -2.382544279e-01 
2.679342270e+01 0.000000000e+00 
0.000000000e+00 0.000000000e+00 
0.000000000e+00 0.000000000e+00 
0.000000000e+00 0.000000000e+00 
0.000000000e+00 0.000000000e+00 
-3.572057962e+00 2.075534821e+00 
7.241714001e+00 2.710144997e+00 
2.653522968e+00 1.197837949e+00 
5.439686775e+00 -5.579299331e-01 
2.910234642e+01 0.000000000e+00 
0.000000000e+00 0.000000000e+00 
0.000000000e+00 0.000000000e+00 
0.000000000e+00 0.000000000e+00 
-3.592119217e+00 4.918053746e-01 
-9.051002860e-01 -1.338212013e+00 
5.128907204e+00 1.086507082e+00 
2.523942709e+00 -1.609566092e+00 
1.314527273e+00 3.674671054e-02 
2.908649635e+01 0.000000000e+00 
0.000000000e+00 0.000000000e+00 
0.000000000e+00 0.000000000e+00 
-1.575295925e+01 -1.294672489e+00 
-3.341415167e+00 1.267883658e+00 
-6.847519875e-01 -8.567948341e-01 
1.159147549e+01 1.530931473e+00 
1.662144065e+00 9.528277516e-01 
-6.604440808e-01 -4.517342746e-01 
2.377412415e+01 0.000000000e+00 
0.000000000e+00 0.000000000e+00 
1.939307785e+01 1.158814192e+00 
-1.369038963e+01 1.378711104e+00 
-4.226379871e+00 -1.957758069e-01 
-7.571771145e-01 2.110488415e-01 
1.093005371e+01 1.736151725e-01 
4.916248322e+00 -1.930354834e-01 
1.139415646e+01 3.663476557e-02 
5.873180866e+00 0.000000000e+00 
3.309111786e+01 0.000000000e+00 
0.000000000e+00 0.000000000e+00 
0.000000000e+00 0.000000000e+00 
0.000000000e+00 0.000000000e+00 
0.000000000e+00 0.000000000e+00 
0.000000000e+00 0.000000000e+00 
0.000000000e+00 0.000000000e+00 
0.000000000e+00 0.000000000e+00 
2.282132864e+00 5.409339666e-01 
2.912737274e+01 0.000000000e+00 
0.000000000e+00 0.000000000e+00 
0.000000000e+00 0.000000000e+00 
0.000000000e+00 0.000000000e+00 
0.000000000e+00 0.000000000e+00 
0.000000000e+00 0.000000000e+00 
0.000000000e+00 0.000000000e+00 
3.987799406e+00 -2.010183334e-01 
4.164978564e-01 -2.762186527e-01 
3.003992081e+01 0.000000000e+00 
0.000000000e+00 0.000000000e+00 
0.000000000e+00 0.000000000e+00 
0.000000000e+00 0.000000000e+00 
0.000000000e+00 0.000000000e+00 
0.000000000e+00 0.000000000e+00 
5.257015705e+00 -3.999561548e+00 
4.811219573e-01 -4.572649598e-01 
1.651942015e+00 -2.382544279e-01 
2.679342270e+01 0.000000000e+00 
0.000000000e+00 0.000000000e+00 
0.000000000e+00 0.000000000e+00 
0.000000000e+00 0.000000000e+00 
0.000000000e+00 0.000000000e+00 
-3.572057962e+00 2.075534821e+00 
7.241714001e+00 2.710144997e+00 
2.653522968e+00 1.197837949e+00 
5.439686775e+00 -5.579299331e-01 
2.910234642e+01 0.000000000e+00 
0.000000000e+00 0.000000000e+00 
0.000000000e+00 0.000000000e+00 
0.000000000e+00 0.000000000e+00 
-3.592119217e+00 4.918053746e-01 
-9.051002860e-01 -1.338212013e+00 
5.128907204e+00 1.086507082e+00 
2.523942709e+00 -1.609566092e+00 
1.314527273e+00 3.674671054e-02 
2.908649635e+01 0.000000000e+00 
0.000000000e+00 0.000000000e+00 
0.000000000e+00 0.000000000e+00 
-1.575295925e+01 -1.294672489e+00 
-3.341415167e+00 1.267883658e+00 
-6.847519875e-01 -8.567948341e-01 
1.159147549e+01 1.530931473e+00 
1.662144065e+00 9.528277516e-01 
-6.604440808e-01 -4.517342746e-01 
2.377412415e+01 0.000000000e+00 
0.000000000e+00 0.000000000e+00 
1.939307785e+01 1.158814192e+00 
-1.369038963e+01 1.378711104e+00 
-4.226379871e+00 -1.957758069e-01 
-7.571771145e-01 2.110488415e-01 
1.093005371e+01 1.736151725e-01 
4.916248322e+00 -1.930354834e-01 
1.139415646e+01 3.663476557e-02 
5.873180866e+00 0.000000000e+00 
