1134628357
3285794564
3289719482
3277789868
1146408686
1124767250
1146100833
1137296847
1066323320
1094245246
3289178895
3296205560
3274043272
1123908207
1144773056
1135768708
1143660388
1146424188
1146910973
1142803721
3292035755
3281646176
3289511918
1144475345
1142053560
3281434005
1124697846
1142485553
1143371662
3289579001
1139194367
1142392890
3282157873
1134758093
3294316152
3279943821
3271934543
1148005867
1137008012
1132104785
3291187676
3271550656
3279935538
1146898484
3267171426
1144095528
1134119572
1144921183
3296199724
1146413780
1147237025
3291247568
3294164589
3283546891
1126920855
1111241198
3271720913
1145960761
1124894273
1146677003
1125646863
3290269570
1148229524
1148822978
3294053985
3244163016
1145656318
3295937567
3288851693
1145597889
1132899865
1143276836
1145863950
3289181335
1139779197
3287225918
1146837259
1147409876
3291086066
1142663715
3294798159
1128604973
3255818008
1128847128
1141002315
1144586512
1085107470
3293948627
1146029775
3294349693
1142104172
3292348967
1145634847
1132892010
3284004083
1144419044
3219809976
3212958707
1071940404
1048309493
3206180853
3220866029
3212966216
3212911171
3215675329
3206614063
3214274684
3218919791
3217811171
3162247478
3219119878
1071512725
3214387143
3190529183
3200125462
3210289926
3207703193
3214268482
3210931366
3217457115
1060962818
1058327960
3208180623
1069628853
3204359715
1055467239
1035099544
3208083814
1065875272
1062024414
1058930602
3217047315
3220902439
1064631375
3218533228
3213234356
1073530201
1072825743
1070824855
1050752768
3190046432
3190955540
3207352843
1072465026
1067732731
1073316444
3210434368
1051828240
1061275104
3203113045
1050320062
3214568110
3208060195
3216849025
1058703938
3207610920
3198331042
3202918992
3219702749
1070021558
1070031435
1066079564
3212842612
1065052763
1049734890
3211311457
1063213897
3210817571
3206770486
3214377752
1048911139
3192612613
1057017774
3221068556
3199291790
3220048062
3208911638
3218507041
1042029736
1070995739
1068726022
3177260545
3206288316
3220797697
1057924202
3207621055
3202016606
1056785352
3215146916
1048403625
3191832668
3204148818
1133675257
1141048392
1135759336
1110882115
1148570066
1138535790
1140588558
1134675274
1132584788
1136751080
1146093845
1144532944
1136499444
1095780099
1145526763
1132900804
1142008789
1103915092
1143311598
1136771840
1140361586
1137669106
1135570842
1141489302
1148402249
1122078060
1134338327
1109864667
1144560022
1143234763
1129751232
1137729649
