2415853568
-1.796077270507812500e+02
-9.215413818359375000e+02
5.097482299804687500e+02
5.913706665039062500e+02
8.702339477539062500e+02
4.216633224487304688e+01
-8.668160400390625000e+02
8.533225708007812500e+02
-4.978813781738281250e+02
-7.363281860351562500e+02
-7.094791870117187500e+02
1.823284454345703125e+02
-2.184759521484375000e+02
4.160784301757812500e+02
-8.332640380859375000e+02
-9.670727539062500000e+02
9.205282592773437500e+02
-8.184129638671875000e+02
-3.087335510253906250e+02
-9.624266967773437500e+02
7.669293212890625000e+02
6.936835327148437500e+02
1.770995635986328125e+02
-6.827433471679687500e+02
6.030343017578125000e+02
-8.647162475585937500e+02
-8.577610015869140625e+01
-3.683439636230468750e+02
9.942707519531250000e+02
9.554826049804687500e+02
6.621583862304687500e+02
-9.788231658935546875e+01
9.654562377929687500e+02
1.719998016357421875e+02
9.626998901367187500e+01
-5.536676635742187500e+02
9.098859252929687500e+02
6.653963012695312500e+02
-5.617611694335937500e+02
-7.196633911132812500e+01
3.990256652832031250e+02
8.895427856445312500e+02
4.046249084472656250e+02
5.971463012695312500e+02
-2.072842102050781250e+02
4.401437988281250000e+02
9.801011657714843750e+01
1.105825119018554688e+02
3.694925231933593750e+02
5.870928344726562500e+02
4.670079421997070312e+01
-7.998728637695312500e+02
-1.199007415771484375e+02
-4.657139892578125000e+02
8.963702392578125000e+02
1.297654418945312500e+02
-1.059401702880859375e+02
8.718057250976562500e+01
-9.123805999755859375e+01
-2.866791381835937500e+02
9.868331909179687500e+02
7.634831542968750000e+02
-5.462522583007812500e+02
-1.697505340576171875e+02
-7.802930297851562500e+02
-8.555091552734375000e+02
4.053886413574218750e+02
-4.559537963867187500e+02
9.613458862304687500e+02
-7.005200195312500000e+02
4.453138122558593750e+02
-4.932377929687500000e+02
-2.933437500000000000e+02
6.474810791015625000e+02
-4.151360473632812500e+02
6.577648315429687500e+02
5.448806762695312500e+02
2.489280700683593750e+02
-4.614100646972656250e+02
-4.275175170898437500e+02
-9.501000976562500000e+02
2.456355590820312500e+02
6.513593750000000000e+02
1.206406784057617188e+02
5.046885986328125000e+02
-5.814669799804687500e+02
2.396373443603515625e+02
1.040984573364257812e+02
-8.495344238281250000e+02
3.669602966308593750e+02
7.020535278320312500e+02
-7.929869995117187500e+02
-8.135676879882812500e+02
-9.325913696289062500e+02
-8.415196533203125000e+02
2.071119995117187500e+02
-8.023718595504760742e-01
1.757021903991699219e+00
1.018116116523742676e+00
2.171697616577148438e-01
-1.835513353347778320e+00
3.317608833312988281e-01
-1.809059828519821167e-01
8.734161853790283203e-01
3.650264441967010498e-01
8.681316375732421875e-01
-4.193887114524841309e-02
-1.395590186119079590e+00
-1.504979014396667480e+00
-1.308037877082824707e+00
1.678770065307617188e+00
-2.169641852378845215e-01
9.907940030097961426e-01
3.355911076068878174e-01
1.845574140548706055e+00
-7.545751929283142090e-01
2.198195457458496094e-01
1.652098536491394043e+00
1.709130406379699707e+00
-6.946350932121276855e-01
-1.069096446037292480e+00
-9.083791971206665039e-01
1.621643424034118652e+00
-5.758937597274780273e-01
-8.036652207374572754e-01
1.053913235664367676e+00
1.526823759078979492e+00
-9.812708497047424316e-01
-4.418386220932006836e-01
-1.248758912086486816e+00
1.307797133922576904e-01
-2.414051257073879242e-02
-1.126729011535644531e+00
-2.430565208196640015e-01
1.617799699306488037e-01
1.239630654454231262e-01
-5.740356445312500000e-01
1.425140023231506348e+00
-9.646164178848266602e-01
-1.214182019233703613e+00
-1.332051992416381836e+00
2.472309172153472900e-01
1.956845641136169434e+00
-1.656657695770263672e+00
5.396452546119689941e-01
-1.623649477958679199e+00
-1.018186450004577637e+00
-1.334956169128417969e+00
3.746266663074493408e-01
-1.743927240371704102e+00
1.606658697128295898e+00
-1.299737840890884399e-01
-1.270395398139953613e+00
1.375360727310180664e+00
1.812195301055908203e+00
-1.768369197845458984e+00
8.566359281539916992e-01
-2.117859721183776855e-01
-1.344237089157104492e+00
1.020983219146728516e+00
-1.665543675422668457e+00
1.166946530342102051e+00
2.459381818771362305e-01
-8.630253374576568604e-02
-1.440740585327148438e+00
-9.027438759803771973e-01
1.112297058105468750e+00
1.450758576393127441e+00
-6.669223904609680176e-01
-1.562742948532104492e+00
-1.028475761413574219e+00
-1.034496545791625977e+00
-1.442733049392700195e+00
1.282954692840576172e+00
1.104328513145446777e+00
-1.250778675079345703e+00
1.651471704244613647e-01
-1.888356685638427734e+00
1.007333397865295410e+00
-1.967834472656250000e+00
-8.306605219841003418e-01
1.974025666713714600e-01
-1.333271980285644531e+00
1.325680911540985107e-01
1.833241701126098633e+00
-1.344052255153656006e-01
-1.013967752456665039e+00
-1.203391909599304199e+00
1.035618782043457031e+00
4.168702661991119385e-01
-2.168304771184921265e-01
8.334653824567794800e-02
4.359949035644531250e+02
2.592623138427734375e+01
5.496624755859375000e+02
4.353223876953125000e+02
4.203677978515625000e+02
3.303348083496093750e+02
2.046486358642578125e+02
6.192709960937500000e+02
2.996546630859375000e+02
2.668272705078125000e+02
6.211338500976562500e+02
5.291420898437500000e+02
1.345799407958984375e+02
5.135781250000000000e+02
1.844398651123046875e+02
7.853351440429687500e+02
8.539752807617187500e+02
4.942368469238281250e+02
8.465614624023437500e+02
7.964547729492187500e+01
5.052460937500000000e+02
6.528650665283203125e+01
4.281223144531250000e+02
9.653091430664062500e+01
1.271599731445312500e+02
5.967453002929687500e+02
2.260119934082031250e+02
1.069456863403320312e+02
2.203062133789062500e+02
3.498262939453125000e+02
4.677874755859375000e+02
TLAST
2.017432250976562500e+02
2415853569
5.199792861938476562e+00
1.031896972656250000e+02
1.180510711669921875e+02
-6.358289184570312500e+02
-5.974360961914062500e+02
4.122769470214843750e+02
6.923250122070312500e+02
9.190217895507812500e+02
5.216906738281250000e+02
1.096694717407226562e+02
-8.288458862304687500e+02
-8.289306640625000000e+02
-6.948453369140625000e+02
4.123660583496093750e+02
-4.436738586425781250e+02
-1.534966278076171875e+02
-6.951587524414062500e+02
-5.263579711914062500e+02
-2.582907409667968750e+02
2.268630981445312500e+02
9.554146118164062500e+02
-7.456265258789062500e+02
-4.134483337402343750e+02
9.932095336914062500e+02
7.662587280273437500e+02
9.110438232421875000e+02
5.828940582275390625e+01
-5.284563598632812500e+02
-5.970725708007812500e+02
6.077527465820312500e+02
8.628300170898437500e+02
2.337999572753906250e+02
-8.281387329101562500e+02
7.286721801757812500e+02
-9.275949707031250000e+02
-3.705584716796875000e+02
-4.556970825195312500e+02
6.296369628906250000e+02
9.215517578125000000e+02
8.404248657226562500e+02
-8.600668945312500000e+02
-6.151101074218750000e+02
1.392526817321777344e+01
3.420870900154113770e-01
5.366419067382812500e+02
-1.058002548217773438e+02
-2.736697387695312500e+02
1.065284881591796875e+02
-4.222608032226562500e+02
-2.858096923828125000e+02
-3.573529968261718750e+02
7.133877563476562500e+02
-4.613606567382812500e+02
-8.378870849609375000e+02
-1.269597091674804688e+02
5.662197875976562500e+02
5.536405029296875000e+02
-5.839049682617187500e+02
8.317520904541015625e+01
-9.257752685546875000e+02
5.526371459960937500e+02
5.246634521484375000e+02
-5.442564086914062500e+02
1.689953460693359375e+02
-2.894362211227416992e+00
-9.361561279296875000e+02
6.404642333984375000e+02
-2.170832824707031250e+02
-2.128345031738281250e+02
2.154053649902343750e+02
-3.465441513061523438e+01
-9.546929321289062500e+02
-2.141829071044921875e+02
2.938702697753906250e+02
7.707233886718750000e+02
-2.511455230712890625e+02
-6.884915771484375000e+02
-6.226506347656250000e+02
-6.727835693359375000e+02
9.268298950195312500e+02
9.762743530273437500e+02
-2.422066955566406250e+02
-3.849380493164062500e+02
5.474010620117187500e+02
-3.806839294433593750e+02
6.059525146484375000e+02
5.524561767578125000e+02
3.316827392578125000e+02
-1.077638626098632812e+02
6.995853881835937500e+02
9.816873779296875000e+02
-5.088706054687500000e+02
-8.352005004882812500e+02
5.889209594726562500e+02
-9.285126953125000000e+02
3.652355957031250000e+02
-1.411487460136413574e+00
1.004858732223510742e+00
-1.529645323753356934e-01
1.509752511978149414e+00
-1.870890378952026367e+00
2.845667898654937744e-01
6.535955071449279785e-01
6.765831112861633301e-01
1.247975111007690430e+00
-6.293649226427078247e-02
-1.948620080947875977e+00
-5.432479977607727051e-01
7.053492665290832520e-01
9.779442548751831055e-01
1.539115071296691895e+00
1.993842422962188721e-01
-1.048386812210083008e+00
-1.500367641448974609e+00
1.740216493606567383e+00
-2.599254846572875977e-01
-1.925675392150878906e+00
-1.124866127967834473e+00
-4.666585624217987061e-01
3.869099617004394531e-01
-1.815965056419372559e+00
6.288781017065048218e-02
7.309574484825134277e-01
1.953194499015808105e+00
-1.147049188613891602e+00
5.519973635673522949e-01
-1.942930072546005249e-01
8.013216257095336914e-01
1.421352863311767578e+00
1.777601957321166992e+00
-4.791201353073120117e-01
1.288828134536743164e+00
-1.294472455978393555e+00
8.810581564903259277e-01
-1.852720260620117188e+00
1.168873786926269531e+00
-1.128409743309020996e+00
7.061756849288940430e-01
7.841630578041076660e-01
-1.992044210433959961e+00
1.419662982225418091e-01
1.590844392776489258e+00
5.896967053413391113e-01
6.882630754262208939e-03
5.599514842033386230e-01
1.298235297203063965e+00
-1.551171302795410156e+00
6.697828769683837891e-01
1.280949711799621582e+00
1.061278462409973145e+00
-1.438578069210052490e-01
5.109798908233642578e-01
9.782241582870483398e-01
-1.602239370346069336e+00
-1.149530291557312012e+00
1.550987362861633301e+00
-6.059406399726867676e-01
-1.372707128524780273e+00
-7.093156129121780396e-02
1.734179019927978516e+00
1.487502336502075195e+00
1.757478952407836914e+00
-9.414461255073547363e-01
2.699039131402969360e-02
1.015282988548278809e+00
6.162126064300537109e-01
-3.410570323467254639e-01
1.187840938568115234e+00
-1.940290451049804688e+00
1.328215837478637695e+00
5.997909903526306152e-01
1.152870178222656250e+00
1.091699123382568359e+00
-1.239830613136291504e+00
-1.271495938301086426e+00
-1.810328483581542969e+00
7.905789613723754883e-01
-1.838802456855773926e+00
-1.821567296981811523e+00
-1.895737051963806152e+00
-6.116145849227905273e-01
2.965450882911682129e-01
6.508975625038146973e-01
1.692416787147521973e+00
-1.908867120742797852e+00
-1.283292889595031738e+00
1.122566342353820801e+00
1.195364475250244141e+00
-2.414086312055587769e-01
-4.053818285465240479e-01
1.957965373992919922e+00
1.354979816824197769e-02
6.404067382812500000e+02
4.830698242187500000e+02
5.052367248535156250e+02
3.868926391601562500e+02
7.936374511718750000e+02
5.800041503906250000e+02
1.622985992431640625e+02
7.007523193359375000e+02
9.645510864257812500e+02
5.000083618164062500e+02
8.895200805664062500e+02
3.416136474609375000e+02
5.671441040039062500e+02
4.275459594726562500e+02
4.367472534179687500e+02
7.765592041015625000e+02
5.356041870117187500e+02
9.537422485351562500e+02
5.442081298828125000e+02
8.209492492675781250e+01
3.663424072265625000e+02
8.508505249023437500e+02
4.062750549316406250e+02
2.720236587524414062e+01
2.471772460937500000e+02
6.714437103271484375e+01
9.938519897460937500e+02
9.705803222656250000e+02
8.002583618164062500e+02
6.018171386718750000e+02
7.649598388671875000e+02
TLAST
1.692254486083984375e+02
2415853570
3.728205261230468750e+02
7.673930053710937500e+02
-4.852826232910156250e+02
1.629503631591796875e+02
1.333088989257812500e+02
8.457801513671875000e+02
-3.524732971191406250e+02
-7.239948120117187500e+02
-7.924522705078125000e+02
-4.337878112792968750e+02
-8.700280761718750000e+02
-3.873102111816406250e+02
1.570105743408203125e+02
-1.081014175415039062e+02
2.904853515625000000e+02
4.813257598876953125e+01
5.136595458984375000e+02
-9.486374664306640625e+01
5.475061645507812500e+02
-5.226166152954101562e+01
4.524259643554687500e+02
5.499929199218750000e+02
7.086834716796875000e+02
-6.778314819335937500e+02
4.466070251464843750e+02
-9.780391235351562500e+02
-2.001392974853515625e+02
1.312169036865234375e+02
-9.409830322265625000e+02
-9.232183837890625000e+02
-5.214611816406250000e+02
-2.897291259765625000e+02
7.066590576171875000e+02
-9.700098266601562500e+02
-3.903272390365600586e+00
-2.387194824218750000e+02
-8.755819702148437500e+01
4.380957641601562500e+02
8.756122436523437500e+02
-1.708103332519531250e+02
5.088425598144531250e+02
-4.632654953002929688e+01
-2.030094451904296875e+02
1.147111968994140625e+02
8.723787841796875000e+02
3.153162841796875000e+02
8.241803588867187500e+02
-2.337384796142578125e+02
1.781178741455078125e+02
-8.414420776367187500e+02
-8.535964355468750000e+02
6.164141235351562500e+02
9.854880371093750000e+02
-5.522974853515625000e+02
-6.523977661132812500e+02
-6.612332763671875000e+02
2.353343963623046875e+02
5.372178955078125000e+02
6.842061157226562500e+02
4.081252441406250000e+02
-4.665784301757812500e+02
9.704928588867187500e+02
-1.179833831787109375e+02
4.044104309082031250e+02
6.255908489227294922e+00
8.925686645507812500e+02
5.088140563964843750e+02
3.976282653808593750e+02
2.549799041748046875e+02
6.479185180664062500e+02
-9.646029663085937500e+02
3.307471618652343750e+02
7.623204956054687500e+02
-6.860934448242187500e+02
7.548760986328125000e+02
-7.680617675781250000e+02
5.401780395507812500e+02
6.540047454833984375e+01
9.552935180664062500e+02
-7.303787231445312500e+01
2.787175903320312500e+02
-6.634998168945312500e+02
-5.607055664062500000e+02
5.648275146484375000e+02
-2.343031463623046875e+02
9.948321533203125000e+01
-6.288975143432617188e+01
-4.833173828125000000e+02
3.817438049316406250e+02
9.892301940917968750e+01
9.935195922851562500e+02
-4.549230957031250000e+02
2.505003814697265625e+02
-2.488761901855468750e+02
2.543446197509765625e+02
1.125096435546875000e+02
-5.090506672859191895e-01
6.681569218635559082e-01
8.469857573509216309e-01
2.943613827228546143e-01
-5.932953953742980957e-01
7.792419195175170898e-01
-1.423304796218872070e+00
1.532660484313964844e+00
-7.166422009468078613e-01
-5.243813991546630859e-01
-1.073850512504577637e+00
4.024861454963684082e-01
2.871246039867401123e-01
6.232634782791137695e-01
-2.774842381477355957e-01
1.044121623039245605e+00
1.304649472236633301e+00
-1.500318646430969238e+00
-6.044476628303527832e-01
-6.051098704338073730e-01
-1.631805062294006348e+00
1.023112535476684570e+00
-1.468361616134643555e+00
-1.155576203018426895e-02
1.875416517257690430e+00
1.472845673561096191e+00
1.018732309341430664e+00
4.746543169021606445e-01
-1.317324161529541016e+00
1.255096673965454102e+00
9.880749583244323730e-01
9.856585860252380371e-01
8.085092902183532715e-01
-5.502527356147766113e-01
-1.487118244171142578e+00
-8.798763155937194824e-01
-1.615481972694396973e+00
1.879303097724914551e+00
1.763450652360916138e-01
8.003205060958862305e-01
-3.185708224773406982e-01
-1.806172013282775879e+00
-1.393820643424987793e+00
-1.336246967315673828e+00
-7.321044802665710449e-01
-1.166507244110107422e+00
6.964123249053955078e-01
-1.965079665184020996e+00
-1.080325245857238770e+00
1.399017691612243652e+00
-1.596151232719421387e+00
1.725100517272949219e+00
7.031706571578979492e-01
-1.760589003562927246e+00
-1.819361686706542969e+00
1.701849818229675293e+00
-6.208488941192626953e-01
4.232496321201324463e-01
-8.645416498184204102e-01
4.321166872978210449e-01
-6.746768951416015625e-01
-1.900543868541717529e-01
1.858366727828979492e+00
1.092765212059020996e+00
-2.150591909885406494e-01
1.003625914454460144e-01
-1.224504590034484863e+00
-3.698364496231079102e-01
9.115177989006042480e-01
-7.101761698722839355e-01
7.947602868080139160e-01
1.044195652008056641e+00
3.933632671833038330e-01
1.336344480514526367e+00
1.701950073242187500e+00
-1.578199863433837891e+00
-1.274860262870788574e+00
-1.386539340019226074e+00
1.658290028572082520e+00
-1.226354241371154785e-01
3.483799397945404053e-01
1.649116277694702148e+00
-1.039530873298645020e+00
-1.013011217117309570e+00
-1.557369351387023926e+00
-1.922310739755630493e-01
-1.167790293693542480e+00
-1.505274176597595215e+00
1.076974272727966309e+00
1.698282718658447266e+00
-1.302341103553771973e+00
-7.499138116836547852e-01
9.035366773605346680e-01
5.429686978459358215e-02
-1.571166157722473145e+00
-5.601106882095336914e-01
2.930232238769531250e+02
5.240668945312500000e+02
3.566242675781250000e+02
4.567896652221679688e+01
9.831534423828125000e+02
4.413549194335937500e+02
5.040004272460937500e+02
3.235413208007812500e+02
2.597447509765625000e+02
3.868898925781250000e+02
8.320169067382812500e+02
7.367470703125000000e+02
3.792105712890625000e+02
1.301733684539794922e+01
7.974049682617187500e+02
2.693887939453125000e+02
5.826848754882812500e+02
2.555094146728515625e+01
6.622020263671875000e+02
3.875234375000000000e+02
4.970737915039062500e+02
4.149058227539062500e+02
3.508718872070312500e+02
5.509779052734375000e+02
9.729107055664062500e+02
1.127762145996093750e+02
3.132585144042968750e+02
4.179771041870117188e+01
7.383997802734375000e+02
6.575123901367187500e+02
2.146357421875000000e+02
TLAST
4.167534484863281250e+02
2415853571
4.008943481445312500e+02
-6.187997436523437500e+02
-2.075285186767578125e+02
8.106502075195312500e+02
-3.547208862304687500e+02
5.313513183593750000e+02
1.711793670654296875e+02
-8.933979492187500000e+02
9.455020141601562500e+02
-7.794127197265625000e+02
-3.165307312011718750e+02
9.038118286132812500e+02
-5.134916992187500000e+02
8.986530151367187500e+02
3.210081176757812500e+02
-6.155345458984375000e+02
-7.175017089843750000e+02
9.640999145507812500e+02
-1.033867492675781250e+02
4.609946289062500000e+02
-7.344935913085937500e+02
1.356234073638916016e+01
-8.108870849609375000e+02
-7.723601818084716797e+00
-9.803536376953125000e+02
-9.164244384765625000e+02
8.281171875000000000e+02
7.791638183593750000e+02
5.451427612304687500e+02
5.908395385742187500e+01
-6.672963867187500000e+02
4.764137268066406250e+02
2.207390441894531250e+02
1.462598114013671875e+02
8.435294799804687500e+02
2.653138732910156250e+02
-3.757502365112304688e+01
5.258957519531250000e+02
-5.326702270507812500e+02
6.019413452148437500e+02
-7.980635375976562500e+02
8.038001098632812500e+02
2.490485534667968750e+02
2.941425476074218750e+02
-8.890913085937500000e+02
-8.954351196289062500e+02
-6.511683959960937500e+02
-4.750101623535156250e+02
-8.843316040039062500e+02
2.820578002929687500e+02
-3.514321899414062500e+02
-5.164012451171875000e+02
-8.621770629882812500e+02
2.777005920410156250e+02
-2.979602661132812500e+02
-2.990093994140625000e+02
-2.523957214355468750e+02
5.632158813476562500e+02
-9.212397460937500000e+02
2.824591369628906250e+02
-9.574784545898437500e+02
1.855426483154296875e+02
-9.169285583496093750e+01
5.231661987304687500e+01
-1.190186233520507812e+02
-1.688032531738281250e+02
2.279996795654296875e+02
-3.770609741210937500e+02
-5.586360473632812500e+02
3.793083801269531250e+02
6.909447021484375000e+02
5.859965820312500000e+02
-9.348079833984375000e+02
-6.424956665039062500e+02
7.076006469726562500e+02
7.019058837890625000e+02
-5.949434814453125000e+02
-9.497355957031250000e+02
-6.225209350585937500e+02
-2.712415771484375000e+02
2.129338226318359375e+02
-6.688322448730468750e+01
2.569935607910156250e+02
8.114012451171875000e+02
4.097561340332031250e+02
4.289599609375000000e+02
-6.311267089843750000e+02
-4.114961853027343750e+02
-5.996230468750000000e+02
4.123621826171875000e+02
4.332495422363281250e+02
-3.694291381835937500e+02
-4.333744525909423828e+00
-7.901201782226562500e+02
7.262690429687500000e+02
3.343219909667968750e+02
-1.268463611602783203e+00
1.609391927719116211e+00
-1.535033106803894043e+00
5.032337307929992676e-01
2.444523423910140991e-01
-2.509987652301788330e-01
-1.017723917961120605e+00
1.517645120620727539e+00
-4.523335099220275879e-01
-1.321385800838470459e-01
-9.343814104795455933e-02
1.507078409194946289e+00
-6.170439124107360840e-01
1.849071383476257324e+00
1.849301457405090332e+00
-2.254667729139328003e-01
-5.288912653923034668e-01
-1.062915444374084473e+00
1.940693497657775879e+00
9.520479440689086914e-01
1.214493155479431152e+00
5.701332092285156250e-01
1.412678956985473633e+00
1.118373870849609375e+00
-8.907055258750915527e-01
-1.202926754951477051e+00
8.724511265754699707e-01
1.745145559310913086e+00
8.741390705108642578e-02
-1.983146667480468750e+00
-4.087954461574554443e-01
-4.164999723434448242e-01
-2.878220751881599426e-02
-5.548351407051086426e-01
4.455914497375488281e-01
-1.430615425109863281e+00
-1.690872430801391602e+00
1.528077363967895508e+00
-1.412349343299865723e-01
-1.072155833244323730e+00
3.871653974056243896e-01
1.581829547882080078e+00
7.934976816177368164e-01
1.927410840988159180e+00
-1.448289275169372559e+00
1.438172578811645508e+00
-1.980678200721740723e+00
1.406842708587646484e+00
-1.784962415695190430e+00
-1.186469197273254395e+00
-1.254224777221679688e+00
-2.923556603491306305e-02
1.649505734443664551e+00
8.543910980224609375e-01
-6.533352732658386230e-01
9.710711836814880371e-01
-4.631685018539428711e-01
-1.444725990295410156e+00
-1.762377500534057617e+00
1.132563829421997070e+00
-1.636657118797302246e-01
1.759371876716613770e+00
-7.377088069915771484e-01
-1.826530694961547852e+00
6.827370524406433105e-01
-1.372244358062744141e+00
-1.347025990486145020e+00
-1.992025136947631836e+00
6.916773319244384766e-01
-1.364602327346801758e+00
-1.752852082252502441e+00
1.439262986183166504e+00
4.620503783226013184e-01
-2.072369158267974854e-01
9.690533280372619629e-01
7.130793333053588867e-01
-6.121308207511901855e-01
-1.633261591196060181e-01
5.219962000846862793e-01
1.221193909645080566e+00
1.920819759368896484e+00
-1.416733145713806152e+00
-1.717350602149963379e+00
-1.607165575027465820e+00
-1.344111919403076172e+00
-1.816832184791564941e+00
-3.208738565444946289e-01
-3.260378539562225342e-01
1.474632382392883301e+00
-1.443855643272399902e+00
-1.535859465599060059e+00
1.376543164253234863e+00
-1.697147846221923828e+00
-1.791477680206298828e+00
-8.727763891220092773e-01
-1.024360582232475281e-01
6.438419189453125000e+02
6.614813232421875000e+02
1.704771270751953125e+02
8.816522216796875000e+02
7.780081787109375000e+02
1.339542083740234375e+02
8.689166259765625000e+02
7.487778930664062500e+02
7.985856323242187500e+02
5.433452148437500000e+02
2.208379211425781250e+02
9.184586181640625000e+02
5.920845947265625000e+02
3.462379150390625000e+02
2.637785339355468750e+02
9.139154663085937500e+02
4.197354736328125000e+02
5.401915283203125000e+02
6.084421386718750000e+02
8.262498168945312500e+02
6.235631713867187500e+02
1.767121582031250000e+02
5.912573242187500000e+02
4.892661743164062500e+02
5.479077758789062500e+02
6.995206298828125000e+02
2.458111572265625000e+02
1.866271514892578125e+02
1.105831451416015625e+02
2.740592651367187500e+02
1.025003910064697266e+01
TLAST
6.293597412109375000e+02
