2415853568
2.358603668212890625e+01
4.414750671386718750e+02
5.263280029296875000e+02
3.169916992187500000e+02
8.885626220703125000e+02
1.980410156250000000e+02
1.200988616943359375e+02
-9.840775299072265625e+01
-7.360272827148437500e+02
6.535466308593750000e+02
3.977627868652343750e+02
-8.162948608398437500e+02
4.019694519042968750e+02
-8.211795043945312500e+02
-5.156503906250000000e+02
-2.233631591796875000e+02
-5.477409667968750000e+02
-5.060643005371093750e+02
3.305979003906250000e+02
8.960799560546875000e+02
5.149812011718750000e+02
-7.553120117187500000e+02
-5.052524185180664062e+01
-9.074157104492187500e+02
7.805863037109375000e+02
-5.216558227539062500e+02
-1.362040100097656250e+02
-8.110629882812500000e+02
-7.419148559570312500e+02
-2.098860359191894531e+01
-6.393530273437500000e+02
7.674512329101562500e+02
5.703081130981445312e+01
1.406580162048339844e+01
-1.240714111328125000e+02
2.951784667968750000e+02
7.710881958007812500e+02
-3.083692016601562500e+02
-4.638079833984375000e+02
6.896384277343750000e+02
-1.778426818847656250e+02
6.412351074218750000e+02
-9.479415893554687500e+02
3.581699829101562500e+02
8.056234741210937500e+01
-8.035743408203125000e+02
9.449727172851562500e+02
-8.080180358886718750e+01
-4.658076477050781250e+02
7.584490356445312500e+02
4.806109313964843750e+02
-2.709039001464843750e+02
-4.165008544921875000e+02
4.386542968750000000e+02
-5.091863403320312500e+02
7.970377807617187500e+02
-7.851114501953125000e+02
6.571018066406250000e+02
-6.289924316406250000e+02
3.676671447753906250e+02
9.596608276367187500e+02
-8.338659057617187500e+02
-1.008427963256835938e+02
6.621561279296875000e+02
-6.384645996093750000e+02
-5.975493774414062500e+02
-1.141674232482910156e+01
-9.440219879150390625e+01
-7.072191772460937500e+02
5.901709594726562500e+02
8.826708374023437500e+02
-8.354713134765625000e+02
-6.670865478515625000e+02
6.096774902343750000e+02
-1.676697692871093750e+02
-9.792271118164062500e+02
-4.841729125976562500e+02
8.270360107421875000e+02
8.211798706054687500e+02
-3.409085388183593750e+02
-7.009786987304687500e+02
8.225985107421875000e+02
-1.730232696533203125e+02
2.830173339843750000e+02
-4.914635620117187500e+02
-3.284688415527343750e+02
6.868376464843750000e+02
-4.794976806640625000e+02
-4.212542724609375000e+02
-7.645897827148437500e+02
-3.550137634277343750e+02
6.942803955078125000e+02
-1.668214416503906250e+02
6.880463867187500000e+02
5.050458984375000000e+02
9.381070556640625000e+02
1.432132601737976074e+00
1.145134449005126953e+00
-1.551694989204406738e+00
-1.138052865862846375e-01
1.512565612792968750e+00
6.106926798820495605e-01
4.581355154514312744e-01
1.376973628997802734e+00
1.436307549476623535e+00
-1.150040984153747559e+00
-3.642561286687850952e-02
1.537413120269775391e+00
-1.241423964500427246e+00
1.518659107387065887e-02
-1.614783525466918945e+00
1.280166745185852051e+00
1.487606763839721680e-02
1.296066403388977051e+00
1.166040152311325073e-01
-5.726854801177978516e-01
-1.944193243980407715e-01
1.190443783998489380e-01
-4.260205850005149841e-02
1.003220081329345703e+00
-1.097088217735290527e+00
6.163968443870544434e-01
-5.960891842842102051e-01
1.826988339424133301e+00
-1.187169313430786133e+00
3.232363760471343994e-01
-1.561143755912780762e+00
1.890936255455017090e+00
-6.102733016014099121e-01
-9.895781874656677246e-01
-2.167023867368698120e-01
6.645930409431457520e-01
1.117007732391357422e+00
1.914985656738281250e+00
1.437978595495223999e-01
1.737918972969055176e+00
5.063394829630851746e-02
-1.056511282920837402e+00
1.163446307182312012e+00
5.779080986976623535e-01
-1.985312342643737793e+00
-1.627046018838882446e-01
-1.922639250755310059e+00
1.500169992446899414e+00
-4.998321644961833954e-03
-8.558049052953720093e-02
4.191978573799133301e-01
2.113439291715621948e-01
8.751059174537658691e-01
1.140202403068542480e+00
-2.551178634166717529e-01
1.147043347358703613e+00
-1.422863304615020752e-01
-3.770891577005386353e-02
-1.683971524238586426e+00
1.602862358093261719e+00
7.477245926856994629e-01
-1.018212795257568359e+00
-1.790700197219848633e+00
-5.739776492118835449e-01
6.190767511725425720e-02
1.880747914314270020e+00
-1.022454261779785156e+00
1.249911308288574219e+00
-1.918823480606079102e+00
6.733878254890441895e-01
-1.769518733024597168e+00
7.535813003778457642e-02
7.926432490348815918e-01
-1.559832453727722168e+00
3.256202936172485352e-01
-7.232849597930908203e-01
3.300791382789611816e-01
-1.924094796180725098e+00
-1.867803484201431274e-01
-1.175901412963867188e+00
-1.013946056365966797e+00
1.623534440994262695e+00
-1.889382004737854004e+00
-5.970888733863830566e-01
1.976814031600952148e+00
1.376178860664367676e+00
2.720468044281005859e-01
9.850112721323966980e-03
1.100709319114685059e+00
1.148306369781494141e+00
-1.958533763885498047e+00
1.837335705757141113e+00
1.483202219009399414e+00
2.500610649585723877e-01
1.602970600128173828e+00
6.622859835624694824e-01
6.276311035156250000e+02
3.184925231933593750e+02
5.822276611328125000e+02
4.945729980468750000e+02
5.943170166015625000e+02
7.683681964874267578e+00
9.648978881835937500e+02
2.351075439453125000e+02
7.668562316894531250e+01
2.948224487304687500e+02
6.929346313476562500e+02
9.327334594726562500e+02
8.441509399414062500e+02
3.266936340332031250e+02
8.321708984375000000e+02
5.439583587646484375e+01
9.283046722412109375e+01
1.863475341796875000e+02
7.877663574218750000e+02
7.242438354492187500e+02
1.311378326416015625e+02
7.081286621093750000e+02
7.617781982421875000e+02
1.908604583740234375e+02
6.706971435546875000e+02
4.056005554199218750e+02
7.340798187255859375e+01
5.174545288085937500e+02
4.925671997070312500e+02
8.819086914062500000e+02
5.601917114257812500e+02
TLAST
8.402487182617187500e+02
2415853569
-4.583507995605468750e+02
3.832191162109375000e+02
-2.286036834716796875e+02
-2.062017669677734375e+02
-8.547109985351562500e+02
3.425015258789062500e+02
1.795748901367187500e+02
-7.511257934570312500e+02
3.133904418945312500e+02
1.429726409912109375e+02
-2.849331970214843750e+02
5.455992431640625000e+02
-2.362859802246093750e+02
4.585546569824218750e+02
-6.344322509765625000e+02
-8.772875976562500000e+02
7.251799926757812500e+02
3.933999328613281250e+02
5.232438278198242188e+01
-5.781887817382812500e+02
-8.589725952148437500e+02
6.682146606445312500e+02
-8.379337768554687500e+02
-8.862351074218750000e+02
3.041913452148437500e+02
1.358277034759521484e+01
-9.945640869140625000e+02
-7.230894165039062500e+02
6.183334350585937500e+02
-4.942005920410156250e+02
4.327189025878906250e+02
-8.912843627929687500e+02
8.968215332031250000e+02
-6.546996459960937500e+02
-3.113309936523437500e+02
-7.086711425781250000e+02
-2.459671783447265625e+02
6.707077026367187500e+02
1.150061492919921875e+02
-1.411855926513671875e+02
-8.672248535156250000e+02
3.809725341796875000e+02
-2.984675292968750000e+02
-6.708718872070312500e+02
-5.663796386718750000e+02
-1.942804107666015625e+02
5.403441772460937500e+02
1.989270019531250000e+02
-3.220330505371093750e+02
1.829717102050781250e+02
-3.542687377929687500e+02
-8.493341064453125000e+01
-3.020748596191406250e+02
-4.855662841796875000e+02
2.477148895263671875e+02
-3.133841552734375000e+02
-1.641920471191406250e+02
-9.169962158203125000e+02
5.452700195312500000e+02
-4.382734069824218750e+02
7.687156982421875000e+02
-3.501823425292968750e+02
5.863363037109375000e+02
3.103823242187500000e+02
-3.143023986816406250e+02
3.957026977539062500e+02
-4.512006835937500000e+02
6.599308471679687500e+02
-5.438430786132812500e+02
-7.246484375000000000e+02
-7.103765869140625000e+02
-9.171372070312500000e+02
-8.617354736328125000e+02
-6.599841308593750000e+02
2.569203186035156250e+02
1.303223114013671875e+02
1.094177017211914062e+02
3.496634521484375000e+02
9.133526611328125000e+02
-5.802735595703125000e+02
7.564590454101562500e+02
-4.869652404785156250e+02
4.900537109375000000e+02
-9.037456054687500000e+02
-3.709625244140625000e+02
8.036894531250000000e+02
-9.672597045898437500e+02
5.156104125976562500e+02
5.291754150390625000e+02
8.471573486328125000e+02
9.628912963867187500e+02
6.966694946289062500e+02
-9.527249755859375000e+02
-8.755355224609375000e+02
9.562186889648437500e+02
-4.945473022460937500e+02
-6.682370901107788086e-01
-4.079256057739257812e-01
2.241389006376266479e-01
6.554275751113891602e-01
-3.145655095577239990e-01
-1.911085128784179688e+00
-1.268728494644165039e+00
1.871078729629516602e+00
-5.846200585365295410e-01
-1.271800994873046875e+00
1.757357597351074219e+00
-1.528597950935363770e+00
-1.825227022171020508e+00
-1.551674127578735352e+00
-7.997085452079772949e-01
1.066560149192810059e-01
1.325914859771728516e+00
1.566523671150207520e+00
-2.662326097488403320e-01
-3.600816130638122559e-01
8.346069455146789551e-01
-7.140052914619445801e-01
-1.923250794410705566e+00
-2.337372452020645142e-01
7.991564273834228516e-01
1.296808719635009766e+00
9.893090128898620605e-01
1.674770474433898926e+00
-7.342826128005981445e-01
9.448424726724624634e-02
6.163328886032104492e-01
9.974507689476013184e-01
-3.430276513099670410e-01
-1.290357708930969238e+00
1.123911887407302856e-01
-1.411768317222595215e+00
8.004353642463684082e-01
-1.512265563011169434e+00
-2.755924873054027557e-02
1.574157714843750000e+00
1.182538151741027832e+00
-1.053324937820434570e+00
-4.870214462280273438e-01
3.945626020431518555e-01
1.871435523033142090e+00
-1.357812136411666870e-01
5.238379240036010742e-01
-3.231303095817565918e-01
8.207566142082214355e-01
2.342680655419826508e-02
-4.280777871608734131e-01
-3.852973580360412598e-01
-8.117780089378356934e-01
8.308416604995727539e-01
-1.597773879766464233e-01
1.269022345542907715e+00
8.642516732215881348e-01
5.923600196838378906e-01
-1.359658241271972656e+00
-1.975145578384399414e+00
3.686475753784179688e-01
1.304993152618408203e+00
-1.464482903480529785e+00
8.297196030616760254e-01
1.499180674552917480e+00
1.999067783355712891e+00
-1.568026185035705566e+00
-1.902188181877136230e+00
-4.496132433414459229e-01
1.336953043937683105e+00
1.107687354087829590e-01
-9.839422702789306641e-01
1.747016549110412598e+00
6.525771021842956543e-01
1.731460690498352051e+00
-1.172826647758483887e+00
-1.893489360809326172e+00
-7.875600457191467285e-01
8.585296869277954102e-01
1.058432459831237793e+00
-5.043819546699523926e-01
-8.594926595687866211e-01
2.305421382188796997e-01
2.572576701641082764e-01
-1.013342380523681641e+00
-1.587344288825988770e+00
-1.736498713493347168e+00
-2.713902294635772705e-01
5.984425544738769531e-01
-2.493358999490737915e-01
1.704254269599914551e+00
-7.310086488723754883e-01
7.715820074081420898e-01
5.587842464447021484e-01
-1.643767207860946655e-01
5.676516890525817871e-01
4.532565917968750000e+02
7.155395507812500000e+02
9.698640136718750000e+02
2.111554145812988281e+01
4.513064880371093750e+02
4.298542785644531250e+02
7.800700073242187500e+02
1.853849792480468750e+01
5.798528442382812500e+02
2.788243103027343750e+02
4.765785217285156250e+02
7.172543945312500000e+02
6.298960571289062500e+02
2.461964111328125000e+02
2.054060058593750000e+02
8.506564331054687500e+02
5.075354614257812500e+02
9.795599365234375000e+02
6.635206909179687500e+02
2.256716003417968750e+02
1.693611602783203125e+02
3.242624206542968750e+02
7.636850585937500000e+02
4.602584533691406250e+02
5.679287109375000000e+02
5.952058105468750000e+02
1.745637207031250000e+02
3.431691894531250000e+02
2.945036926269531250e+02
9.362808837890625000e+02
7.554776191711425781e+00
TLAST
9.561787719726562500e+02
2415853570
4.600702209472656250e+02
-4.360901184082031250e+02
3.292116088867187500e+02
3.452432250976562500e+02
-1.516971435546875000e+02
-1.391083984375000000e+02
7.252606201171875000e+02
-4.727442550659179688e+01
-2.554481201171875000e+02
7.973187866210937500e+02
4.072204589843750000e+02
-1.673131866455078125e+02
-2.421826934814453125e+02
4.705106811523437500e+02
-8.211159057617187500e+02
-5.650901489257812500e+02
9.690781402587890625e+01
2.847532653808593750e+02
-3.701244812011718750e+02
4.754890747070312500e+02
-3.461268005371093750e+02
9.149219360351562500e+02
8.953317871093750000e+02
3.285237121582031250e+02
9.790548706054687500e+02
7.215736083984375000e+02
-7.548187255859375000e+02
-5.010299301147460938e+01
-3.594194335937500000e+02
4.454757995605468750e+02
4.399046020507812500e+02
-9.859943847656250000e+02
-8.117546386718750000e+02
8.688140258789062500e+02
-1.348687438964843750e+02
2.726443786621093750e+02
7.173500976562500000e+02
3.934385986328125000e+02
-7.584379272460937500e+02
3.160481262207031250e+02
5.630583496093750000e+02
1.014237136840820312e+02
6.526170043945312500e+02
1.608530731201171875e+02
-8.439993896484375000e+02
7.546921386718750000e+02
-6.166152343750000000e+02
-7.003222045898437500e+02
-5.568138427734375000e+02
8.793347167968750000e+01
-9.395692749023437500e+02
-6.891305541992187500e+02
-1.468168182373046875e+02
7.734939575195312500e+02
3.623572387695312500e+02
4.604010925292968750e+02
1.324539794921875000e+02
5.370219116210937500e+02
-5.974680786132812500e+02
2.774186096191406250e+02
5.296614379882812500e+02
-5.465538330078125000e+02
-7.938678741455078125e+01
1.415631103515625000e+02
-5.767338867187500000e+02
-5.113486938476562500e+02
-1.661268005371093750e+02
-1.063036651611328125e+02
-9.231577758789062500e+02
6.935201416015625000e+02
4.033104324340820312e+01
-4.627206420898437500e+02
-7.061721191406250000e+02
9.176146697998046875e+01
-4.313594970703125000e+02
9.621911010742187500e+02
9.534383392333984375e+01
-5.899234008789062500e+02
3.180466308593750000e+02
-1.963113250732421875e+02
-8.706164550781250000e+02
-4.930889587402343750e+02
-9.987160034179687500e+02
-7.229852905273437500e+02
2.735913085937500000e+02
-6.696929321289062500e+02
-4.328565368652343750e+02
8.358583374023437500e+02
6.456281738281250000e+02
-2.779094543457031250e+02
4.502173461914062500e+02
8.481733398437500000e+02
6.824122924804687500e+02
5.249878540039062500e+02
7.612281494140625000e+02
-2.236812438964843750e+02
7.514344453811645508e-01
7.659691572189331055e-01
-1.829521417617797852e+00
1.125940203666687012e+00
1.548634171485900879e+00
6.847864985466003418e-01
9.555152654647827148e-01
-5.377303361892700195e-01
2.714618742465972900e-01
1.396098256111145020e+00
1.704939723014831543e+00
-1.478762149810791016e+00
1.167789936065673828e+00
-1.474202275276184082e+00
-1.581782698631286621e-01
-7.558719515800476074e-01
-1.069487258791923523e-02
2.623367309570312500e-01
7.794594019651412964e-02
-1.827186703681945801e+00
-8.869166374206542969e-01
-4.859171211719512939e-01
1.954212784767150879e+00
-1.193564414978027344e+00
-7.937375903129577637e-01
2.435631453990936279e-01
-1.370497584342956543e+00
1.382832527160644531e+00
1.446571230888366699e+00
-1.313319444656372070e+00
9.459447860717773438e-01
-1.907901614904403687e-01
-1.516832113265991211e+00
1.742284417152404785e+00
1.217931747436523438e+00
-1.481051564216613770e+00
-1.469058752059936523e+00
-1.676355004310607910e+00
-2.898999452590942383e-01
1.572799801826477051e+00
-1.795209497213363647e-01
2.566833496093750000e-01
1.697606325149536133e+00
3.307249769568443298e-02
1.563170194625854492e+00
1.418877840042114258e+00
-1.063606262207031250e+00
-4.571864604949951172e-01
-9.876117706298828125e-01
-1.541794061660766602e+00
8.773323893547058105e-01
-1.064326286315917969e+00
-1.885650038719177246e+00
1.352584064006805420e-01
-2.721021175384521484e-01
1.720772027969360352e+00
-9.599033594131469727e-01
1.032610684633255005e-01
9.447214007377624512e-01
-1.551027655601501465e+00
-4.702631533145904541e-01
6.887721419334411621e-01
-1.687205433845520020e+00
1.913087844848632812e+00
7.341601848602294922e-01
-6.289013624191284180e-01
-6.007355451583862305e-01
-3.124389946460723877e-01
8.491532504558563232e-02
-2.564176172018051147e-02
9.253004193305969238e-01
-1.365163922309875488e+00
1.281348764896392822e-01
-1.506931662559509277e+00
-1.162273883819580078e+00
-8.037607073783874512e-01
-1.502402663230895996e+00
7.502050399780273438e-01
-1.948805451393127441e+00
-8.543950319290161133e-01
3.202191293239593506e-01
1.894005060195922852e+00
1.125324845314025879e+00
2.974827289581298828e-01
1.096363306045532227e+00
-2.990165948867797852e-01
-9.455443024635314941e-01
1.292797327041625977e+00
-9.065062999725341797e-01
-1.979028940200805664e+00
8.558600395917892456e-02
1.652058601379394531e+00
-1.200732827186584473e+00
3.186215460300445557e-01
-1.597732901573181152e+00
-6.112766265869140625e-01
1.411820526123046875e+02
5.441323242187500000e+02
2.625568847656250000e+02
3.044166259765625000e+02
7.626648559570312500e+02
6.910556640625000000e+02
7.653961181640625000e+02
1.890467834472656250e+02
2.027608947753906250e+02
7.577139892578125000e+02
1.212853164672851562e+02
9.072003173828125000e+02
9.237278442382812500e+02
5.051445617675781250e+02
7.032941284179687500e+02
3.344876708984375000e+02
6.367722778320312500e+02
2.502082061767578125e+01
2.192808380126953125e+02
4.537084655761718750e+02
4.902183837890625000e+02
9.857320556640625000e+02
9.989014282226562500e+02
1.230973434448242188e+02
2.761552124023437500e+02
8.258583831787109375e+01
3.414169311523437500e+02
9.489180297851562500e+02
5.697825927734375000e+02
3.995352172851562500e+01
5.206310424804687500e+02
TLAST
9.330972900390625000e+02
2415853571
-3.385536804199218750e+02
-1.455910186767578125e+02
3.240494079589843750e+02
9.095775146484375000e+02
-5.926791992187500000e+02
-4.488953247070312500e+02
9.080114135742187500e+02
-5.063964233398437500e+02
-8.438753051757812500e+02
4.813992309570312500e+02
2.951696166992187500e+02
-6.680792846679687500e+02
2.950534362792968750e+02
7.303704223632812500e+02
2.283403930664062500e+02
7.911582641601562500e+02
8.998513183593750000e+02
5.944001464843750000e+02
2.267999877929687500e+02
3.854680786132812500e+02
6.879638061523437500e+02
-2.065404357910156250e+02
-7.339110107421875000e+02
5.344882812500000000e+02
-3.444089965820312500e+02
-8.076981811523437500e+02
-1.214246139526367188e+02
-3.150362854003906250e+02
-4.999355468750000000e+02
-1.575456542968750000e+02
-4.907248535156250000e+02
-4.313244018554687500e+02
-2.073937377929687500e+02
6.085113143920898438e+01
5.120841674804687500e+02
7.185573120117187500e+02
-2.622097473144531250e+02
2.924394531250000000e+02
-8.999126586914062500e+02
2.124962310791015625e+02
-1.135209846496582031e+01
-1.841447448730468750e+02
-8.527134399414062500e+02
-7.046103515625000000e+02
-2.550978088378906250e+02
-8.160620727539062500e+02
-9.195249633789062500e+02
3.043674468994140625e+01
7.484149169921875000e+02
-4.250993957519531250e+02
6.264870605468750000e+02
-2.546914978027343750e+02
8.183626098632812500e+02
7.510325622558593750e+01
-8.394039916992187500e+02
8.864766235351562500e+02
7.081047363281250000e+02
2.538626403808593750e+02
6.030297851562500000e+02
9.831135864257812500e+02
-7.828151245117187500e+02
-1.516770648956298828e+01
9.524348144531250000e+02
-8.543890991210937500e+02
-2.416083374023437500e+02
2.697473449707031250e+02
4.711036987304687500e+02
-4.396689147949218750e+02
7.679592895507812500e+01
-4.380538177490234375e+01
8.192593994140625000e+02
-7.682099609375000000e+02
8.520769653320312500e+02
4.291782226562500000e+02
6.467493896484375000e+02
-9.539501953125000000e+02
9.992283935546875000e+02
-1.089699020385742188e+02
-4.856812744140625000e+02
-2.831940917968750000e+02
9.215650177001953125e+01
-1.212096405029296875e+02
-9.221649780273437500e+02
6.124497070312500000e+02
-7.649435424804687500e+02
-7.593544921875000000e+02
-8.558477783203125000e+02
-6.592003784179687500e+02
-9.504057617187500000e+02
-3.496637344360351562e+00
6.700865478515625000e+02
7.509936523437500000e+01
6.825232543945312500e+02
2.829333190917968750e+02
7.456840209960937500e+02
3.302303771972656250e+02
1.986196756362915039e+00
-8.419024944305419922e-01
6.059840917587280273e-01
2.601000247523188591e-03
-9.829658269882202148e-01
-1.700574517250061035e+00
-7.706200480461120605e-01
-1.710828691720962524e-01
2.035445272922515869e-01
-1.656834036111831665e-01
-1.293919205665588379e+00
1.340503215789794922e+00
2.706103622913360596e-01
4.719130992889404297e-01
-1.312634199857711792e-01
1.157002449035644531e+00
1.319153070449829102e+00
-2.430268824100494385e-01
-1.974707961082458496e+00
-5.174967050552368164e-01
-4.719596207141876221e-01
-2.628574073314666748e-01
5.476997494697570801e-01
1.742925643920898438e+00
-1.820336937904357910e+00
-2.154209464788436890e-01
-8.963393568992614746e-01
5.221193432807922363e-01
1.035330414772033691e+00
1.979928135871887207e+00
2.402582615613937378e-01
-1.651111364364624023e+00
-3.172763288021087646e-01
-9.241388440132141113e-01
1.884569525718688965e+00
-1.322980403900146484e+00
1.815007328987121582e+00
-1.499751687049865723e+00
8.333256840705871582e-01
-1.518969774246215820e+00
1.728231072425842285e+00
-1.911387085914611816e+00
1.781227707862854004e+00
-1.537766575813293457e+00
6.719217896461486816e-01
-9.787169098854064941e-01
1.311565041542053223e+00
1.403328418731689453e+00
2.935249805450439453e-01
-1.977646946907043457e+00
-8.854589462280273438e-01
1.284156203269958496e+00
-1.750447392463684082e+00
5.518567562103271484e-01
1.523997727781534195e-02
-5.922744274139404297e-01
-1.179186701774597168e+00
2.615163326263427734e-01
-1.445597529411315918e+00
1.371268391609191895e+00
-6.116925477981567383e-01
-7.151162624359130859e-01
1.499448657035827637e+00
-5.257869958877563477e-01
-2.057826519012451172e-01
1.164639472961425781e+00
1.416923165321350098e+00
1.600010633468627930e+00
-5.824931338429450989e-02
-8.324425220489501953e-01
1.604188561439514160e+00
3.355228006839752197e-01
-1.168586254119873047e+00
5.051598548889160156e-01
3.908493220806121826e-01
-2.857953011989593506e-01
1.648097634315490723e+00
1.863604664802551270e+00
1.458952426910400391e+00
-8.239465951919555664e-02
-3.829077184200286865e-01
1.248124837875366211e+00
-1.906423091888427734e+00
-6.456974148750305176e-01
-1.815561652183532715e+00
1.671567797660827637e+00
-1.667704463005065918e+00
1.754097223281860352e+00
-2.198299318552017212e-01
2.702988497912883759e-02
1.907769322395324707e+00
1.485195662826299667e-02
-9.812803566455841064e-02
5.404061079025268555e-01
1.531030654907226562e+00
-1.306369423866271973e+00
9.727938232421875000e+02
9.118583984375000000e+02
7.592627563476562500e+02
2.515639495849609375e+02
9.005556640625000000e+02
2.971708068847656250e+02
8.776288452148437500e+02
4.139800643920898438e+01
5.641115570068359375e+01
8.031589965820312500e+02
1.067086257934570312e+02
4.392071838378906250e+02
3.431555480957031250e+02
2.779075317382812500e+02
3.620512695312500000e+02
4.856618041992187500e+02
8.364317016601562500e+02
6.171837158203125000e+02
9.073682861328125000e+02
8.367095336914062500e+02
1.461310882568359375e+02
4.227643127441406250e+02
5.330131225585937500e+02
2.557577667236328125e+02
5.662862548828125000e+02
9.742208862304687500e+02
2.252204284667968750e+02
7.845628051757812500e+02
9.949487915039062500e+02
2.540567016601562500e+02
8.560615234375000000e+02
TLAST
1.739020538330078125e+02
