2415853568
1130118475
1115343610
1143649012
-1023511709
1130320317
-1000591209
1140145203
1136866619
1142683074
-1002052559
-1030222066
1134181727
-998909697
1143969910
1142971368
1104129463
-1013316788
1139084429
1145230490
-1053745342
1145085078
-1003479612
-1012321615
1138350091
-1014230785
1110657390
1134217590
1127380582
-1022387169
-1003242140
-1020174627
-1006054359
-1031622572
1146987941
-1001849592
-1006145353
-1032278852
1124257383
-1002869887
1142542380
1138170532
1115143553
-1034456109
-1049945335
1101207741
-1005950405
-1018784607
-1002990110
1136693115
-1013912858
-1023215430
-1005675033
1144490885
-1000156080
1105102022
1134082686
1139864792
-1019823685
1133722310
-1007474744
-1039048439
-1000965447
-1001795526
1130476189
1145369587
1140629509
-999541287
1142806098
1137376878
1112867737
1147446382
-1000678676
-998772179
1140987819
1147665039
1143008356
1115292735
-1001460400
1136950090
-1013426256
1136231985
1141653312
1140223515
1138218103
1129832802
1142456197
1109282363
-1004073614
1128452429
1143138131
1120566456
-1001876159
-1007552939
1122433950
1144808686
1142802015
1061309699
-1076981940
1065317823
-1089278016
-1092529452
-1081427012
1064817580
-1087717799
-1084206405
1025431585
-1094306338
1053959169
1070413409
1051981890
-1075213527
-1080378639
-1080012425
-1082587098
1073025049
1068877236
-1091076191
-1094048059
1039288621
1050002249
-1090382371
1051768742
-1082174808
-1093245351
1061033647
1050223958
1071558046
-1080222452
1045011681
1065777406
1067961639
-1086994987
1066203168
1070185378
-1085391822
1073001196
-1079970656
-1088528395
1069337687
1011294191
1067603217
-1090675166
1043703082
-1079936591
1066072899
1032042551
1051671836
1063756196
-1078957721
-1076155431
1071726791
1044670787
-1097911717
1071245057
-1081519283
-1076004701
-1103545085
1068479644
1070469041
-1075884656
-1081139632
1053382283
-1075444909
-1077490010
1065404862
-1077313949
1063945287
1069735749
-1089571882
-1081256775
1051391466
1072751515
-1075089354
1069692712
1073256638
1065253960
1070421924
1025021604
-1088189218
1053286755
1057694476
1071656687
-1077536298
1071978154
-1078665337
1069309705
-1090292292
1060443203
-1084309810
1070284413
-1077079847
1040110928
1127201125
1117682162
1128719915
1138150232
1142977524
1118749220
1144188610
1120632152
1127192925
1144149140
1146966240
1148569819
1143159307
1139727937
1118802746
1141619930
1127556725
1140890043
1142438792
1146113433
1134682131
1148663597
1148763345
1145997735
1143835075
1144482526
1146802484
1148051622
1146425556
1142963219
1116929836
TLAST
1142675615
2415853569
1142703093
1141966067
-1005697616
1126573743
1134557373
-1022343345
-1001452469
1138870213
-1001433592
1135951155
-1001270886
1127618513
-1008810550
-1019233122
1148384046
1147216916
1125844986
1136442833
1142453889
1138428829
-1002904435
-1029100535
1143392344
1140310898
-1006426823
1144353964
1130473428
-1009375401
-1000515669
1139937769
-1023238315
1148005606
1146396108
-1003254016
-1016903868
-1006031083
-1021563736
1129747719
1131471628
1147951272
-1016864915
1128822480
-1007854250
1147382879
-1005452739
-1008140182
-1031013423
-1022786918
1141207097
1144808221
-1006877237
-1030812170
1144785381
1133213199
1143978587
-1006514184
1139116475
-1001371737
-1000415099
-1006285187
-1005372652
-1013278459
1138466572
-1003895149
1141192575
-1004361793
-1026050794
1147252336
-1007659950
-1037692292
1145304109
1148535012
-1000990004
1142633904
-1008862088
1142138062
1146330095
1142398206
1140594154
1138719552
1141861442
-1014050323
-1001457498
-1014301601
-1004746539
1111996296
-1013354272
1136071068
-1000991190
1089705021
1145415146
1143986036
-999291862
-1005126362
-1009029053
1135468292
-1080953773
-1082293981
-1089061462
1059652022
-1080890056
1067274096
-1082576114
1067945504
1036903017
-1081910203
-1074346774
-1077458364
-1077265276
-1074733936
1049524421
-1082061720
1050282289
1055154481
-1091854213
-1094149846
-1110557415
-1099204445
-1091841228
-1087105943
-1077420821
1070099179
1040881910
1060947177
-1075945755
1047876698
1072259037
1054235114
1067716599
-1080211378
1068163066
1064962207
1063615465
1066702595
1071149695
1073315280
1061831057
-1112617623
-1086813489
-1075213918
-1099792156
1062352258
1072838459
-1092009679
1072959109
-1088532871
-1077847129
-1082125700
1063721065
-1080646495
-1083045040
1065001512
1047231739
-1081146851
1073552149
-1082317755
1066899808
-1084619117
1056950909
1041286073
-1144042500
-1083785131
-1095148856
1068137504
1065032494
1066960831
-1110042378
-1076404419
1060720472
1055227409
1072953448
1064686070
1067159166
1056253059
-1087377880
-1076715050
1070964391
-1075487214
-1078335552
1023968905
-1123009266
-1078374065
1070142415
-1090083373
1048798903
-1075129370
-1091362117
1070687080
-1077986721
-1076476750
1066169330
-1083635951
1135647585
1126483796
1147095715
1145977086
1141090524
1139259777
1140106897
1132616746
1137267111
1138382271
1097917933
1147091450
1105801678
1136292426
1119862563
1128593118
1147902699
1136239286
1144406029
1123832314
1132152942
1146900239
1147261684
1133498704
1148307262
1143408220
1140555998
1136459855
1135128356
1148059823
1143821661
TLAST
1141212802
2415853570
-1007989762
-1000885731
-1006874996
-1019217727
-999852212
-1017124889
-1006611045
1148526735
-1004256992
1143745954
-1004140362
1126094197
1134501955
1116449087
1147091572
-1022899361
1133956387
1144582905
-1006304335
1118297701
1148327793
1141025469
1137605381
-1017586977
1143970888
1143608812
-1023930333
1124942186
1135818740
1141926792
-1025910404
-1012379980
1133033279
-1025530824
-1001999285
-1027957361
-1000986807
1143226645
-1007928054
-1002887259
1143118074
1146583109
1140158554
-998802891
-1045437604
-1005386123
-1001812362
-1019172735
-1002239570
-1001523707
-1000375722
1140692524
-1018809370
1142415582
-1000191630
-1050216266
-999841557
1145457593
-1006437792
1132881030
1143221180
-1009223783
1137265368
1122830281
1148710564
-1008736725
1147555662
-1071198617
1128196986
1130941430
1145488561
1126550722
-1002878204
1138252451
-1006169348
-1032723074
1122206542
1119436881
-999211492
-999663564
-1032909018
1148569565
-1002562896
-1008364519
1140955679
1116523394
1128773387
-1002073349
-1017550073
1130183825
-1001549486
-1022514157
1137297494
-1014476816
-1019719527
1140355065
1070603858
1048851302
-1084962924
1066612085
1061050904
-1088619421
1049556416
-1081116650
1064844305
1042870989
-1083750726
-1092128406
-1079951041
1073506863
1069070842
1072004381
-1091817157
1061929294
-1105241073
-1098017060
-1075186593
-1084909363
1069652233
-1074588877
1068420371
-1117202607
-1094273079
1072340993
1036497336
-1076374758
-1080468420
1064738377
1066904890
-1077279136
1068301943
-1078386701
1068443113
1057889743
1040286411
1066721758
-1083160667
1061110933
1069203898
-1086472448
-1075752632
-1084708251
1070946912
-1074753159
1071722438
-1077048848
-1088692224
-1080896895
1066000568
-1077022277
-1083907771
1057915699
1067258944
-1076999669
1069928637
1053590024
-1103287947
-1082386746
-1077006021
1056729138
1073155748
1067523641
-1074628090
1036904284
1070912138
-1085545534
-1079317515
-1084917031
-1077854603
-1087244547
1058003221
-1090765540
-1080686173
-1102250779
-1092398165
-1088804305
-1085248783
-1097771677
-1080790365
1070790456
-1085138048
1064297732
1068016617
1049406836
-1074316045
1073097377
1049630373
-1093528522
-1073760347
-1108081691
-1081798883
1072461197
1110308211
1131908358
1147914989
1141585677
1135788629
1092039868
1132301403
1132345864
1126870911
1135377775
1128965672
1115396909
1120136121
1140350239
1116426809
1147783636
1129191679
1139284782
1137661321
1133620026
1134674854
1129552123
1133257303
1122645447
1143754783
1143021997
1134281667
1146884898
1136734232
1142474167
1141033686
TLAST
1134724933
2415853571
-1003221815
1138601769
1140269275
-1004949891
1144168247
-1003976715
1143176516
-1002863546
1133390142
1109254071
-1003022274
1138182799
1141217863
1145267324
-1049228376
1108327052
1134201080
1145793058
-1016282435
1135793350
1127842947
-1004557727
1136271321
1144015332
-1033257763
1147229621
1120519083
1145011515
1140945281
-1020269939
-1010738258
-1018190346
1117768440
-999023886
1144616382
-1000201824
1142264904
-999378374
-999012376
-1023039087
-1002116881
-1017860701
-1013656624
1143210915
1117037099
1136037082
-1018922996
-1002638082
-998785090
-1032540927
1136916123
-1014158880
1147046983
-1008792570
-1011510973
-1004444198
1142362140
1139326615
1146954706
-1047517731
-1011652202
1119314230
-1001471702
-1022729875
-1019520477
-1004154553
1124737295
1147657615
1144927862
1135852519
-1004689203
1148659155
1145382671
-1004019517
-1001806544
-1005439656
1135620730
-1012306907
-1012283888
-1018995141
1147621706
-1012236177
-1013703711
1086775749
1148200013
1142907562
-1001674281
-1014449767
-1002532006
1143565188
-999923379
1142092481
1146738917
1144368135
1147227438
1148525361
1063985575
1039627465
-1076859284
-1081585357
1067595325
-1078108782
1072869186
1067552845
1060105513
1073683634
1066990586
-1084329503
1068846862
1063350604
1069080813
-1087520211
-1107433361
1065165131
-1095174140
-1074408951
-1087229494
-1077008575
1051770858
1068243877
-1074034314
1069612083
-1078105870
-1081093355
1064136899
-1082509267
1073453094
-1074939526
1070630877
-1097739424
-1079114927
1068810767
1073295943
1060968912
1057667428
-1085753060
1067219066
-1077076428
-1085457557
-1082537461
-1076667182
1045927267
1068380850
-1075549865
1063826533
-1085800601
-1078479705
-1093980889
1066541545
1073078276
1056990322
-1097756201
1020955951
-1079315843
-1077108456
-1080592733
1068089397
1059654955
-1084670849
1049207628
-1095090418
1071027597
-1074851473
-1074899261
1067155854
-1079669682
1056844101
-1103933744
1069791480
-1080736998
1028298286
1070936653
1067867218
-1074683574
1060976977
-1076441971
1054525827
-1074508616
1073655405
1069719689
-1075910049
-1120257229
-1079556390
-1093374966
-1079654057
-1075715133
1069872796
-1074740031
1071095254
-1079975958
-1097011165
-1092881283
1147695766
1146359012
1146243038
1148097145
1075765266
1140199231
1147828849
1124494656
1131740800
1140623341
1143577338
1134977350
1134112430
1145172753
1107520111
1145336592
1138115880
1142767771
1144021042
1120202736
1147270696
1145934847
1136373971
1128450905
1115371717
1134185969
1144147017
1145785249
1134775117
1130121782
1134801525
TLAST
1148262266
