1137168413
3290057775
3276869701
1145752018
3283172604
1141163628
1126836577
3294558295
1147945774
3292717791
3281932261
1147294825
3288368886
1147215906
1134652864
3290034340
3291709941
1148240478
3268076641
1139210541
3291959773
1096949405
3293208157
3235077639
3296022435
3294980135
1146044246
1145256492
1141395131
1113876282
3290885410
1139670949
1130149332
1125233785
1146289768
1132720399
3256684615
1141103392
3288675311
1142306721
3293014858
1145657458
1132058513
1133775092
3294536329
3294592974
3290646922
3287076154
3294463862
1133277064
3283113948
3288406925
3294044611
1133201162
3281342090
3281323240
3279739872
1141666139
3295068195
1133366205
3295635736
1127959889
3266894963
1112143322
3270290425
3274321133
1130538772
3283977929
3289087089
1136457934
1143753799
1142086629
3295254052
3290475772
1144071286
1143973789
3289703311
3295508872
3290136559
3280405148
1129765578
3263732116
1132414646
1145729746
1137456317
1138070098
3290291365
3285051711
3289745792
1137538444
1138219866
3283617467
3233873170
3292920409
1144346972
1135025178
3216802667
1071764647
3217113856
1048409928
1054818966
3202743584
3213848168
1071764330
3210479029
1037598296
994308608
1067055344
3205880084
1070906064
1071339423
3163456837
3200740035
3216256397
1073085988
1062164216
1068756951
1057900578
1071746108
1065318262
3204568268
3211993420
1059914896
1072044861
1002823127
3221316185
3195717184
3203474882
3180751244
3207394702
1042116210
3215927137
3218956392
1068096875
1024583676
3215095953
1052998846
1068335702
1060447992
1073352506
3214729857
1071640438
3219779651
1070433281
3216959520
3214991698
3213509414
1037669281
1072785465
1061956903
3203890921
1066112922
3201438038
3217894804
3218282306
1065679149
1041962710
1071091926
3208091960
3219386935
1060852466
3216200562
3216014411
3220211398
1062982348
3216694727
3220539441
1068275297
1060624783
3182532028
1061183953
1054704751
3200421857
1037332403
1060122304
1068855900
1072372413
3216394287
3219268608
3220165832
3216451239
3220416965
3198189736
3193872433
1070324539
3217014964
3218777068
1068872901
3218463566
3216987393
3213738576
3184550398
1143010786
1143299790
1126857253
1146907070
1145208966
1124463687
1146698410
1144730057
1145546107
1141364248
1130157698
1147510106
1142162794
1135418996
1132716967
1147435671
1137827364
1141312578
1142430796
1145999357
1142678539
1127265872
1142149240
1140105746
1141439001
1143923026
1131794344
1127915661
1121790610
1133053846
1092878377
1142773510
3280525652
3292834125
3278594306
1117353501
3293889463
3287500137
3272681927
3286473344
1123991336
1142665706
1141722695
3289473209
3289790615
1122583882
3280329452
3294816201
3288708030
1147712809
1147897725
3280896516
3294952878
1142320635
3285978710
3294627355
3288247675
3291321940
1145885895
3289932697
1140450992
3291702955
3293860062
3280027275
3290980895
1146469177
3290968828
3257707831
1129215691
1145958379
3276596625
3285167970
1143257985
3270144140
1105515353
1143188106
3293148850
1146700664
3279704355
1136991674
3281504062
3291767391
3286620637
3290828331
1143646803
3295780933
1143577599
3280789710
1147993617
1146331382
1108660546
3292925474
1141490606
1130673413
1137327270
1141517346
3263202549
3280766521
3279397883
3264782790
3281922804
3247247823
3287271161
3296263998
1137724205
1148740213
3287117677
1142959796
3275683335
1148541493
3295272650
1141278038
3287915499
3281000522
1140963248
3285928981
1131764346
1141010770
1137393497
1129970738
3293879499
3286443084
3282564733
3277754559
1141870771
3289163205
3258561127
1113398009
3216334781
3218095942
3219984088
1067791164
1043973322
3189530770
1071115507
3202723925
1066733010
1052866548
3171202654
1070013288
1073422923
1058942927
3213343433
3212890951
1074157908
1069668061
1070903458
1069395982
1062161793
1072419983
3215497928
1059938739
1071009814
1068292546
3210432961
1063657057
1064980174
3200619058
3218103763
3216240153
1071108945
3222191614
1005576034
1049059723
1072096762
3214795823
3214086322
1073978305
3213694190
1062635247
1070465115
982515120
1066760018
3214268409
3214240894
1066863943
3214342219
1073154082
3189298584
1063174931
3172514168
1070457498
3219469431
1071540538
1061433991
1069833167
3214868190
3204802517
1035244433
3216975765
1066280421
1069574649
3196242691
3207149956
3214863191
1066433757
3207850709
1071857500
1058121772
1036115072
1072447439
1058295346
3219095715
3206091915
1050227645
3209270064
3217217918
3220002578
1059599381
3162543234
1067873549
1028182851
1070116989
3203662252
1071344699
3220225298
1074573399
1073485786
3216955628
1041294564
3213656383
1062883390
3198851086
1068771699
1110213666
1121345523
1138330293
1130160536
1146890192
1144253441
1144143991
1145075461
1134911391
1130667065
1142724099
1137655128
1147810301
1142988020
1136751422
1146472361
1136551283
1127370577
1145268788
1139546803
1132576126
1143806349
1148526348
1131823339
1145409434
1144952181
1123030112
1146206660
1139203732
1123782673
1141249531
1133789602
3291730433
1138605728
1140215917
3290034854
1144189010
3291014820
1143207580
3292083070
1133412661
1109776541
3291925440
1138154326
1141241071
1145281752
3244224394
1108149123
1134197017
1145809258
3278708537
1135730420
1127797329
3290435957
1136282633
1144037362
3262224681
1147254323
1120325127
1144993105
1140960477
3274761413
3284164630
3276898665
1117981975
3295948076
1144594108
3294742335
1142296801
3295576820
3295946042
3271979594
3292830387
3277211615
3281336942
1143194928
1116820664
1136043981
3275955111
3292358451
3296167313
3262631167
1136869094
3280821419
1147065688
3286111782
3283439889
3290527756
1142362577
1139282853
1146928513
3248069959
3283271638
1119400784
3293509497
3272219803
3275470659
3290785276
1124614892
1147627108
1144947767
1135810139
3290269960
1148656286
1145407723
3290966885
3293159942
3289500351
1135663318
3282722246
3282659187
3276082132
1147628707
3282793660
3281198387
1089964519
1148171480
1142906817
3293314426
3280531124
3292456511
1143536274
3295018706
1142061663
1146766516
1144347543
1147222416
1148518322
1066782514
1029894009
3219008575
3212076689
1067044186
3215933413
1071339462
1068702099
1058535319
1073326293
1069450359
3212424523
1066456181
1060276279
1068136865
3207737971
3191345193
1060224772
3195266949
3221285444
3210263304
3216442222
1048215324
1067560016
3221016003
1066839548
3217440900
3216051822
1062428615
3211862274
1073393108
3219690074
1070504981
1029726972
3218036398
1070872258
1072427233
1065877417
1063198153
3209078781
1068965290
3217364455
3208940903
3213984856
3218013303
1031034155
1068516348
3217166865
1067057497
3208357554
3217833866
3198168037
1064709069
1073868971
1057497625
3178438154
3189301050
3217479904
3220196566
3214004467
1068563850
1058190131
3206637905
1053886153
3200705196
1071972013
3220690520
3221680925
1065618632
3215849366
1058992161
3203786272
1068190545
3211706486
1050135921
1072089099
1067785330
3220118822
1061893332
3218167449
1045712170
3219771019
1073914564
1069602468
3220807111
3193285951
3213454231
3203744159
3213947863
3221367635
1071733729
3221560707
1068158392
3216318174
3205045745
3210301302
1147695766
1146359012
1146243038
1148097145
1075765266
1140199231
1147828849
1124494656
1131740800
1140623341
1143577338
1134977350
1134112430
1145172753
1107520111
1145336592
1138115880
1142767771
1144021042
1120202736
1147270696
1145934847
1136373971
1128450905
1115371717
1134185969
1144147017
1145785249
1134775117
1130121782
1134801525
1148262266
1128630233
3271142230
1147219162
1136712211
1110279182
1123576208
3292778183
3286253901
1137621165
1148343363
3284494066
1148534903
3281233914
3266755125
1148016470
1143160258
1113171223
1148273753
1148424635
3291231579
1141851179
3286489370
3284499850
3272028860
3258842754
3291895282
1141098977
3295238424
1147586864
3286853339
1137627110
1115689394
3254468045
3279407871
1131359110
1143241630
1116500998
1148428972
3294851750
1147459974
3261001114
1141086118
3287677626
1142362685
1132649692
1142120433
1139070219
3261417639
1130026151
1144689557
1121808205
1147146562
1131034895
3293854706
3279628183
1137915417
3293993779
1147471097
1144423620
3286781034
3280386389
3289371629
3293214407
3290015555
3294972406
3284432236
3282032321
3275014677
3295065752
1145031843
3288907532
1131621825
1137400742
1148260508
1122386340
1141677716
3291761425
1148432533
1141341704
3265593527
3283855600
1135950883
1141379183
3289292707
1131158893
3264764283
1143180989
1139356551
1148066953
3293026342
3282096373
3280635754
3287430239
1094607327
3291511716
3272968451
1062257194
3204841920
3189632667
1060290033
1068135553
3220526465
3207286326
1058157258
1071823889
3190355801
3203792557
3209964003
1051020318
1065383545
1042285629
1048023227
3186749406
3202775411
1051053650
3218876309
3215691798
1073730636
3217919387
1053515555
3216892007
3150899878
3208805425
1067051243
1063168843
3207147027
1055737583
3219566567
1057920150
3215163506
3212256191
1061662975
3150479674
1048111841
3180465341
1045092750
1068008033
1064129722
3219644734
1068682013
1065916549
1063547900
3202460590
3184111957
1062776962
1068204158
3214673143
3198831079
3216738297
3205855251
1065504715
3209638585
1063351979
3221965290
3217931106
3207468221
3195331552
3211362685
1059653339
1069667509
3205820641
1071866610
1045807524
1069294052
1030182629
1052216855
3214901294
1024148168
1058932394
1069916449
1043709616
1060506011
3158687837
3212854821
3200996667
1056998751
1041419654
3203505976
3214541924
1048910529
3212625050
1069095411
1068684599
3216363068
3220273749
1069359374
1073402505
3194518146
3215775623
1044300088
3196754562
3202129814
1138703339
1144953742
1142891535
1127825013
1141951725
1143181180
1142189922
1141333633
1142159427
1144078191
1145093783
1118968243
1147428790
1138806784
1143875520
1136775628
1112291973
1143335178
1136055437
1141518827
1132809088
1129046087
1133779516
1146255239
1147601145
1148495193
1137650268
1145129969
1126698393
1144655969
1137973865
1146291685
1141807519
1136808272
3285650935
3288977572
1136578706
3289084209
3293890576
3282509297
1120502546
3289766730
3292641953
1144417963
3265792904
3296162613
3288054893
3294854241
3287578444
3273126438
3291655320
1146796373
3264736203
1144259657
1143042999
3292486552
3293374597
1123646022
3295330982
1141942213
3282780002
1138446365
3290024541
3283430342
3249259319
1115839730
3213454365
1135943188
3290082593
3248377443
1143726189
3262545233
1146113042
1143718879
1134853136
1145576894
3291322064
3289401704
1148113639
1127012954
1143496957
1134695233
3285247400
3285884578
3291095772
1141734904
3284854627
1145303734
3289661595
1148819710
1142054925
3285426371
1137325592
3282404335
1091343341
3283900001
3265441919
3273917830
1147007166
3291835997
1143831839
1145071887
1132587172
1148578387
3254823876
3281584569
3290595591
1128833523
3296174489
1145573511
1148479499
1142197256
1144696056
1142033130
1108598175
3293446633
1122014697
3283811058
3292239484
1147151127
3294202324
1145642969
1146292142
1137102862
3293581796
3279006379
1133162380
3288828437
3220655409
1064763361
1049169868
1068566427
1053720745
3208655552
1047988318
1061732599
3212974165
1049752067
1072135583
3206207171
3211856272
1073633056
1060580750
1035916747
1069459226
3215628985
3218327962
1059508220
3210182233
3203818306
3218935949
1068371292
3215163249
3208488401
3208413379
3211623221
3209061035
1060900708
1058111854
3216676389
1065453652
3188358582
1058918691
3221447179
1066340658
1064546293
1045683872
1053036635
1069200247
1045847482
1071207575
3217950470
3172342782
3184523837
1057503968
3176131573
1070277956
3216081070
1073759634
1066301008
1068275106
1068326059
1063692028
1070366491
3218834545
1035023723
3211851689
3194899637
3208891473
1072340977
3220251060
3219020781
3212216761
1071918888
3205406896
3213977160
3214792931
3216036936
1055657911
3197723710
1050765037
3188215892
3218161333
1073586317
1073962956
1069587851
1069753089
1046134402
1062426326
3217363157
3204425579
1067560563
3210957854
1065908904
1068884165
1058240945
3205279995
1067081430
3211267651
1065293232
1044704912
3193807688
3204699769
3219499143
1144381025
1134691392
1147186370
1143531491
1148709620
1139252034
1121662779
1123234416
1144692271
1141944282
1129893691
1141433891
1141142387
1146515887
1112821267
1122114123
1138576625
1124821703
1148661636
1128677545
1142614147
1138611224
1145269033
1112704174
1134703249
1139466981
1122190482
1142967129
1141214653
1146008512
1138566269
1133740714
1144981453
3264188586
3294912199
1119271756
1146349862
3275484052
3281515054
3254355660
1117643131
3293697046
3249381030
3288438975
1133884568
1113718787
1124531968
1142086934
1112251956
3285517930
3292867810
3293568356
3279214939
3282560035
3284637848
1140306393
1128436997
1146996307
3291979041
3291690940
3277604442
1145371268
1141759209
3265339604
3289275800
1124623371
1141503856
1144031305
3294683609
1137277289
1145053802
1140852734
1143648580
3291647017
1112067256
3295826710
1143845066
3295051688
3291776436
3293056644
1134661299
3293882014
3277369277
1139160877
3257688575
3264725686
3283787144
1138209607
1135356834
1136806345
3288847242
1132756088
3281308301
3282523111
3273792569
3292924085
1111570189
3294956479
3293334082
3272527573
1113638951
3291060694
3272208711
3289527134
3272416335
3258867950
3274055653
3290459646
3291583500
3275882834
1135095301
3295263594
1111241093
3276849458
1137388523
3294265607
1147650739
1126717846
1144675786
1132634206
3293236471
1142619081
3250518765
1143110442
1140508532
3283877687
3270555363
1133345255
3219593729
1067180734
3210816744
1065980520
3199803893
3210268130
3218139222
1069071261
3218484966
3213495044
3211004745
1066921165
1064848870
1065052539
3211387084
1044431576
3218713847
3215022683
3218195554
1073795079
1073990185
3200852333
1072410058
3215790884
1002677470
3192690928
3218790749
3214839574
1070327260
1066049469
3220429757
1052219707
1034304539
3196261146
1053577485
3220852186
3212925223
3218876598
3207660523
3218767952
3206617696
1070629729
3210223512
3213207644
3219367830
1054854739
1037545514
1048035122
1061137215
1044391871
1058203949
1072296590
3220329227
3210031275
3219935947
1066902632
1062766771
1069332053
1074305140
3219399312
3215818855
3215920459
3211640437
1037373500
1066690681
3208679086
3143340254
1067276141
1065689787
1065476861
1064733595
1071999410
1063730167
3219023585
1073317043
1069585497
3218498428
1069152408
3212722348
3214872333
1072157119
1057877487
3218510497
1064441059
3222338540
3218655262
3216257487
1052287877
1052011220
3213446144
1056251231
1057632705
3212516818
3182699542
1047347203
1048097419
1127506941
1129812344
1134752263
1137634019
1130015737
1147530615
1138504901
1148056796
1132281918
1139427006
1145595524
1148671348
1138810622
1139474746
1147874000
1138235899
1138505967
1148078462
1140355498
1123841822
1147886903
1140505831
1135893096
1147219115
1099505736
1147987967
1118765901
1117192154
1147900056
1139735462
1127462057
1148555504
3282140246
3273157974
1116734776
3294873099
1140335297
1118293175
3295612854
3287186540
3281521719
1140776085
3287126916
1144345584
3293921813
3293535200
1148223731
1135519361
1140320299
1146971409
3287765888
1142036829
3278935222
1141632399
1141812854
3295356121
3291917626
3280871889
1116213502
1146298676
3283240449
3295437081
1144248527
1137621044
3296290301
1143515527
1147236223
1131411268
1142339796
3292371911
3290318169
1134598431
3293584095
1111253012
3292117908
3286740627
1146806441
1144989313
1138334637
3275975152
3269537039
3280688751
3270918088
3246483312
3290538659
3292040721
3265602433
3295509203
3264840147
3287670832
3230939907
3268884273
3274704715
3291488809
3281239548
1141512693
1125838181
1142187279
3289191967
1117178998
3293476473
1146560580
1127720480
3284531778
1125270950
3283946946
3291190338
1133142595
3294069217
1134010157
3284337645
1145303792
3274617920
1134522447
1130999776
3280779124
3285235483
3285609312
1137485608
3294469446
3288109587
3279635342
1134756082
1146903698
3287323350
3273836180
3295510641
3292032791
3212835539
1068097049
1068328641
1021185697
3156490121
1057431971
3204267382
1065987534
1054237132
3206124472
3218913568
3221853082
3216470718
1072480273
3221343288
3192982700
1070196632
3205565137
3214706386
1071228188
3218368418
3205743540
1068516718
3191530034
3194352631
1044653278
1035148667
1069678050
3194345483
1057375567
3221069911
3204694718
3188500791
3189344656
1056994151
1061004709
3219954625
1072123951
3206170915
1069640819
1061564628
1072798310
1049503359
3216537498
1053670465
1066908795
1069824546
3209845756
1070296082
3213900025
3203047822
1060566167
3209752602
1067872541
1072338130
3211287284
3214057747
1058876513
1053266009
1052761011
3214741273
3209820894
1056593919
1007947381
1071853260
3214663079
3213480811
3218669008
1074104303
3204963829
3205877655
1067811214
1068358425
1072965083
1049013651
1072709490
3212867440
3220577246
3213982796
1069793001
1072469751
3221267694
3217937196
1073980857
3215644319
1072469044
1068656852
3217939961
1060534197
3159790206
1058401044
3221788175
1071076312
1068979224
3210510673
1058241563
1146188166
1144440347
1126048694
1147398195
1073103807
1131622071
1124667929
1135259585
1125383481
1133286964
1137195555
1139585383
1132915878
1116206290
1141318598
1142839454
1143209120
1105554966
1121171885
1143410909
1120740316
1116024427
1138874342
1136025321
1143494130
1109475024
1130450897
1133418425
1134731858
1090380497
1141487745
1095763973
1141078085
1128127703
1126038395
1136675543
3295313089
3269247554
3294983258
1146671178
1145430080
1140089161
1136503101
3271596795
1129381742
1135751670
3294488195
1146820404
1143086664
3294090756
1123940849
1132578896
3292760023
3291336542
1144618329
3276614684
3250276186
1134661038
1135677961
3284522454
3276671063
3283455387
3288877570
1144742360
1133253114
1141856867
3289619770
1108903885
3295146471
1111649901
3290928210
1148064135
1144779873
3292132981
1124929005
3277648325
3288503575
1143008087
3289913506
1133852717
1148776043
3294595275
3288820665
3293452244
1143319038
3288055491
3278900381
1147622378
1142440020
3293895719
1148488823
3290158990
1146017519
1142963526
1137183293
1148819984
1144493935
1147783022
3294501995
3291807266
3289963868
1147351205
1146767541
3284519550
3279223419
3285745929
1125757727
3275179738
1140673156
3276796765
1144267879
1108440747
1139490308
1143717765
3293905883
3294233152
1107417150
3274476258
3292768991
3288381550
3283526751
3291515872
3287442904
1118963467
1142695820
1142921574
3265366394
3280013190
3201680032
3171250333
3196550237
1061640518
3213302095
3214243067
3192623329
3212092595
1070069400
3215558094
3212965876
1065614577
3209744608
3184042571
3215609090
1061890744
3221679134
1049248926
3217861171
3212908144
1063979533
1065016372
1068033458
3214406645
3219299366
3216704741
3213727834
3210135094
1068020816
3204510667
1033277855
3204601008
1068305340
3220755849
1073610345
1068039029
3218146608
3206398878
1066044075
1071192522
1071508011
1067554292
3213075891
1070664662
1064836430
1065357051
1074225148
3221420077
3221499729
3213767448
3208608998
3198744493
3213270292
3201762561
1069346084
3221239340
3220663298
3217358867
3221532322
1054041113
1066793618
3205013334
3198950047
3195668583
3216933606
3208039683
1072164968
3200077452
1069987108
3198823892
1071868813
3214099807
1066166595
1054068374
1071237725
1046377347
3207860599
3195232903
3219861622
3202740795
1070181639
1072144283
1065756396
1074803634
3181869719
1070693549
3215809660
3208484407
3217782049
3164279426
3208850455
1073032847
3210223177
3219235786
1063989139
1042081895
1130949686
1148682572
1135007229
1142267981
1135834567
1143609614
1146440906
1145452012
1142650349
1141728527
1125690308
1145789429
1148575121
1142842575
1141988352
1125422943
1133139507
1135887080
1128248773
1148688691
1147588920
1136265638
1125197783
1137035624
1126452722
1141280260
1127373490
1111764329
1142527414
1136558260
1143660133
1141022773
3282585763
3272765140
1134711780
1147364641
3289672289
3286322246
1147326313
3288156324
3293768446
1139842533
1133703191
3290869576
1133750650
1144436201
1130640778
1145443373
1147226857
1142196750
1130419014
1136687533
1143725946
3276721573
3291961152
1141247692
3282902363
3293182584
3270812756
3281863120
3287905082
3273363667
3287629319
3285744862
3276781061
1114617150
1140882944
1144213247
3280089735
1133606984
3294676244
1129511470
3239705436
3275361887
3293887401
3291515259
3279842567
3293332124
3294989736
1107212408
1144728919
3285551581
1142711937
3279775816
1145841454
1117212523
3293698273
1146976409
1144044348
1132339145
1142318435
1148591880
3292781393
3246268427
1148091339
3293952653
3279016042
1132950716
1139557028
3285911762
1117354417
3258092834
1145911109
3292526583
1146403363
1138153337
1143064826
3295579930
1148860440
3268818541
3287424117
3280839524
1119325205
3270503500
3295085714
1142485877
3292508309
3292359605
3293995262
3290717328
3295520778
3227389452
1143472035
1117141627
1143642933
1133362339
1144704451
1134851654
1074130374
3209582955
1054775914
3196984355
3209826139
3217645996
3212869695
3182820491
1054459290
3198338080
3216031343
1069154892
1042740473
1050613400
3188403377
1063557262
1065823424
3200153107
3221455983
3206525833
3205572134
3198364618
1060227455
1070768953
3219242249
1021053183
3210716346
1058118516
1066378541
1073871668
1049309934
3217496947
3197635357
3213297085
1071630783
3216971376
1072234284
3218010119
1065021793
3217612034
1071279306
3219827224
1073950368
3215940338
1060165038
3209011420
1070756159
1068577098
1039626606
3220192021
3213425062
1068334854
3220815063
1054547174
1047748385
3210360618
3215865856
1045549243
3218267275
1065854441
3200614185
3207215280
1066920808
3192784191
3190428738
1065827434
1068558136
1070665031
3184528540
3210078604
1069400554
1058343653
3217017224
1053303848
1049090840
3135503832
1067655094
1073333293
1070032782
3177736468
3200318304
1067139925
3218033582
3210268751
3218297492
1073537735
3216792381
1073072988
1034127414
1009369123
1070936267
987125470
3197348700
1053984874
1069460146
3216019745
1148400334
1147401968
1144901841
1132171359
1147216784
1133811165
1146841151
1109759887
1113695494
1145621037
1121282769
1138465413
1135317993
1133179946
1135937168
1139987638
1146166177
1142574018
1147328402
1146170729
1125261711
1137926613
1141194967
1132446205
1141740114
1148423715
1130444910
1145316357
1148763321
1132334724
1146487792
1127081709
1145615836
3271839025
1115211821
1146108186
3292918993
3290433848
3292888805
1143126698
3294753545
1135389405
1137957918
1144896437
1129235142
1145492242
1146009631
1090967073
1146432441
3272209587
1135873979
1132326403
1145646146
1141212212
1145757126
3290225297
1125307791
1145294145
1133564740
1146444807
3294697888
1105548785
1146207666
1133606535
1140908192
3247490898
3290656533
3287924855
3280565071
1134085808
3285830140
3295384907
3289316944
1129534160
3223657353
3286547583
1148573208
3271813503
1142950056
1137589961
1145222464
1138828284
1133664340
1147069304
3287690242
3279596945
1144389325
1145167627
3289379964
3274196986
3239987298
1134273364
1144878635
3289203755
1143068931
1146821803
3289661155
3289159716
1143222046
1139329090
3290886632
3291462888
3296298039
1101787597
1134226518
1145348348
3287258720
1143847892
3279635068
1128159142
1145625345
3282257920
3282864933
3288601000
1140907794
3249320459
3285070198
3296147066
3287563987
1141073955
3290032622
1127692833
3260422941
3285277190
1132592458
1140845095
1146153256
3287799156
3215238966
1042351397
3202872052
3205460865
1073741848
3203400271
3203666815
1055145567
3213478414
3198451618
3205572801
1053468726
1055873884
1067024587
3215496248
3219936004
3189424663
3197549776
3211068751
1054207201
3214154102
1067799384
1070652700
3213490129
1061904159
1065739344
1053084506
3219499083
1074047628
3210745739
1059407157
3208719162
1067910978
1073159723
1052009194
3213430671
1072229374
3220252779
3202495964
1041274270
3177385376
1068079356
1065640237
1071522853
3206575065
3221593491
1067932887
1063716236
1066889972
3220197153
1068059171
3195465073
1058563008
3209309679
3221436642
3221086778
1073917573
1066028592
1068257002
1071352159
1061940844
3195136920
1068961684
1005235300
1063642019
1066474169
3191972166
3219748980
3214258865
3197329086
3215394788
3217005997
1072367104
3214591589
3214531419
3221608781
1072964528
3213455076
3197237021
1068476719
3213962372
1066717349
1003178526
3194083810
1069585880
3207424353
3198212353
1072924740
1067042132
3216035262
3213009799
1056529481
3219399679
1067951322
3221953533
3217126746
1147454234
1144646318
1144237943
1122126369
1144689140
1127412926
1144864829
1114578599
1146814868
1127933862
1146522066
1147134343
1120722874
1122478184
1148438232
1148587482
1119917372
1142882453
1136174451
1114367092
1146417530
1143334217
1114779726
1138927655
1137403476
1148600206
1148756809
1130535770
1144964371
1143320352
1138305385
1141895557
