0.582208 0.4956392
1.999983 -0.1762068
4.004962 -0.05026313
-3.838299 -0.2734144
0.08853724 -0.08559762
-1.573167 0.2426479
2.189277 -0.1765015
-1.93114 0.1651668
-3.907541 -0.3357466
1.951165 -0.09079643
-5.967677 -0.2463847
1.891102 -0.1468045
-2.073867 0.173607
-0.07722796 -0.1156554
-0.05448864 -0.4260982
0.05953937 -0.1199405
2.236955 0.06681854
1.838651 0.2947694
6.015775 -0.1116651
-2.06784 0.07614352
-0.09609323 -0.237224
0.03098943 -0.1942982
-0.4758671 0.3922969
-0.2693633 0.0382305
2.039946 0.1043333
2.251262 -0.131102
-4.120657 0.1509934
-0.5133958 -0.03894252
0.1313415 0.04994549
-1.983701 0.1179589
-2.381371 -0.2703755
-0.08533752 0.04266732
-2.343912 0.2004966
-3.962015 -0.128896
0.2125697 -0.01780413
2.097961 0.2421615
-2.19002 0.275311
3.959115 -0.07848262
-3.78278 0.02211519
0.06090584 -0.02479116
0.07382409 -0.2178055
1.814523 -0.06206097
1.999731 -0.329131
3.914009 -0.09930226
0.3685911 -0.1848554
-2.471637 0.06731568
4.141796 0.08934983
1.729493 -0.002730672
-0.4632306 0.1201903
-3.699564 -0.07967136
-1.703 0.1489496
-1.651911 -0.075167
-1.945743 -0.1170205
-1.496151 -0.1665033
-3.881791 0.006478306
-1.591058 -0.04045904
-1.799256 -0.1142814
-2.228615 -0.2075492
-3.806337 -0.1173724
-1.839126 0.01177682
-0.09396086 0.2614858
1.78283 0.09887367
2.011403 0.1803324
0.2745399 -0.2659883
-0.07310858 0.05962478
1.933561 0.2569707
1.862374 0.1230432
-0.1076378 -0.09576266
2.480079 -0.1252711
0.2798785 0.1592625
-1.922392 0.3203103
-3.897555 -0.05582835
-3.925222 0.000310255
2.180492 -0.02326547
3.755296 -0.1543271
3.939472 0.1122163
0.2358017 -0.1408957
-0.1508691 0.00571409
-3.584276 -0.1169413
-5.876159 -0.2157253
-0.3270954 0.05982221
2.124399 -0.3155982
0.04200257 -0.2797358
-1.927218 -0.08985638
2.114871 0.003420222
-2.242698 -0.2715212
-1.99288 0.03559742
4.00942 0.01677112
-0.2001085 -0.1832205
-2.254469 -0.2728957
0.2837569 -0.163804
-3.900806 -0.06128103
0.1410216 0.03579411
3.809929 -0.1836467
3.4077 -0.07872269
-2.237902 0.3462103
0.1623518 -0.2384406
-0.1021339 0.04892547
-2.201895 -0.2684514
2.171547 0.1817031
0.02102545 0.2250038
4.272664 0.1406918
-2.266361 0.2646951
2.150073 0.1238654
3.772868 0.2131382
-0.4985593 0.3248487
3.907996 0.2977228
-2.463562 -0.4074255
2.208073 0.1654926
-0.00447143 0.01723387
1.877937 0.3845634
6.1317 -0.456949
-0.1405386 0.1313046
-1.58361 -0.03798442
-1.733794 0.08314998
-2.115198 0.04767864
2.232162 -0.173986
2.162498 0.05883745
1.743566 -0.3484594
0.29384 0.3166423
-2.000602 -0.07953845
1.835278 -0.1119366
-0.1993359 -0.09247933
1.923668 -0.05121473
-4.066149 -0.06820008
-1.915064 0.1216372
0.1850126 -0.2437049
0.221206 -0.1301149
0.2907319 0.5964787
-0.07697016 0.2041835
1.782069 1.430866
-0.1268488 1.685568
-0.05341689 1.80416
2.459666 1.625936
-0.50295 -2.684002
-1.255283 -1.637865
0.5569171 0.2905065
1.731361 1.473654
-1.353288 0.8850538
-0.2324393 0.1483034
0.6595754 -1.576021
0.7777371 0.9404122
1.899495 3.957707
0.7515423 1.242466
-0.6448334 1.415652
0.6653664 -3.452476
1.616714 -0.8094227
0.1296463 -2.421808
2.092583 -0.3339368
0.3038686 -0.6387919
-0.1867609 -0.6527781
-4.034555 -0.5708124
2.448992 -1.035989
0.0174498 0.144387
-1.473711 -1.318194
0.572297 -1.748981
-1.05188 1.608892
1.786938 0.5353887
-1.411702 0.4987223
1.231191 2.330019
1.772344 0.3276151
-1.876611 2.852176
1.731863 -1.858959
-2.103683 0.5538396
-2.109943 0.5370084
1.940848 1.526719
-1.449575 -1.692376
-1.462845 -2.934083
-0.6065601 1.518176
-1.875539 -0.6915388
0.186013 0.1778983
-0.8925143 -0.4786232
-0.4939107 0.4774366
-3.676335 -2.461882
-0.5969408 -1.497253
2.232755 -0.2561716
1.244115 2.379086
0.2598474 -0.8033714
-0.1701025 0.998607
0.08265187 2.736176
0.4056481 2.615457
0.2217134 2.227167
-1.841774 2.412592
-0.4192669 1.618479
0.01460524 0.1989172
-1.530879 1.018772
-1.676429 -1.629682
-0.575354 1.058693
-1.661468 -2.528192
1.478456 0.3365182
-2.094955 -0.774032
0.09104476 -0.5924243
-0.4511772 0.5771111
1.28419 0.6447521
1.542244 1.833042
0.1731251 0.5242594
-2.378913 0.61559
-1.770713 -1.170335
-3.346824 -2.73005
-1.800252 -1.69317
-0.06638861 -0.3793063
1.57183 -0.750665
0.01696835 0.3638105
1.843436 -2.290233
1.658236 2.356474
1.492633 -1.549785
0.6431069 0.4604487
-1.568849 0.751636
1.155726 2.097568
1.079839 0.6270713
1.682798 -2.685323
0.01010612 1.321932
3.335377 2.683337
-3.247813 -2.482605
2.235084 1.910046
3.121061 0.903097
3.442752 0.8710943
-3.711795 1.441796
1.517164 2.491662
0.4757328 2.028332
-1.3714 1.341026
1.917637 1.380107
-0.7496084 -0.5338179
0.0446073 2.513944
1.902665 -0.1818371
-2.049288 -1.06026
1.702594 0.5048734
-0.4049253 -2.543859
0.4697686 -1.474672
1.609672 1.73757
2.296035 1.597492
-0.1294091 3.10285
1.417823 1.963625
-0.6506646 -0.3841977
1.122372 1.237592
-1.362408 -0.4808234
1.325938 0.4877828
-3.815375 -0.4485804
-2.445165 1.259746
1.664227 -0.353006
-0.01553835 -0.7220157
0.5853782 -1.113394
-0.1607505 -1.578304
0.2047417 2.498854
-2.0165 -0.4244097
1.80211 -0.9903741
1.717079 -0.5810822
0.06185632 -0.5123957
-3.765934 1.488557
0.2427946 0.2058498
-1.915691 0.5729404
-2.70629 -1.869091
-2.021988 -1.474469
0.5670038 2.37357
-0.2378774 -0.8276685
-3.927704 -0.5312948
3.365357 2.757578
1.454182 -1.904572
2.347409 0.1873916
0.2815932 0.5688825
-2.943312 1.22947
2.669864 1.460815
-0.406591 1.684021
1.315803 -0.9346881
1.664102 -1.038916
-1.466493 1.19219
-0.1365042 -1.037984
1.25837 -1.803411
-0.06690013 -0.106002
3.528602 2.60232
0.2310141 0.2453771
3.359615 2.787309
-0.01111311 -0.05314619
1.472281 -0.3499788
0.4090658 1.270086
-1.730557 -1.914804
0.4524342 1.713931
2.15069 0.6619039
1.765788 0.8260715
-3.098667 0.9536297
4.057132 0.8462108
1.519464 -1.599651
-1.927607 -0.2466272
3.340986 -0.9448691
0.9291018 -0.1239423
0.7824191 -0.7652338
1.13348 3.028639
-0.2697473 -1.607665
0.656064 -0.535892
-1.938169 -1.787739
-0.9021334 -0.2527398
-2.199955 2.350386
-3.447169 -0.8721458
1.968627 0.1719315
-1.820837 -0.09540327
1.164007 1.74007
-3.758079 1.335376
-0.9579902 1.09484
1.241095 -1.78549
-1.661959 1.12091
-1.931431 -1.000562
-0.9817733 1.220344
-0.01838142 -0.9281334
4.31403 1.135346
-1.017481 -1.551142
0.3907298 -2.361877
-1.259518 -3.689837
2.102733e-05 -1.280824
0.0470356 -1.883925
-0.1693833 -1.535637
-1.867849 -1.66385
-1.871786 -3.33281
-1.715821 1.84211
1.615782 3.012941
-1.891426 0.002193179
-1.250963 -3.749257
0.6193346 1.478191
-2.792708 -0.826279
-1.070752 1.170167
1.835363 1.056098
-1.741371 -0.9688053
-2.439791 -1.108745
-1.13646 1.31563
3.365124 2.456479
-2.496481 2.517358
-0.7666306 3.334753
-1.130836 1.719331
-2.233066 -0.305472
0.7551495 -2.555833
-1.233908 -2.823368
-0.2928624 2.755873
2.285358 2.056915
-1.057396 -2.117201
-0.9954098 -0.1716542
2.120388 -0.9474365
-0.3405203 -1.281318
-0.8610072 -1.625947
-2.756056 -0.6848144
0.2830162 -2.229989
-1.442143 -3.538134
0.7557765 -1.466201
-0.8348287 1.411402
2.230037 1.285033
-1.029112 -0.894529
2.389775 -0.6905805
-1.583953 0.4689072
-1.296054 -1.726661
0.8164273 1.132804
0.8929148 0.2955992
1.827416 0.3899108
-2.150379 1.048591
0.1744203 -1.625901
0.3919499 2.190644
-0.488512 3.360733
0.785244 -0.8105712
-0.306286 1.195432
3.259546 -0.8105085
1.643519 -0.3360856
2.432297 1.176629
1.6127 1.893186
1.620606 0.2295659
-3.553354 -2.566453
2.131055 0.3203904
2.907907 1.356525
-2.51711 -0.7954869
-2.854841 1.05244
-2.252048 2.449726
0.2543255 0.6488184
1.80196 0.8966877
-0.2409956 0.01461999
-0.02668422 -0.08674408
0.1447681 -1.331635
-0.8409414 0.7780313
4.26049 0.7118631
3.818303 0.9106531
1.758158 0.6535728
-1.252019 0.3436652
1.790205 -2.271996
0.07727015 -2.137938
-2.089015 -1.213746
-1.787495 0.1191462
-0.03505453 -1.231108
-3.315592 -2.652918
-2.6617 0.6069952
0.0820987 0.9239789
1.063605 -5.037545
-0.06954031 -2.657296
-1.979147 2.722636
-0.02653337 3.058327
-0.09892562 3.107635
-2.186464 0.7963541
-2.428782 -2.724753
0.7214539 1.352598
1.996948 3.208145
-0.6687712 0.7821302
0.9765694 -4.591483
1.511052 2.713634
-0.1870695 0.6252494
0.7521721 1.155502
0.01433977 0.7546957
-1.769613 -2.503124
0.9827734 -0.8541738
1.449878 -0.8252409
-1.115038 1.180066
1.031981 4.705108
-2.645919 -1.326001
-2.795633 -0.6708336
0.8286569 -1.253541
-0.868828 -1.137515
1.17976 -4.556033
-0.3745228 2.932683
-0.3077986 -2.492167
1.669115 -2.73436
-2.973603 0.855374
-2.371168 0.8563631
-1.922395 -0.8340208
-2.769732 1.402221
-0.4733166 -0.49213
-1.466059 2.730151
0.3386733 0.7946004
0.5167332 1.129851
0.549051 -3.244402
-0.2762189 2.810918
1.4214 0.7843589
0.2414993 2.70826
3.079826 -0.9596446
0.7396728 -4.427808
-0.4667274 -1.01183
2.758234 1.091772
-0.3725663 0.6299044
2.050179 -3.062267
-0.5091355 -0.9186956
-1.656202 -1.002679
-2.174943 -0.7431358
-0.8171883 -2.473542
1.604607 -0.9315871
1.968711 -0.7023978
1.792335 -0.5326364
-0.2055255 -0.4728619
-0.8259998 -2.284786
-1.221132 4.296621
-1.701677 0.7640312
-0.3134894 2.897143
-1.120157 -2.517134
1.896019 0.9072793
-0.9801771 1.095746
2.637819 -1.044759
-3.01766 -1.136261
2.491932 0.8922969
-0.6173388 0.6365923
1.933749 2.910925
-0.07743961 1.132677
0.2231888 0.6544008
-0.8431095 2.73712
-0.05954198 0.9083238
-0.2246085 2.613618
-1.91233 -1.092217
2.138116 -0.8732324
2.276457 1.435042
0.2301022 0.4216114
-2.152737 -0.8003587
-1.710442 2.572314
0.585447 1.368809
-1.121991 1.049754
-2.038447 -1.031733
-0.9959773 1.000785
1.181187 0.8748643
-1.256212 -2.387882
0.4049025 -0.8130891
0.02529038 0.7274806
0.1487713 2.857991
1.342923 0.9288115
-0.4079967 1.08586
-0.0482361 -2.228401
-1.818011 -0.69428
-1.727386 2.625214
1.327413 -2.553045
0.7176896 -2.775888
-0.5832157 -0.7752296
1.596776 -0.2447733
1.192081 3.999315
-1.445001 1.870226
-2.582584 1.184275
-1.656444 1.133169
-0.5615795 -3.063416
0.04125638 -2.955852
-0.1905767 2.60748
1.376007 -1.163319
0.2164332 -2.834642
0.1975462 -0.7770184
0.2676327 -2.821997
0.9636922 -0.9676349
-0.1643907 1.135518
0.3484199 -0.8170255
0.3572538 0.9067647
1.256061 -0.655889
-2.985193 -0.5564448
1.85313 2.629576
1.768023 3.095153
1.296594 -0.4089758
2.57147 -0.7723932
-0.6310047 -1.259655
-0.786578 -0.6207367
-2.807812 -1.1211
0.2363583 -2.438956
1.305316 -4.509842
-0.8200569 -4.672666
0.211119 -2.954759
-0.3436892 2.447757
1.210786 -0.926234
-0.1358036 -0.6066486
0.9274787 -1.202339
-1.281857 1.957928
-0.0525912 1.129436
-1.429736 2.062075
-1.845157 -0.3373415
1.190444 -0.09257945
-0.2194305 0.2359574
-3.208883 -0.3388321
-3.04595 0.02164281
1.702982 -0.6249702
2.687261 -0.2023251
0.03503517 -0.6836663
0.4333866 1.163504
3.21558 -2.608878
-1.185575 1.711833
1.587308 1.412607
-1.12578 1.70596
-2.901996 2.356877
0.4868134 -1.256277
0.4692348 0.9089773
-0.647639 -3.54569
1.670758 -1.295017
-4.71608 0.9485647
-5.113132 1.074525
1.640249 0.9520723
-2.711582 0.7411197
0.2204588 1.045349
1.173052 -2.715449
-1.050667 -0.3170244
1.858021 2.080072
-3.937331 -1.051927
-3.070755 1.78253
-2.339581 0.1712465
-3.610026 -0.9477637
1.404705 0.1361251
-2.025239 -2.530682
-0.2956704 1.771049
2.818376 -0.6332347
-1.02644 2.527145
1.073626 -2.076791
2.122556 -0.4080549
0.8710474 -4.030184e-05
3.941301 1.009869
0.4362738 1.261541
-1.83815 0.8766883
4.457901 -0.6700737
0.393441 -0.3469483
1.894793 -0.2907355
-2.758598 0.5797527
-2.098837 0.7002369
-1.273858 -2.191724
-0.3952259 -0.8855222
2.860145 0.6020002
3.612555 0.6705387
3.061617 0.6105705
1.388903 0.3959827
-0.6290122 -0.2357586
-0.2472548 -1.47672
-2.927314 1.38028
1.346583 -2.293822
-0.3123772 -0.4051282
2.431092 -0.5623992
-0.9582008 -1.247988
3.956923 0.4109239
-4.797861 0.653058
4.822027 -1.053949
-0.9917033 -0.7442936
2.851723 -0.02121893
-0.9987786 2.040953
-0.3798536 1.845488
-1.625737 0.6239978
0.2515519 -0.3190373
1.327638 -2.281563
-2.110449 -1.727351
2.776131 -1.940454
1.774804 1.936858
-1.318919 -0.4847234
-2.374067 0.2789429
-2.553398 -2.063565
2.030425 -0.6217613
-0.05186516 -0.4415459
-2.150159 0.5174165
-0.9746964 -0.4585098
1.657078 -2.894501
-0.3973573 -0.3136144
0.03767033 0.4934512
0.5871874 -0.5586525
0.1336993 0.2001677
1.228821 -1.15579
-1.519321 -0.9248483
-0.03203003 2.227376
-2.114415 0.6641231
-1.84719 0.03818321
2.188894 1.660021
-1.03842 2.325387
-1.604393 0.6739733
3.609966 0.5796483
2.241109 -0.9446507
-1.736035 0.5236669
-3.732921 -0.734773
-3.285009 -0.3052691
-0.742995 -0.0334373
-1.530757 2.62173
-0.2060853 -0.07823464
0.649874 3.045147
-1.461562 2.257877
1.128091 -1.618008
-1.336488 1.831054
0.642319 1.111752
-0.5407551 -1.012371
1.922969 0.9324458
0.05447478 1.774722
0.3061519 0.5482797
-4.689734 0.9935981
3.165934 -1.974558
2.90185 -2.290976
3.375901 0.7256408
3.636612 0.9435558
-2.542686 0.8271579
-2.968314 0.5377954
-4.837158 1.086315
0.07950348 2.08826
0.07430313 1.109504
-1.126169 1.438224
-0.1296974 -0.004826713
1.35099 -2.250457
3.480786 0.523509
1.305522 -1.814283
2.07698 0.868943
3.162068 -0.9327408
2.071008 0.7410177
-0.2609949 0.9981587
-0.4431731 -0.01623591
-3.116164 0.4553266
1.539186 0.09723934
-2.574048 -1.509596
1.349152 -0.05865734
4.001191 0.5905837
-1.473464 -0.03574008
2.067644 0.6961262
1.970502 1.049632
2.162117 -0.6880148
3.109213 -0.7853076
0.02991231 1.47609
3.548007 -0.5925492
-2.157267 0.6895736
1.672067 -1.331473
-1.098394 -0.8236893
-2.023693 -1.052948
-0.09333536 -1.063978
-0.1940226 -0.4595441
-0.3082289 -0.9697314
0.1468486 -0.7359956
1.480097 -0.4859837
1.557266 0.9344071
-0.02659757 -0.8391433
3.588861 -0.2090688
4.07411 0.9684324
-2.143984 0.5929754
1.639642 -0.9512509
-3.77535 1.423831
-2.44117 0.2666716
0.0496271 1.533356
-3.409098 -0.9963944
-1.995845 -0.6142182
-1.827085 0.3743939
-0.1486896 0.9466689
-0.2015232 -0.9158902
3.433929 -1.746961
-3.460416 0.3749621
2.041107 -0.6270543
2.175404 0.747466
-3.602731 -0.1757659
0.4186376 0.1455097
1.757129 -1.197574
-0.02518766 -0.1130932
1.641356 -0.5567309
-3.905249 1.507647
-0.4483704 0.3983352
-2.192556 1.886382
1.851455 1.669015
1.995991 1.744858
1.912424 1.420178
0.3500367 1.467231
-2.322482 1.827622
-1.600539 -1.127092
1.526258 -0.7044822
-0.0495363 -0.6518459
-1.990777 1.60722
3.91998 -1.628751
-5.650593 0.6020217
2.734494 -0.754784
-0.6566381 -0.179498
0.346233 0.8076053
-5.532209 0.5044271
-1.679671 -0.004179021
3.819496 -0.837409
-1.673856 -0.7712135
-0.2199062 -1.830123
1.5723 -1.658318
-0.327338 -0.5356315
-0.3404027 0.8666112
-1.34137 0.3086299
0.4702376 -0.8781625
-0.01785858 -1.764706
-3.787171 1.661772
-3.587786 -0.4970151
3.793844 0.2577188
1.816715 0.1422829
-4.230762 1.633323
-5.766596 0.185968
-0.1432697 -0.5533224
-1.945137 1.826558
-1.694705 1.644877
1.563308 -1.905405
1.976199 0.2673404
-3.200949 0.5799402
0.05288168 0.5333341
1.948769 0.8573967
-3.994585 1.829007
0.06984064 0.02895799
3.602875 0.7046386
-0.3359725 0.7278593
-3.646137 -0.4631597
2.313704 1.633227
0.1180413 -0.8175492
-0.304519 -1.992864
-2.498182 0.64283
-2.098575 -1.576319
3.671009 -0.3063549
0.03054298 0.6507005
1.936654 0.3870005
1.931165 0.8039411
0.1821325 0.8006012
-2.854761 0.2774666
0.2918667 1.126505
5.2987 -0.5858065
-5.327035 0.4725147
0.4358649 -0.2730674
-1.771796 -0.8580024
-1.638159 -0.3686261
-0.4098177 -0.5622787
2.001967 -1.090627
2.275612 -0.6994275
1.766599 1.622597
2.563603 -0.4675873
1.58409 -0.6004015
1.566925 -0.4754177
-0.5028785 -0.5398039
1.379955 1.075639
2.290335 1.136552
-0.04195086 0.8342188
-1.32475 -0.58
-0.01403886 -0.5067157
2.191633 1.718789
-3.59874 0.7697529
0.2815669 -0.3314734
0.919467 -1.602014
-0.4570598 -0.7035055
-1.067772 -1.430242
1.220374 -1.615506
-1.099636 -1.374467
3.230033 -1.250481
-3.096732 1.487549
-0.8348619 1.220737
4.218974 0.3847287
1.032066 -1.707479
2.673769 -0.2011451
0.03766427 -0.4584208
3.335112 1.73534
1.135884 -1.361847
1.533937 -3.180202
1.00429 -1.557932
-2.694781 -2.134161
-0.3255524 3.124307
-2.154169 0.1968251
0.4460442 3.109678
1.916792 0.5091713
-2.827662 0.04383178
-2.560387 0.1265987
-1.469445 -0.1254374
-0.6397199 -0.2388292
0.1773546 -0.3315306
1.174969 1.917632
1.114131 1.406974
1.313735 -1.835843
-0.6444612 0.09135198
-0.8849972 -1.319774
-1.670793 -1.956589
-0.6360726 -0.4842394
0.9614943 -1.814417
-1.368935 2.111814
-2.575647 -1.253344
0.5820459 0.2690942
-1.363614 -1.715794
1.669235 1.869776
1.524782 1.887036
-0.668715 -1.596131
0.3217418 -0.1643677
0.1454169 -0.8796837
-4.239861 0.1263989
2.725661 0.01907224
-0.519377 1.883297
-0.8760791 1.616718
-0.4950663 0.05940558
-1.913294 -1.321563
0.8438799 1.72791
0.1770557 -0.2125144
2.983228 -1.961493
3.206091 -1.826936
3.573838 -1.582286
1.617837 -1.677038
-0.01295443 -0.9319301
0.2462968 0.4424723
-1.039155 -1.42485
1.785451 1.84818
0.1522608 -0.174531
1.2833 1.297932
-2.354712 0.2127901
0.8993658 -0.2186581
-2.593101 -0.1967485
2.355718 0.06019238
-2.059517 0.1290581
1.234594 -1.639856
0.9507337 -1.270119
-2.884557 -1.542103
-2.412521 0.8017256
-0.8460122 2.275704
1.632995 1.864011
0.7379405 1.376208
0.9228033 1.29077
-1.04399 -1.567155
-1.572565 1.647605
-1.571297 -1.675148
-1.473057 1.70764
4.303063 0.3618874
2.214079 -0.0940662
-1.528513 -1.644211
-2.06823 0.4500307
2.365357 2.763
0.0418839 -0.3006652
0.2130314 -1.846575
-0.4847837 1.736749
2.644877 -1.279357
-0.2952956 0.06259964
1.41748 0.04208088
-0.5388805 -1.827844
-1.353813 -2.011396
0.5322018 -1.410061
1.29041 -1.375809
-1.25647 -1.880757
-4.299466 -0.1747992
3.207633 -1.761106
2.113371 0.7685671
-1.769128 0.5773031
-0.387918 0.09303395
-3.527811 1.633763
0.8690668 1.173807
-1.40353 -1.594521
3.329665 -1.359162
-0.06122909 -3.525094
-1.4599 -1.427516
-0.4384873 1.332577
-2.104776 -1.963191
2.676476 0.1390391
-2.225135 -0.04738115
-1.380182 -0.2512235
-3.216951 -1.160036
-2.61914 -0.1071826
-2.637619 -0.1633826
3.254635 2.186553
3.465813 1.703277
3.398211 -1.753067
0.1329811 0.1782198
-0.5530152 -0.6172584
-0.3869499 0.2236924
-2.315501 0.2466615
-0.6260499 -1.991947
-0.3683406 -0.1933051
-1.449807 -0.2856659
-2.490097 1.372072
1.630122 1.609928
3.538249 -1.716118
-1.084315 1.608509
-1.455709 0.04099338
-0.2740783 -1.761775
1.873314 2.033599
1.836283 -0.2420983
-3.874877 -2.500367
0.3334202 -2.269103
-1.72655 -2.192587
-0.2037895 1.594847
-2.035187 2.378544
-1.641469 -0.3838488
2.012646 -2.749202
-3.527894 -0.7431095
1.548151 2.031068
0.3684674 -0.01206391
-0.13722 -1.460631
0.01127798 -3.25684
-0.3162141 -1.264659
-0.5259605 0.4340634
1.669833 2.971682
3.680983 0.5461042
-1.861155 1.989578
0.6188263 -1.928363
-2.119474 0.621806
-2.640302 0.9328944
1.876015 0.7420292
-0.4633541 0.5012212
1.902209 2.177286
-0.9185004 0.1810054
-0.08755593 2.676676
2.415646 -0.2387929
-3.878195 -0.6602225
-1.834957 -1.676803
-2.244647 -0.5352588
-4.151017 -0.646031
-1.492655 -1.057744
-1.986648 0.06767907
1.960109 -1.238897
0.4615736 -0.7400907
1.582871 0.04317109
-1.087085 -0.02257225
2.100995 1.026601
0.2417096 -2.618557
4.051839 0.7761299
1.788439 2.113048
1.671897 0.7255365
2.222397 -0.5250094
-0.03942113 0.7630529
3.72726 2.542382
-0.2980902 0.7933021
-2.414245 -1.206878
-3.622563 1.459947
-1.791668 0.6492119
0.8438582 -0.9021676
0.7123665 -0.990456
0.4152416 -1.077095
-1.880833 -0.9979581
-1.402784 1.150421
-1.690289 -1.914274
-2.217792 -1.219246
-1.59567 -0.02626271
-1.931935 0.6781135
1.839471 0.7804604
0.2904454 -0.6865488
3.94744 0.6620455
-2.533127 0.6231529
1.979204 -0.8434656
-0.0519831 -1.062611
2.224941 -2.203152
-0.2985304 -1.532329
2.204272 -1.305025
-0.6971895 -0.2985802
0.3576755 0.9201381
-1.521909 -0.02822723
-3.649953 1.150363
2.250633 1.30372
3.659605 -1.225396
1.86092 0.9710494
-2.024911 -0.9990412
-2.008469 -0.07014567
-1.527178 -0.4551287
-3.461217 -0.8468322
-2.304327 -1.078214
-0.03156353 -0.5570099
-0.2094564 2.065306
-1.885443 0.8890892
0.004369447 -0.9429306
0.4472952 0.9764728
-1.928806 -2.222245
1.89247 -0.4572992
-2.371688 -0.2974953
-0.05486503 -0.2350232
-1.809721 -1.214736
-3.734248 -2.350261
2.280287 0.1354466
2.043077 -0.01943508
1.53782 0.3869907
0.5472719 -1.167464
0.5465813 -1.94042
-0.2996961 -1.260584
-3.933102 -0.5848283
-0.3851489 1.167681
0.404065 2.149791
1.863904 -0.08791866
-1.545281 -2.522353
1.945705 -1.909369
1.721638 -0.3019295
0.442462 1.647716
1.423131 0.2345522
0.2707039 0.5045781
-0.03295549 -0.3721429
2.206281 1.040632
1.949393 -1.325105
3.375526 0.5339656
-2.484653 0.8014262
0.132352 -0.1201339
0.4239088 -0.08389413
0.7135392 -0.7872401
4.412197 0.7983488
-0.132191 0.4979762
-0.1765819 0.5354751
-2.412263 0.4424022
-0.1791216 0.2982004
2.199772 2.094665
-0.1301875 1.830707
1.521575 2.240625
-1.480862 -0.454312
0.584375 -1.146535
0.3127767 1.851176
2.039228 0.6788224
0.582208 0.4956392
1.999983 -0.1762068
4.004962 -0.05026313
-3.838299 -0.2734144
0.08853724 -0.08559762
-1.573167 0.2426479
2.189277 -0.1765015
-1.93114 0.1651668
-3.907541 -0.3357466
1.951165 -0.09079643
-5.967677 -0.2463847
1.891102 -0.1468045
-2.073867 0.173607
-0.07722796 -0.1156554
-0.05448864 -0.4260982
0.05953937 -0.1199405
2.236955 0.06681854
1.838651 0.2947694
6.015775 -0.1116651
-2.06784 0.07614352
-0.09609323 -0.237224
0.03098943 -0.1942982
-0.4758671 0.3922969
-0.2693633 0.0382305
2.039946 0.1043333
2.251262 -0.131102
-4.120657 0.1509934
-0.5133958 -0.03894252
0.1313415 0.04994549
-1.983701 0.1179589
-2.381371 -0.2703755
-0.08533752 0.04266732
-2.343912 0.2004966
-3.962015 -0.128896
0.2125697 -0.01780413
2.097961 0.2421615
-2.19002 0.275311
3.959115 -0.07848262
-3.78278 0.02211519
0.06090584 -0.02479116
0.07382409 -0.2178055
1.814523 -0.06206097
1.999731 -0.329131
3.914009 -0.09930226
0.3685911 -0.1848554
-2.471637 0.06731568
4.141796 0.08934983
1.729493 -0.002730672
-0.4632306 0.1201903
-3.699564 -0.07967136
-1.703 0.1489496
-1.651911 -0.075167
-1.945743 -0.1170205
-1.496151 -0.1665033
-3.881791 0.006478306
-1.591058 -0.04045904
-1.799256 -0.1142814
-2.228615 -0.2075492
-3.806337 -0.1173724
-1.839126 0.01177682
-0.09396086 0.2614858
1.78283 0.09887367
2.011403 0.1803324
0.2745399 -0.2659883
-0.07310858 0.05962478
1.933561 0.2569707
1.862374 0.1230432
-0.1076378 -0.09576266
2.480079 -0.1252711
0.2798785 0.1592625
-1.922392 0.3203103
-3.897555 -0.05582835
-3.925222 0.000310255
2.180492 -0.02326547
3.755296 -0.1543271
3.939472 0.1122163
0.2358017 -0.1408957
-0.1508691 0.00571409
-3.584276 -0.1169413
-5.876159 -0.2157253
-0.3270954 0.05982221
2.124399 -0.3155982
0.04200257 -0.2797358
-1.927218 -0.08985638
2.114871 0.003420222
-2.242698 -0.2715212
-1.99288 0.03559742
4.00942 0.01677112
-0.2001085 -0.1832205
-2.254469 -0.2728957
0.2837569 -0.163804
-3.900806 -0.06128103
0.1410216 0.03579411
3.809929 -0.1836467
3.4077 -0.07872269
-2.237902 0.3462103
0.1623518 -0.2384406
-0.1021339 0.04892547
-2.201895 -0.2684514
2.171547 0.1817031
0.02102545 0.2250038
4.272664 0.1406918
-2.266361 0.2646951
2.150073 0.1238654
3.772868 0.2131382
-0.4985593 0.3248487
3.907996 0.2977228
-2.463562 -0.4074255
2.208073 0.1654926
-0.00447143 0.01723387
1.877937 0.3845634
6.1317 -0.456949
-0.1405386 0.1313046
-1.58361 -0.03798442
-1.733794 0.08314998
-2.115198 0.04767864
2.232162 -0.173986
2.162498 0.05883745
1.743566 -0.3484594
0.29384 0.3166423
-2.000602 -0.07953845
1.835278 -0.1119366
-0.1993359 -0.09247933
1.923668 -0.05121473
-4.066149 -0.06820008
-1.915064 0.1216372
0.1850126 -0.2437049
0.221206 -0.1301149
0.2907319 0.5964787
-0.07697016 0.2041835
1.782069 1.430866
-0.1268488 1.685568
-0.05341689 1.80416
2.459666 1.625936
-0.50295 -2.684002
-1.255283 -1.637865
0.5569171 0.2905065
1.731361 1.473654
-1.353288 0.8850538
-0.2324393 0.1483034
0.6595754 -1.576021
0.7777371 0.9404122
1.899495 3.957707
0.7515423 1.242466
-0.6448334 1.415652
0.6653664 -3.452476
1.616714 -0.8094227
0.1296463 -2.421808
2.092583 -0.3339368
0.3038686 -0.6387919
-0.1867609 -0.6527781
-4.034555 -0.5708124
2.448992 -1.035989
0.0174498 0.144387
-1.473711 -1.318194
0.572297 -1.748981
-1.05188 1.608892
1.786938 0.5353887
-1.411702 0.4987223
1.231191 2.330019
1.772344 0.3276151
-1.876611 2.852176
1.731863 -1.858959
-2.103683 0.5538396
-2.109943 0.5370084
1.940848 1.526719
-1.449575 -1.692376
-1.462845 -2.934083
-0.6065601 1.518176
-1.875539 -0.6915388
0.186013 0.1778983
-0.8925143 -0.4786232
-0.4939107 0.4774366
-3.676335 -2.461882
-0.5969408 -1.497253
2.232755 -0.2561716
1.244115 2.379086
0.2598474 -0.8033714
-0.1701025 0.998607
0.08265187 2.736176
0.4056481 2.615457
0.2217134 2.227167
-1.841774 2.412592
-0.4192669 1.618479
0.01460524 0.1989172
-1.530879 1.018772
-1.676429 -1.629682
-0.575354 1.058693
-1.661468 -2.528192
1.478456 0.3365182
-2.094955 -0.774032
0.09104476 -0.5924243
-0.4511772 0.5771111
1.28419 0.6447521
1.542244 1.833042
0.1731251 0.5242594
-2.378913 0.61559
-1.770713 -1.170335
-3.346824 -2.73005
-1.800252 -1.69317
-0.06638861 -0.3793063
1.57183 -0.750665
0.01696835 0.3638105
1.843436 -2.290233
1.658236 2.356474
1.492633 -1.549785
0.6431069 0.4604487
-1.568849 0.751636
1.155726 2.097568
1.079839 0.6270713
1.682798 -2.685323
0.01010612 1.321932
3.335377 2.683337
-3.247813 -2.482605
2.235084 1.910046
3.121061 0.903097
3.442752 0.8710943
-3.711795 1.441796
1.517164 2.491662
0.4757328 2.028332
-1.3714 1.341026
1.917637 1.380107
-0.7496084 -0.5338179
0.0446073 2.513944
1.902665 -0.1818371
-2.049288 -1.06026
1.702594 0.5048734
-0.4049253 -2.543859
0.4697686 -1.474672
1.609672 1.73757
2.296035 1.597492
-0.1294091 3.10285
1.417823 1.963625
-0.6506646 -0.3841977
1.122372 1.237592
-1.362408 -0.4808234
1.325938 0.4877828
-3.815375 -0.4485804
-2.445165 1.259746
1.664227 -0.353006
-0.01553835 -0.7220157
0.5853782 -1.113394
-0.1607505 -1.578304
0.2047417 2.498854
-2.0165 -0.4244097
1.80211 -0.9903741
1.717079 -0.5810822
0.06185632 -0.5123957
-3.765934 1.488557
0.2427946 0.2058498
-1.915691 0.5729404
-2.70629 -1.869091
-2.021988 -1.474469
0.5670038 2.37357
-0.2378774 -0.8276685
-3.927704 -0.5312948
3.365357 2.757578
1.454182 -1.904572
2.347409 0.1873916
0.2815932 0.5688825
-2.943312 1.22947
2.669864 1.460815
-0.406591 1.684021
1.315803 -0.9346881
1.664102 -1.038916
-1.466493 1.19219
-0.1365042 -1.037984
1.25837 -1.803411
-0.06690013 -0.106002
3.528602 2.60232
0.2310141 0.2453771
3.359615 2.787309
-0.01111311 -0.05314619
1.472281 -0.3499788
0.4090658 1.270086
-1.730557 -1.914804
0.4524342 1.713931
2.15069 0.6619039
1.765788 0.8260715
-3.098667 0.9536297
4.057132 0.8462108
1.519464 -1.599651
-1.927607 -0.2466272
3.340986 -0.9448691
0.9291018 -0.1239423
0.7824191 -0.7652338
1.13348 3.028639
-0.2697473 -1.607665
0.656064 -0.535892
-1.938169 -1.787739
-0.9021334 -0.2527398
-2.199955 2.350386
-3.447169 -0.8721458
1.968627 0.1719315
-1.820837 -0.09540327
1.164007 1.74007
-3.758079 1.335376
-0.9579902 1.09484
1.241095 -1.78549
-1.661959 1.12091
-1.931431 -1.000562
-0.9817733 1.220344
-0.01838142 -0.9281334
4.31403 1.135346
-1.017481 -1.551142
0.3907298 -2.361877
-1.259518 -3.689837
2.102733e-05 -1.280824
0.0470356 -1.883925
-0.1693833 -1.535637
-1.867849 -1.66385
-1.871786 -3.33281
-1.715821 1.84211
1.615782 3.012941
-1.891426 0.002193179
-1.250963 -3.749257
0.6193346 1.478191
-2.792708 -0.826279
-1.070752 1.170167
1.835363 1.056098
-1.741371 -0.9688053
-2.439791 -1.108745
-1.13646 1.31563
3.365124 2.456479
-2.496481 2.517358
-0.7666306 3.334753
-1.130836 1.719331
-2.233066 -0.305472
0.7551495 -2.555833
-1.233908 -2.823368
-0.2928624 2.755873
2.285358 2.056915
-1.057396 -2.117201
-0.9954098 -0.1716542
2.120388 -0.9474365
-0.3405203 -1.281318
-0.8610072 -1.625947
-2.756056 -0.6848144
0.2830162 -2.229989
-1.442143 -3.538134
0.7557765 -1.466201
-0.8348287 1.411402
2.230037 1.285033
-1.029112 -0.894529
2.389775 -0.6905805
-1.583953 0.4689072
-1.296054 -1.726661
0.8164273 1.132804
0.8929148 0.2955992
1.827416 0.3899108
-2.150379 1.048591
0.1744203 -1.625901
0.3919499 2.190644
-0.488512 3.360733
0.785244 -0.8105712
-0.306286 1.195432
3.259546 -0.8105085
1.643519 -0.3360856
2.432297 1.176629
1.6127 1.893186
1.620606 0.2295659
-3.553354 -2.566453
2.131055 0.3203904
2.907907 1.356525
-2.51711 -0.7954869
-2.854841 1.05244
-2.252048 2.449726
0.2543255 0.6488184
1.80196 0.8966877
-0.2409956 0.01461999
-0.02668422 -0.08674408
0.1447681 -1.331635
-0.8409414 0.7780313
4.26049 0.7118631
3.818303 0.9106531
1.758158 0.6535728
-1.252019 0.3436652
1.790205 -2.271996
0.07727015 -2.137938
-2.089015 -1.213746
-1.787495 0.1191462
-0.03505453 -1.231108
-3.315592 -2.652918
-2.6617 0.6069952
0.0820987 0.9239789
1.063605 -5.037545
-0.06954031 -2.657296
-1.979147 2.722636
-0.02653337 3.058327
-0.09892562 3.107635
-2.186464 0.7963541
-2.428782 -2.724753
0.7214539 1.352598
1.996948 3.208145
-0.6687712 0.7821302
0.9765694 -4.591483
1.511052 2.713634
-0.1870695 0.6252494
0.7521721 1.155502
0.01433977 0.7546957
-1.769613 -2.503124
0.9827734 -0.8541738
1.449878 -0.8252409
-1.115038 1.180066
1.031981 4.705108
-2.645919 -1.326001
-2.795633 -0.6708336
0.8286569 -1.253541
-0.868828 -1.137515
1.17976 -4.556033
-0.3745228 2.932683
-0.3077986 -2.492167
1.669115 -2.73436
-2.973603 0.855374
-2.371168 0.8563631
-1.922395 -0.8340208
-2.769732 1.402221
-0.4733166 -0.49213
-1.466059 2.730151
0.3386733 0.7946004
0.5167332 1.129851
0.549051 -3.244402
-0.2762189 2.810918
1.4214 0.7843589
0.2414993 2.70826
3.079826 -0.9596446
0.7396728 -4.427808
-0.4667274 -1.01183
2.758234 1.091772
-0.3725663 0.6299044
2.050179 -3.062267
-0.5091355 -0.9186956
-1.656202 -1.002679
-2.174943 -0.7431358
-0.8171883 -2.473542
1.604607 -0.9315871
1.968711 -0.7023978
1.792335 -0.5326364
-0.2055255 -0.4728619
-0.8259998 -2.284786
-1.221132 4.296621
-1.701677 0.7640312
-0.3134894 2.897143
-1.120157 -2.517134
1.896019 0.9072793
-0.9801771 1.095746
2.637819 -1.044759
-3.01766 -1.136261
2.491932 0.8922969
-0.6173388 0.6365923
1.933749 2.910925
-0.07743961 1.132677
0.2231888 0.6544008
-0.8431095 2.73712
-0.05954198 0.9083238
-0.2246085 2.613618
-1.91233 -1.092217
2.138116 -0.8732324
2.276457 1.435042
0.2301022 0.4216114
-2.152737 -0.8003587
-1.710442 2.572314
0.585447 1.368809
-1.121991 1.049754
-2.038447 -1.031733
-0.9959773 1.000785
1.181187 0.8748643
-1.256212 -2.387882
0.4049025 -0.8130891
0.02529038 0.7274806
0.1487713 2.857991
1.342923 0.9288115
-0.4079967 1.08586
-0.0482361 -2.228401
-1.818011 -0.69428
-1.727386 2.625214
1.327413 -2.553045
0.7176896 -2.775888
-0.5832157 -0.7752296
1.596776 -0.2447733
1.192081 3.999315
-1.445001 1.870226
-2.582584 1.184275
-1.656444 1.133169
-0.5615795 -3.063416
0.04125638 -2.955852
-0.1905767 2.60748
1.376007 -1.163319
0.2164332 -2.834642
0.1975462 -0.7770184
0.2676327 -2.821997
0.9636922 -0.9676349
-0.1643907 1.135518
0.3484199 -0.8170255
0.3572538 0.9067647
1.256061 -0.655889
-2.985193 -0.5564448
1.85313 2.629576
1.768023 3.095153
1.296594 -0.4089758
2.57147 -0.7723932
-0.6310047 -1.259655
-0.786578 -0.6207367
-2.807812 -1.1211
0.2363583 -2.438956
1.305316 -4.509842
-0.8200569 -4.672666
0.211119 -2.954759
-0.3436892 2.447757
1.210786 -0.926234
-0.1358036 -0.6066486
0.9274787 -1.202339
-1.281857 1.957928
-0.0525912 1.129436
-1.429736 2.062075
-1.845157 -0.3373415
1.190444 -0.09257945
-0.2194305 0.2359574
-3.208883 -0.3388321
-3.04595 0.02164281
1.702982 -0.6249702
2.687261 -0.2023251
0.03503517 -0.6836663
0.4333866 1.163504
3.21558 -2.608878
-1.185575 1.711833
1.587308 1.412607
-1.12578 1.70596
-2.901996 2.356877
0.4868134 -1.256277
0.4692348 0.9089773
-0.647639 -3.54569
1.670758 -1.295017
-4.71608 0.9485647
-5.113132 1.074525
1.640249 0.9520723
-2.711582 0.7411197
0.2204588 1.045349
1.173052 -2.715449
-1.050667 -0.3170244
1.858021 2.080072
-3.937331 -1.051927
-3.070755 1.78253
-2.339581 0.1712465
-3.610026 -0.9477637
1.404705 0.1361251
-2.025239 -2.530682
-0.2956704 1.771049
2.818376 -0.6332347
-1.02644 2.527145
1.073626 -2.076791
2.122556 -0.4080549
0.8710474 -4.030184e-05
3.941301 1.009869
0.4362738 1.261541
-1.83815 0.8766883
4.457901 -0.6700737
0.393441 -0.3469483
1.894793 -0.2907355
-2.758598 0.5797527
-2.098837 0.7002369
-1.273858 -2.191724
-0.3952259 -0.8855222
2.860145 0.6020002
3.612555 0.6705387
3.061617 0.6105705
1.388903 0.3959827
-0.6290122 -0.2357586
-0.2472548 -1.47672
-2.927314 1.38028
1.346583 -2.293822
-0.3123772 -0.4051282
2.431092 -0.5623992
-0.9582008 -1.247988
3.956923 0.4109239
-4.797861 0.653058
4.822027 -1.053949
-0.9917033 -0.7442936
2.851723 -0.02121893
-0.9987786 2.040953
-0.3798536 1.845488
-1.625737 0.6239978
0.2515519 -0.3190373
1.327638 -2.281563
-2.110449 -1.727351
2.776131 -1.940454
1.774804 1.936858
-1.318919 -0.4847234
-2.374067 0.2789429
-2.553398 -2.063565
2.030425 -0.6217613
-0.05186516 -0.4415459
-2.150159 0.5174165
-0.9746964 -0.4585098
1.657078 -2.894501
-0.3973573 -0.3136144
0.03767033 0.4934512
0.5871874 -0.5586525
0.1336993 0.2001677
1.228821 -1.15579
-1.519321 -0.9248483
-0.03203003 2.227376
-2.114415 0.6641231
-1.84719 0.03818321
2.188894 1.660021
-1.03842 2.325387
-1.604393 0.6739733
3.609966 0.5796483
2.241109 -0.9446507
-1.736035 0.5236669
-3.732921 -0.734773
-3.285009 -0.3052691
-0.742995 -0.0334373
-1.530757 2.62173
-0.2060853 -0.07823464
0.649874 3.045147
-1.461562 2.257877
1.128091 -1.618008
-1.336488 1.831054
0.642319 1.111752
-0.5407551 -1.012371
1.922969 0.9324458
0.05447478 1.774722
0.3061519 0.5482797
-4.689734 0.9935981
3.165934 -1.974558
2.90185 -2.290976
3.375901 0.7256408
3.636612 0.9435558
-2.542686 0.8271579
-2.968314 0.5377954
-4.837158 1.086315
0.07950348 2.08826
0.07430313 1.109504
-1.126169 1.438224
-0.1296974 -0.004826713
1.35099 -2.250457
3.480786 0.523509
1.305522 -1.814283
2.07698 0.868943
3.162068 -0.9327408
2.071008 0.7410177
-0.2609949 0.9981587
-0.4431731 -0.01623591
-3.116164 0.4553266
1.539186 0.09723934
-2.574048 -1.509596
1.349152 -0.05865734
4.001191 0.5905837
-1.473464 -0.03574008
2.067644 0.6961262
1.970502 1.049632
2.162117 -0.6880148
3.109213 -0.7853076
0.02991231 1.47609
3.548007 -0.5925492
-2.157267 0.6895736
1.672067 -1.331473
-1.098394 -0.8236893
-2.023693 -1.052948
-0.09333536 -1.063978
-0.1940226 -0.4595441
-0.3082289 -0.9697314
0.1468486 -0.7359956
1.480097 -0.4859837
1.557266 0.9344071
-0.02659757 -0.8391433
3.588861 -0.2090688
4.07411 0.9684324
-2.143984 0.5929754
1.639642 -0.9512509
-3.77535 1.423831
-2.44117 0.2666716
0.0496271 1.533356
-3.409098 -0.9963944
-1.995845 -0.6142182
-1.827085 0.3743939
-0.1486896 0.9466689
-0.2015232 -0.9158902
3.433929 -1.746961
-3.460416 0.3749621
2.041107 -0.6270543
2.175404 0.747466
-3.602731 -0.1757659
0.4186376 0.1455097
1.757129 -1.197574
-0.02518766 -0.1130932
1.641356 -0.5567309
-3.905249 1.507647
-0.4483704 0.3983352
-2.192556 1.886382
1.851455 1.669015
1.995991 1.744858
1.912424 1.420178
0.3500367 1.467231
-2.322482 1.827622
-1.600539 -1.127092
1.526258 -0.7044822
-0.0495363 -0.6518459
-1.990777 1.60722
3.91998 -1.628751
-5.650593 0.6020217
2.734494 -0.754784
-0.6566381 -0.179498
0.346233 0.8076053
-5.532209 0.5044271
-1.679671 -0.004179021
3.819496 -0.837409
-1.673856 -0.7712135
-0.2199062 -1.830123
1.5723 -1.658318
-0.327338 -0.5356315
-0.3404027 0.8666112
-1.34137 0.3086299
0.4702376 -0.8781625
-0.01785858 -1.764706
-3.787171 1.661772
-3.587786 -0.4970151
3.793844 0.2577188
1.816715 0.1422829
-4.230762 1.633323
-5.766596 0.185968
-0.1432697 -0.5533224
-1.945137 1.826558
-1.694705 1.644877
1.563308 -1.905405
1.976199 0.2673404
-3.200949 0.5799402
0.05288168 0.5333341
1.948769 0.8573967
-3.994585 1.829007
0.06984064 0.02895799
3.602875 0.7046386
-0.3359725 0.7278593
-3.646137 -0.4631597
2.313704 1.633227
0.1180413 -0.8175492
-0.304519 -1.992864
-2.498182 0.64283
-2.098575 -1.576319
3.671009 -0.3063549
0.03054298 0.6507005
1.936654 0.3870005
1.931165 0.8039411
0.1821325 0.8006012
-2.854761 0.2774666
0.2918667 1.126505
5.2987 -0.5858065
-5.327035 0.4725147
0.4358649 -0.2730674
-1.771796 -0.8580024
-1.638159 -0.3686261
-0.4098177 -0.5622787
2.001967 -1.090627
2.275612 -0.6994275
1.766599 1.622597
2.563603 -0.4675873
1.58409 -0.6004015
1.566925 -0.4754177
-0.5028785 -0.5398039
1.379955 1.075639
2.290335 1.136552
-0.04195086 0.8342188
-1.32475 -0.58
-0.01403886 -0.5067157
2.191633 1.718789
-3.59874 0.7697529
0.2815669 -0.3314734
0.919467 -1.602014
-0.4570598 -0.7035055
-1.067772 -1.430242
1.220374 -1.615506
-1.099636 -1.374467
3.230033 -1.250481
-3.096732 1.487549
-0.8348619 1.220737
4.218974 0.3847287
1.032066 -1.707479
2.673769 -0.2011451
0.03766427 -0.4584208
3.335112 1.73534
1.135884 -1.361847
1.533937 -3.180202
1.00429 -1.557932
-2.694781 -2.134161
-0.3255524 3.124307
-2.154169 0.1968251
0.4460442 3.109678
1.916792 0.5091713
-2.827662 0.04383178
-2.560387 0.1265987
-1.469445 -0.1254374
-0.6397199 -0.2388292
0.1773546 -0.3315306
1.174969 1.917632
1.114131 1.406974
1.313735 -1.835843
-0.6444612 0.09135198
-0.8849972 -1.319774
-1.670793 -1.956589
-0.6360726 -0.4842394
0.9614943 -1.814417
-1.368935 2.111814
-2.575647 -1.253344
0.5820459 0.2690942
-1.363614 -1.715794
1.669235 1.869776
1.524782 1.887036
-0.668715 -1.596131
0.3217418 -0.1643677
0.1454169 -0.8796837
-4.239861 0.1263989
2.725661 0.01907224
-0.519377 1.883297
-0.8760791 1.616718
-0.4950663 0.05940558
-1.913294 -1.321563
0.8438799 1.72791
0.1770557 -0.2125144
2.983228 -1.961493
3.206091 -1.826936
3.573838 -1.582286
1.617837 -1.677038
-0.01295443 -0.9319301
0.2462968 0.4424723
-1.039155 -1.42485
1.785451 1.84818
0.1522608 -0.174531
1.2833 1.297932
-2.354712 0.2127901
0.8993658 -0.2186581
-2.593101 -0.1967485
2.355718 0.06019238
-2.059517 0.1290581
1.234594 -1.639856
0.9507337 -1.270119
-2.884557 -1.542103
-2.412521 0.8017256
-0.8460122 2.275704
1.632995 1.864011
0.7379405 1.376208
0.9228033 1.29077
-1.04399 -1.567155
-1.572565 1.647605
-1.571297 -1.675148
-1.473057 1.70764
4.303063 0.3618874
2.214079 -0.0940662
-1.528513 -1.644211
-2.06823 0.4500307
2.365357 2.763
0.0418839 -0.3006652
0.2130314 -1.846575
-0.4847837 1.736749
2.644877 -1.279357
-0.2952956 0.06259964
1.41748 0.04208088
-0.5388805 -1.827844
-1.353813 -2.011396
0.5322018 -1.410061
1.29041 -1.375809
-1.25647 -1.880757
-4.299466 -0.1747992
3.207633 -1.761106
2.113371 0.7685671
-1.769128 0.5773031
-0.387918 0.09303395
-3.527811 1.633763
0.8690668 1.173807
-1.40353 -1.594521
3.329665 -1.359162
-0.06122909 -3.525094
-1.4599 -1.427516
-0.4384873 1.332577
-2.104776 -1.963191
2.676476 0.1390391
-2.225135 -0.04738115
-1.380182 -0.2512235
-3.216951 -1.160036
-2.61914 -0.1071826
-2.637619 -0.1633826
3.254635 2.186553
3.465813 1.703277
3.398211 -1.753067
0.1329811 0.1782198
-0.5530152 -0.6172584
-0.3869499 0.2236924
-2.315501 0.2466615
-0.6260499 -1.991947
-0.3683406 -0.1933051
-1.449807 -0.2856659
-2.490097 1.372072
1.630122 1.609928
3.538249 -1.716118
-1.084315 1.608509
-1.455709 0.04099338
-0.2740783 -1.761775
1.873314 2.033599
1.836283 -0.2420983
-3.874877 -2.500367
0.3334202 -2.269103
-1.72655 -2.192587
-0.2037895 1.594847
-2.035187 2.378544
-1.641469 -0.3838488
2.012646 -2.749202
-3.527894 -0.7431095
1.548151 2.031068
0.3684674 -0.01206391
-0.13722 -1.460631
0.01127798 -3.25684
-0.3162141 -1.264659
-0.5259605 0.4340634
1.669833 2.971682
3.680983 0.5461042
-1.861155 1.989578
0.6188263 -1.928363
-2.119474 0.621806
-2.640302 0.9328944
1.876015 0.7420292
-0.4633541 0.5012212
1.902209 2.177286
-0.9185004 0.1810054
-0.08755593 2.676676
2.415646 -0.2387929
-3.878195 -0.6602225
-1.834957 -1.676803
-2.244647 -0.5352588
-4.151017 -0.646031
-1.492655 -1.057744
-1.986648 0.06767907
1.960109 -1.238897
0.4615736 -0.7400907
1.582871 0.04317109
-1.087085 -0.02257225
2.100995 1.026601
0.2417096 -2.618557
4.051839 0.7761299
1.788439 2.113048
1.671897 0.7255365
2.222397 -0.5250094
-0.03942113 0.7630529
3.72726 2.542382
-0.2980902 0.7933021
-2.414245 -1.206878
-3.622563 1.459947
-1.791668 0.6492119
0.8438582 -0.9021676
0.7123665 -0.990456
0.4152416 -1.077095
-1.880833 -0.9979581
-1.402784 1.150421
-1.690289 -1.914274
-2.217792 -1.219246
-1.59567 -0.02626271
-1.931935 0.6781135
1.839471 0.7804604
0.2904454 -0.6865488
3.94744 0.6620455
-2.533127 0.6231529
1.979204 -0.8434656
-0.0519831 -1.062611
2.224941 -2.203152
-0.2985304 -1.532329
2.204272 -1.305025
-0.6971895 -0.2985802
0.3576755 0.9201381
-1.521909 -0.02822723
-3.649953 1.150363
2.250633 1.30372
3.659605 -1.225396
1.86092 0.9710494
-2.024911 -0.9990412
-2.008469 -0.07014567
-1.527178 -0.4551287
-3.461217 -0.8468322
-2.304327 -1.078214
-0.03156353 -0.5570099
-0.2094564 2.065306
-1.885443 0.8890892
0.004369447 -0.9429306
0.4472952 0.9764728
-1.928806 -2.222245
1.89247 -0.4572992
-2.371688 -0.2974953
-0.05486503 -0.2350232
-1.809721 -1.214736
-3.734248 -2.350261
2.280287 0.1354466
2.043077 -0.01943508
1.53782 0.3869907
0.5472719 -1.167464
0.5465813 -1.94042
-0.2996961 -1.260584
-3.933102 -0.5848283
-0.3851489 1.167681
0.404065 2.149791
1.863904 -0.08791866
-1.545281 -2.522353
1.945705 -1.909369
1.721638 -0.3019295
0.442462 1.647716
1.423131 0.2345522
0.2707039 0.5045781
-0.03295549 -0.3721429
2.206281 1.040632
1.949393 -1.325105
3.375526 0.5339656
-2.484653 0.8014262
0.132352 -0.1201339
0.4239088 -0.08389413
0.7135392 -0.7872401
4.412197 0.7983488
-0.132191 0.4979762
-0.1765819 0.5354751
-2.412263 0.4424022
-0.1791216 0.2982004
2.199772 2.094665
-0.1301875 1.830707
1.521575 2.240625
-1.480862 -0.454312
0.584375 -1.146535
0.3127767 1.851176
2.039228 0.6788224
0.582208 0.4956392
1.999983 -0.1762068
4.004962 -0.05026313
-3.838299 -0.2734144
0.08853724 -0.08559762
-1.573167 0.2426479
2.189277 -0.1765015
-1.93114 0.1651668
-3.907541 -0.3357466
1.951165 -0.09079643
-5.967677 -0.2463847
1.891102 -0.1468045
-2.073867 0.173607
-0.07722796 -0.1156554
-0.05448864 -0.4260982
0.05953937 -0.1199405
2.236955 0.06681854
1.838651 0.2947694
6.015775 -0.1116651
-2.06784 0.07614352
-0.09609323 -0.237224
0.03098943 -0.1942982
-0.4758671 0.3922969
-0.2693633 0.0382305
2.039946 0.1043333
2.251262 -0.131102
-4.120657 0.1509934
-0.5133958 -0.03894252
0.1313415 0.04994549
-1.983701 0.1179589
-2.381371 -0.2703755
-0.08533752 0.04266732
-2.343912 0.2004966
-3.962015 -0.128896
0.2125697 -0.01780413
2.097961 0.2421615
-2.19002 0.275311
3.959115 -0.07848262
-3.78278 0.02211519
0.06090584 -0.02479116
0.07382409 -0.2178055
1.814523 -0.06206097
1.999731 -0.329131
3.914009 -0.09930226
0.3685911 -0.1848554
-2.471637 0.06731568
4.141796 0.08934983
1.729493 -0.002730672
-0.4632306 0.1201903
-3.699564 -0.07967136
-1.703 0.1489496
-1.651911 -0.075167
-1.945743 -0.1170205
-1.496151 -0.1665033
-3.881791 0.006478306
-1.591058 -0.04045904
-1.799256 -0.1142814
-2.228615 -0.2075492
-3.806337 -0.1173724
-1.839126 0.01177682
-0.09396086 0.2614858
1.78283 0.09887367
2.011403 0.1803324
0.2745399 -0.2659883
-0.07310858 0.05962478
1.933561 0.2569707
1.862374 0.1230432
-0.1076378 -0.09576266
2.480079 -0.1252711
0.2798785 0.1592625
-1.922392 0.3203103
-3.897555 -0.05582835
-3.925222 0.000310255
2.180492 -0.02326547
3.755296 -0.1543271
3.939472 0.1122163
0.2358017 -0.1408957
-0.1508691 0.00571409
-3.584276 -0.1169413
-5.876159 -0.2157253
-0.3270954 0.05982221
2.124399 -0.3155982
0.04200257 -0.2797358
-1.927218 -0.08985638
2.114871 0.003420222
-2.242698 -0.2715212
-1.99288 0.03559742
4.00942 0.01677112
-0.2001085 -0.1832205
-2.254469 -0.2728957
0.2837569 -0.163804
-3.900806 -0.06128103
0.1410216 0.03579411
3.809929 -0.1836467
3.4077 -0.07872269
-2.237902 0.3462103
0.1623518 -0.2384406
-0.1021339 0.04892547
-2.201895 -0.2684514
2.171547 0.1817031
0.02102545 0.2250038
4.272664 0.1406918
-2.266361 0.2646951
2.150073 0.1238654
3.772868 0.2131382
-0.4985593 0.3248487
3.907996 0.2977228
-2.463562 -0.4074255
2.208073 0.1654926
-0.00447143 0.01723387
1.877937 0.3845634
6.1317 -0.456949
-0.1405386 0.1313046
-1.58361 -0.03798442
-1.733794 0.08314998
-2.115198 0.04767864
2.232162 -0.173986
2.162498 0.05883745
1.743566 -0.3484594
0.29384 0.3166423
-2.000602 -0.07953845
1.835278 -0.1119366
-0.1993359 -0.09247933
1.923668 -0.05121473
-4.066149 -0.06820008
-1.915064 0.1216372
0.1850126 -0.2437049
0.221206 -0.1301149
0.2907319 0.5964787
-0.07697016 0.2041835
1.782069 1.430866
-0.1268488 1.685568
-0.05341689 1.80416
2.459666 1.625936
-0.50295 -2.684002
-1.255283 -1.637865
0.5569171 0.2905065
1.731361 1.473654
-1.353288 0.8850538
-0.2324393 0.1483034
0.6595754 -1.576021
0.7777371 0.9404122
1.899495 3.957707
0.7515423 1.242466
-0.6448334 1.415652
0.6653664 -3.452476
1.616714 -0.8094227
0.1296463 -2.421808
2.092583 -0.3339368
0.3038686 -0.6387919
-0.1867609 -0.6527781
-4.034555 -0.5708124
2.448992 -1.035989
0.0174498 0.144387
-1.473711 -1.318194
0.572297 -1.748981
-1.05188 1.608892
1.786938 0.5353887
-1.411702 0.4987223
1.231191 2.330019
1.772344 0.3276151
-1.876611 2.852176
1.731863 -1.858959
-2.103683 0.5538396
-2.109943 0.5370084
1.940848 1.526719
-1.449575 -1.692376
-1.462845 -2.934083
-0.6065601 1.518176
-1.875539 -0.6915388
0.186013 0.1778983
-0.8925143 -0.4786232
-0.4939107 0.4774366
-3.676335 -2.461882
-0.5969408 -1.497253
2.232755 -0.2561716
1.244115 2.379086
0.2598474 -0.8033714
-0.1701025 0.998607
0.08265187 2.736176
0.4056481 2.615457
0.2217134 2.227167
-1.841774 2.412592
-0.4192669 1.618479
0.01460524 0.1989172
-1.530879 1.018772
-1.676429 -1.629682
-0.575354 1.058693
-1.661468 -2.528192
1.478456 0.3365182
-2.094955 -0.774032
0.09104476 -0.5924243
-0.4511772 0.5771111
1.28419 0.6447521
1.542244 1.833042
0.1731251 0.5242594
-2.378913 0.61559
-1.770713 -1.170335
-3.346824 -2.73005
-1.800252 -1.69317
-0.06638861 -0.3793063
1.57183 -0.750665
0.01696835 0.3638105
1.843436 -2.290233
1.658236 2.356474
1.492633 -1.549785
0.6431069 0.4604487
-1.568849 0.751636
1.155726 2.097568
1.079839 0.6270713
1.682798 -2.685323
0.01010612 1.321932
3.335377 2.683337
-3.247813 -2.482605
2.235084 1.910046
3.121061 0.903097
3.442752 0.8710943
-3.711795 1.441796
1.517164 2.491662
0.4757328 2.028332
-1.3714 1.341026
1.917637 1.380107
-0.7496084 -0.5338179
0.0446073 2.513944
1.902665 -0.1818371
-2.049288 -1.06026
1.702594 0.5048734
-0.4049253 -2.543859
0.4697686 -1.474672
1.609672 1.73757
2.296035 1.597492
-0.1294091 3.10285
1.417823 1.963625
-0.6506646 -0.3841977
1.122372 1.237592
-1.362408 -0.4808234
1.325938 0.4877828
-3.815375 -0.4485804
-2.445165 1.259746
1.664227 -0.353006
-0.01553835 -0.7220157
0.5853782 -1.113394
-0.1607505 -1.578304
0.2047417 2.498854
-2.0165 -0.4244097
1.80211 -0.9903741
1.717079 -0.5810822
0.06185632 -0.5123957
-3.765934 1.488557
0.2427946 0.2058498
-1.915691 0.5729404
-2.70629 -1.869091
-2.021988 -1.474469
0.5670038 2.37357
-0.2378774 -0.8276685
-3.927704 -0.5312948
3.365357 2.757578
1.454182 -1.904572
2.347409 0.1873916
0.2815932 0.5688825
-2.943312 1.22947
2.669864 1.460815
-0.406591 1.684021
1.315803 -0.9346881
1.664102 -1.038916
-1.466493 1.19219
-0.1365042 -1.037984
1.25837 -1.803411
-0.06690013 -0.106002
3.528602 2.60232
0.2310141 0.2453771
3.359615 2.787309
-0.01111311 -0.05314619
1.472281 -0.3499788
0.4090658 1.270086
-1.730557 -1.914804
0.4524342 1.713931
2.15069 0.6619039
1.765788 0.8260715
-3.098667 0.9536297
4.057132 0.8462108
1.519464 -1.599651
-1.927607 -0.2466272
3.340986 -0.9448691
0.9291018 -0.1239423
0.7824191 -0.7652338
1.13348 3.028639
-0.2697473 -1.607665
0.656064 -0.535892
-1.938169 -1.787739
-0.9021334 -0.2527398
-2.199955 2.350386
-3.447169 -0.8721458
1.968627 0.1719315
-1.820837 -0.09540327
1.164007 1.74007
-3.758079 1.335376
-0.9579902 1.09484
1.241095 -1.78549
-1.661959 1.12091
-1.931431 -1.000562
-0.9817733 1.220344
-0.01838142 -0.9281334
4.31403 1.135346
-1.017481 -1.551142
0.3907298 -2.361877
-1.259518 -3.689837
2.102733e-05 -1.280824
0.0470356 -1.883925
-0.1693833 -1.535637
-1.867849 -1.66385
-1.871786 -3.33281
-1.715821 1.84211
1.615782 3.012941
-1.891426 0.002193179
-1.250963 -3.749257
0.6193346 1.478191
-2.792708 -0.826279
-1.070752 1.170167
1.835363 1.056098
-1.741371 -0.9688053
-2.439791 -1.108745
-1.13646 1.31563
3.365124 2.456479
-2.496481 2.517358
-0.7666306 3.334753
-1.130836 1.719331
-2.233066 -0.305472
0.7551495 -2.555833
-1.233908 -2.823368
-0.2928624 2.755873
2.285358 2.056915
-1.057396 -2.117201
-0.9954098 -0.1716542
2.120388 -0.9474365
-0.3405203 -1.281318
-0.8610072 -1.625947
-2.756056 -0.6848144
0.2830162 -2.229989
-1.442143 -3.538134
0.7557765 -1.466201
-0.8348287 1.411402
2.230037 1.285033
-1.029112 -0.894529
2.389775 -0.6905805
-1.583953 0.4689072
-1.296054 -1.726661
0.8164273 1.132804
0.8929148 0.2955992
1.827416 0.3899108
-2.150379 1.048591
0.1744203 -1.625901
0.3919499 2.190644
-0.488512 3.360733
0.785244 -0.8105712
-0.306286 1.195432
3.259546 -0.8105085
1.643519 -0.3360856
2.432297 1.176629
1.6127 1.893186
1.620606 0.2295659
-3.553354 -2.566453
2.131055 0.3203904
2.907907 1.356525
-2.51711 -0.7954869
-2.854841 1.05244
-2.252048 2.449726
0.2543255 0.6488184
1.80196 0.8966877
-0.2409956 0.01461999
-0.02668422 -0.08674408
0.1447681 -1.331635
-0.8409414 0.7780313
4.26049 0.7118631
3.818303 0.9106531
1.758158 0.6535728
-1.252019 0.3436652
1.790205 -2.271996
0.07727015 -2.137938
-2.089015 -1.213746
-1.787495 0.1191462
-0.03505453 -1.231108
-3.315592 -2.652918
-2.6617 0.6069952
0.0820987 0.9239789
1.063605 -5.037545
-0.06954031 -2.657296
-1.979147 2.722636
-0.02653337 3.058327
-0.09892562 3.107635
-2.186464 0.7963541
-2.428782 -2.724753
0.7214539 1.352598
1.996948 3.208145
-0.6687712 0.7821302
0.9765694 -4.591483
1.511052 2.713634
-0.1870695 0.6252494
0.7521721 1.155502
0.01433977 0.7546957
-1.769613 -2.503124
0.9827734 -0.8541738
1.449878 -0.8252409
-1.115038 1.180066
1.031981 4.705108
-2.645919 -1.326001
-2.795633 -0.6708336
0.8286569 -1.253541
-0.868828 -1.137515
1.17976 -4.556033
-0.3745228 2.932683
-0.3077986 -2.492167
1.669115 -2.73436
-2.973603 0.855374
-2.371168 0.8563631
-1.922395 -0.8340208
-2.769732 1.402221
-0.4733166 -0.49213
-1.466059 2.730151
0.3386733 0.7946004
0.5167332 1.129851
0.549051 -3.244402
-0.2762189 2.810918
1.4214 0.7843589
0.2414993 2.70826
3.079826 -0.9596446
0.7396728 -4.427808
-0.4667274 -1.01183
2.758234 1.091772
-0.3725663 0.6299044
2.050179 -3.062267
-0.5091355 -0.9186956
-1.656202 -1.002679
-2.174943 -0.7431358
-0.8171883 -2.473542
1.604607 -0.9315871
1.968711 -0.7023978
1.792335 -0.5326364
-0.2055255 -0.4728619
-0.8259998 -2.284786
-1.221132 4.296621
-1.701677 0.7640312
-0.3134894 2.897143
-1.120157 -2.517134
1.896019 0.9072793
-0.9801771 1.095746
2.637819 -1.044759
-3.01766 -1.136261
2.491932 0.8922969
-0.6173388 0.6365923
1.933749 2.910925
-0.07743961 1.132677
0.2231888 0.6544008
-0.8431095 2.73712
-0.05954198 0.9083238
-0.2246085 2.613618
-1.91233 -1.092217
2.138116 -0.8732324
2.276457 1.435042
0.2301022 0.4216114
-2.152737 -0.8003587
-1.710442 2.572314
0.585447 1.368809
-1.121991 1.049754
-2.038447 -1.031733
-0.9959773 1.000785
1.181187 0.8748643
-1.256212 -2.387882
0.4049025 -0.8130891
0.02529038 0.7274806
0.1487713 2.857991
1.342923 0.9288115
-0.4079967 1.08586
-0.0482361 -2.228401
-1.818011 -0.69428
-1.727386 2.625214
1.327413 -2.553045
0.7176896 -2.775888
-0.5832157 -0.7752296
1.596776 -0.2447733
1.192081 3.999315
-1.445001 1.870226
-2.582584 1.184275
-1.656444 1.133169
-0.5615795 -3.063416
0.04125638 -2.955852
-0.1905767 2.60748
1.376007 -1.163319
0.2164332 -2.834642
0.1975462 -0.7770184
0.2676327 -2.821997
0.9636922 -0.9676349
-0.1643907 1.135518
0.3484199 -0.8170255
0.3572538 0.9067647
1.256061 -0.655889
-2.985193 -0.5564448
1.85313 2.629576
1.768023 3.095153
1.296594 -0.4089758
2.57147 -0.7723932
-0.6310047 -1.259655
-0.786578 -0.6207367
-2.807812 -1.1211
0.2363583 -2.438956
1.305316 -4.509842
-0.8200569 -4.672666
0.211119 -2.954759
-0.3436892 2.447757
1.210786 -0.926234
-0.1358036 -0.6066486
0.9274787 -1.202339
-1.281857 1.957928
-0.0525912 1.129436
-1.429736 2.062075
-1.845157 -0.3373415
1.190444 -0.09257945
-0.2194305 0.2359574
-3.208883 -0.3388321
-3.04595 0.02164281
1.702982 -0.6249702
2.687261 -0.2023251
0.03503517 -0.6836663
0.4333866 1.163504
3.21558 -2.608878
-1.185575 1.711833
1.587308 1.412607
-1.12578 1.70596
-2.901996 2.356877
0.4868134 -1.256277
0.4692348 0.9089773
-0.647639 -3.54569
1.670758 -1.295017
-4.71608 0.9485647
-5.113132 1.074525
1.640249 0.9520723
-2.711582 0.7411197
0.2204588 1.045349
1.173052 -2.715449
-1.050667 -0.3170244
1.858021 2.080072
-3.937331 -1.051927
-3.070755 1.78253
-2.339581 0.1712465
-3.610026 -0.9477637
1.404705 0.1361251
-2.025239 -2.530682
-0.2956704 1.771049
2.818376 -0.6332347
-1.02644 2.527145
1.073626 -2.076791
2.122556 -0.4080549
0.8710474 -4.030184e-05
3.941301 1.009869
0.4362738 1.261541
-1.83815 0.8766883
4.457901 -0.6700737
0.393441 -0.3469483
1.894793 -0.2907355
-2.758598 0.5797527
-2.098837 0.7002369
-1.273858 -2.191724
-0.3952259 -0.8855222
2.860145 0.6020002
3.612555 0.6705387
3.061617 0.6105705
1.388903 0.3959827
-0.6290122 -0.2357586
-0.2472548 -1.47672
-2.927314 1.38028
1.346583 -2.293822
-0.3123772 -0.4051282
2.431092 -0.5623992
-0.9582008 -1.247988
3.956923 0.4109239
-4.797861 0.653058
4.822027 -1.053949
-0.9917033 -0.7442936
2.851723 -0.02121893
-0.9987786 2.040953
-0.3798536 1.845488
-1.625737 0.6239978
0.2515519 -0.3190373
1.327638 -2.281563
-2.110449 -1.727351
2.776131 -1.940454
1.774804 1.936858
-1.318919 -0.4847234
-2.374067 0.2789429
-2.553398 -2.063565
2.030425 -0.6217613
-0.05186516 -0.4415459
-2.150159 0.5174165
-0.9746964 -0.4585098
1.657078 -2.894501
-0.3973573 -0.3136144
0.03767033 0.4934512
0.5871874 -0.5586525
0.1336993 0.2001677
1.228821 -1.15579
-1.519321 -0.9248483
-0.03203003 2.227376
-2.114415 0.6641231
-1.84719 0.03818321
2.188894 1.660021
-1.03842 2.325387
-1.604393 0.6739733
3.609966 0.5796483
2.241109 -0.9446507
-1.736035 0.5236669
-3.732921 -0.734773
-3.285009 -0.3052691
-0.742995 -0.0334373
-1.530757 2.62173
-0.2060853 -0.07823464
0.649874 3.045147
-1.461562 2.257877
1.128091 -1.618008
-1.336488 1.831054
0.642319 1.111752
-0.5407551 -1.012371
1.922969 0.9324458
0.05447478 1.774722
0.3061519 0.5482797
-4.689734 0.9935981
3.165934 -1.974558
2.90185 -2.290976
3.375901 0.7256408
3.636612 0.9435558
-2.542686 0.8271579
-2.968314 0.5377954
-4.837158 1.086315
0.07950348 2.08826
0.07430313 1.109504
-1.126169 1.438224
-0.1296974 -0.004826713
1.35099 -2.250457
3.480786 0.523509
1.305522 -1.814283
2.07698 0.868943
3.162068 -0.9327408
2.071008 0.7410177
-0.2609949 0.9981587
-0.4431731 -0.01623591
-3.116164 0.4553266
1.539186 0.09723934
-2.574048 -1.509596
1.349152 -0.05865734
4.001191 0.5905837
-1.473464 -0.03574008
2.067644 0.6961262
1.970502 1.049632
2.162117 -0.6880148
3.109213 -0.7853076
0.02991231 1.47609
3.548007 -0.5925492
-2.157267 0.6895736
1.672067 -1.331473
-1.098394 -0.8236893
-2.023693 -1.052948
-0.09333536 -1.063978
-0.1940226 -0.4595441
-0.3082289 -0.9697314
0.1468486 -0.7359956
1.480097 -0.4859837
1.557266 0.9344071
-0.02659757 -0.8391433
3.588861 -0.2090688
4.07411 0.9684324
-2.143984 0.5929754
1.639642 -0.9512509
-3.77535 1.423831
-2.44117 0.2666716
0.0496271 1.533356
-3.409098 -0.9963944
-1.995845 -0.6142182
-1.827085 0.3743939
-0.1486896 0.9466689
-0.2015232 -0.9158902
3.433929 -1.746961
-3.460416 0.3749621
2.041107 -0.6270543
2.175404 0.747466
-3.602731 -0.1757659
0.4186376 0.1455097
1.757129 -1.197574
-0.02518766 -0.1130932
1.641356 -0.5567309
-3.905249 1.507647
-0.4483704 0.3983352
-2.192556 1.886382
1.851455 1.669015
1.995991 1.744858
1.912424 1.420178
0.3500367 1.467231
-2.322482 1.827622
-1.600539 -1.127092
1.526258 -0.7044822
-0.0495363 -0.6518459
-1.990777 1.60722
3.91998 -1.628751
-5.650593 0.6020217
2.734494 -0.754784
-0.6566381 -0.179498
0.346233 0.8076053
-5.532209 0.5044271
-1.679671 -0.004179021
3.819496 -0.837409
-1.673856 -0.7712135
-0.2199062 -1.830123
1.5723 -1.658318
-0.327338 -0.5356315
-0.3404027 0.8666112
-1.34137 0.3086299
0.4702376 -0.8781625
-0.01785858 -1.764706
-3.787171 1.661772
-3.587786 -0.4970151
3.793844 0.2577188
1.816715 0.1422829
-4.230762 1.633323
-5.766596 0.185968
-0.1432697 -0.5533224
-1.945137 1.826558
-1.694705 1.644877
1.563308 -1.905405
1.976199 0.2673404
-3.200949 0.5799402
0.05288168 0.5333341
1.948769 0.8573967
-3.994585 1.829007
0.06984064 0.02895799
3.602875 0.7046386
-0.3359725 0.7278593
-3.646137 -0.4631597
2.313704 1.633227
0.1180413 -0.8175492
-0.304519 -1.992864
-2.498182 0.64283
-2.098575 -1.576319
3.671009 -0.3063549
0.03054298 0.6507005
1.936654 0.3870005
1.931165 0.8039411
0.1821325 0.8006012
-2.854761 0.2774666
0.2918667 1.126505
5.2987 -0.5858065
-5.327035 0.4725147
0.4358649 -0.2730674
-1.771796 -0.8580024
-1.638159 -0.3686261
-0.4098177 -0.5622787
2.001967 -1.090627
2.275612 -0.6994275
1.766599 1.622597
2.563603 -0.4675873
1.58409 -0.6004015
1.566925 -0.4754177
-0.5028785 -0.5398039
1.379955 1.075639
2.290335 1.136552
-0.04195086 0.8342188
-1.32475 -0.58
-0.01403886 -0.5067157
2.191633 1.718789
-3.59874 0.7697529
0.2815669 -0.3314734
0.919467 -1.602014
-0.4570598 -0.7035055
-1.067772 -1.430242
1.220374 -1.615506
-1.099636 -1.374467
3.230033 -1.250481
-3.096732 1.487549
-0.8348619 1.220737
4.218974 0.3847287
1.032066 -1.707479
2.673769 -0.2011451
0.03766427 -0.4584208
3.335112 1.73534
1.135884 -1.361847
1.533937 -3.180202
1.00429 -1.557932
-2.694781 -2.134161
-0.3255524 3.124307
-2.154169 0.1968251
0.4460442 3.109678
1.916792 0.5091713
-2.827662 0.04383178
-2.560387 0.1265987
-1.469445 -0.1254374
-0.6397199 -0.2388292
0.1773546 -0.3315306
1.174969 1.917632
1.114131 1.406974
1.313735 -1.835843
-0.6444612 0.09135198
-0.8849972 -1.319774
-1.670793 -1.956589
-0.6360726 -0.4842394
0.9614943 -1.814417
-1.368935 2.111814
-2.575647 -1.253344
0.5820459 0.2690942
-1.363614 -1.715794
1.669235 1.869776
1.524782 1.887036
-0.668715 -1.596131
0.3217418 -0.1643677
0.1454169 -0.8796837
-4.239861 0.1263989
2.725661 0.01907224
-0.519377 1.883297
-0.8760791 1.616718
-0.4950663 0.05940558
-1.913294 -1.321563
0.8438799 1.72791
0.1770557 -0.2125144
2.983228 -1.961493
3.206091 -1.826936
3.573838 -1.582286
1.617837 -1.677038
-0.01295443 -0.9319301
0.2462968 0.4424723
-1.039155 -1.42485
1.785451 1.84818
0.1522608 -0.174531
1.2833 1.297932
-2.354712 0.2127901
0.8993658 -0.2186581
-2.593101 -0.1967485
2.355718 0.06019238
-2.059517 0.1290581
1.234594 -1.639856
0.9507337 -1.270119
-2.884557 -1.542103
-2.412521 0.8017256
-0.8460122 2.275704
1.632995 1.864011
0.7379405 1.376208
0.9228033 1.29077
-1.04399 -1.567155
-1.572565 1.647605
-1.571297 -1.675148
-1.473057 1.70764
4.303063 0.3618874
2.214079 -0.0940662
-1.528513 -1.644211
-2.06823 0.4500307
2.365357 2.763
0.0418839 -0.3006652
0.2130314 -1.846575
-0.4847837 1.736749
2.644877 -1.279357
-0.2952956 0.06259964
1.41748 0.04208088
-0.5388805 -1.827844
-1.353813 -2.011396
0.5322018 -1.410061
1.29041 -1.375809
-1.25647 -1.880757
-4.299466 -0.1747992
3.207633 -1.761106
2.113371 0.7685671
-1.769128 0.5773031
-0.387918 0.09303395
-3.527811 1.633763
0.8690668 1.173807
-1.40353 -1.594521
3.329665 -1.359162
-0.06122909 -3.525094
-1.4599 -1.427516
-0.4384873 1.332577
-2.104776 -1.963191
2.676476 0.1390391
-2.225135 -0.04738115
-1.380182 -0.2512235
-3.216951 -1.160036
-2.61914 -0.1071826
-2.637619 -0.1633826
3.254635 2.186553
3.465813 1.703277
3.398211 -1.753067
0.1329811 0.1782198
-0.5530152 -0.6172584
-0.3869499 0.2236924
-2.315501 0.2466615
-0.6260499 -1.991947
-0.3683406 -0.1933051
-1.449807 -0.2856659
-2.490097 1.372072
1.630122 1.609928
3.538249 -1.716118
-1.084315 1.608509
-1.455709 0.04099338
-0.2740783 -1.761775
1.873314 2.033599
1.836283 -0.2420983
-3.874877 -2.500367
0.3334202 -2.269103
-1.72655 -2.192587
-0.2037895 1.594847
-2.035187 2.378544
-1.641469 -0.3838488
2.012646 -2.749202
-3.527894 -0.7431095
1.548151 2.031068
0.3684674 -0.01206391
-0.13722 -1.460631
0.01127798 -3.25684
-0.3162141 -1.264659
-0.5259605 0.4340634
1.669833 2.971682
3.680983 0.5461042
-1.861155 1.989578
0.6188263 -1.928363
-2.119474 0.621806
-2.640302 0.9328944
1.876015 0.7420292
-0.4633541 0.5012212
1.902209 2.177286
-0.9185004 0.1810054
-0.08755593 2.676676
2.415646 -0.2387929
-3.878195 -0.6602225
-1.834957 -1.676803
-2.244647 -0.5352588
-4.151017 -0.646031
-1.492655 -1.057744
-1.986648 0.06767907
1.960109 -1.238897
0.4615736 -0.7400907
1.582871 0.04317109
-1.087085 -0.02257225
2.100995 1.026601
0.2417096 -2.618557
4.051839 0.7761299
1.788439 2.113048
1.671897 0.7255365
2.222397 -0.5250094
-0.03942113 0.7630529
3.72726 2.542382
-0.2980902 0.7933021
-2.414245 -1.206878
-3.622563 1.459947
-1.791668 0.6492119
0.8438582 -0.9021676
0.7123665 -0.990456
0.4152416 -1.077095
-1.880833 -0.9979581
-1.402784 1.150421
-1.690289 -1.914274
-2.217792 -1.219246
-1.59567 -0.02626271
-1.931935 0.6781135
1.839471 0.7804604
0.2904454 -0.6865488
3.94744 0.6620455
-2.533127 0.6231529
1.979204 -0.8434656
-0.0519831 -1.062611
2.224941 -2.203152
-0.2985304 -1.532329
2.204272 -1.305025
-0.6971895 -0.2985802
0.3576755 0.9201381
-1.521909 -0.02822723
-3.649953 1.150363
2.250633 1.30372
3.659605 -1.225396
1.86092 0.9710494
-2.024911 -0.9990412
-2.008469 -0.07014567
-1.527178 -0.4551287
-3.461217 -0.8468322
-2.304327 -1.078214
-0.03156353 -0.5570099
-0.2094564 2.065306
-1.885443 0.8890892
0.004369447 -0.9429306
0.4472952 0.9764728
-1.928806 -2.222245
1.89247 -0.4572992
-2.371688 -0.2974953
-0.05486503 -0.2350232
-1.809721 -1.214736
-3.734248 -2.350261
2.280287 0.1354466
2.043077 -0.01943508
1.53782 0.3869907
0.5472719 -1.167464
0.5465813 -1.94042
-0.2996961 -1.260584
-3.933102 -0.5848283
-0.3851489 1.167681
0.404065 2.149791
1.863904 -0.08791866
-1.545281 -2.522353
1.945705 -1.909369
1.721638 -0.3019295
0.442462 1.647716
1.423131 0.2345522
0.2707039 0.5045781
-0.03295549 -0.3721429
2.206281 1.040632
1.949393 -1.325105
3.375526 0.5339656
-2.484653 0.8014262
0.132352 -0.1201339
0.4239088 -0.08389413
0.7135392 -0.7872401
4.412197 0.7983488
-0.132191 0.4979762
-0.1765819 0.5354751
-2.412263 0.4424022
-0.1791216 0.2982004
2.199772 2.094665
-0.1301875 1.830707
1.521575 2.240625
-1.480862 -0.454312
0.584375 -1.146535
0.3127767 1.851176
2.039228 0.6788224
0.582208 0.4956392
1.999983 -0.1762068
4.004962 -0.05026313
-3.838299 -0.2734144
0.08853724 -0.08559762
-1.573167 0.2426479
2.189277 -0.1765015
-1.93114 0.1651668
-3.907541 -0.3357466
1.951165 -0.09079643
-5.967677 -0.2463847
1.891102 -0.1468045
-2.073867 0.173607
-0.07722796 -0.1156554
-0.05448864 -0.4260982
0.05953937 -0.1199405
2.236955 0.06681854
1.838651 0.2947694
6.015775 -0.1116651
-2.06784 0.07614352
-0.09609323 -0.237224
0.03098943 -0.1942982
-0.4758671 0.3922969
-0.2693633 0.0382305
2.039946 0.1043333
2.251262 -0.131102
-4.120657 0.1509934
-0.5133958 -0.03894252
0.1313415 0.04994549
-1.983701 0.1179589
-2.381371 -0.2703755
-0.08533752 0.04266732
-2.343912 0.2004966
-3.962015 -0.128896
0.2125697 -0.01780413
2.097961 0.2421615
-2.19002 0.275311
3.959115 -0.07848262
-3.78278 0.02211519
0.06090584 -0.02479116
0.07382409 -0.2178055
1.814523 -0.06206097
1.999731 -0.329131
3.914009 -0.09930226
0.3685911 -0.1848554
-2.471637 0.06731568
4.141796 0.08934983
1.729493 -0.002730672
-0.4632306 0.1201903
-3.699564 -0.07967136
-1.703 0.1489496
-1.651911 -0.075167
-1.945743 -0.1170205
-1.496151 -0.1665033
-3.881791 0.006478306
-1.591058 -0.04045904
-1.799256 -0.1142814
-2.228615 -0.2075492
-3.806337 -0.1173724
-1.839126 0.01177682
-0.09396086 0.2614858
1.78283 0.09887367
2.011403 0.1803324
0.2745399 -0.2659883
-0.07310858 0.05962478
1.933561 0.2569707
1.862374 0.1230432
-0.1076378 -0.09576266
2.480079 -0.1252711
0.2798785 0.1592625
-1.922392 0.3203103
-3.897555 -0.05582835
-3.925222 0.000310255
2.180492 -0.02326547
3.755296 -0.1543271
3.939472 0.1122163
0.2358017 -0.1408957
-0.1508691 0.00571409
-3.584276 -0.1169413
-5.876159 -0.2157253
-0.3270954 0.05982221
2.124399 -0.3155982
0.04200257 -0.2797358
-1.927218 -0.08985638
2.114871 0.003420222
-2.242698 -0.2715212
-1.99288 0.03559742
4.00942 0.01677112
-0.2001085 -0.1832205
-2.254469 -0.2728957
0.2837569 -0.163804
-3.900806 -0.06128103
0.1410216 0.03579411
3.809929 -0.1836467
3.4077 -0.07872269
-2.237902 0.3462103
0.1623518 -0.2384406
-0.1021339 0.04892547
-2.201895 -0.2684514
2.171547 0.1817031
0.02102545 0.2250038
4.272664 0.1406918
-2.266361 0.2646951
2.150073 0.1238654
3.772868 0.2131382
-0.4985593 0.3248487
3.907996 0.2977228
-2.463562 -0.4074255
2.208073 0.1654926
-0.00447143 0.01723387
1.877937 0.3845634
6.1317 -0.456949
-0.1405386 0.1313046
-1.58361 -0.03798442
-1.733794 0.08314998
-2.115198 0.04767864
2.232162 -0.173986
2.162498 0.05883745
1.743566 -0.3484594
0.29384 0.3166423
-2.000602 -0.07953845
1.835278 -0.1119366
-0.1993359 -0.09247933
1.923668 -0.05121473
-4.066149 -0.06820008
-1.915064 0.1216372
0.1850126 -0.2437049
0.221206 -0.1301149
0.2907319 0.5964787
-0.07697016 0.2041835
1.782069 1.430866
-0.1268488 1.685568
-0.05341689 1.80416
2.459666 1.625936
-0.50295 -2.684002
-1.255283 -1.637865
0.5569171 0.2905065
1.731361 1.473654
-1.353288 0.8850538
-0.2324393 0.1483034
0.6595754 -1.576021
0.7777371 0.9404122
1.899495 3.957707
0.7515423 1.242466
-0.6448334 1.415652
0.6653664 -3.452476
1.616714 -0.8094227
0.1296463 -2.421808
2.092583 -0.3339368
0.3038686 -0.6387919
-0.1867609 -0.6527781
-4.034555 -0.5708124
2.448992 -1.035989
0.0174498 0.144387
-1.473711 -1.318194
0.572297 -1.748981
-1.05188 1.608892
1.786938 0.5353887
-1.411702 0.4987223
1.231191 2.330019
1.772344 0.3276151
-1.876611 2.852176
1.731863 -1.858959
-2.103683 0.5538396
-2.109943 0.5370084
1.940848 1.526719
-1.449575 -1.692376
-1.462845 -2.934083
-0.6065601 1.518176
-1.875539 -0.6915388
0.186013 0.1778983
-0.8925143 -0.4786232
-0.4939107 0.4774366
-3.676335 -2.461882
-0.5969408 -1.497253
2.232755 -0.2561716
1.244115 2.379086
0.2598474 -0.8033714
-0.1701025 0.998607
0.08265187 2.736176
0.4056481 2.615457
0.2217134 2.227167
-1.841774 2.412592
-0.4192669 1.618479
0.01460524 0.1989172
-1.530879 1.018772
-1.676429 -1.629682
-0.575354 1.058693
-1.661468 -2.528192
1.478456 0.3365182
-2.094955 -0.774032
0.09104476 -0.5924243
-0.4511772 0.5771111
1.28419 0.6447521
1.542244 1.833042
0.1731251 0.5242594
-2.378913 0.61559
-1.770713 -1.170335
-3.346824 -2.73005
-1.800252 -1.69317
-0.06638861 -0.3793063
1.57183 -0.750665
0.01696835 0.3638105
1.843436 -2.290233
1.658236 2.356474
1.492633 -1.549785
0.6431069 0.4604487
-1.568849 0.751636
1.155726 2.097568
1.079839 0.6270713
1.682798 -2.685323
0.01010612 1.321932
3.335377 2.683337
-3.247813 -2.482605
2.235084 1.910046
3.121061 0.903097
3.442752 0.8710943
-3.711795 1.441796
1.517164 2.491662
0.4757328 2.028332
-1.3714 1.341026
1.917637 1.380107
-0.7496084 -0.5338179
0.0446073 2.513944
1.902665 -0.1818371
-2.049288 -1.06026
1.702594 0.5048734
-0.4049253 -2.543859
0.4697686 -1.474672
1.609672 1.73757
2.296035 1.597492
-0.1294091 3.10285
1.417823 1.963625
-0.6506646 -0.3841977
1.122372 1.237592
-1.362408 -0.4808234
1.325938 0.4877828
-3.815375 -0.4485804
-2.445165 1.259746
1.664227 -0.353006
-0.01553835 -0.7220157
0.5853782 -1.113394
-0.1607505 -1.578304
0.2047417 2.498854
-2.0165 -0.4244097
1.80211 -0.9903741
1.717079 -0.5810822
0.06185632 -0.5123957
-3.765934 1.488557
0.2427946 0.2058498
-1.915691 0.5729404
-2.70629 -1.869091
-2.021988 -1.474469
0.5670038 2.37357
-0.2378774 -0.8276685
-3.927704 -0.5312948
3.365357 2.757578
1.454182 -1.904572
2.347409 0.1873916
0.2815932 0.5688825
-2.943312 1.22947
2.669864 1.460815
-0.406591 1.684021
1.315803 -0.9346881
1.664102 -1.038916
-1.466493 1.19219
-0.1365042 -1.037984
1.25837 -1.803411
-0.06690013 -0.106002
3.528602 2.60232
0.2310141 0.2453771
3.359615 2.787309
-0.01111311 -0.05314619
1.472281 -0.3499788
0.4090658 1.270086
-1.730557 -1.914804
0.4524342 1.713931
2.15069 0.6619039
1.765788 0.8260715
-3.098667 0.9536297
4.057132 0.8462108
1.519464 -1.599651
-1.927607 -0.2466272
3.340986 -0.9448691
0.9291018 -0.1239423
0.7824191 -0.7652338
1.13348 3.028639
-0.2697473 -1.607665
0.656064 -0.535892
-1.938169 -1.787739
-0.9021334 -0.2527398
-2.199955 2.350386
-3.447169 -0.8721458
1.968627 0.1719315
-1.820837 -0.09540327
1.164007 1.74007
-3.758079 1.335376
-0.9579902 1.09484
1.241095 -1.78549
-1.661959 1.12091
-1.931431 -1.000562
-0.9817733 1.220344
-0.01838142 -0.9281334
4.31403 1.135346
-1.017481 -1.551142
0.3907298 -2.361877
-1.259518 -3.689837
2.102733e-05 -1.280824
0.0470356 -1.883925
-0.1693833 -1.535637
-1.867849 -1.66385
-1.871786 -3.33281
-1.715821 1.84211
1.615782 3.012941
-1.891426 0.002193179
-1.250963 -3.749257
0.6193346 1.478191
-2.792708 -0.826279
-1.070752 1.170167
1.835363 1.056098
-1.741371 -0.9688053
-2.439791 -1.108745
-1.13646 1.31563
3.365124 2.456479
-2.496481 2.517358
-0.7666306 3.334753
-1.130836 1.719331
-2.233066 -0.305472
0.7551495 -2.555833
-1.233908 -2.823368
-0.2928624 2.755873
2.285358 2.056915
-1.057396 -2.117201
-0.9954098 -0.1716542
2.120388 -0.9474365
-0.3405203 -1.281318
-0.8610072 -1.625947
-2.756056 -0.6848144
0.2830162 -2.229989
-1.442143 -3.538134
0.7557765 -1.466201
-0.8348287 1.411402
2.230037 1.285033
-1.029112 -0.894529
2.389775 -0.6905805
-1.583953 0.4689072
-1.296054 -1.726661
0.8164273 1.132804
0.8929148 0.2955992
1.827416 0.3899108
-2.150379 1.048591
0.1744203 -1.625901
0.3919499 2.190644
-0.488512 3.360733
0.785244 -0.8105712
-0.306286 1.195432
3.259546 -0.8105085
1.643519 -0.3360856
2.432297 1.176629
1.6127 1.893186
1.620606 0.2295659
-3.553354 -2.566453
2.131055 0.3203904
2.907907 1.356525
-2.51711 -0.7954869
-2.854841 1.05244
-2.252048 2.449726
0.2543255 0.6488184
1.80196 0.8966877
-0.2409956 0.01461999
-0.02668422 -0.08674408
0.1447681 -1.331635
-0.8409414 0.7780313
4.26049 0.7118631
3.818303 0.9106531
1.758158 0.6535728
-1.252019 0.3436652
1.790205 -2.271996
0.07727015 -2.137938
-2.089015 -1.213746
-1.787495 0.1191462
-0.03505453 -1.231108
-3.315592 -2.652918
-2.6617 0.6069952
0.0820987 0.9239789
1.063605 -5.037545
-0.06954031 -2.657296
-1.979147 2.722636
-0.02653337 3.058327
-0.09892562 3.107635
-2.186464 0.7963541
-2.428782 -2.724753
0.7214539 1.352598
1.996948 3.208145
-0.6687712 0.7821302
0.9765694 -4.591483
1.511052 2.713634
-0.1870695 0.6252494
0.7521721 1.155502
0.01433977 0.7546957
-1.769613 -2.503124
0.9827734 -0.8541738
1.449878 -0.8252409
-1.115038 1.180066
1.031981 4.705108
-2.645919 -1.326001
-2.795633 -0.6708336
0.8286569 -1.253541
-0.868828 -1.137515
1.17976 -4.556033
-0.3745228 2.932683
-0.3077986 -2.492167
1.669115 -2.73436
-2.973603 0.855374
-2.371168 0.8563631
-1.922395 -0.8340208
-2.769732 1.402221
-0.4733166 -0.49213
-1.466059 2.730151
0.3386733 0.7946004
0.5167332 1.129851
0.549051 -3.244402
-0.2762189 2.810918
1.4214 0.7843589
0.2414993 2.70826
3.079826 -0.9596446
0.7396728 -4.427808
-0.4667274 -1.01183
2.758234 1.091772
-0.3725663 0.6299044
2.050179 -3.062267
-0.5091355 -0.9186956
-1.656202 -1.002679
-2.174943 -0.7431358
-0.8171883 -2.473542
1.604607 -0.9315871
1.968711 -0.7023978
1.792335 -0.5326364
-0.2055255 -0.4728619
-0.8259998 -2.284786
-1.221132 4.296621
-1.701677 0.7640312
-0.3134894 2.897143
-1.120157 -2.517134
1.896019 0.9072793
-0.9801771 1.095746
2.637819 -1.044759
-3.01766 -1.136261
2.491932 0.8922969
-0.6173388 0.6365923
1.933749 2.910925
-0.07743961 1.132677
0.2231888 0.6544008
-0.8431095 2.73712
-0.05954198 0.9083238
-0.2246085 2.613618
-1.91233 -1.092217
2.138116 -0.8732324
2.276457 1.435042
0.2301022 0.4216114
-2.152737 -0.8003587
-1.710442 2.572314
0.585447 1.368809
-1.121991 1.049754
-2.038447 -1.031733
-0.9959773 1.000785
1.181187 0.8748643
-1.256212 -2.387882
0.4049025 -0.8130891
0.02529038 0.7274806
0.1487713 2.857991
1.342923 0.9288115
-0.4079967 1.08586
-0.0482361 -2.228401
-1.818011 -0.69428
-1.727386 2.625214
1.327413 -2.553045
0.7176896 -2.775888
-0.5832157 -0.7752296
1.596776 -0.2447733
1.192081 3.999315
-1.445001 1.870226
-2.582584 1.184275
-1.656444 1.133169
-0.5615795 -3.063416
0.04125638 -2.955852
-0.1905767 2.60748
1.376007 -1.163319
0.2164332 -2.834642
0.1975462 -0.7770184
0.2676327 -2.821997
0.9636922 -0.9676349
-0.1643907 1.135518
0.3484199 -0.8170255
0.3572538 0.9067647
1.256061 -0.655889
-2.985193 -0.5564448
1.85313 2.629576
1.768023 3.095153
1.296594 -0.4089758
2.57147 -0.7723932
-0.6310047 -1.259655
-0.786578 -0.6207367
-2.807812 -1.1211
0.2363583 -2.438956
1.305316 -4.509842
-0.8200569 -4.672666
0.211119 -2.954759
-0.3436892 2.447757
1.210786 -0.926234
-0.1358036 -0.6066486
0.9274787 -1.202339
-1.281857 1.957928
-0.0525912 1.129436
-1.429736 2.062075
-1.845157 -0.3373415
1.190444 -0.09257945
-0.2194305 0.2359574
-3.208883 -0.3388321
-3.04595 0.02164281
1.702982 -0.6249702
2.687261 -0.2023251
0.03503517 -0.6836663
0.4333866 1.163504
3.21558 -2.608878
-1.185575 1.711833
1.587308 1.412607
-1.12578 1.70596
-2.901996 2.356877
0.4868134 -1.256277
0.4692348 0.9089773
-0.647639 -3.54569
1.670758 -1.295017
-4.71608 0.9485647
-5.113132 1.074525
1.640249 0.9520723
-2.711582 0.7411197
0.2204588 1.045349
1.173052 -2.715449
-1.050667 -0.3170244
1.858021 2.080072
-3.937331 -1.051927
-3.070755 1.78253
-2.339581 0.1712465
-3.610026 -0.9477637
1.404705 0.1361251
-2.025239 -2.530682
-0.2956704 1.771049
2.818376 -0.6332347
-1.02644 2.527145
1.073626 -2.076791
2.122556 -0.4080549
0.8710474 -4.030184e-05
3.941301 1.009869
0.4362738 1.261541
-1.83815 0.8766883
4.457901 -0.6700737
0.393441 -0.3469483
1.894793 -0.2907355
-2.758598 0.5797527
-2.098837 0.7002369
-1.273858 -2.191724
-0.3952259 -0.8855222
2.860145 0.6020002
3.612555 0.6705387
3.061617 0.6105705
1.388903 0.3959827
-0.6290122 -0.2357586
-0.2472548 -1.47672
-2.927314 1.38028
1.346583 -2.293822
-0.3123772 -0.4051282
2.431092 -0.5623992
-0.9582008 -1.247988
3.956923 0.4109239
-4.797861 0.653058
4.822027 -1.053949
-0.9917033 -0.7442936
2.851723 -0.02121893
-0.9987786 2.040953
-0.3798536 1.845488
-1.625737 0.6239978
0.2515519 -0.3190373
1.327638 -2.281563
-2.110449 -1.727351
2.776131 -1.940454
1.774804 1.936858
-1.318919 -0.4847234
-2.374067 0.2789429
-2.553398 -2.063565
2.030425 -0.6217613
-0.05186516 -0.4415459
-2.150159 0.5174165
-0.9746964 -0.4585098
1.657078 -2.894501
-0.3973573 -0.3136144
0.03767033 0.4934512
0.5871874 -0.5586525
0.1336993 0.2001677
1.228821 -1.15579
-1.519321 -0.9248483
-0.03203003 2.227376
-2.114415 0.6641231
-1.84719 0.03818321
2.188894 1.660021
-1.03842 2.325387
-1.604393 0.6739733
3.609966 0.5796483
2.241109 -0.9446507
-1.736035 0.5236669
-3.732921 -0.734773
-3.285009 -0.3052691
-0.742995 -0.0334373
-1.530757 2.62173
-0.2060853 -0.07823464
0.649874 3.045147
-1.461562 2.257877
1.128091 -1.618008
-1.336488 1.831054
0.642319 1.111752
-0.5407551 -1.012371
1.922969 0.9324458
0.05447478 1.774722
0.3061519 0.5482797
-4.689734 0.9935981
3.165934 -1.974558
2.90185 -2.290976
3.375901 0.7256408
3.636612 0.9435558
-2.542686 0.8271579
-2.968314 0.5377954
-4.837158 1.086315
0.07950348 2.08826
0.07430313 1.109504
-1.126169 1.438224
-0.1296974 -0.004826713
1.35099 -2.250457
3.480786 0.523509
1.305522 -1.814283
2.07698 0.868943
3.162068 -0.9327408
2.071008 0.7410177
-0.2609949 0.9981587
-0.4431731 -0.01623591
-3.116164 0.4553266
1.539186 0.09723934
-2.574048 -1.509596
1.349152 -0.05865734
4.001191 0.5905837
-1.473464 -0.03574008
2.067644 0.6961262
1.970502 1.049632
2.162117 -0.6880148
3.109213 -0.7853076
0.02991231 1.47609
3.548007 -0.5925492
-2.157267 0.6895736
1.672067 -1.331473
-1.098394 -0.8236893
-2.023693 -1.052948
-0.09333536 -1.063978
-0.1940226 -0.4595441
-0.3082289 -0.9697314
0.1468486 -0.7359956
1.480097 -0.4859837
1.557266 0.9344071
-0.02659757 -0.8391433
3.588861 -0.2090688
4.07411 0.9684324
-2.143984 0.5929754
1.639642 -0.9512509
-3.77535 1.423831
-2.44117 0.2666716
0.0496271 1.533356
-3.409098 -0.9963944
-1.995845 -0.6142182
-1.827085 0.3743939
-0.1486896 0.9466689
-0.2015232 -0.9158902
3.433929 -1.746961
-3.460416 0.3749621
2.041107 -0.6270543
2.175404 0.747466
-3.602731 -0.1757659
0.4186376 0.1455097
1.757129 -1.197574
-0.02518766 -0.1130932
1.641356 -0.5567309
-3.905249 1.507647
-0.4483704 0.3983352
-2.192556 1.886382
1.851455 1.669015
1.995991 1.744858
1.912424 1.420178
0.3500367 1.467231
-2.322482 1.827622
-1.600539 -1.127092
1.526258 -0.7044822
-0.0495363 -0.6518459
-1.990777 1.60722
3.91998 -1.628751
-5.650593 0.6020217
2.734494 -0.754784
-0.6566381 -0.179498
0.346233 0.8076053
-5.532209 0.5044271
-1.679671 -0.004179021
3.819496 -0.837409
-1.673856 -0.7712135
-0.2199062 -1.830123
1.5723 -1.658318
-0.327338 -0.5356315
-0.3404027 0.8666112
-1.34137 0.3086299
0.4702376 -0.8781625
-0.01785858 -1.764706
-3.787171 1.661772
-3.587786 -0.4970151
3.793844 0.2577188
1.816715 0.1422829
-4.230762 1.633323
-5.766596 0.185968
-0.1432697 -0.5533224
-1.945137 1.826558
-1.694705 1.644877
1.563308 -1.905405
1.976199 0.2673404
-3.200949 0.5799402
0.05288168 0.5333341
1.948769 0.8573967
-3.994585 1.829007
0.06984064 0.02895799
3.602875 0.7046386
-0.3359725 0.7278593
-3.646137 -0.4631597
2.313704 1.633227
0.1180413 -0.8175492
-0.304519 -1.992864
-2.498182 0.64283
-2.098575 -1.576319
3.671009 -0.3063549
0.03054298 0.6507005
1.936654 0.3870005
1.931165 0.8039411
0.1821325 0.8006012
-2.854761 0.2774666
0.2918667 1.126505
5.2987 -0.5858065
-5.327035 0.4725147
0.4358649 -0.2730674
-1.771796 -0.8580024
-1.638159 -0.3686261
-0.4098177 -0.5622787
2.001967 -1.090627
2.275612 -0.6994275
1.766599 1.622597
2.563603 -0.4675873
1.58409 -0.6004015
1.566925 -0.4754177
-0.5028785 -0.5398039
1.379955 1.075639
2.290335 1.136552
-0.04195086 0.8342188
-1.32475 -0.58
-0.01403886 -0.5067157
2.191633 1.718789
-3.59874 0.7697529
0.2815669 -0.3314734
0.919467 -1.602014
-0.4570598 -0.7035055
-1.067772 -1.430242
1.220374 -1.615506
-1.099636 -1.374467
3.230033 -1.250481
-3.096732 1.487549
-0.8348619 1.220737
4.218974 0.3847287
1.032066 -1.707479
2.673769 -0.2011451
0.03766427 -0.4584208
3.335112 1.73534
1.135884 -1.361847
1.533937 -3.180202
1.00429 -1.557932
-2.694781 -2.134161
-0.3255524 3.124307
-2.154169 0.1968251
0.4460442 3.109678
1.916792 0.5091713
-2.827662 0.04383178
-2.560387 0.1265987
-1.469445 -0.1254374
-0.6397199 -0.2388292
0.1773546 -0.3315306
1.174969 1.917632
1.114131 1.406974
1.313735 -1.835843
-0.6444612 0.09135198
-0.8849972 -1.319774
-1.670793 -1.956589
-0.6360726 -0.4842394
0.9614943 -1.814417
-1.368935 2.111814
-2.575647 -1.253344
0.5820459 0.2690942
-1.363614 -1.715794
1.669235 1.869776
1.524782 1.887036
-0.668715 -1.596131
0.3217418 -0.1643677
0.1454169 -0.8796837
-4.239861 0.1263989
2.725661 0.01907224
-0.519377 1.883297
-0.8760791 1.616718
-0.4950663 0.05940558
-1.913294 -1.321563
0.8438799 1.72791
0.1770557 -0.2125144
2.983228 -1.961493
3.206091 -1.826936
3.573838 -1.582286
1.617837 -1.677038
-0.01295443 -0.9319301
0.2462968 0.4424723
-1.039155 -1.42485
1.785451 1.84818
0.1522608 -0.174531
1.2833 1.297932
-2.354712 0.2127901
0.8993658 -0.2186581
-2.593101 -0.1967485
2.355718 0.06019238
-2.059517 0.1290581
1.234594 -1.639856
0.9507337 -1.270119
-2.884557 -1.542103
-2.412521 0.8017256
-0.8460122 2.275704
1.632995 1.864011
0.7379405 1.376208
0.9228033 1.29077
-1.04399 -1.567155
-1.572565 1.647605
-1.571297 -1.675148
-1.473057 1.70764
4.303063 0.3618874
2.214079 -0.0940662
-1.528513 -1.644211
-2.06823 0.4500307
2.365357 2.763
0.0418839 -0.3006652
0.2130314 -1.846575
-0.4847837 1.736749
2.644877 -1.279357
-0.2952956 0.06259964
1.41748 0.04208088
-0.5388805 -1.827844
-1.353813 -2.011396
0.5322018 -1.410061
1.29041 -1.375809
-1.25647 -1.880757
-4.299466 -0.1747992
3.207633 -1.761106
2.113371 0.7685671
-1.769128 0.5773031
-0.387918 0.09303395
-3.527811 1.633763
0.8690668 1.173807
-1.40353 -1.594521
3.329665 -1.359162
-0.06122909 -3.525094
-1.4599 -1.427516
-0.4384873 1.332577
-2.104776 -1.963191
2.676476 0.1390391
-2.225135 -0.04738115
-1.380182 -0.2512235
-3.216951 -1.160036
-2.61914 -0.1071826
-2.637619 -0.1633826
3.254635 2.186553
3.465813 1.703277
3.398211 -1.753067
0.1329811 0.1782198
-0.5530152 -0.6172584
-0.3869499 0.2236924
-2.315501 0.2466615
-0.6260499 -1.991947
-0.3683406 -0.1933051
-1.449807 -0.2856659
-2.490097 1.372072
1.630122 1.609928
3.538249 -1.716118
-1.084315 1.608509
-1.455709 0.04099338
-0.2740783 -1.761775
1.873314 2.033599
1.836283 -0.2420983
-3.874877 -2.500367
0.3334202 -2.269103
-1.72655 -2.192587
-0.2037895 1.594847
-2.035187 2.378544
-1.641469 -0.3838488
2.012646 -2.749202
-3.527894 -0.7431095
1.548151 2.031068
0.3684674 -0.01206391
-0.13722 -1.460631
0.01127798 -3.25684
-0.3162141 -1.264659
-0.5259605 0.4340634
1.669833 2.971682
3.680983 0.5461042
-1.861155 1.989578
0.6188263 -1.928363
-2.119474 0.621806
-2.640302 0.9328944
1.876015 0.7420292
-0.4633541 0.5012212
1.902209 2.177286
-0.9185004 0.1810054
-0.08755593 2.676676
2.415646 -0.2387929
-3.878195 -0.6602225
-1.834957 -1.676803
-2.244647 -0.5352588
-4.151017 -0.646031
-1.492655 -1.057744
-1.986648 0.06767907
1.960109 -1.238897
0.4615736 -0.7400907
1.582871 0.04317109
-1.087085 -0.02257225
2.100995 1.026601
0.2417096 -2.618557
4.051839 0.7761299
1.788439 2.113048
1.671897 0.7255365
2.222397 -0.5250094
-0.03942113 0.7630529
3.72726 2.542382
-0.2980902 0.7933021
-2.414245 -1.206878
-3.622563 1.459947
-1.791668 0.6492119
0.8438582 -0.9021676
0.7123665 -0.990456
0.4152416 -1.077095
-1.880833 -0.9979581
-1.402784 1.150421
-1.690289 -1.914274
-2.217792 -1.219246
-1.59567 -0.02626271
-1.931935 0.6781135
1.839471 0.7804604
0.2904454 -0.6865488
3.94744 0.6620455
-2.533127 0.6231529
1.979204 -0.8434656
-0.0519831 -1.062611
2.224941 -2.203152
-0.2985304 -1.532329
2.204272 -1.305025
-0.6971895 -0.2985802
0.3576755 0.9201381
-1.521909 -0.02822723
-3.649953 1.150363
2.250633 1.30372
3.659605 -1.225396
1.86092 0.9710494
-2.024911 -0.9990412
-2.008469 -0.07014567
-1.527178 -0.4551287
-3.461217 -0.8468322
-2.304327 -1.078214
-0.03156353 -0.5570099
-0.2094564 2.065306
-1.885443 0.8890892
0.004369447 -0.9429306
0.4472952 0.9764728
-1.928806 -2.222245
1.89247 -0.4572992
-2.371688 -0.2974953
-0.05486503 -0.2350232
-1.809721 -1.214736
-3.734248 -2.350261
2.280287 0.1354466
2.043077 -0.01943508
1.53782 0.3869907
0.5472719 -1.167464
0.5465813 -1.94042
-0.2996961 -1.260584
-3.933102 -0.5848283
-0.3851489 1.167681
0.404065 2.149791
1.863904 -0.08791866
-1.545281 -2.522353
1.945705 -1.909369
1.721638 -0.3019295
0.442462 1.647716
1.423131 0.2345522
0.2707039 0.5045781
-0.03295549 -0.3721429
2.206281 1.040632
1.949393 -1.325105
3.375526 0.5339656
-2.484653 0.8014262
0.132352 -0.1201339
0.4239088 -0.08389413
0.7135392 -0.7872401
4.412197 0.7983488
-0.132191 0.4979762
-0.1765819 0.5354751
-2.412263 0.4424022
-0.1791216 0.2982004
2.199772 2.094665
-0.1301875 1.830707
1.521575 2.240625
-1.480862 -0.454312
0.584375 -1.146535
0.3127767 1.851176
2.039228 0.6788224
