2.506488991e+01 0.000000000e+00 
0.000000000e+00 0.000000000e+00 
0.000000000e+00 0.000000000e+00 
0.000000000e+00 0.000000000e+00 
0.000000000e+00 0.000000000e+00 
0.000000000e+00 0.000000000e+00 
0.000000000e+00 0.000000000e+00 
0.000000000e+00 0.000000000e+00 
8.902776718e+00 -7.882509232e+00 
2.408374405e+01 0.000000000e+00 
0.000000000e+00 0.000000000e+00 
0.000000000e+00 0.000000000e+00 
0.000000000e+00 0.000000000e+00 
0.000000000e+00 0.000000000e+00 
0.000000000e+00 0.000000000e+00 
0.000000000e+00 0.000000000e+00 
5.728734016e+00 3.726934671e+00 
9.122995377e+00 -1.164447403e+01 
1.915084839e+01 0.000000000e+00 
0.000000000e+00 0.000000000e+00 
0.000000000e+00 0.000000000e+00 
0.000000000e+00 0.000000000e+00 
0.000000000e+00 0.000000000e+00 
0.000000000e+00 0.000000000e+00 
3.563055515e+00 -2.312685490e+00 
5.815362453e+00 5.932097912e+00 
1.071736526e+01 -1.521710682e+01 
1.666470337e+01 0.000000000e+00 
0.000000000e+00 0.000000000e+00 
0.000000000e+00 0.000000000e+00 
0.000000000e+00 0.000000000e+00 
0.000000000e+00 0.000000000e+00 
-2.843063831e+00 -6.502096057e-01 
5.319676876e+00 -4.527445138e-01 
2.523607731e+00 4.630766869e+00 
1.126763630e+01 -1.608654976e+01 
1.236882210e+01 0.000000000e+00 
0.000000000e+00 0.000000000e+00 
0.000000000e+00 0.000000000e+00 
0.000000000e+00 0.000000000e+00 
-5.908284664e+00 -4.745309830e+00 
-1.503738165e+00 5.516969681e+00 
1.168399239e+01 1.834221005e+00 
-3.701957166e-01 1.656719148e-01 
9.749765396e+00 -1.211770344e+01 
1.164358234e+01 0.000000000e+00 
0.000000000e+00 0.000000000e+00 
0.000000000e+00 0.000000000e+00 
-8.794345856e+00 4.753050327e+00 
1.307051659e+00 -5.464809418e+00 
-5.520808220e+00 2.396517992e-01 
1.349266434e+01 4.512230873e+00 
3.999764204e+00 -6.131657124e+00 
9.707732201e+00 -8.319847107e+00 
7.566231251e+00 0.000000000e+00 
0.000000000e+00 0.000000000e+00 
1.136756325e+01 4.871611595e+00 
-1.300715351e+01 -1.462253451e+00 
-6.387441635e+00 6.520800591e+00 
3.871600628e+00 -2.601877213e+00 
7.672487259e+00 -5.701295853e+00 
6.325612068e+00 -3.797958851e+00 
4.032000065e+00 -2.056435347e+00 
5.880737782e+00 0.000000000e+00 
2.506488991e+01 0.000000000e+00 
0.000000000e+00 0.000000000e+00 
0.000000000e+00 0.000000000e+00 
0.000000000e+00 0.000000000e+00 
0.000000000e+00 0.000000000e+00 
0.000000000e+00 0.000000000e+00 
0.000000000e+00 0.000000000e+00 
0.000000000e+00 0.000000000e+00 
8.902776718e+00 -7.882509232e+00 
2.408374405e+01 0.000000000e+00 
0.000000000e+00 0.000000000e+00 
0.000000000e+00 0.000000000e+00 
0.000000000e+00 0.000000000e+00 
0.000000000e+00 0.000000000e+00 
0.000000000e+00 0.000000000e+00 
0.000000000e+00 0.000000000e+00 
5.728734016e+00 3.726934671e+00 
9.122995377e+00 -1.164447403e+01 
1.915084839e+01 0.000000000e+00 
0.000000000e+00 0.000000000e+00 
0.000000000e+00 0.000000000e+00 
0.000000000e+00 0.000000000e+00 
0.000000000e+00 0.000000000e+00 
0.000000000e+00 0.000000000e+00 
3.563055515e+00 -2.312685490e+00 
5.815362453e+00 5.932097912e+00 
1.071736526e+01 -1.521710682e+01 
1.666470337e+01 0.000000000e+00 
0.000000000e+00 0.000000000e+00 
0.000000000e+00 0.000000000e+00 
0.000000000e+00 0.000000000e+00 
0.000000000e+00 0.000000000e+00 
-2.843063831e+00 -6.502096057e-01 
5.319676876e+00 -4.527445138e-01 
2.523607731e+00 4.630766869e+00 
1.126763630e+01 -1.608654976e+01 
1.236882210e+01 0.000000000e+00 
0.000000000e+00 0.000000000e+00 
0.000000000e+00 0.000000000e+00 
0.000000000e+00 0.000000000e+00 
-5.908284664e+00 -4.745309830e+00 
-1.503738165e+00 5.516969681e+00 
1.168399239e+01 1.834221005e+00 
-3.701957166e-01 1.656719148e-01 
9.749765396e+00 -1.211770344e+01 
1.164358234e+01 0.000000000e+00 
0.000000000e+00 0.000000000e+00 
0.000000000e+00 0.000000000e+00 
-8.794345856e+00 4.753050327e+00 
1.307051659e+00 -5.464809418e+00 
-5.520808220e+00 2.396517992e-01 
1.349266434e+01 4.512230873e+00 
3.999764204e+00 -6.131657124e+00 
9.707732201e+00 -8.319847107e+00 
7.566231251e+00 0.000000000e+00 
0.000000000e+00 0.000000000e+00 
1.136756325e+01 4.871611595e+00 
-1.300715351e+01 -1.462253451e+00 
-6.387441635e+00 6.520800591e+00 
3.871600628e+00 -2.601877213e+00 
7.672487259e+00 -5.701295853e+00 
6.325612068e+00 -3.797958851e+00 
4.032000065e+00 -2.056435347e+00 
5.880737782e+00 0.000000000e+00 
2.506488991e+01 0.000000000e+00 
0.000000000e+00 0.000000000e+00 
0.000000000e+00 0.000000000e+00 
0.000000000e+00 0.000000000e+00 
0.000000000e+00 0.000000000e+00 
0.000000000e+00 0.000000000e+00 
0.000000000e+00 0.000000000e+00 
0.000000000e+00 0.000000000e+00 
8.902776718e+00 -7.882509232e+00 
2.408374405e+01 0.000000000e+00 
0.000000000e+00 0.000000000e+00 
0.000000000e+00 0.000000000e+00 
0.000000000e+00 0.000000000e+00 
0.000000000e+00 0.000000000e+00 
0.000000000e+00 0.000000000e+00 
0.000000000e+00 0.000000000e+00 
5.728734016e+00 3.726934671e+00 
9.122995377e+00 -1.164447403e+01 
1.915084839e+01 0.000000000e+00 
0.000000000e+00 0.000000000e+00 
0.000000000e+00 0.000000000e+00 
0.000000000e+00 0.000000000e+00 
0.000000000e+00 0.000000000e+00 
0.000000000e+00 0.000000000e+00 
3.563055515e+00 -2.312685490e+00 
5.815362453e+00 5.932097912e+00 
1.071736526e+01 -1.521710682e+01 
1.666470337e+01 0.000000000e+00 
0.000000000e+00 0.000000000e+00 
0.000000000e+00 0.000000000e+00 
0.000000000e+00 0.000000000e+00 
0.000000000e+00 0.000000000e+00 
-2.843063831e+00 -6.502096057e-01 
5.319676876e+00 -4.527445138e-01 
2.523607731e+00 4.630766869e+00 
1.126763630e+01 -1.608654976e+01 
1.236882210e+01 0.000000000e+00 
0.000000000e+00 0.000000000e+00 
0.000000000e+00 0.000000000e+00 
0.000000000e+00 0.000000000e+00 
-5.908284664e+00 -4.745309830e+00 
-1.503738165e+00 5.516969681e+00 
1.168399239e+01 1.834221005e+00 
-3.701957166e-01 1.656719148e-01 
9.749765396e+00 -1.211770344e+01 
1.164358234e+01 0.000000000e+00 
0.000000000e+00 0.000000000e+00 
0.000000000e+00 0.000000000e+00 
-8.794345856e+00 4.753050327e+00 
1.307051659e+00 -5.464809418e+00 
-5.520808220e+00 2.396517992e-01 
1.349266434e+01 4.512230873e+00 
3.999764204e+00 -6.131657124e+00 
9.707732201e+00 -8.319847107e+00 
7.566231251e+00 0.000000000e+00 
0.000000000e+00 0.000000000e+00 
1.136756325e+01 4.871611595e+00 
-1.300715351e+01 -1.462253451e+00 
-6.387441635e+00 6.520800591e+00 
3.871600628e+00 -2.601877213e+00 
7.672487259e+00 -5.701295853e+00 
6.325612068e+00 -3.797958851e+00 
4.032000065e+00 -2.056435347e+00 
5.880737782e+00 0.000000000e+00 
2.506488991e+01 0.000000000e+00 
0.000000000e+00 0.000000000e+00 
0.000000000e+00 0.000000000e+00 
0.000000000e+00 0.000000000e+00 
0.000000000e+00 0.000000000e+00 
0.000000000e+00 0.000000000e+00 
0.000000000e+00 0.000000000e+00 
0.000000000e+00 0.000000000e+00 
8.902776718e+00 -7.882509232e+00 
2.408374405e+01 0.000000000e+00 
0.000000000e+00 0.000000000e+00 
0.000000000e+00 0.000000000e+00 
0.000000000e+00 0.000000000e+00 
0.000000000e+00 0.000000000e+00 
0.000000000e+00 0.000000000e+00 
0.000000000e+00 0.000000000e+00 
5.728734016e+00 3.726934671e+00 
9.122995377e+00 -1.164447403e+01 
1.915084839e+01 0.000000000e+00 
0.000000000e+00 0.000000000e+00 
0.000000000e+00 0.000000000e+00 
0.000000000e+00 0.000000000e+00 
0.000000000e+00 0.000000000e+00 
0.000000000e+00 0.000000000e+00 
3.563055515e+00 -2.312685490e+00 
5.815362453e+00 5.932097912e+00 
1.071736526e+01 -1.521710682e+01 
1.666470337e+01 0.000000000e+00 
0.000000000e+00 0.000000000e+00 
0.000000000e+00 0.000000000e+00 
0.000000000e+00 0.000000000e+00 
0.000000000e+00 0.000000000e+00 
-2.843063831e+00 -6.502096057e-01 
5.319676876e+00 -4.527445138e-01 
2.523607731e+00 4.630766869e+00 
1.126763630e+01 -1.608654976e+01 
1.236882210e+01 0.000000000e+00 
0.000000000e+00 0.000000000e+00 
0.000000000e+00 0.000000000e+00 
0.000000000e+00 0.000000000e+00 
-5.908284664e+00 -4.745309830e+00 
-1.503738165e+00 5.516969681e+00 
1.168399239e+01 1.834221005e+00 
-3.701957166e-01 1.656719148e-01 
9.749765396e+00 -1.211770344e+01 
1.164358234e+01 0.000000000e+00 
0.000000000e+00 0.000000000e+00 
0.000000000e+00 0.000000000e+00 
-8.794345856e+00 4.753050327e+00 
1.307051659e+00 -5.464809418e+00 
-5.520808220e+00 2.396517992e-01 
1.349266434e+01 4.512230873e+00 
3.999764204e+00 -6.131657124e+00 
9.707732201e+00 -8.319847107e+00 
7.566231251e+00 0.000000000e+00 
0.000000000e+00 0.000000000e+00 
1.136756325e+01 4.871611595e+00 
-1.300715351e+01 -1.462253451e+00 
-6.387441635e+00 6.520800591e+00 
3.871600628e+00 -2.601877213e+00 
7.672487259e+00 -5.701295853e+00 
6.325612068e+00 -3.797958851e+00 
4.032000065e+00 -2.056435347e+00 
5.880737782e+00 0.000000000e+00 
