2415853568
1141230191
1145969987
1147326260
-1034448662
-999183112
-1035264464
-1001491958
1133029326
1136723585
1139286482
-1003346904
-1003350746
1132761108
1143315379
-1023712578
1127829358
-1005686228
1133389998
1140560626
1143548864
-1011646191
-1024258891
-1053364031
1146799232
1141506408
-1005370583
-1013374109
1145978934
-1005244863
1146265810
-1003139448
1134063413
-1003876695
-999501013
1125643781
1141156382
1143980981
-1001717475
1146434238
1132547423
1133518230
1135118986
1148189367
-1004760556
1144413150
-1016003308
1139505734
1144649831
1124275300
1117431713
-1014709385
1133130323
1147421793
-1011042934
1133371287
1142799339
1136953096
-1022549751
1136730535
-1011851235
-1026120520
1105167205
-999060236
-1005988177
-1020352165
-1020488853
-1037411869
1119366209
1143038270
1143288643
-1017850333
1101411533
1129020108
-1006957264
-1009686803
-1005728919
1134245112
1143492165
-1011222644
-1004596736
1141930017
-1023819099
1146656005
-1010824044
-1005628095
1144410936
1141783348
1143258680
1136270749
-1001389670
1139189722
1112200188
1142250776
-1005084095
-1003502929
1138565524
-1087046200
-1076215597
1067800379
-1087893543
-1107480807
-1079198964
1069146902
-1076249400
-1083285192
-1074336529
-1094103107
1073192972
1072864275
-1103088256
1070013342
1040657477
1059041884
-1075802330
-1081198310
1063509532
1030155262
1048408536
-1075763209
1060804715
1051972125
-1078350212
1072653494
1064851938
1061749203
1061275807
-1080440653
1071893124
-1078289816
1051880776
1058264157
1064016946
1060900930
-1075265182
1071376983
1071636854
-1088073139
-1089660569
1071795326
1062062806
1070372075
-1080139854
-1091378597
-1104168650
-1080739432
1073618255
-1073853381
-1077958538
-1075384227
1057917219
1051846251
1071063714
1055132664
-1086425174
-1100676920
1064197473
-1094966127
-1076770935
-1086218753
1057156701
-1074043867
-1089022919
-1078535873
-1122024273
-1073839696
-1077369181
1072483377
1072038605
-1085237540
1068037278
1059807845
-1090617467
-1088412172
-1076276596
-1083642931
1065084077
-1087019308
-1077606875
-1081568339
1063165081
-1074201296
1067247369
-1081038194
1069676151
-1082320345
-1089561110
1071409510
-1083627810
1066502313
-1075049941
-1082607807
-1075870244
1123357363
1129431893
1136647767
1145364641
1137776358
1144506899
1147131780
1147230350
1133570925
1107514863
1137543477
1137260946
1140984197
1142733297
1137939101
1143483782
1122875836
1139770150
1126617323
1110901746
1084895644
1132256072
1147070178
1141194681
1143310387
1145132434
1148345980
1145014426
1148218482
1139064831
1137044092
TLAST
1100506612
2415853569
1132517331
-1026242981
-1012158088
1148828353
1139226961
-1004806132
-1005321970
1132316375
-998739096
1144827737
1140484549
1142332370
1148256716
-1002629426
1146632681
-1001886436
1142639211
1102703420
-999278543
1139519817
1118622523
1141225150
-1054079053
1137209944
1144776110
1142837985
-1000747266
1129260835
-1000540741
1088146304
1141173756
1142695943
1135421885
1147536696
1142174876
1137810710
-1001924305
1140605329
1118148939
1110929986
1127243785
-1017565378
1132748382
-1038503500
1142830708
-1000235901
1140574758
1143327931
-1013564529
-998925356
-1006216930
1126494562
-1009295839
1111728158
-999263361
-1032788697
-1012144640
1142828767
1140961914
-1041258420
-1008297595
-1005134484
1136828601
-1006939548
1122661029
1145610912
1148415133
-1004301533
-1005635184
1139084718
1148060587
1145937600
-1014561492
1142183404
-1012958991
-1015151617
-1004179840
1129450273
-1017490616
1144780643
1103181774
1143824186
-1011245166
-999001622
-1004722298
-1005473601
1142635547
-1014248586
1147858474
-1044330654
-1000150132
-1030127357
1148837357
1134381092
-1020419330
-1007559934
1073092242
-1076084308
-1073949345
-1074036904
-1085595138
-1090079765
-1086543498
1070363383
1071933350
1067535862
-1096383172
1071590795
1033459675
1068349513
-1075622018
-1079949701
-1074823841
1061374205
-1077159041
1071651277
-1083550026
-1078994204
-1084510841
1066780229
1063898559
-1078704826
1051876840
1066182380
-1083556175
1071391140
-1079186157
1069053357
1071874599
-1077279244
-1091239192
-1089089375
1033035440
1068899300
1067133152
-1087074888
1050752944
-1085982478
-1075426531
1046560130
1065279438
-1111035529
-1123794923
-1073787903
1043790044
-1077222450
-1076431059
1067968244
1072666651
-1098751478
-1079149892
-1078794698
1070905236
-1090971257
1057684307
1068900829
1072877218
1069746822
1070420204
-1099299615
1040385877
1066138942
-1079550252
1046131827
-1107981368
-1094198311
1064558417
-1085551023
-1092940652
1066232206
-1082023430
1060740613
-1080699619
-1077264721
-1090547143
-1076355648
1053117206
-1105708276
1067113367
-1089339391
1060250827
1073115372
1052699929
1050649320
-1081316482
-1087700684
1067523586
1071265229
-1085289262
-1091413515
-1129566443
-1098517951
1147951092
1108657243
1146543025
1142878383
1131824370
1136319614
1140436201
1119027719
1148048260
1130367955
1143152435
1101347291
1145958128
1126206786
1141946096
1146741923
1129085056
1132352247
1132947485
1148091284
1126756943
1140147554
1147401521
1146537094
1142877092
1148026544
1134626759
1143392923
1129335667
1145947752
1124238400
TLAST
1143495093
2415853570
-1002924830
1114132553
-1011004070
-1014626304
-1000820660
-1002728708
-1012952992
-1006491292
1124502653
1132778991
-1009793298
-1011190316
-1008307537
-1006129029
-1006020567
-1085266545
-1014489249
-1000050231
-1012257379
-1019164878
-1004388478
-1004574824
-1003202303
1145073998
1130289079
1129444643
1143808265
1147782935
-1017775995
1145470673
1144796601
1140870774
1145431349
1115798264
1125946166
1148146581
1126065110
-1002195120
1133856472
1147143353
-1000160324
-1005648085
-1003249339
1110693210
-1004870732
1119520415
-1031864754
1127967217
1144829208
-1014395965
1115975662
-1006495440
1141627471
1084972804
1143116268
1140933968
1128900689
-1024295014
1141197028
-1031884297
1116730059
1145627257
-1000507269
1146476015
-1011420880
-1025378963
-1034494636
-1010125579
1141618062
1145882260
-1021337868
1126761431
-1019787954
-1004961233
1134494026
1105129349
1114422830
-1004845769
1141212478
1143733862
1141530645
-1005721482
1146399532
-1002552996
1125003261
-999553862
-1005241991
-1000559771
1147875255
-1018884107
1141179167
-1016960572
1141367982
1142732467
-1004589334
1140740662
1066855115
1073309804
-1105073226
1072302738
1067117868
-1096068559
-1077683089
1067545467
1068878547
-1092320530
1072441399
-1098457900
1066984994
1071993818
-1075897407
-1075169049
-1132741525
-1093513703
1068244320
-1077246639
1044222530
1022176869
1073394735
-1074813325
-1074572982
1042817479
-1079742949
-1085069458
1063233656
-1093736454
1067994883
-1093566094
1018734638
-1076608155
1061262797
1063159807
-1078582657
1068529359
1063923483
-1079403231
-1080763457
1069140463
-1083711206
-1075671977
1048304489
-1093257479
-1096790319
-1077473840
-1098391118
-1096576525
1066245266
-1096137479
-1077168410
1057817440
-1078140623
-1075824957
1072034016
1063766788
-1081877978
-1089268085
-1082865410
-1081494953
-1077995961
1049229950
1071950692
1058407226
-1079385960
-1086562860
1070813623
1069060257
1057569257
-1084424763
1068506217
-1090123660
-1090306276
-1079234501
1056166422
-1118355478
-1130552910
1066823281
-1080948782
-1090106656
-1081570674
1064513203
-1076979305
-1082419902
-1079712186
1070759883
1052249254
1069886294
1065293556
1073318570
1050190939
1071246853
1067230453
-1087402702
1145032772
1139568787
1143167510
1123508120
1145468622
1137068468
1147686671
1104009960
1140884415
1144050285
1139221507
1133575513
1142822633
1130107239
1145450889
1145208745
1135993340
1119918953
1138210486
1129528287
1141911313
1146070511
1143896013
1147762994
1144977160
1142059709
1135444207
1132661234
1140412074
1144578473
1143600821
TLAST
1139816998
2415853571
-1000637734
-1008818485
1145865004
-1006782011
-1002429019
-1010415610
1146166123
1148461459
1143515643
1137517202
1117622654
1133663279
1144003488
1142216604
-1053508994
1133088094
-1005362730
1138830161
-1017409738
-998793544
1133162666
1144865426
-1006372084
1133705817
-1019576198
-1008591623
-1022583164
1142141528
1143451284
-1023672038
-1051978429
1142398046
-1017637884
-999010870
1144305139
-1013594408
-1002736930
1146516044
1145543067
1136207550
1138718055
-1001755026
-999777257
1116225300
1135317849
-1007216242
-1010440693
1119489058
-1021027521
-1008048785
1142245996
-1004241962
-999556769
1142257607
-1000132541
1147940153
1148063439
-1006193324
-1018220393
1145758661
-1015694117
-1010222287
-999911723
-1001252977
-1004394903
-1015558618
1132843665
1112870439
-1005557246
-1017367468
-1018336953
-1012049718
1145534239
1135241995
-1000936035
1146974754
-1064004377
-1005006037
-1047480914
-1027919445
-1029660956
1148503006
-1003424917
1142405900
-1004941654
-1000886632
1131910719
-1002667876
-1004051559
1145341557
-998966269
-1026669193
1144354260
1139666573
1133636843
-1005845626
-1074278494
-1078271828
1071504420
-1074165789
1056309622
-1079845417
-1079818960
-1074346188
1070596600
1068806578
1059875761
-1132040257
-1084906577
-1082464258
1029033626
1068153026
1065578701
1022977456
-1077313707
1067318332
1063941264
1061311591
1030790087
-1078775887
1022810045
-1076325159
-1081459251
-1105119563
-1081879647
1067986631
-1079750370
1064846149
1047856328
1058462003
1057090381
1068326308
-1087609656
-1083069987
1058811623
1071985197
1071615546
-1086071145
1050601700
1044240434
1071246409
-1076100501
-1078246567
1070849067
-1115604340
1051927140
-1081268070
1058040179
1068869040
-1075318855
1062290883
1054258687
-1081276677
1049693197
1066537198
-1102026625
1065458633
1068428006
1061334756
-1074121666
1028021222
-1082795820
-1080360723
-1079335302
-1074287225
-1081545741
1065630367
-1078814764
1060481572
1072374942
-1088268965
-1112415421
1067896168
1052417344
-1094901176
-1095327051
1058456197
-1079463522
-1076865944
-1085943261
1061000402
-1078952572
1065630779
-1105603073
-1081775837
1070174001
1065366906
1067718569
1071610527
1055309522
1050383664
1065842915
1133343564
1126758398
1124384044
1128776616
1141427149
1134872803
1147669415
1129811825
1142299937
1120868756
1106191268
1133939246
1136699544
1135722654
1118512005
1143862422
1147319197
1144270656
1141016516
1127891413
1134969923
1148370437
1121168818
1144934587
1133393618
1143213865
1141879827
1139292566
1140978018
1124120695
1138147377
TLAST
1145391058
