2415853568
-1004749016
-999920625
-1006530589
-1008991318
1139197900
1109753180
-1001424210
-1006503794
-1007944814
-1005632349
-1006749546
-999803362
-1006358313
1137554987
-1004208910
-1016959862
-1005782587
1145536276
-1009338427
-1009492766
1141830423
1131700024
-1002811139
-1000671520
-1009602919
-1008947338
-999777364
-1014676878
1125403534
1144820072
-1004157168
1136768381
-1004721998
-1010767200
1140852121
-1009919248
-1011956054
1142527047
1076763929
-1006834532
-1012647235
-1000304053
1135700567
-1001563642
-1013418031
-1003101057
-1007441093
-1020322650
1133516662
-1004327223
1124308968
-1014871504
-1005132887
1147061095
1136147456
1148658146
1130253997
1143210122
-1001179780
1144020465
1127699549
-1021108391
1143880590
-998970759
-1005927850
-1010061779
-1007015932
1137141892
-1022142262
1143591578
-1010979445
-1002957200
-1000796954
1142728956
-1002219483
-1006372876
1129172259
-1038588017
-1001568836
1146160356
-1038471533
1141823479
-1002815296
1141298638
1140076664
-998988441
1146507395
-1007943957
1139237121
1129254031
-1017086008
-1000200552
-1007951422
1093407193
1140397319
1116076265
-1088882673
-1082311045
1071361089
-1111502079
-1075825955
1057262044
1064298977
-1080564728
-1081090321
-1082425814
1070870725
-1080959929
1059370193
1061039346
-1079635415
-1091386554
-1080625927
-1075866292
1065634535
1050903572
1063854789
-1123967524
-1074214096
-1086607170
-1079857897
1059631375
1068107965
1024452720
-1094712818
1071891080
1058801995
-1077134754
-1100777187
-1088034925
-1100809993
-1085603031
-1080584301
-1083902037
-1099858754
1049557671
1068308751
-1079585242
-1081374006
-1149664109
-1075020431
-1082048092
-1090220639
-1097554095
-1106104860
1067126570
-1081424820
-1079720896
1072454727
-1103393885
1058258572
1035221764
-1089392497
1067743104
1033252474
1036257333
-1083813922
1070828628
-1074076119
1062047097
-1077474938
-1085025784
-1079864239
-1081530613
1066227035
1067642225
1059097401
-1097937724
-1075635826
-1087477362
-1074841689
-1102099154
-1108747934
-1120158182
-1106841552
1024910864
-1103087685
-1085034250
-1081579641
1025950134
1069329795
-1083288996
1060588079
1070608673
1071928948
1058216599
-1078494637
-1081161864
-1082127975
1052600486
-1088458467
-1080944016
1144137045
1145756127
1134130216
1142971773
1140772509
1146665087
1146012665
1146988217
1118501804
1136304527
1144910361
1134638610
1148660423
1072079614
1147754850
1144393678
1143962418
1132455397
1135956147
1140539141
1125018985
1128379312
1128903432
1130519964
1138500159
1115702629
1139179670
1130211817
1146770211
1142779033
1132755210
TLAST
1126018182
2415853569
1147516092
-1040006751
1148194823
1140826118
1143983536
-1009230873
-1001542047
-1037885754
-1028347228
1142269350
1130162856
-1031684912
-1000905891
-998722901
1148417720
1132784811
1125937972
-1019820455
1112426594
-1007681061
1141647390
1148300722
-999276700
1148500236
1123157678
1147210157
-1006103625
1133657471
-1003101283
-1034926509
1120579603
1143366560
-1000598510
1125952851
-1002579522
1144255658
1130926016
-1010536936
-998770584
1139603374
-1000661684
-1002321345
-999000311
-1009396405
1117265253
-1000080843
1134657082
-1010747847
-1031319218
-1017866044
-1011145987
1129172733
-1003298053
1123644224
1144189308
1136080351
-998673839
1136316025
-1003957864
-1004871436
1142806169
-1005205848
-999681480
-1000046593
-1005839100
-1011234176
-999619614
-1004525845
-1001603892
1130529467
-1007625552
-1038115962
1137984525
-1033817286
1143490831
1131351565
1146196272
1143343426
-1003235619
-1001494532
1144652088
-1001372269
1127339565
1129469780
-1000253551
-1038948721
-1001259039
1133575725
1144928667
1126443313
-1045861821
-1000910801
1126567614
-1010830718
1139694401
-1012110921
1053865586
-1090992601
1065650468
1033821575
1058252139
-1075413644
1057897244
-1080936219
1070272059
1058284777
-1088938698
1055398625
1072396584
1048649222
1063587794
1068522965
-1080137900
1061667648
-1113633850
-1094226197
-1078266685
-1076410352
-1084555642
-1087821238
-1122902738
-1100336233
-1078231027
1019690706
1062597399
-1091873580
-1091266514
-1080995472
1073568106
-1089368348
1002330070
1052770937
1072875844
1071338594
-1094580168
-1074508665
1068921049
-1080994666
1024557924
1069899161
-1075757382
-1079851086
1059791800
1069396537
1069178301
1060017426
1072470048
1042672892
-1082593465
1011341875
-1100928350
-1093520184
-1079836120
-1086485045
-1097096401
1071960446
-1090750112
-1123971613
-1086313356
-1086726117
1062360933
1070520194
1065149815
-1115260052
1059963011
-1088937231
-1091035019
1066196657
-1095688001
-1077716400
-1076795204
1070536986
-1107827503
-1098606021
-1100635286
1070454568
1050883341
-1112271514
-1081824002
-1076917528
-1089934020
1070337247
-1093244603
-1080130537
1060272707
-1074905206
-1080099252
1058730560
1072860977
1069462631
-1090798769
1065726343
1145075668
1141585976
1145318787
1142182659
1135748317
1134830824
1136334002
1141837458
1148670952
1143857574
1144584495
1141838025
1125166629
1126458254
1132223482
1147385629
1134503855
1126610419
1145769092
1144807507
1128265088
1142265181
1122665168
1122975024
1145347979
1146258809
1144477774
1148759971
1135480748
1115801120
1147601088
TLAST
1124098709
2415853570
-1015986012
-1023392416
1126700182
-1021661594
-1009612709
-1002919715
-1010484550
-1000352172
-998649004
-1008549818
1130096039
-1019126862
1140521495
-1001929214
-1002266113
-1010267778
-999598856
-1026310683
1120949808
-999763677
-1005920558
1147394010
-1000391895
-1012915864
1137743892
-1008954917
-1002271726
1148057073
-1012818461
1145093228
-1026841547
1147051151
1142463554
-1032610321
1118365165
-1004796908
-1011975783
1128559323
-1003767114
-1008926022
-1000282137
1147948545
-999888385
1123281185
-1015278037
-1011266575
1148450001
1148510633
-1016056777
1143685587
1137284779
1125727348
1120359469
1142251647
1143958386
1147426400
1138467476
-1003505373
1134406080
-1014225301
-1004795260
-1014426896
-1008025298
1133873549
1129454410
-1000013315
-1004268380
-1004062817
1142418946
1115230257
1125086194
1139991198
-1000905013
1112517747
1142157638
-1005506330
-1000153797
-1030046983
-1004688717
-1003360770
1143305750
1148724109
1145651520
-1000581078
-1027988855
-1003595713
1148751804
1134199188
1124829603
1148758307
-1011120536
1143383192
-1003753940
1143332710
1101337597
-1029158501
1054175098
1062887175
1069975233
-1085526286
1069147138
-1085732947
-1096332841
-1092333734
1069482025
-1077447938
-1094350607
-1073870177
1069011665
-1126282614
1017492041
1044370579
1062053971
-1106711457
-1085377945
-1078727307
-1086216929
1065434534
1071982416
1042375992
1049150990
-1086414023
1057955749
1072518087
-1088144454
1068845691
1037051414
1051957170
-1075112481
1045608943
-1099723300
1058517921
1063261629
-1099325138
-1095167304
-1089371536
1055627754
-1080255414
1073201550
1066913647
1068875541
1065375348
1066162808
1067873066
-1085043416
1042452988
1047795433
-1084398038
1057391479
1068685858
-1075008358
-1074642170
-1103135881
-1079003188
1064488042
-1096661391
-1089984992
1059851735
1044969814
1065463347
1070642123
1073193558
-1080161064
-1077235505
1067594748
-1075419290
1063274771
1066670288
-1075688756
1054412236
-1089378961
-1074765195
1059159340
-1123152067
-1084709002
-1104351521
-1089492598
-1120046751
-1078570130
-1076995743
1073411547
-1083972165
-1077473309
1058357348
-1079946803
1067545814
-1078786881
-1087277775
-1084554480
-1077558056
1057659030
1039118181
1143924141
1133889292
1129365596
1145447891
1131418859
1139952744
1143915646
1138657298
1146238733
1142685999
1127862599
1143056992
1141914041
1145912819
1143773830
1143542402
1145305085
1114229067
1136313584
1139901969
1144183419
1142966695
1143685736
1144682379
1116351055
1128045408
1123923003
1120013197
1135074474
1136792354
1147806650
TLAST
1126993982
2415853571
1144232755
-1018544234
1143166834
1122447268
-1011472222
-1018453913
-1016223262
1138418661
1141667461
-1007138214
1145480054
1146101372
-1007615795
1118628722
1145047990
1116141210
-1009636088
-1001659388
1143996857
1137826994
1141954841
1143300823
1146120761
1134764050
-1020669985
-1008185077
1133208133
-999132090
-1003462267
1141994057
-1007032801
1148318152
-999552050
1148315521
1148348102
1134095384
-1004729213
1147493617
1148106387
-1003617674
-1001603237
1146782804
-1005489432
-1000914840
1137532592
-1001340820
1142277704
1134144811
1134239626
-998747497
-1014079958
-1006133448
-1020747346
1075579803
-1010474326
-1014292246
1130384623
-1008092397
1138624454
1116775549
-1001947342
1144905113
-1004058537
1144873866
1146188353
1136531391
1142665762
-1005565581
1135649441
-1054793882
-1007523568
-1036994440
-1028558832
1145744755
-1022320681
-1026601183
1144719055
-1033237577
1141032463
1109971226
-1020499584
1143289348
-1002052612
-1006117083
1144059918
-1019500157
1148492872
1130896044
1121232630
1132011691
-1002290430
-1006493646
1147905952
-1034658971
-1004914733
1146644138
-1087439349
-1087723712
-1095552850
1049027500
1043091190
-1113735900
-1102327530
1073442760
-1088233600
1057221260
-1083793144
-1091013129
1073541455
1071493908
1064871665
-1079986032
-1074222689
1044353773
1048597457
-1081263287
-1076860846
-1095443177
1040808294
-1092728439
-1074439079
1070888500
1070445362
-1093288101
1061578591
1050003764
1071599117
-1080663076
-1104140501
-1078448102
-1095555501
1048640341
1064220972
1065696106
-1075791727
-1089524249
-1082593868
1070338476
-1080338311
-1126834035
-1083528209
1066296442
1072830699
1057896013
1066259815
-1077747536
-1094418020
-1082758714
1067136691
-1083308173
1071400274
1054193919
-1081400808
1058755650
-1095626025
-1123179298
-1074176153
-1085398774
-1075986708
1065673891
1065408201
1072386586
-1087789058
1068541891
-1076960509
1062005756
1068327596
1072998451
-1080573906
-1093858560
1029024857
-1080741121
1067740403
1068292348
-1077712439
-1075641387
1051580036
1046414518
-1102117977
1071302955
1048939815
1053662471
1069653324
-1089456705
-1086113630
-1087922572
-1114124089
1042214106
-1087478033
1058614783
-1076608103
1067423854
1069129034
1146179784
1148034689
1142613281
1145606739
1123025334
1127733126
1143271888
1118245673
1141024102
1124105920
1132891563
1147821508
1146907043
1144205442
1137269754
1138587693
1135913826
1138447135
1140180638
1127299820
1124225102
1139074928
1103935529
1139218914
1132327877
1140374115
1138688449
1137593991
1125399675
1135608055
TLAST
1145178716
