2415853568
1.075654525756835938e+02
-9.689213867187500000e+02
8.977554321289062500e+02
-2.382442626953125000e+02
2.468728179931640625e+02
4.685805969238281250e+02
7.315110473632812500e+02
-9.057070312500000000e+02
2.509266357421875000e+02
7.731167602539062500e+02
-7.829160766601562500e+02
-6.039683837890625000e+02
1.350076904296875000e+02
6.524739379882812500e+02
-6.261320190429687500e+02
-4.905013732910156250e+02
-9.366777954101562500e+02
6.780885620117187500e+02
-2.717779541015625000e+02
-1.822619628906250000e+02
7.467837524414062500e+02
-3.914038085937500000e+02
5.367606201171875000e+02
9.904840087890625000e+02
-6.991560668945312500e+02
-3.682977905273437500e+02
-2.366438446044921875e+02
-9.785806884765625000e+02
-2.709884338378906250e+02
-6.072592163085937500e+02
3.793959960937500000e+02
3.423851728439331055e-01
-5.686565551757812500e+02
1.433524017333984375e+02
-9.455383300781250000e+02
4.696977844238281250e+02
8.986443481445312500e+02
2.267654113769531250e+02
4.243656616210937500e+02
-4.512261352539062500e+02
-6.589918212890625000e+02
8.227292480468750000e+02
8.718187255859375000e+02
-4.070669555664062500e+01
-2.027957916259765625e+02
6.374884033203125000e+02
-2.011505584716796875e+02
-7.708267211914062500e+02
1.492547302246093750e+02
-4.713758544921875000e+02
-9.772421264648437500e+02
7.369653320312500000e+02
-4.397194824218750000e+02
-5.521173706054687500e+02
-5.912050170898437500e+02
6.159497070312500000e+02
7.070021972656250000e+02
-6.637743530273437500e+02
-3.015372009277343750e+02
-6.571203002929687500e+02
2.003847122192382812e+01
2.575598449707031250e+02
5.692804565429687500e+02
5.472656860351562500e+02
-4.448817138671875000e+02
5.895495605468750000e+02
5.845009765625000000e+02
8.529400634765625000e+02
-2.012069396972656250e+02
-6.353236083984375000e+02
7.567265014648437500e+02
-1.334622650146484375e+02
-7.708217163085937500e+02
-9.272121429443359375e+01
-8.697611083984375000e+02
4.828244628906250000e+02
4.226618957519531250e+02
-2.691868286132812500e+02
-5.497091674804687500e+02
2.426820983886718750e+02
-2.872206726074218750e+02
-5.748242187500000000e+02
5.682060546875000000e+02
6.662207031250000000e+02
6.040026855468750000e+01
-9.473900604248046875e+01
-2.631265258789062500e+02
-5.240665893554687500e+02
4.610173950195312500e+02
-6.669405364990234375e+01
-5.180619506835937500e+02
-4.990949707031250000e+02
-3.017493591308593750e+02
-8.585383911132812500e+02
-5.618702392578125000e+02
-8.281862792968750000e+02
-1.130947351455688477e+00
-1.535309910774230957e+00
1.141776680946350098e+00
-6.872994303703308105e-01
-5.807633996009826660e-01
1.348848581314086914e+00
-1.726987481117248535e+00
-1.809900283813476562e+00
-9.385891556739807129e-01
1.141735911369323730e+00
2.442156821489334106e-01
1.223001360893249512e+00
-3.086779117584228516e-01
8.128708600997924805e-02
4.453865066170692444e-02
1.076476931571960449e+00
-1.640070915222167969e+00
-6.393210887908935547e-01
1.414916992187500000e+00
5.612521767616271973e-01
-8.038504123687744141e-01
-1.868958234786987305e+00
-8.012611865997314453e-01
-8.789945244789123535e-01
5.930008888244628906e-01
1.742711901664733887e+00
2.423487603664398193e-01
-1.855712294578552246e+00
2.106798291206359863e-01
1.037822961807250977e+00
8.527548313140869141e-01
-1.451836228370666504e+00
1.133138895034790039e+00
-1.859206080436706543e+00
-8.935782313346862793e-01
1.773987412452697754e+00
-1.169308066368103027e+00
1.212586522102355957e+00
1.575188159942626953e+00
1.484851956367492676e+00
-1.640554308891296387e+00
-3.010347187519073486e-01
-2.641055881977081299e-01
9.712368845939636230e-01
8.190051913261413574e-01
-2.326022088527679443e-01
-8.492712378501892090e-01
-1.381335556507110596e-01
-2.099711894989013672e-01
5.419517159461975098e-01
-1.262267947196960449e+00
1.403167009353637695e+00
-1.803763747215270996e+00
-7.215046882629394531e-02
9.246788620948791504e-01
-1.817260384559631348e+00
1.751473069190979004e+00
7.753416895866394043e-01
-7.256670594215393066e-01
-1.780373334884643555e+00
-1.738988518714904785e+00
1.499180197715759277e+00
8.904689550399780273e-01
1.117186307907104492e+00
5.173352956771850586e-01
1.962888717651367188e+00
-1.549828529357910156e+00
1.645095348358154297e-01
-1.433362245559692383e+00
5.602598786354064941e-01
1.632767319679260254e-01
-1.830294609069824219e+00
-1.487004399299621582e+00
1.931384563446044922e+00
4.530685395002365112e-02
1.449501872062683105e+00
-1.445672035217285156e+00
-1.769723534584045410e+00
1.686485528945922852e+00
-3.950969278812408447e-01
1.410103559494018555e+00
-1.625754237174987793e+00
2.994854748249053955e-01
-1.673711895942687988e+00
7.512987852096557617e-01
6.032983306795358658e-03
-4.087986648082733154e-01
9.830258488655090332e-01
1.046297669410705566e+00
-8.203189373016357422e-01
-3.737135827541351318e-01
7.250662893056869507e-02
8.941438794136047363e-01
-1.109595179557800293e+00
-1.273522138595581055e+00
-4.098417460918426514e-01
3.158921508789062500e+02
2.356500244140625000e+02
9.329852905273437500e+02
7.987126464843750000e+02
3.434582824707031250e+02
4.498338623046875000e+02
1.011100006103515625e+02
5.893796386718750000e+02
7.289064941406250000e+02
2.279527893066406250e+02
4.420153503417968750e+02
6.748475952148437500e+02
4.426435241699218750e+02
5.505454711914062500e+02
1.948492584228515625e+02
7.949981689453125000e+02
1.096126632690429688e+02
4.707147216796875000e+02
2.911161193847656250e+02
1.053898620605468750e+02
8.555429687500000000e+02
2.001963500976562500e+02
4.692677917480468750e+02
6.127589111328125000e+02
2.696122131347656250e+02
4.796636352539062500e+02
5.304688720703125000e+02
4.448168640136718750e+02
3.631586608886718750e+02
2.560214233398437500e+02
9.061734008789062500e+02
TLAST
5.094801025390625000e+02
2415853569
9.930196533203125000e+02
7.497725219726562500e+02
-1.542535552978515625e+02
7.422332153320312500e+02
2.368562774658203125e+02
-2.414692382812500000e+02
-2.173508644104003906e+01
-5.044101257324218750e+02
3.747382202148437500e+02
8.965941772460937500e+02
8.883206787109375000e+02
3.980436706542968750e+02
-5.053018188476562500e+02
7.213309936523437500e+02
6.964552001953125000e+02
-2.936546630859375000e+02
4.929352111816406250e+02
6.975783691406250000e+02
-3.415022583007812500e+02
7.699227294921875000e+02
-5.990811767578125000e+02
-1.403271484375000000e+02
-7.296245727539062500e+02
7.368149414062500000e+02
4.898962783813476562e+01
2.743560791015625000e+02
3.286537780761718750e+02
9.791129760742187500e+02
1.281720275878906250e+02
-6.017592773437500000e+02
-4.272867431640625000e+02
-4.511886596679687500e+02
-8.234653930664062500e+02
-5.860932617187500000e+02
-3.166276931762695312e+01
-3.202796630859375000e+02
9.057203369140625000e+02
5.532449340820312500e+02
-3.388987426757812500e+02
4.389576110839843750e+02
9.937161254882812500e+02
3.830214538574218750e+02
-7.364586181640625000e+02
-6.057757186889648438e+01
2.749309692382812500e+02
-6.609586181640625000e+02
7.980026855468750000e+02
-2.297586517333984375e+02
6.317176513671875000e+02
-6.340408325195312500e+02
-7.268125610351562500e+02
-9.075226440429687500e+02
3.945201721191406250e+02
-1.926953887939453125e+02
6.790678100585937500e+02
-9.175952148437500000e+02
5.150667114257812500e+02
-4.756296691894531250e+02
1.869895629882812500e+02
-4.013290405273437500e+02
9.147076416015625000e+02
5.880433349609375000e+02
9.670916748046875000e+02
1.779578552246093750e+02
9.800626831054687500e+02
8.054483642578125000e+02
-3.889709167480468750e+02
9.947788085937500000e+02
8.984980468750000000e+02
-3.722099304199218750e+01
4.533023681640625000e+02
7.129676513671875000e+02
9.336284637451171875e+01
-7.952007446289062500e+02
5.894771728515625000e+02
8.365439453125000000e+02
8.817968139648437500e+02
4.793849792480468750e+02
9.637061767578125000e+02
1.903842773437500000e+02
1.589158935546875000e+02
3.189279174804687500e+02
7.098126220703125000e+02
7.152874755859375000e+02
-1.162040710449218750e+02
-4.698897399902343750e+02
8.126398925781250000e+02
7.589932861328125000e+02
-9.052504882812500000e+02
2.577318725585937500e+02
-7.004476318359375000e+02
-5.134439086914062500e+02
3.385303344726562500e+02
5.347998657226562500e+02
-9.897745971679687500e+02
-6.292381591796875000e+02
1.647478699684143066e+00
1.415691256523132324e+00
7.541971206665039062e-01
-1.539364814758300781e+00
-8.076190948486328125e-01
-9.710071682929992676e-01
1.085786700248718262e+00
1.146992206573486328e+00
7.953287959098815918e-01
-1.817026376724243164e+00
-1.995217442512512207e+00
4.748913347721099854e-01
1.175832152366638184e+00
-1.986061930656433105e+00
-1.331344604492187500e+00
-1.157972931861877441e+00
1.300674557685852051e+00
-1.775304526090621948e-01
1.862382888793945312e+00
-7.172272205352783203e-01
-1.633477568626403809e+00
3.650927841663360596e-01
2.584927976131439209e-01
-1.742674261331558228e-01
9.312863945960998535e-01
1.634412884712219238e+00
1.691081643104553223e+00
7.827224135398864746e-01
-9.485450387001037598e-01
1.838202476501464844e+00
5.270446538925170898e-01
3.102663755416870117e-01
-1.214403748512268066e+00
6.341225504875183105e-01
9.154615402221679688e-01
-3.316547572612762451e-01
1.089851140975952148e+00
-1.713026881217956543e+00
-7.543866634368896484e-01
4.514415860176086426e-01
-1.450227260589599609e+00
-1.252726912498474121e+00
-3.865743577480316162e-01
8.172959089279174805e-01
8.870325684547424316e-01
-7.503845691680908203e-01
-5.997784733772277832e-01
6.883390545845031738e-01
-5.762313604354858398e-01
-5.052987933158874512e-01
1.974513173103332520e+00
6.689417958259582520e-01
-1.564824700355529785e+00
1.961517691612243652e+00
6.528425216674804688e-01
3.759900033473968506e-01
-1.164496183395385742e+00
-8.932243287563323975e-02
-3.440822064876556396e-01
-3.064371347427368164e-01
-1.502229809761047363e+00
-1.290719032287597656e+00
2.747527956962585449e-01
4.659970998764038086e-01
-1.475352406501770020e+00
-1.221457839012145996e+00
3.053985834121704102e-01
4.033816158771514893e-01
-6.955680847167968750e-01
3.795408904552459717e-01
-1.378460407257080078e+00
-3.274522125720977783e-01
1.143585443496704102e+00
-9.211761951446533203e-01
-1.938812494277954102e+00
-4.853386580944061279e-01
-2.568792402744293213e-01
-1.183385729789733887e+00
-1.511122584342956543e+00
-1.941762804985046387e+00
1.813184499740600586e+00
-1.360424399375915527e+00
3.126792907714843750e-01
9.632858633995056152e-01
-1.195979788899421692e-01
1.329330205917358398e+00
-1.250950574874877930e+00
1.767645120620727539e+00
-2.734515666961669922e-01
1.828218340873718262e+00
1.572826981544494629e+00
1.197708845138549805e+00
1.174855709075927734e+00
-7.569156289100646973e-01
-5.567477345466613770e-01
-1.502577066421508789e-01
7.013419189453125000e+02
5.340145874023437500e+02
2.860622863769531250e+02
4.786447143554687500e+02
8.232138671875000000e+02
8.759929199218750000e+02
9.407954101562500000e+02
2.159161987304687500e+02
3.452155456542968750e+02
1.189479446411132812e+02
9.882552490234375000e+02
6.310114135742187500e+02
7.048748779296875000e+02
4.307379455566406250e+02
2.435507354736328125e+02
3.872291259765625000e+02
2.886883544921875000e+02
5.324039916992187500e+02
8.162209472656250000e+02
8.317835693359375000e+02
2.862202148437500000e+02
1.775820770263671875e+02
7.231259155273437500e+02
4.170265197753906250e+02
1.819515838623046875e+02
6.043469238281250000e+02
1.125354690551757812e+02
9.551760864257812500e+01
1.205119800567626953e+01
2.070866546630859375e+02
4.790082397460937500e+02
TLAST
1.623096008300781250e+02
2415853570
4.961178894042968750e+02
5.403409423828125000e+02
4.286623535156250000e+02
7.135330963134765625e+01
-6.746829833984375000e+02
6.062786865234375000e+02
-2.668005371093750000e+02
-6.742260131835937500e+02
3.132364807128906250e+02
-8.716386718750000000e+02
-7.510634765625000000e+02
5.045894470214843750e+02
6.219633789062500000e+02
4.833307189941406250e+02
5.335561523437500000e+02
-7.391249389648437500e+02
-6.805502319335937500e+02
9.497666931152343750e+01
-8.357760009765625000e+02
-7.489656372070312500e+02
-8.983562622070312500e+02
9.500162353515625000e+02
-6.708614501953125000e+02
3.692408752441406250e+02
-7.203135986328125000e+02
-6.160144042968750000e+02
2.736356811523437500e+02
2.972992553710937500e+02
5.476042938232421875e+01
-8.361289062500000000e+02
2.026931915283203125e+02
-2.815183410644531250e+02
7.846282196044921875e+01
9.965185546875000000e+02
4.932679443359375000e+02
-4.237545776367187500e+02
-5.402314453125000000e+02
-5.065292358398437500e+02
7.906102294921875000e+02
-3.579887695312500000e+02
8.510350952148437500e+02
3.182045593261718750e+02
5.147771606445312500e+02
3.324278259277343750e+02
8.068705444335937500e+02
8.510153808593750000e+02
-6.740686035156250000e+02
-5.092477111816406250e+02
5.899306030273437500e+02
-1.447892303466796875e+02
9.965243530273437500e+02
-4.538653259277343750e+02
7.548983001708984375e+01
4.207571105957031250e+02
2.332294616699218750e+02
-7.295304565429687500e+02
5.117035217285156250e+02
3.923612365722656250e+02
9.521184082031250000e+02
-5.303757095336914062e+01
-7.583411254882812500e+02
2.769049377441406250e+02
9.332510375976562500e+02
-5.035054016113281250e+02
5.153998413085937500e+02
5.132131576538085938e+01
4.824679260253906250e+02
-3.109204101562500000e+02
-8.846300048828125000e+02
5.459139404296875000e+02
-5.639410400390625000e+02
5.462354736328125000e+02
9.418293457031250000e+02
6.520126953125000000e+02
-5.469069824218750000e+02
2.421903686523437500e+02
3.328282165527343750e+02
6.912033081054687500e+02
-4.552613220214843750e+02
7.525974731445312500e+02
6.692857666015625000e+02
3.068672180175781250e+02
1.812408905029296875e+02
-9.445285797119140625e+01
-8.641708374023437500e+02
-7.708277130126953125e+01
-8.899247436523437500e+02
9.005169067382812500e+02
-6.360626220703125000e+02
-4.918210449218750000e+02
5.080500183105468750e+02
6.187610473632812500e+02
-5.301514282226562500e+02
5.527296752929687500e+02
5.885658569335937500e+02
-1.182839584350585938e+02
9.046954512596130371e-01
-1.689965844154357910e+00
1.110771417617797852e+00
1.953904628753662109e+00
1.389281034469604492e+00
1.451610475778579712e-01
3.421603739261627197e-01
1.635290265083312988e+00
1.567928671836853027e+00
1.849343538284301758e+00
-1.538548111915588379e+00
5.283537507057189941e-01
9.015445709228515625e-01
1.650824785232543945e+00
1.115156769752502441e+00
1.443071365356445312e+00
1.584216475486755371e+00
2.203282713890075684e-01
-1.212907195091247559e+00
-4.036486148834228516e-01
-7.909142374992370605e-01
1.443265438079833984e+00
-1.180189371109008789e+00
-8.406581878662109375e-01
1.929821491241455078e+00
4.226166307926177979e-01
1.112963318824768066e+00
9.736036658287048340e-01
-3.073753602802753448e-02
1.055324316024780273e+00
1.780186295509338379e+00
-6.781800389289855957e-01
2.170960903167724609e-01
-4.362501800060272217e-01
-1.411836981773376465e+00
-1.115787744522094727e+00
3.054252564907073975e-01
1.598127484321594238e+00
-2.760834395885467529e-01
-1.970708012580871582e+00
-1.102277755737304688e+00
-1.818748950958251953e+00
-8.905929327011108398e-01
4.961274266242980957e-01
-2.382562607526779175e-01
8.096629381179809570e-01
1.847254872322082520e+00
-1.888739943504333496e+00
-1.367273688316345215e+00
1.367305397987365723e+00
-1.475708961486816406e+00
8.578157424926757812e-01
7.179625034332275391e-01
-1.865268468856811523e+00
7.153983116149902344e-01
-2.244800329208374023e-01
-4.666278064250946045e-01
1.452220201492309570e+00
-1.699894189834594727e+00
1.733523964881896973e+00
-7.356795072555541992e-01
1.416820645332336426e+00
-1.193985581398010254e+00
3.024654388427734375e-01
8.067426681518554688e-01
-3.815979361534118652e-01
1.490978956222534180e+00
1.396147370338439941e+00
-1.237631440162658691e+00
-1.458794474601745605e+00
-1.346123695373535156e+00
-6.814821809530258179e-02
-1.363361477851867676e+00
-1.995469450950622559e+00
1.055986404418945312e+00
1.796908140182495117e+00
1.792786419391632080e-01
1.910164833068847656e+00
8.134017586708068848e-01
1.760150790214538574e+00
-4.843322336673736572e-01
9.650721400976181030e-02
1.120809316635131836e+00
1.366901278495788574e+00
7.313152551651000977e-01
-3.310866653919219971e-01
-1.086360692977905273e+00
1.497892856597900391e+00
-9.997216463088989258e-01
-6.525359749794006348e-01
-1.767594933509826660e+00
-1.312023252248764038e-01
9.837363958358764648e-01
5.594653487205505371e-01
5.040373206138610840e-01
9.494833946228027344e-01
6.868755340576171875e+01
4.925114746093750000e+02
9.031454467773437500e+02
1.150089454650878906e+01
2.280781860351562500e+02
9.013201293945312500e+02
6.342387695312500000e+02
8.304730224609375000e+02
9.093094482421875000e+02
2.187468109130859375e+02
7.395346069335937500e+02
2.610164184570312500e+02
9.384310302734375000e+02
9.571495361328125000e+02
1.602124023437500000e+02
8.122540893554687500e+02
4.712967681884765625e+01
5.994000854492187500e+02
4.819288940429687500e+02
5.995792236328125000e+02
7.599185791015625000e+02
8.700257568359375000e+02
5.030214233398437500e+02
7.366099548339843750e+01
9.137639770507812500e+02
6.078182983398437500e+01
7.944712524414062500e+02
1.212387924194335938e+02
9.026318969726562500e+02
6.344379272460937500e+02
3.101749572753906250e+02
TLAST
8.651444702148437500e+02
2415853571
8.909371337890625000e+02
-5.022124328613281250e+02
-2.102282409667968750e+02
-8.128121337890625000e+02
6.721098022460937500e+02
-1.557055053710937500e+02
7.072380981445312500e+02
-4.714089965820312500e+02
-7.105665283203125000e+02
1.182881240844726562e+02
-3.536821899414062500e+02
3.179895019531250000e+02
-3.087180137634277344e+01
7.614571533203125000e+02
8.884878540039062500e+02
4.616340637207031250e+02
-8.890029907226562500e+02
-1.380745849609375000e+02
-6.732937011718750000e+02
3.593448181152343750e+02
-8.150579223632812500e+02
5.850496215820312500e+02
2.191162872314453125e+02
-1.823905487060546875e+02
1.767274932861328125e+02
-5.173483276367187500e+02
-1.466531562805175781e+01
-3.613555603027343750e+02
5.327596435546875000e+02
6.008105468750000000e+02
-4.807020263671875000e+02
3.795167236328125000e+02
4.296755676269531250e+02
-9.326062622070312500e+02
2.034283294677734375e+02
7.857703857421875000e+02
6.118527221679687500e+01
2.474865570068359375e+02
-9.358092041015625000e+02
8.652397460937500000e+02
-3.617030334472656250e+02
-6.673529052734375000e+02
-3.453269653320312500e+02
1.857866058349609375e+02
-1.445695190429687500e+02
5.005348205566406250e+01
-7.904402465820312500e+02
2.897008056640625000e+02
2.459389495849609375e+02
7.114132690429687500e+02
8.852963256835937500e+02
9.785598144531250000e+02
-8.138520507812500000e+02
-2.323432159423828125e+02
-8.948680114746093750e+01
-8.703325805664062500e+02
4.857165527343750000e+02
-4.515199279785156250e+02
-4.575447998046875000e+02
3.617766113281250000e+02
-1.806866912841796875e+02
-2.040104827880859375e+02
3.521464233398437500e+02
-6.511456909179687500e+02
-6.547244262695312500e+02
-3.603761901855468750e+02
3.675639648437500000e+02
-3.569435729980468750e+02
4.142988586425781250e+02
-9.775665283203125000e+02
-7.759124755859375000e+02
-3.841088104248046875e+01
2.482661056518554688e+01
-9.096939697265625000e+02
1.638982543945312500e+02
3.727238845825195312e+01
6.957293090820312500e+02
-4.825889282226562500e+02
-6.918426513671875000e+02
3.061950988769531250e+02
4.029771728515625000e+02
-4.564496765136718750e+02
-9.460709838867187500e+02
-3.770742492675781250e+02
-3.688374328613281250e+01
2.577846069335937500e+02
-2.544044799804687500e+02
1.251824493408203125e+02
-1.393935585021972656e+01
-1.673839416503906250e+02
6.232776489257812500e+02
-4.962087097167968750e+02
9.421215057373046875e+01
-7.594686889648437500e+02
-9.188682861328125000e+02
-4.529377441406250000e+02
-2.672908604145050049e-01
1.386698603630065918e+00
1.491623997688293457e+00
1.853379726409912109e+00
1.468088388442993164e+00
1.385022550821304321e-01
1.620358467102050781e+00
-1.545129179954528809e+00
-1.054813742637634277e+00
-1.712856769561767578e+00
1.679490804672241211e+00
1.720279455184936523e+00
1.126111984252929688e+00
-6.089532971382141113e-01
-9.099803566932678223e-01
-1.705988049507141113e+00
1.589068055152893066e+00
-1.905553460121154785e+00
-1.646200895309448242e+00
7.754251956939697266e-01
1.686090111732482910e+00
-1.983552932739257812e+00
1.441191911697387695e+00
1.475651025772094727e+00
1.039869427680969238e+00
-1.577938675880432129e+00
6.271313130855560303e-02
-1.239522099494934082e+00
-7.576026320457458496e-01
1.503017544746398926e+00
-1.780946135520935059e+00
-2.921718358993530273e-02
1.876673102378845215e+00
1.407299757003784180e+00
1.926758527755737305e+00
-5.111823678016662598e-01
4.988751709461212158e-01
8.351137042045593262e-01
7.583211362361907959e-02
1.965338885784149170e-01
1.460117936134338379e+00
-1.254104137420654297e+00
-1.479638099670410156e+00
3.371425569057464600e-01
1.252122402191162109e+00
1.078950762748718262e+00
3.992545604705810547e-01
1.694806694984436035e+00
-9.054512977600097656e-01
-5.957723259925842285e-01
2.008281797170639038e-01
1.079209923744201660e+00
7.286417484283447266e-01
1.350029468536376953e+00
-1.546987533569335938e+00
-1.765193343162536621e+00
-9.074839353561401367e-01
3.487569047138094902e-03
1.187548279762268066e+00
-1.484160125255584717e-01
1.567736029624938965e+00
-1.714063882827758789e+00
4.017126858234405518e-01
1.448338508605957031e+00
3.067660927772521973e-01
-1.899762392044067383e+00
-1.841450452804565430e+00
-1.606109619140625000e+00
-1.080713033676147461e+00
-9.159037470817565918e-01
3.262147307395935059e-01
-8.039448261260986328e-01
8.015748262405395508e-01
-1.184799432754516602e+00
1.355048418045043945e+00
7.273828387260437012e-01
1.467458307743072510e-01
6.722865998744964600e-02
-8.071921467781066895e-01
1.614227294921875000e+00
1.118213772773742676e+00
7.099673151969909668e-01
-1.833707094192504883e+00
-1.091131806373596191e+00
-1.794689655303955078e+00
-1.519214153289794922e+00
-9.952486753463745117e-01
-1.699964165687561035e+00
5.696411132812500000e-01
-1.952306270599365234e+00
-9.129928350448608398e-01
1.624037384986877441e+00
-9.687983393669128418e-01
-7.245004177093505859e-01
-1.146219134330749512e+00
1.584241986274719238e+00
1.803905792236328125e+02
2.155682373046875000e+02
3.258908386230468750e+02
4.138350524902343750e+02
2.186717681884765625e+02
9.197103881835937500e+02
4.404122619628906250e+02
9.518259277343750000e+02
2.532509460449218750e+02
4.685526733398437500e+02
8.016018066406250000e+02
9.893352050781250000e+02
4.497421264648437500e+02
4.700095825195312500e+02
9.406689453125000000e+02
4.322029724121093750e+02
4.404447937011718750e+02
9.531483154296875000e+02
4.968880004882812500e+02
1.262326507568359375e+02
9.414564819335937500e+02
5.014757995605468750e+02
3.607062988281250000e+02
9.006979370117187500e+02
1.714076232910156250e+01
9.476249389648437500e+02
8.750644683837890625e+01
7.549971008300781250e+01
9.422592773437500000e+02
4.779660034179687500e+02
1.797057037353515625e+02
TLAST
9.822646484375000000e+02
