2415853568
-1.016225891113281250e+02
-6.285743408203125000e+02
-3.769625244140625000e+02
-8.931954345703125000e+02
7.396397094726562500e+02
6.661613769531250000e+02
4.077287292480468750e+02
-5.826636352539062500e+02
-8.045580444335937500e+02
7.224945068359375000e+02
9.014050903320312500e+02
-7.405653686523437500e+02
-8.823504028320312500e+02
-2.055400238037109375e+02
-9.083485717773437500e+02
5.942412719726562500e+02
-9.697922973632812500e+02
3.100138549804687500e+02
-1.033861465454101562e+02
-9.758364868164062500e+02
8.504720458984375000e+02
6.138692474365234375e+01
4.426350402832031250e+02
-9.593848266601562500e+02
2.367889251708984375e+02
-5.157019653320312500e+02
-1.898837890625000000e+02
-2.576913146972656250e+02
8.436148681640625000e+02
-1.978773040771484375e+02
-7.730708618164062500e+02
9.852081909179687500e+02
3.192483825683593750e+02
6.720824584960937500e+02
4.582825622558593750e+02
9.970578613281250000e+02
-3.989830322265625000e+02
-8.920499267578125000e+02
-7.117194824218750000e+02
4.500914916992187500e+02
-7.583662414550781250e+01
2.391198348999023438e+01
1.682511749267578125e+02
7.960169067382812500e+02
-7.316896362304687500e+02
5.198760223388671875e+01
7.236759948730468750e+01
4.026367797851562500e+02
-5.110451889038085938e+01
-4.572471008300781250e+02
6.959198760986328125e+01
-7.941792602539062500e+02
-8.861380615234375000e+02
-7.627655639648437500e+02
-8.116817626953125000e+02
9.643515625000000000e+02
9.332813720703125000e+02
-1.489072723388671875e+02
1.288868408203125000e+02
-9.678729858398437500e+02
9.666990966796875000e+02
7.350462646484375000e+02
-6.047913818359375000e+02
5.623278808593750000e+02
4.814787902832031250e+02
-4.186280059814453125e+01
6.661127319335937500e+02
-5.192966918945312500e+02
-7.131566772460937500e+02
-3.011217651367187500e+02
4.253342056274414062e+01
1.835664367675781250e+02
7.518385620117187500e+02
3.022587890625000000e+02
-9.926102905273437500e+02
5.137042236328125000e+02
-2.602649536132812500e+02
6.944887695312500000e+02
1.120063934326171875e+02
-6.383095703125000000e+02
-3.971265258789062500e+02
-1.502319793701171875e+02
-9.496256828308105469e+00
7.815730590820312500e+02
8.329116210937500000e+02
-1.696213684082031250e+02
6.595249023437500000e+02
-6.038013916015625000e+02
-6.575498657226562500e+02
-3.991010131835937500e+02
7.355895385742187500e+02
6.981837768554687500e+02
-6.631744384765625000e+02
3.613961791992187500e+02
-2.352067260742187500e+02
-5.951682739257812500e+02
-1.893823623657226562e+00
-5.649894475936889648e-01
1.057931184768676758e+00
1.331025600433349609e+00
1.517685651779174805e+00
1.257006168365478516e+00
1.978542923927307129e+00
1.927668333053588867e+00
-3.833926022052764893e-01
-1.637513279914855957e+00
-1.953031301498413086e+00
-1.877192258834838867e+00
-1.928806900978088379e+00
1.750806570053100586e+00
1.674485206604003906e-01
-4.095591306686401367e-01
1.608769536018371582e+00
-1.803829073905944824e-01
1.988402128219604492e+00
-1.032866597175598145e+00
-1.338203191757202148e+00
8.994319438934326172e-01
1.229921460151672363e+00
1.527135252952575684e+00
-9.479682194069027901e-04
1.519879817962646484e+00
4.661806225776672363e-01
-7.622701525688171387e-01
1.096376061439514160e+00
1.941804289817810059e+00
1.614079833030700684e+00
-8.045070571824908257e-04
1.232192635536193848e+00
-1.074298024177551270e+00
-1.666597276926040649e-01
-8.661479353904724121e-01
-3.849456012248992920e-01
1.079181909561157227e+00
1.841457366943359375e+00
1.683593273162841797e+00
1.486157417297363281e+00
2.247778624296188354e-01
-1.773366093635559082e+00
2.453839033842086792e-01
8.618356585502624512e-01
9.289392828941345215e-01
-3.768874108791351318e-01
1.429890990257263184e+00
-2.113882750272750854e-01
-4.022341966629028320e-02
1.655119299888610840e+00
1.779801368713378906e+00
-1.835957169532775879e+00
1.407018303871154785e+00
-1.756480574607849121e+00
1.715317249298095703e+00
8.615561127662658691e-01
9.872211217880249023e-01
-1.000914335250854492e+00
1.855936646461486816e+00
1.920651458203792572e-02
-1.673633217811584473e+00
3.280343115329742432e-01
-6.482071280479431152e-01
7.042551636695861816e-01
-1.227329373359680176e+00
6.949973106384277344e-01
-1.348198771476745605e+00
-1.597066879272460938e+00
6.007890105247497559e-01
1.053979754447937012e+00
-1.728664159774780273e+00
-6.983780264854431152e-01
-9.111325740814208984e-01
-6.403502821922302246e-01
-1.292294740676879883e+00
-1.819806337356567383e+00
7.723284959793090820e-01
-1.841155625879764557e-02
-1.834769725799560547e+00
6.355628967285156250e-01
-8.964626789093017578e-01
8.890259861946105957e-01
-1.046837806701660156e+00
9.220008254051208496e-01
-1.417822003364562988e+00
1.986274957656860352e+00
1.701210379600524902e+00
-6.293118000030517578e-01
-1.818517208099365234e+00
7.947875857353210449e-01
-1.001975163817405701e-01
-3.496029376983642578e-01
-1.349406003952026367e+00
-1.975758910179138184e+00
-1.155953049659729004e+00
5.573176879882812500e+02
4.666442260742187500e+02
2.314251251220703125e+02
6.615740966796875000e+02
1.171515083312988281e+01
8.125066528320312500e+02
9.258973388671875000e+02
3.318481445312500000e+02
3.936974182128906250e+02
7.914191894531250000e+02
5.641242675781250000e+02
5.097182617187500000e+02
1.044057006835937500e+02
6.888546752929687500e+02
3.730165100097656250e+02
9.956506958007812500e+02
6.102138061523437500e+02
9.709564208984375000e+02
5.409745483398437500e+02
6.141709594726562500e+02
6.060359497070312500e+02
3.127697448730468750e+02
2.966132545471191406e+01
3.696768798828125000e+02
3.005560607910156250e+02
9.199049072265625000e+02
7.666922607421875000e+02
4.301670227050781250e+02
5.091827011108398438e+01
1.551965637207031250e+02
8.234745483398437500e+02
TLAST
1.611891174316406250e+01
2415853569
-6.455992431640625000e+02
9.800979614257812500e+01
7.477108154296875000e+02
3.233042602539062500e+02
8.570775146484375000e+02
-4.781305694580078125e+01
4.662156066894531250e+02
9.758893432617187500e+02
-2.685592651367187500e+02
5.432600708007812500e+02
6.143905029296875000e+02
-6.859209594726562500e+02
7.455509033203125000e+02
9.497337646484375000e+02
-1.122823791503906250e+02
-2.644975891113281250e+02
1.859306793212890625e+02
4.443543090820312500e+02
6.801419067382812500e+02
8.630972900390625000e+02
-2.783118286132812500e+02
1.493887634277343750e+02
-9.460369873046875000e+02
-8.539252319335937500e+02
4.267882385253906250e+02
8.469290771484375000e+02
4.023948059082031250e+02
4.538873291015625000e+02
9.487764892578125000e+02
-6.489588928222656250e+01
-4.588762512207031250e+02
7.559235229492187500e+02
4.924127197265625000e+02
-6.600673217773437500e+02
-1.082511062622070312e+02
-9.854213256835937500e+02
4.560829162597656250e+02
-4.265475463867187500e+02
9.853665161132812500e+02
3.410563964843750000e+02
-5.337153320312500000e+02
3.826410217285156250e+02
1.062327651977539062e+02
-9.853942260742187500e+02
-2.720222167968750000e+02
-4.714413452148437500e+02
-1.485631561279296875e+02
7.016658935546875000e+02
9.406893920898437500e+02
-2.392836303710937500e+02
8.636376342773437500e+02
7.763545532226562500e+02
3.144411010742187500e+02
-6.619978637695312500e+02
-6.446646118164062500e+01
-9.768770751953125000e+02
5.566294479370117188e+01
-7.230719604492187500e+02
9.298452758789062500e+02
-5.758742675781250000e+02
6.564205322265625000e+02
2.447683868408203125e+02
1.735067291259765625e+02
3.349460144042968750e+02
2.587043151855468750e+02
6.332977294921875000e+02
-2.300024795532226562e+01
5.545651245117187500e+02
6.068142700195312500e+02
5.267044448852539062e+01
9.615574951171875000e+02
9.337982177734375000e+02
2.398618011474609375e+02
-1.179051132202148438e+02
-7.518053588867187500e+02
-6.517561035156250000e+02
-3.485932922363281250e+02
-7.617465820312500000e+02
4.762937316894531250e+02
3.869602050781250000e+02
8.275618896484375000e+02
-6.295363769531250000e+02
-9.398903808593750000e+02
9.709619750976562500e+02
-2.655446777343750000e+02
-9.122062377929687500e+02
1.406241760253906250e+02
-7.138815307617187500e+02
-9.966686401367187500e+02
4.209844360351562500e+02
3.107168579101562500e+02
-4.636031494140625000e+02
-5.529346923828125000e+02
-2.716528930664062500e+02
3.337095642089843750e+02
-1.871793556213378906e+01
-1.008127570152282715e+00
-1.901088953018188477e+00
-1.179096221923828125e+00
5.391917824745178223e-01
-9.240760207176208496e-01
-6.272296905517578125e-01
-1.602440953254699707e+00
4.451859891414642334e-01
8.913128376007080078e-01
-1.438889741897583008e+00
-4.819548726081848145e-01
-1.265865683555603027e+00
1.658762693405151367e+00
1.917161226272583008e+00
2.228029817342758179e-01
1.569057349115610123e-03
4.642989933490753174e-01
1.516017436981201172e+00
-1.131715893745422363e+00
1.867480017244815826e-02
-6.025390625000000000e-01
1.989581286907196045e-01
1.163593053817749023e+00
3.609757721424102783e-01
1.992864906787872314e-01
-4.440403580665588379e-01
1.636950254440307617e+00
-1.565113306045532227e+00
2.844695448875427246e-01
-1.495779633522033691e+00
4.074127674102783203e-01
3.914618573617190123e-04
-1.229667067527770996e+00
-1.592587590217590332e+00
1.960911631584167480e+00
1.223864912986755371e+00
5.345461964607238770e-01
4.271694719791412354e-01
-4.329155087471008301e-01
-1.809913039207458496e+00
-1.057051658630371094e+00
-1.546403646469116211e+00
1.075388073921203613e+00
-7.538303732872009277e-01
-8.258857727050781250e-01
6.971766352653503418e-01
-8.648645877838134766e-01
9.511182904243469238e-01
-5.323870778083801270e-01
-1.190803527832031250e+00
-1.265008807182312012e+00
-1.643208563327789307e-01
7.317101955413818359e-02
-6.496506333351135254e-01
1.399651765823364258e+00
-1.202922821044921875e+00
1.943278551101684570e+00
4.680174589157104492e-01
-1.909815669059753418e+00
-1.038494825363159180e+00
-1.436904311180114746e+00
-6.417171955108642578e-01
-1.320271611213684082e+00
-1.180909872055053711e+00
7.803115248680114746e-01
-1.937583804130554199e+00
-7.917091846466064453e-01
-1.748226284980773926e+00
-9.379014968872070312e-01
1.160418510437011719e+00
-1.019396305084228516e+00
-2.938593924045562744e-01
-3.265587687492370605e-01
1.097314596176147461e+00
1.310104489326477051e+00
2.228616625070571899e-01
-1.224334955215454102e+00
1.182896614074707031e+00
2.619307339191436768e-01
8.633993268013000488e-01
7.176003456115722656e-01
-1.569499969482421875e+00
9.158021807670593262e-01
7.347908616065979004e-01
6.347135305404663086e-01
-3.895340859889984131e-01
-1.872758746147155762e+00
1.189739346504211426e+00
1.151119947433471680e+00
1.117347717285156250e+00
-8.403113484382629395e-01
-1.951981544494628906e+00
-9.068339467048645020e-01
-3.116580843925476074e-01
1.292930126190185547e+00
-1.250885486602783203e+00
4.777964477539062500e+02
9.870256805419921875e+01
5.800257568359375000e+02
3.409443969726562500e+02
2.463937377929687500e+02
5.799270629882812500e+02
3.329506530761718750e+02
3.443001174926757812e+01
2.067139434814453125e+02
7.550820922851562500e+02
1.193530426025390625e+02
5.604432373046875000e+02
9.622613525390625000e+02
6.305962524414062500e+02
4.395200195312500000e+02
5.489588623046875000e+02
9.992327270507812500e+02
9.922368164062500000e+02
9.440555572509765625e+01
8.372671508789062500e+02
4.569407043457031250e+02
5.421087646484375000e+02
1.823629302978515625e+02
2.950197143554687500e+02
4.325715637207031250e+02
2.019533233642578125e+02
7.086497802734375000e+02
4.799316883087158203e+00
2.969996948242187500e+02
7.111751098632812500e+02
7.178223876953125000e+02
TLAST
4.627767944335937500e+02
2415853570
1.732154693603515625e+02
3.596074829101562500e+02
9.546920166015625000e+02
8.984172363281250000e+02
-4.148267517089843750e+02
4.317458190917968750e+02
5.916723022460937500e+02
9.965053558349609375e+01
-6.454708862304687500e+02
-3.526671142578125000e+02
5.398856201171875000e+02
1.953851509094238281e+01
-2.005357513427734375e+02
3.712541503906250000e+02
9.170798492431640625e+01
-1.534486694335937500e+02
3.607029724121093750e+02
1.173170700073242188e+02
8.081793823242187500e+02
-5.441038818359375000e+02
8.870338745117187500e+02
-3.758148574829101562e+01
1.061652069091796875e+02
-8.850305786132812500e+02
2.568208618164062500e+02
-9.079496459960937500e+02
-5.299437866210937500e+02
3.505320129394531250e+02
-8.607980346679687500e+02
9.846156616210937500e+02
-3.754546813964843750e+02
-9.767101440429687500e+02
8.437996826171875000e+02
1.259692687988281250e+02
7.943853759765625000e+02
2.932237548828125000e+02
8.061553344726562500e+02
1.588774108886718750e+02
-4.924924621582031250e+02
3.383452148437500000e+02
4.448359985351562500e+02
-1.584242248535156250e+02
8.569826660156250000e+02
4.824914245605468750e+02
-4.161803283691406250e+02
-5.000748901367187500e+02
6.429533691406250000e+02
-4.686254272460937500e+02
-8.259882812500000000e+02
-8.489709472656250000e+02
8.461098022460937500e+02
-7.535575561523437500e+02
-5.004394912719726562e+01
7.430407714843750000e+02
-7.232384643554687500e+02
-5.914536743164062500e+02
4.034786987304687500e+02
-4.517996826171875000e+02
-9.082407226562500000e+02
-9.317799682617187500e+02
-1.753618164062500000e+02
4.404756469726562500e+02
3.763407592773437500e+02
9.289335327148437500e+02
1.476676483154296875e+02
-8.305051879882812500e+02
-3.404878540039062500e+02
3.568644409179687500e+02
6.210031127929687500e+02
-7.777946777343750000e+02
-7.611329956054687500e+02
9.767019042968750000e+02
-3.647954177856445312e+01
3.932481079101562500e+02
2.421613464355468750e+02
-4.360746383666992188e+01
1.119568710327148438e+02
5.748678588867187500e+02
-8.602333374023437500e+02
-4.692292785644531250e+02
6.265402832031250000e+02
-6.887664184570312500e+02
-3.410711975097656250e+02
6.822320556640625000e+02
2.378213653564453125e+02
-5.597325439453125000e+02
-6.849695434570312500e+02
3.332651062011718750e+02
-5.675338745117187500e+02
-4.591057739257812500e+02
6.928971557617187500e+02
-7.008502807617187500e+02
-9.432058105468750000e+02
-2.986180725097656250e+02
6.778550415039062500e+02
-3.427723388671875000e+02
-6.372769474983215332e-01
-5.085347890853881836e-01
-1.739247202873229980e+00
-9.959521293640136719e-01
-1.896917343139648438e+00
-1.494405508041381836e+00
1.084410190582275391e+00
4.789445698261260986e-01
-5.127804279327392578e-01
-1.933623194694519043e+00
-9.866908937692642212e-02
5.907687544822692871e-01
-7.804045677185058594e-01
-1.014380812644958496e+00
7.923827767372131348e-01
-8.700737357139587402e-01
1.378417611122131348e+00
-1.388842344284057617e+00
-1.570380181074142456e-01
3.480052053928375244e-01
-4.296718239784240723e-01
4.308697953820228577e-02
3.510813117027282715e-01
6.574883460998535156e-01
4.909013211727142334e-01
6.547489166259765625e-01
1.113819956779479980e+00
-1.480293989181518555e+00
-2.016643881797790527e-01
-1.934785962104797363e+00
9.448177218437194824e-01
1.886423587799072266e+00
9.659971594810485840e-01
1.700095176696777344e+00
-1.673086166381835938e+00
1.900874614715576172e+00
-7.421050071716308594e-01
1.149091005325317383e+00
1.310924291610717773e+00
4.894025921821594238e-01
-5.881754681468009949e-02
-2.389786094427108765e-01
-6.316186189651489258e-01
-1.306948184967041016e+00
-7.858924269676208496e-01
1.458774566650390625e+00
1.113285899162292480e+00
-1.322427272796630859e+00
-1.786919534206390381e-01
-1.160365462303161621e+00
-4.948200881481170654e-01
8.019453287124633789e-01
7.060687541961669922e-01
-1.348203778266906738e+00
1.147657275199890137e+00
8.388835191726684570e-01
4.271210730075836182e-01
-1.340243339538574219e+00
-1.513430237770080566e+00
8.330781459808349609e-01
-7.561829090118408203e-01
-5.679398775100708008e-01
1.374061942100524902e+00
7.409124970436096191e-01
1.534630656242370605e+00
1.527471661567687988e+00
3.962425515055656433e-02
9.877087473869323730e-01
-9.647239446640014648e-01
1.898329138755798340e+00
-3.953850865364074707e-01
1.126607775688171387e+00
-3.521353304386138916e-01
1.475613236427307129e+00
8.790919780731201172e-01
-1.582472324371337891e+00
4.978068172931671143e-01
1.008907631039619446e-01
-1.458427906036376953e+00
1.239444494247436523e+00
-5.234071612358093262e-01
1.651508927345275879e+00
-1.316272139549255371e+00
1.409030675888061523e+00
-3.647754788398742676e-01
-1.418233036994934082e+00
1.202836871147155762e+00
-5.276690125465393066e-01
-7.612698078155517578e-01
2.773897945880889893e-01
3.392210900783538818e-01
-1.917795062065124512e+00
-1.700770020484924316e+00
-1.316538333892822266e+00
-1.263855695724487305e+00
7.422212362289428711e-01
4.367393188476562500e+02
3.203934020996093750e+02
2.222133483886718750e+02
6.697778320312500000e+02
4.635918273925781250e+02
9.412417602539062500e+02
8.643554077148437500e+02
3.755354614257812500e+02
1.396229248046875000e+02
1.065289306640625000e+02
2.214739227294921875e+02
8.012504882812500000e+02
9.326509399414062500e+02
6.155647583007812500e+02
9.631381835937500000e+02
6.530464477539062500e+02
2.859867858886718750e+02
3.266730651855468750e+02
3.454751281738281250e+02
8.403353881835937500e+01
5.519819946289062500e+02
7.235490722656250000e+02
1.902439422607421875e+02
9.100090942382812500e+02
5.222061767578125000e+02
7.361429443359375000e+02
7.613894653320312500e+02
8.446187133789062500e+02
3.248177795410156250e+02
8.227570800781250000e+02
4.507871704101562500e+02
TLAST
1.581862640380859375e+02
2415853571
-5.784224243164062500e+02
4.952258605957031250e+02
-6.703627014160156250e+01
2.565426635742187500e+02
-9.343118286132812500e+02
-3.227075500488281250e+02
7.424708862304687500e+02
3.250531616210937500e+02
-8.823355102539062500e+02
-9.677286529541015625e+01
-1.451176605224609375e+02
7.555712280273437500e+02
-2.677670288085937500e+02
-8.348876342773437500e+02
-5.146789550781250000e+02
-4.917539672851562500e+02
-7.981413574218750000e+02
8.247614135742187500e+02
7.110595092773437500e+02
6.952942504882812500e+02
-3.109005126953125000e+02
8.779007568359375000e+02
5.546513671875000000e+02
1.353769397735595703e+01
-5.527648315429687500e+02
5.999456787109375000e+02
-3.830815734863281250e+02
2.758965759277343750e+02
-5.003049011230468750e+02
-4.300923767089843750e+02
-9.478352050781250000e+02
-5.667639160156250000e+02
-6.148118286132812500e+02
-6.628489990234375000e+02
1.376471405029296875e+02
1.108651199340820312e+02
9.231265869140625000e+02
7.696526489257812500e+02
8.511303100585937500e+02
-6.536689453125000000e+02
4.329099731445312500e+02
9.867174682617187500e+02
2.610376281738281250e+02
9.393991699218750000e+02
6.813620758056640625e+01
8.913206176757812500e+02
3.689320068359375000e+02
2.905343627929687500e+02
-1.899093322753906250e+02
-2.335693359375000000e+02
-5.675164184570312500e+02
-5.266913223266601562e+01
-5.567500610351562500e+02
2.323629150390625000e+02
-5.241174316406250000e+02
-8.068832397460937500e+02
-7.853702392578125000e+02
7.719739990234375000e+02
8.607485961914062500e+02
-8.264478759765625000e+02
-1.351197967529296875e+02
-1.160752201080322266e+01
1.483186340332031250e+02
7.112434082031250000e+02
3.423968200683593750e+02
-5.889086532592773438e+01
1.816575164794921875e+02
-7.979622192382812500e+02
8.004624176025390625e+01
5.446232223510742188e+01
1.198551788330078125e+02
4.041954956054687500e+02
-7.921498413085937500e+02
1.653338241577148438e+01
9.047025756835937500e+02
-6.264376831054687500e+02
9.528154907226562500e+02
-2.261280059814453125e+02
-2.141691894531250000e+02
-3.054541625976562500e+02
-4.062831420898437500e+02
9.812944793701171875e+01
-7.624226074218750000e+02
9.686682128906250000e+02
-3.030070495605468750e+02
4.428106689453125000e+02
7.417327880859375000e+02
-9.709078979492187500e+02
5.303475341796875000e+02
4.812486572265625000e+02
-8.484445800781250000e+02
-4.841024398803710938e+01
-4.878131713867187500e+02
7.422135620117187500e+02
-7.272917175292968750e+01
9.021832275390625000e+02
1.250591397285461426e+00
1.631025552749633789e+00
-1.667187452316284180e+00
1.080536842346191406e+00
-1.585202217102050781e+00
1.832312226295471191e+00
-1.105438470840454102e+00
-1.102064013481140137e+00
1.991009712219238281e+00
1.377850055694580078e+00
-5.117410421371459961e-01
-1.863230824470520020e+00
1.166347622871398926e+00
1.269379854202270508e+00
4.675256088376045227e-02
-1.053120970726013184e+00
-1.006391882896423340e+00
1.185399174690246582e+00
-1.993574142456054688e+00
1.412841320037841797e+00
1.819981783628463745e-01
1.149230360984802246e+00
4.955196082592010498e-01
-1.927423834800720215e+00
-9.600830823183059692e-02
-1.327920556068420410e+00
-1.728032469749450684e+00
1.122901558876037598e+00
6.928883790969848633e-01
4.622484743595123291e-02
6.548899412155151367e-01
-1.880687952041625977e+00
-1.101858139038085938e+00
-1.680083870887756348e-01
-1.259838044643402100e-02
1.701559185981750488e+00
-1.887661218643188477e+00
3.296548426151275635e-01
-5.179018378257751465e-01
-1.180228948593139648e+00
-1.946380257606506348e+00
1.481402397155761719e+00
7.286282181739807129e-01
8.209236264228820801e-01
1.418332934379577637e+00
1.520915746688842773e+00
-1.791813969612121582e+00
1.158838987350463867e+00
-1.775085449218750000e+00
-1.263097763061523438e+00
-1.200195074081420898e+00
-8.599544167518615723e-01
1.867825508117675781e+00
-2.287631481885910034e-01
5.349099040031433105e-01
1.656205058097839355e+00
-1.458560228347778320e+00
6.628841161727905273e-01
-1.066060185432434082e+00
-1.175419211387634277e+00
-5.037199705839157104e-02
-8.968737125396728516e-01
-3.089260458946228027e-01
-1.146257281303405762e+00
1.801745295524597168e+00
-1.322883814573287964e-01
-1.811170101165771484e+00
1.407199025154113770e+00
-7.682612538337707520e-01
6.132722645998001099e-02
-1.496623635292053223e+00
7.285048961639404297e-01
2.082386016845703125e-01
-6.097186207771301270e-01
1.635663986206054688e+00
3.634911179542541504e-01
-1.137481808662414551e+00
1.341620683670043945e+00
-9.061546325683593750e-01
-2.329935133457183838e-01
-1.014556765556335449e+00
7.870217561721801758e-01
-4.954213201999664307e-01
1.221948191523551941e-01
1.148685932159423828e+00
1.789225101470947266e+00
1.267026305198669434e+00
-1.763685584068298340e+00
-9.897885322570800781e-01
-3.180058300495147705e-01
1.862913727760314941e+00
1.331292629241943359e+00
1.598271369934082031e+00
1.747571587562561035e+00
-6.692662239074707031e-01
6.950967311859130859e-01
6.173700561523437500e+02
8.697543334960937500e+02
7.837003784179687500e+02
2.748559570312500000e+02
4.780775451660156250e+02
2.811951904296875000e+02
9.665268554687500000e+02
2.558245391845703125e+02
4.501383361816406250e+02
5.324451446533203125e+01
5.279912109375000000e+02
8.180755615234375000e+01
3.990188903808593750e+02
3.367158203125000000e+02
4.486706542968750000e+02
9.413322753906250000e+02
3.967254943847656250e+02
8.147601318359375000e+02
7.254628753662109375e+01
6.097964477539062500e+02
8.045474853515625000e+02
2.956050415039062500e+02
9.318852539062500000e+02
8.580038452148437500e+02
7.065889282226562500e+02
4.846880493164062500e+02
4.252280273437500000e+02
3.197991027832031250e+02
5.115141906738281250e+02
4.270399169921875000e+02
9.919594116210937500e+02
TLAST
7.169759521484375000e+02
