2415853568
-1063427681
1142251453
-1023559690
1143335157
-1013975496
1137474877
1141678990
1133869527
-1018695166
1135492086
-1016656624
1127366965
-998672896
1147085499
1107750979
1129353464
-1046463078
-1010679962
-1011599275
1139714592
1126071116
-1014467329
-1013842824
1147903866
1133555643
1143817606
-1013459421
1139771380
1127835360
-1001782440
-1011294477
-1011801346
-1018584623
-1013851319
1125341162
-1009775785
-999122357
1142232798
-1018698877
1129527826
-1015936761
-1007570760
1136413794
-1008857378
-1029770159
-1022061834
1117019932
-1016710105
-1000135375
1134427153
-1015382505
1144152696
-1001812001
-1009345163
1117208277
1125858187
1141845714
-1016724836
1148422735
1119761489
1142069565
1145036900
1146638991
1148816989
-1003874652
1147820766
1130523220
-1004335621
1141987145
1143443640
-998791060
1148206971
-1010696244
1122676903
-1002457747
-998938717
1133584031
1139689924
-1000224853
1118277560
1142022633
-1020639171
-1003818486
1137893355
1143382987
-1005317949
-1007550945
-1030579401
1129072173
1141757692
1132265388
-1005784616
-1038679027
-1013451337
-999795383
-1002561056
1046022788
1073610020
-1136146753
1031310460
1069893586
1054004520
-1080648422
1036345263
1069672620
-1091590562
1070440315
1072766703
1067808315
-1076417078
1067783209
1049098928
-1074178360
-1109610777
-1125963135
1071927479
1053667511
1069719644
1070649329
-1076284931
-1079611870
-1079886094
-1075084492
-1076667799
-1084920815
1062348606
1072927900
1035312922
-1087236076
1047109298
1064620950
-1089836944
1040017859
1071645021
-1085875814
-1080689589
-1079701240
1064096337
1060986189
-1075349185
1072462752
-1077479071
-1079948354
1055018364
1057931795
-1077713475
1067726887
1071504742
1065993260
-1075609445
-1083521482
-1077430279
-1086895966
1055506205
-1109623237
1064730291
1072020384
-1077367783
1070698890
1069168873
1052116336
1061439818
1073126433
-1079375563
-1077868643
1069519871
1067221575
1041651560
1064384526
-1075514994
1065235667
1052915111
-1093944228
-1089820423
-1087053677
1067059417
1059590454
1063886741
1067385007
1072729317
1069902316
-1090153104
1071620160
1033084371
-1074497435
-1077361931
1057350026
-1078255852
-1085377134
-1079086899
1067942424
1059233751
1124827871
1133912112
1141295647
1148212717
1129633204
1141631581
1146789264
1125137108
1135315574
1145104733
1135723522
1144206005
1144730410
1144726313
1147628856
1146802840
1125892447
1134496165
1109997878
1138421325
1146099415
1142259156
1126355958
1146910523
1148259582
1114556943
1137367791
1139737244
1147578524
1146886826
1122951148
TLAST
1145446295
2415853569
-1025956020
1143882463
1147658214
-1004724604
-1073010486
-1004090566
1140488177
-1009262446
-1013430988
-1003511765
1120360043
1116619572
1113976796
-1000454773
-1060841102
1142882829
1146296450
-1001290150
-1005908811
1134431828
1137056320
-1002534827
1126113167
1143633599
1142871833
1147742304
-1002952363
1116785308
-1001781834
1143069597
1128791021
1123245083
1129585351
-1016972302
1104547310
1148009470
-1003687853
-998833275
1119931012
-1003952822
-1013183812
1147287290
1136242836
-1002316652
-1003581661
-1003463426
1137195553
-1030405842
1148727343
-1006375644
1141790196
1145769306
1131822789
1142818290
-1000219506
-998781194
-1011632295
1144907140
1132178544
-1008431532
1142949779
-1029929069
-1009044741
1125957546
-1012685491
1136964742
-1001079270
-1002591303
1131102473
1133030997
-1037005304
1143268367
-999727680
1143189315
-1043652325
1118618114
1126765065
1084247801
1134384048
-1006247238
-1009649287
-1005017379
-1005756733
1139107902
1140847533
1147977531
-1007858263
1133212954
1141792867
1125851457
1140492278
-1012788469
1133796622
1132858091
-1001085809
-1000405003
-1084697062
-1077239616
-1092024096
1045182804
1064533771
-1075715686
-1075691314
-1097058781
1065501941
-1096731954
-1077835303
1035774767
1067582482
-1080565516
-1080140023
-1079413972
1068249466
1068558626
1071881071
1066715263
1069075717
1069206020
1072266984
1069379309
1067846276
1042610685
-1075971507
-1098609875
1073437886
-1095960045
1052870095
1049652898
-1085570987
-1076082502
-1074062472
1044684369
1063783143
-1079643677
-1104327833
1069041982
1068116296
1072234981
1071136117
-1083262969
-1081686280
1053704309
-1078184804
-1086770667
1063525468
1066342279
-1098600323
-1074792140
1048837480
-1088350160
-1077608826
1067473119
-1083138558
1070616894
1049991500
-1083875330
1071713142
1051256378
1068707888
1067890946
1066297338
-1098643692
-1083873327
-1129820958
1069008454
-1075534919
-1074550891
-1080494766
-1078305711
1071173447
1069983289
-1074479247
1073712002
-1121884022
-1080065229
1070816523
1073540708
-1097677503
1065023921
1066500839
1069409491
-1077893142
1072015945
-1077890208
-1075983285
-1087152834
-1074984689
1061527305
-1095859439
-1080822468
-1077672651
-1087654721
1137110338
1138151433
1115894031
1132818456
1131217118
1136602222
1144199132
1133226576
1148014041
1141472816
1082993152
1091913958
1132201221
1142324000
1147385604
1146795871
1132990174
1128772463
1125393714
1129568012
1121868313
1140929349
1119380763
1133983802
1144645462
1134611686
1137804250
1133041671
1141374361
1124374995
1145346661
TLAST
1129657852
2415853570
1124252307
1091564401
-1035882930
1108416060
-1009424498
1147344345
1139594312
1146269196
1139302241
1144915576
1143216877
-999539418
-1005158014
-1024047246
1134931607
-1015987452
-1004721718
1147738187
1141311931
1145047499
-1005892645
-1002750980
1125950216
1148813943
-1012769564
-1013132269
-1025078935
-1015344414
1144458484
1129871080
-1001737436
1140920256
-1037758063
1139762544
-1010476031
1132272812
1142732057
-1009781611
-1044744685
1125594027
-1015524558
-1004871188
1132817989
1136649877
-1004222454
1144768220
-1009046633
1135689167
1134814167
-1000793781
-1011625995
1143196937
1118246503
1134010826
-1021328234
-1002431791
-1015375541
1132013295
1134381742
1117895984
1148005995
-1003269699
-1002012299
-1006056610
1137055319
1148646196
-1012822518
1119176801
-1013797773
-1045312804
1141762710
1144586019
-1007164294
1145525035
1146611375
-1004684038
1145190894
-1003078940
1141433454
1146010668
1148335286
-999832818
1108751702
1143273898
1128805307
1142532549
1078242754
-1021161431
1141382324
-1011510201
1147749769
-1016230332
-1003756988
1093596876
1142506330
-1001225805
-1076965743
-1083146590
-1096497705
-1075904669
1066485737
1063017966
1055131598
1066526940
1067280634
1071302874
-1098043580
-1091614971
-1075463054
1054979684
-1077916774
-1076910886
-1078243205
1066180238
1030080677
-1085858943
1063797072
1056940876
-1075748135
1070059272
-1075999998
1070284736
-1080091678
-1093277139
1072606256
-1083937158
-1075725781
-1111042618
1049337084
1058454382
1062093988
-1076221338
1053222974
1052264700
-1081308031
-1074105403
-1086731094
1068689669
-1079713445
1067751093
-1083366930
-1079348782
-1074427905
-1115583224
-1088062559
-1088964540
1058928305
1058538152
-1081821687
-1085741635
1037861652
-1097572016
-1103420671
-1076794186
-1084025403
1057870569
1068471104
-1079306162
-1077505954
1070230673
-1085179229
1072270099
1068829095
1066559060
-1089610868
1067957941
1072164615
-1074273150
-1086450794
-1098125308
1072038197
-1079145900
1060669326
1068355344
-1081344723
1057516051
-1081369218
1068646254
-1076170393
1073414350
-1101353008
-1098026861
1070285667
1069298330
1056215797
1063109634
1038430834
1069399124
1040964044
-1088529637
1068947059
-1106025491
1134598915
1138193410
1140530632
1095990114
1138787626
1145099345
1138500369
1140524827
1147094094
1147648441
1128392601
1144782649
1144548874
1139532284
1133988751
1139554966
1147815369
1143303079
1145379002
1147773532
1140250071
1148114281
1145788027
1148395150
1129202563
1116929241
1144708890
1148189905
1123155279
1124908487
1133189241
TLAST
1133546468
2415853571
-1010512150
-1005667040
1147387842
-998805954
-1002654959
-1019876647
1138186759
-1006083707
1136681073
1133564400
-1030843218
1139611669
1129390011
-1013984444
-1004891309
-1047792364
1143181742
-1026173317
-1013080151
-1030575979
1133171603
1142360915
-1002044923
-1022608726
1133643067
1095221386
-1010394823
-1007274379
1133357785
-1005453323
1133848327
-1000511123
1126473465
1135577724
1136272447
-1001088658
-1038245370
1131149290
1139824507
1147326746
1144833715
-1004714782
1147296355
-1002374970
-1004107959
-998847622
-1000426994
1143885736
-999970008
1118127590
-1004033770
-1012457472
-1005819193
1143254362
1147511928
1141645190
1147376738
-999556906
-1021935360
-1004005164
-1014193958
-999306322
1128863162
1139736424
-999766084
-1014351369
-1000264617
-1004636598
1141413029
1133047174
-1014970973
-1031050218
1141528482
-1011037300
1141992878
-1006213764
-1016467087
-1021154159
1141193570
1135870100
-1031720041
-1009302453
-1023314512
-1036801990
1143964573
1141851706
-1022461271
-1006300047
1142240566
1147279413
-1004783377
1141223511
1107105449
1144439137
-1004407657
1148563033
-1077225077
-1086626309
-1074454738
-1075366040
-1083115685
1068507062
-1079620429
-1074287923
-1075185422
-1074943778
1070334405
-1079565967
1069865290
1073352621
1064638264
-1080282597
1031959629
1065876093
1055478578
1039228008
1066411538
1062461878
-1081208984
1060143836
-1075265468
-1079171308
-1131286655
-1080290358
1071993711
-1083269470
1066441486
-1080306222
-1076909406
1068746429
-1091857038
1071237758
1044495355
1066774221
1072889998
-1099812290
-1079004852
-1077179287
-1073786690
1065977391
-1091483617
-1090036535
1069155290
-1074823557
1067608664
1070531145
-1092850016
-1075926804
-1104928604
1065941036
1056541869
1073470059
1068215682
-1078813957
-1117999541
-1090806919
1062632924
1063989052
1066173123
1070603473
1014040612
-1084909774
1043971732
-1081555171
1052956025
-1080083136
-1075902348
1066195181
1068152519
-1075649888
-1088578825
-1081860435
1068183711
-1082520141
-1076498057
1033514610
-1074349096
-1092752140
-1076894808
1065357465
1069267120
1059724459
-1091434349
-1102954991
-1099007093
1068836452
1049704709
1052854632
995002459
1067652153
1041211585
-1077876933
1128897000
1137390619
1146710834
1134880761
1146547676
1140201112
1148836618
1127954899
1145196456
1141912805
1147884958
1141186580
1135417870
1134940012
1116191641
1137095595
1147357068
1148622840
1144234740
1148822668
1140105948
1147649987
1121506486
1133678204
1118271776
1139337793
1133211466
1148764986
1134707320
1121137971
1144390117
TLAST
1141902379
