2415853568
1117295262
1125780608
1107594255
-1021438655
-1005524955
-1007642007
-1036029762
-1013340411
-1011039733
-1001646964
1145428649
-1001550988
1115845145
1141320084
-1016160302
-1033243018
1141150123
-1032036124
1142949063
1147432254
1122028399
1148325685
1145581035
1125111160
-1009946559
-1021266669
1142187841
1143669180
-1003364353
1141845292
-1043867061
-1029615726
1146798184
1145254708
1114138503
1145117166
1141534692
1108401294
-998807255
-1013054061
-1004529146
1147642766
-998787961
1126270943
-1009306257
-1014951522
1125486889
1131845330
-1020519821
-1003720747
-1002287157
1148416520
1145115544
1144332037
1131861272
1084779324
-1036531411
-1025765793
1120120376
1141534738
1129396425
1142479549
1142242173
-1009285357
-1000963984
1145637811
-1020705065
1142199953
1145590744
1141016225
-1006329065
1136320882
1131699617
-999129616
-1013488473
-1003927386
1140125322
1144294185
1148796304
-1012393513
1137487406
-1014350411
1134059838
-1010652922
-1005341028
-998860620
-1010444005
-1002700905
1143062524
1138374894
-1024371606
1142342091
-1003409723
1132987836
-1005915493
1139004294
1063095796
-1073805866
1061486444
-1076167493
-1097881245
-1078895411
-1079535638
1061176624
-1091908484
-1075521143
-1108917278
-1087885193
1050682801
1048301132
-1095753376
1044924320
-1081354731
1071117873
-1080898770
1024752853
1060757410
-1084516192
-1087401947
-1095478434
-1084712176
-1080394677
1071275664
1072488215
-1083413218
1067987028
1067395758
1069598543
1069512053
1058385285
1063516870
1052824575
1049197035
-1083747647
1072545959
-1086403492
1057879270
-1085039559
-1089663067
-1081272332
-1082711853
1044053201
-1082060326
1053632045
-1080719717
-1086693521
-1077931642
-1075678386
1066896060
-1074478780
1066419784
1055557443
1066035895
1049663505
-1075911255
1066290287
1057613671
1004945946
1064237551
-1096593040
1056028945
-1097784040
-1091662730
-1089418589
-1135346665
1035678031
1054016716
1057600334
1072345915
-1106105204
1067803117
1061277481
1069560883
1055346337
-1094933105
1066215523
-1089549018
-1076754055
1052669094
-1077549238
1045289182
1053449751
1069727654
1066179552
-1084024237
-1078392116
1066543027
1047906585
1070072946
-1089788215
-1080787051
-1089648631
1143100497
1113001919
1138641618
1116109321
1141202763
1135922656
1116712261
1147576917
1141963919
1116723999
1125903506
1141092179
1136354620
1143830746
1136555471
1137340142
1142276980
1132677388
1143923985
1138752705
1147717371
1139453192
1123664082
1145348677
1132761410
1141197487
1144469694
1147353104
1147211332
1105156369
1132827510
TLAST
1110580578
2415853569
1135924413
1145567876
1141251057
-1007350570
-1008568766
1145114535
-1000328903
-1012786782
-1023090575
-1000098264
-1030710094
-1023827467
-1016891185
1131079944
1138831213
1116505809
-1017024292
1145127179
1132166490
-1015743819
-1018686504
1120934685
1145473249
-1005895239
-999123584
1125509136
1139701919
1141886293
-1009803950
-1028732443
1123070962
1139377059
-999950913
-1057863116
-1001746062
1142374533
-1013939239
1142682246
-1003740839
1144869398
1134280283
-1004980053
1138669459
-1004651291
-1000538422
-1032704352
-1000838961
1144703132
-1000019411
1107353330
1136013778
1143412212
-1005616073
1138399699
-1001119993
-1018991406
-1033425619
1081914164
-999226706
1138287215
-1021414771
1095209605
-1003699472
1144394538
1124284879
1128710619
-1020973944
1132598310
1144690483
1146219476
-1002438997
-1030929147
1142086754
1145326707
1144162190
-1071004192
-1000756935
-1005477949
-1010530891
1145637703
-1000636959
-1005241478
-1010681645
-1050667689
-1019274878
-1005850353
-1002879459
-1015715579
-1022109788
1148500456
1142792243
-1004430023
-1001106205
1133122890
-1008411342
-1003427887
-1075857503
1063527807
-1087489309
1057787961
1065058770
-1086725296
-1084108654
1073066203
-1079432311
-1083000471
-1087263221
-1097558800
-1078691934
1073227652
-1077522395
-1110441684
1064251617
1059775906
-1076727256
1057327015
1067453204
1067735098
1072697020
-1077655761
1063142379
-1107096190
-1082402941
-1076608546
1067651395
-1099338218
1009300615
-1081760785
1072434304
1069951019
-1078119191
1015223696
1069005227
1067809198
-1078106964
-1074939926
-1074945232
-1106620541
1063957149
-1103949037
-1077782637
1070880087
1067929023
1072764453
1064106115
-1078335052
-1077426894
1067019266
-1081119735
1045119895
1071202805
1070484930
1073328079
1068594925
-1085914367
1049437094
-1077833023
-1090628267
-1089402013
1059087622
1032261649
-1075476853
1058374604
-1093013956
1061467278
1071311838
-1080084766
1059192897
-1078060523
-1087297212
1073642518
-1077879418
-1089205829
-1076590016
1071618132
1071391823
1054971694
1069176027
1051246834
-1084899100
-1113514788
-1092589634
1057605834
-1094829742
-1080267330
-1098901854
1065497192
1071396293
-1098909949
-1095233177
1065409179
-1075427583
1139132683
1116889495
1145280237
1133591941
1133769159
1140107376
1148609361
1143449842
1137136664
1148509066
1134121871
1144691979
1142096144
1129383584
1124094926
1142282506
1141033633
1141022693
1139056818
1140646968
1111400064
1138658588
1135072378
1142163408
1135566932
1137272415
1143200194
1147380276
1147450435
1146693673
1143207099
TLAST
1144157878
2415853570
1144660375
-999791680
1141172072
1146831273
1145860021
-1022197436
-1007197535
-1010909993
-1010660686
1148022013
1136645839
-1004755394
-1005919341
-1031323566
-1018163421
-1014226141
-999300892
1121171029
1144673286
-1000304264
1142656953
1130399104
1132824679
1127260345
1145752422
-1033565099
1147508722
1144832981
1143842283
1137719479
1140851416
-1003825263
1130370810
-1004249162
1147626658
-1030905401
-1016922670
1145855853
-1001270774
1142127674
1146792127
1132636150
-1007118183
-1005879295
-1006447108
1147070500
-1000152246
-1010984897
-1065410781
1133137856
-1010594748
-1003517545
-1005627961
-1004658932
1141868063
1128902003
1137220962
1139693816
1127666111
-1024261117
-999238505
-1003986049
1145872254
-1002012307
-1085609073
-1001114942
1107400513
1126627363
-1002387533
-1014211064
1143243270
-1001823398
1142700466
-1017499038
1132505181
-1004897330
-999011742
-1019323602
-999247402
-1014612567
1110582447
1139111927
1120196777
-1023643026
1143355423
-1024307960
1129986580
-1006160498
-1001206184
-1007106078
-998794679
1146977716
-1008885832
1127395458
1147618437
-1009111230
-1086243830
1065956081
1062519177
1066112579
1062808126
-1079830391
1072462522
1055634433
-1087975658
1061432086
-1106795790
-1075950625
1062948977
-1076275762
1027620913
-1082102504
-1121616545
-1075980329
1050714881
-1077950284
1057757980
1066736163
1064773210
-1090368945
1073653105
1025849490
1059533463
1071834901
-1074997770
-1108271131
1067167869
-1079113799
1073552010
1057409224
1057865754
-1125036148
-1087750184
1060584758
1068452577
-1087616211
1059647832
1072535981
1058195959
1069136262
1068230320
1061158737
-1077922438
-1088190118
1054472203
1059618420
1055791460
1073585381
-1077704523
1067922229
1073346674
-1168344437
1073370164
1063600026
-1085473192
-1097232453
-1076770627
1066573203
1062331391
-1081366622
1071290387
-1082949811
-1093347281
-1075220806
-1078466860
1073269189
-1115106636
-1079868008
1050394764
-1119486699
-1096964535
1057386648
-1074268522
1065748150
996947357
1061881973
1065539889
-1086297270
1056869962
-1075865174
-1085830845
-1086952366
-1078551461
1064418311
-1088664712
1040684937
-1077143955
1069970454
1060446828
1058522891
1070426680
-1073990793
1121121203
1124459781
1147663697
1140946538
1139675472
1142519635
1133949136
1146154610
1142137794
1133299605
1139507290
1138284810
1146309035
1124734959
1148037185
1144497316
1138655596
1147556196
1144690274
1144521660
1144347186
1126183245
1135884239
1147022418
1147607241
1141399343
1139761538
1129930192
1142860636
1146092781
1131866920
TLAST
1137009998
2415853571
-1048973399
-1012562553
1139138671
1100946073
-1038265072
1141369440
-1044892867
-1008919510
1142505259
-1000195778
-1014029896
-1041787246
-1003456266
1139469285
1144570858
1114339631
-1005808206
-1017894158
-1006348947
-1000528586
-1019548590
-1001739717
-1008118624
1147278418
-1038051758
1138733324
-1006343057
-1012127033
-1009088390
1136811218
-1000916177
-999660063
1125686396
1119119686
1124585494
-1004309490
-1017020013
1139746565
1145890917
-1004319065
-998813622
1132507630
-1025137202
-1023178063
-1017590931
-1002804887
-1006162482
-1001994468
-1015245162
-998889146
1134235220
1128220517
1138863854
-1003493147
-1016229841
1147337663
1116865387
1140125450
-1012158878
-1004648512
-1020655287
-999096199
-1031374682
-1022322442
1132545391
-1000912289
-1013871560
-1003472321
-1007957783
1146692381
1135039491
1140970043
-1038428715
1144559864
-999183146
-998844537
-1000143595
1140503571
-1009151339
1146141376
-1019715966
-1003371571
1147366611
1124209645
-1011655660
-1015722139
-1027978460
-1003257874
-1016541205
-1000488263
-1003403213
-1000359060
-1001616012
-1000671314
-1005009275
-1063288195
1073681963
1060893572
1059366603
1052367063
1069278442
-1078936590
1030516410
-1081321701
1056139515
-1085096383
1033946974
1061168474
-1084484170
-1077036405
1049188440
-1081085186
1052192562
-1074865800
-1090020171
1070401113
1066388414
-1097252604
1061708283
1060756321
-1076946272
-1087050121
-1096744152
-1084378414
1073712755
-1083559594
1072697164
-1101089633
1029037605
-1095849396
1056813876
-1078931448
-1084719324
-1073831534
-1090121320
-1076459662
-1089814928
-1076546232
-1075685461
-1080095338
-1085716372
1061688895
1043216923
1060812916
-1103177832
1056412883
1072234810
-1074029198
-1079168926
-1087865316
-1089650534
1007633110
-1088869424
1058560268
-1085100733
1057619658
-1077011214
1065524518
1068471190
-1118771596
-1125093836
1065794733
-1077357555
-1075336307
1049807238
1069230360
1061039638
-1074195316
1039551575
-1111885513
1068646902
-1081527937
-1106530746
-1081793453
1064288036
-1085484555
1068799279
1066718478
-1094698086
1063005478
1067523690
-1081287505
1069063437
1058564341
-1084565562
-1079844196
1073344557
1071249064
1026515532
1062498548
-1075519297
-1078888559
1133602370
1144941780
1146436929
1135051463
1142482956
1124580059
1138481390
1139293510
1143194870
1144488637
1143824411
1138536560
1118910580
1141627775
1082648664
1145955525
1129037969
1119890361
1125280638
1133572437
1133053007
1136241000
1145669729
1148093875
1129721750
1130195989
1137509838
1133903180
1136587119
1144444344
1141719609
TLAST
1136533703
