2415853568
8.913278808593750000e+02
4.942285156250000000e+02
-5.789508666992187500e+02
-8.509580078125000000e+02
-5.466098022460937500e+02
7.708665161132812500e+02
7.712240600585937500e+01
2.170267944335937500e+02
-1.243074798583984375e+02
-8.367628784179687500e+02
3.972737426757812500e+02
-1.804035758972167969e+01
-2.151774291992187500e+02
-2.341394500732421875e+02
6.726066894531250000e+02
-4.432023010253906250e+02
-7.806179199218750000e+02
-9.191083526611328125e+01
-3.871800231933593750e+02
8.382550659179687500e+02
-7.116376953125000000e+02
8.857805175781250000e+02
4.598361206054687500e+02
-9.531655883789062500e+02
-8.002792358398437500e+02
1.881798248291015625e+02
8.567664184570312500e+02
-1.442547454833984375e+02
-3.003400573730468750e+02
6.386417846679687500e+02
-5.325137329101562500e+02
4.226174316406250000e+02
8.300543823242187500e+02
9.269627075195312500e+02
5.518754272460937500e+02
-6.543002319335937500e+02
6.380641479492187500e+02
6.335441970825195312e+01
-5.851516113281250000e+02
-4.902526855468750000e+02
7.402784423828125000e+02
-9.462962036132812500e+02
3.827719116210937500e+02
-5.179015502929687500e+02
-1.184262924194335938e+02
-1.725616607666015625e+02
1.798161773681640625e+02
-1.008468551635742188e+02
-7.482350463867187500e+02
-3.369376831054687500e+02
-7.502247924804687500e+02
-5.834039916992187500e+02
-7.494531860351562500e+02
5.647991943359375000e+02
8.168441162109375000e+02
6.166413574218750000e+02
-1.459147949218750000e+02
-9.521654052734375000e+02
-6.418901367187500000e+02
5.991351318359375000e+02
6.925139770507812500e+02
-8.056256103515625000e+02
-2.277670135498046875e+02
8.367579956054687500e+02
-5.666380004882812500e+02
-6.280464477539062500e+02
-3.861568450927734375e+01
3.846369628906250000e+02
-3.351730957031250000e+02
7.084505004882812500e+02
-3.148317565917968750e+02
-9.801913452148437500e+02
6.749766235351562500e+02
8.505408325195312500e+02
6.463015136718750000e+02
6.292961883544921875e+01
-2.794394531250000000e+02
4.993060684204101562e+01
3.916476440429687500e+02
4.842444763183593750e+02
-2.960449523925781250e+02
-8.851026000976562500e+02
7.717097778320312500e+02
5.425490722656250000e+02
-5.985415649414062500e+02
1.525716400146484375e+02
-8.392441406250000000e+02
5.055412292480468750e+02
-8.038197021484375000e+02
-7.434966430664062500e+02
-4.705735473632812500e+02
6.146268310546875000e+02
-9.167115478515625000e+02
-4.474788284301757812e+01
6.566423339843750000e+02
-1.316427154541015625e+02
4.935001432895660400e-01
1.603676795959472656e+00
1.998139619827270508e+00
-3.799960017204284668e-02
6.520404815673828125e-01
-1.816635727882385254e+00
1.144048690795898438e+00
-1.245743408799171448e-02
1.237264394760131836e+00
1.575562506914138794e-01
-1.178426504135131836e+00
1.170966982841491699e+00
1.605924963951110840e+00
6.152725312858819962e-03
1.141400575637817383e+00
1.954053997993469238e+00
-1.329118728637695312e+00
-1.772299885749816895e+00
5.909044146537780762e-01
-5.355966091156005859e-01
-1.033022403717041016e+00
-1.543001770973205566e+00
-6.268001794815063477e-01
-5.594334602355957031e-01
-7.926946878433227539e-01
1.569206118583679199e+00
-1.354473948478698730e+00
-3.281700909137725830e-01
1.436774969100952148e+00
-1.364413499832153320e+00
3.137303590774536133e-01
-1.939654588699340820e+00
6.987354159355163574e-02
-1.992688059806823730e+00
5.658789277076721191e-01
-9.478746056556701660e-01
-1.490672081708908081e-01
-5.168467164039611816e-01
-5.551368594169616699e-01
-1.945677042007446289e+00
8.784460425376892090e-01
2.558798193931579590e-01
-1.610004425048828125e+00
-1.923597812652587891e+00
6.233001947402954102e-01
-3.687851428985595703e-01
-3.741180002689361572e-01
-1.051992401480674744e-01
8.339974284172058105e-01
-1.114911317825317383e+00
3.709181398153305054e-02
-6.510682106018066406e-01
-1.348755478858947754e+00
-1.328351378440856934e+00
-4.979579746723175049e-01
1.893838167190551758e+00
1.898290753364562988e+00
8.207118511199951172e-02
1.846708536148071289e+00
1.823279261589050293e+00
1.411826372146606445e+00
-4.271538257598876953e-01
-4.250515401363372803e-01
-1.790294408798217773e+00
9.542379975318908691e-01
1.992645502090454102e+00
8.947994112968444824e-01
-1.938046932220458984e+00
-6.441380977630615234e-01
1.541290402412414551e+00
-6.631004214286804199e-01
-1.948913782835006714e-01
-5.043928027153015137e-01
-1.002201199531555176e+00
-1.840512514114379883e+00
1.131881952285766602e+00
5.197239518165588379e-01
-1.382775902748107910e+00
4.177228733897209167e-02
3.026680648326873779e-01
1.035843133926391602e+00
1.689539074897766113e+00
-7.759979963302612305e-01
-2.102847546339035034e-01
-8.560562729835510254e-01
2.529717385768890381e-01
1.546659469604492188e+00
-3.691905736923217773e-01
-8.393601775169372559e-01
6.758273839950561523e-01
-8.904244005680084229e-02
1.344303369522094727e+00
-1.389348745346069336e+00
-6.751195192337036133e-01
9.342625737190246582e-02
1.158061027526855469e+00
8.017271728515625000e+02
9.135793457031250000e+02
1.848227844238281250e+02
7.714603271484375000e+02
2.228950500488281250e+02
4.665921783447265625e+01
2.815754394531250000e+02
9.517932739257812500e+02
9.326019287109375000e+02
3.223881225585937500e+02
3.128392028808593750e+02
7.725620727539062500e+02
8.607014160156250000e+02
9.709083862304687500e+02
4.361657714843750000e+02
8.961546630859375000e+02
9.694780273437500000e+02
7.528203735351562500e+02
3.979516296386718750e+02
2.548401489257812500e+02
3.594032592773437500e+02
3.508098754882812500e+02
2.088397979736328125e+01
8.899643554687500000e+02
6.409633178710937500e+02
3.210614013671875000e+02
1.626530303955078125e+02
7.031577148437500000e+02
2.596860961914062500e+02
4.555010681152343750e+02
9.788330688476562500e+02
TLAST
5.985717773437500000e+02
2415853569
-2.562565612792968750e+02
-8.316983222961425781e+00
-7.842356109619140625e+01
-4.682408142089843750e+02
3.221591491699218750e+02
-6.102756958007812500e+02
4.364587783813476562e+01
6.602525634765625000e+02
-6.276757812500000000e+02
2.630879211425781250e+02
-8.105645141601562500e+02
-2.837447204589843750e+02
9.299113159179687500e+02
-7.692763671875000000e+02
-7.961511230468750000e+02
8.964922485351562500e+02
-9.920637207031250000e+02
-3.044317626953125000e+02
-5.205533447265625000e+02
-2.736180419921875000e+02
2.991613464355468750e+02
9.584357299804687500e+02
1.831118469238281250e+02
-8.958167266845703125e+01
6.826251831054687500e+02
-6.139897346496582031e+00
-3.234243469238281250e+02
3.975826721191406250e+02
7.857399291992187500e+02
1.718293304443359375e+02
-2.895030517578125000e+02
-7.882420654296875000e+02
1.127235717773437500e+02
-2.437532663345336914e+00
5.479962768554687500e+02
-7.285811767578125000e+02
-7.526913452148437500e+02
-4.082558288574218750e+02
1.385844421386718750e+02
-4.553830871582031250e+02
-2.621889038085937500e+02
-5.395174560546875000e+02
8.873945922851562500e+02
-8.154372558593750000e+02
-1.810323486328125000e+02
4.188449707031250000e+02
-3.103565368652343750e+02
-7.926489868164062500e+02
-6.275504760742187500e+02
-1.980823135375976562e+01
-5.169134902954101562e+01
9.924331054687500000e+02
5.249194335937500000e+02
9.749498901367187500e+02
-2.914012145996093750e+02
-3.880897140502929688e+01
-1.053343124389648438e+02
4.040161743164062500e+02
2.811690063476562500e+02
-9.215757446289062500e+02
3.066512756347656250e+02
-1.675091705322265625e+02
4.892064514160156250e+02
4.314609985351562500e+02
-6.958870849609375000e+02
-6.105418777465820312e+01
-7.575238647460937500e+02
9.888710937500000000e+02
-8.175156860351562500e+02
5.898517456054687500e+02
-5.372952880859375000e+02
-6.562738037109375000e+02
-2.704945373535156250e+02
1.814655303955078125e+02
-2.450054016113281250e+02
-4.206386413574218750e+02
-3.829157104492187500e+02
-4.726793518066406250e+02
6.438173675537109375e+01
-6.661087646484375000e+02
-3.598216552734375000e+02
-8.106203002929687500e+02
-6.614768676757812500e+02
6.881185302734375000e+02
-9.484389648437500000e+02
-3.985910034179687500e+02
-9.818497924804687500e+02
-6.923324584960937500e+02
-6.329395751953125000e+02
3.177225036621093750e+02
8.172913818359375000e+02
-4.275791168212890625e+01
-4.675762634277343750e+02
-4.283767318725585938e+01
3.579063415527343750e+02
2.968102455139160156e+01
4.190555810928344727e-01
8.871735334396362305e-01
1.899237036705017090e+00
-1.191789269447326660e+00
1.041135340929031372e-01
-1.645967841148376465e+00
1.645425558090209961e-01
-1.713125586509704590e+00
-1.354457259178161621e+00
1.020957231521606445e+00
-5.114921331405639648e-01
-2.814854681491851807e-01
6.628589630126953125e-01
-5.179462432861328125e-01
-7.290677428245544434e-01
-1.629791855812072754e+00
7.691603899002075195e-02
-1.066251635551452637e+00
-5.345680713653564453e-01
9.307006001472473145e-02
2.916536629199981689e-01
-9.235384464263916016e-01
-1.015038728713989258e+00
1.676100969314575195e+00
1.575311899185180664e+00
4.734457731246948242e-01
-8.540109395980834961e-01
1.679278373718261719e+00
-8.213605880737304688e-01
4.624676406383514404e-01
9.949007630348205566e-01
-6.861784458160400391e-01
1.306736350059509277e+00
9.065894484519958496e-01
-1.934220314025878906e+00
-9.826551079750061035e-01
-1.667703390121459961e+00
4.535479545593261719e-01
6.437225341796875000e-01
6.946132332086563110e-02
8.522813320159912109e-01
-8.635165095329284668e-01
-1.411039978265762329e-01
1.911743998527526855e+00
1.310661435127258301e+00
-1.274320483207702637e+00
5.707148462533950806e-02
4.379762113094329834e-01
1.283785223960876465e+00
-1.960659384727478027e+00
-1.498340725898742676e+00
-4.685404598712921143e-01
8.778027892112731934e-01
-2.983490228652954102e-01
-1.499158143997192383e+00
1.800565600395202637e+00
-1.439829707145690918e+00
1.322559237480163574e+00
5.425172448158264160e-01
-1.526301503181457520e+00
1.906295657157897949e+00
-6.830655932426452637e-01
1.116867780685424805e+00
7.352239489555358887e-01
1.457230329513549805e+00
8.237919211387634277e-01
-1.463230729103088379e+00
3.084493875503540039e-01
-1.098311662673950195e+00
6.424153596162796021e-02
-1.427789568901062012e+00
1.231756210327148438e+00
-1.140833020210266113e+00
1.014008402824401855e+00
-1.363849043846130371e+00
1.376131296157836914e+00
-5.345761775970458984e-01
-7.716131806373596191e-01
-3.637463152408599854e-01
-2.757399976253509521e-01
1.488935112953186035e+00
-1.667472481727600098e+00
1.645851373672485352e+00
-1.484568715095520020e+00
1.938446640968322754e+00
-7.257869243621826172e-01
-1.971558481454849243e-02
-1.381650447845458984e+00
-1.213383078575134277e+00
-1.820430755615234375e-01
-1.794975280761718750e+00
3.142066895961761475e-01
-1.386564731597900391e+00
1.644999623298645020e+00
-1.923794984817504883e+00
1.629209756851196289e+00
9.456889648437500000e+02
8.926869506835937500e+02
5.359469604492187500e+02
5.986796875000000000e+02
4.944251708984375000e+02
3.131643066406250000e+02
6.434436035156250000e+02
1.898138885498046875e+02
5.893761596679687500e+02
2.797618408203125000e+02
7.362636718750000000e+02
9.297680664062500000e+02
3.390267028808593750e+02
4.654942626953125000e+02
5.628976440429687500e+02
5.293854980468750000e+02
6.534520874023437500e+02
9.601246948242187500e+02
2.572956237792968750e+02
2.598817443847656250e+02
6.909963989257812500e+02
5.026336975097656250e+02
1.692329101562500000e+02
1.876467437744140625e+02
2.350323486328125000e+02
7.539033813476562500e+02
8.004996948242187500e+02
3.081550292968750000e+02
5.766072387695312500e+02
2.473254089355468750e+02
7.225130615234375000e+02
TLAST
6.849300537109375000e+02
2415853570
-3.896978378295898438e+01
-2.534795837402343750e+02
5.609603271484375000e+02
1.146599960327148438e+02
8.646184692382812500e+02
-8.113257446289062500e+02
-6.656665649414062500e+02
8.653569946289062500e+02
-2.975885925292968750e+02
-4.536302795410156250e+02
5.571902465820312500e+02
-7.004332885742187500e+02
-4.480472564697265625e+01
2.757602539062500000e+02
-4.831194152832031250e+02
1.185540466308593750e+02
-5.526405029296875000e+02
2.264671325683593750e+02
-3.381679687500000000e+02
-3.147848701477050781e+01
-8.535742797851562500e+02
-9.185043334960937500e+02
9.914182281494140625e+01
7.048712158203125000e+02
-8.251990356445312500e+02
-3.587218017578125000e+02
-8.785402832031250000e+02
1.683552703857421875e+02
6.329000244140625000e+02
9.355725097656250000e+02
9.488186645507812500e+02
3.587729187011718750e+02
-6.115938720703125000e+02
5.900546875000000000e+02
-5.589904785156250000e+02
-3.945588989257812500e+02
-7.931891479492187500e+02
9.181217651367187500e+02
-2.262481117248535156e+01
-2.691883087158203125e+01
4.388988037109375000e+02
-8.513814697265625000e+02
2.783742065429687500e+02
5.898279418945312500e+02
-4.885472717285156250e+02
-2.424943542480468750e+02
-8.164605102539062500e+02
-4.139785766601562500e+02
-4.527195434570312500e+02
6.823464965820312500e+02
-1.972299804687500000e+02
7.615497436523437500e+02
3.123778991699218750e+02
5.372019653320312500e+02
5.641411743164062500e+02
3.153874816894531250e+02
-7.061306762695312500e+02
-3.518891601562500000e+02
-1.683440551757812500e+02
7.098725891113281250e+01
-6.419844360351562500e+02
4.740116119384765625e+00
-9.335720825195312500e+02
-3.137662963867187500e+02
-8.632459716796875000e+02
-1.978208923339843750e+02
3.283970642089843750e+01
7.930410003662109375e+01
6.582998657226562500e+02
-8.265522460937500000e+02
6.311274414062500000e+02
8.018306274414062500e+02
6.645603027343750000e+02
-9.848469848632812500e+02
-9.070986328125000000e+02
-8.182518920898437500e+02
8.849250488281250000e+02
5.266502075195312500e+02
8.124656372070312500e+02
-7.413494262695312500e+02
-6.119889526367187500e+02
4.220703430175781250e+02
-7.971191406250000000e+02
9.240344848632812500e+02
9.623450927734375000e+02
-9.095571899414062500e+02
-6.819773559570312500e+02
6.673313598632812500e+02
9.501994018554687500e+02
6.919086914062500000e+02
-4.571985244750976562e+01
-1.220318298339843750e+02
6.541234588623046875e+01
-1.025789337158203125e+02
-4.797619628906250000e+02
-4.712836914062500000e+02
5.524267554283142090e-01
9.746380448341369629e-01
4.558937847614288330e-01
-1.715197920799255371e+00
-1.713328957557678223e+00
2.220101654529571533e-02
-4.025477468967437744e-01
-1.644032239913940430e+00
5.142652392387390137e-01
1.706434369087219238e+00
1.431724786758422852e+00
-1.261192858219146729e-01
1.650510787963867188e+00
1.407454252243041992e+00
3.626685738563537598e-01
3.112083077430725098e-01
-5.911462903022766113e-01
1.206165790557861328e+00
-1.310674659907817841e-02
-1.353011369705200195e+00
-1.900194287300109863e+00
-7.768627405166625977e-01
1.975460290908813477e+00
-4.557944536209106445e-01
-1.322731673717498779e-01
8.761466741561889648e-01
1.059466004371643066e+00
1.458233475685119629e+00
-8.250833153724670410e-01
1.774594783782958984e+00
-1.876790225505828857e-01
3.612736761569976807e-01
8.528469204902648926e-01
2.713384032249450684e-01
-9.062615633010864258e-01
6.069943308830261230e-01
-1.152906298637390137e+00
1.316340208053588867e+00
8.429325819015502930e-01
-1.826835036277770996e+00
1.577291846275329590e+00
1.969674348831176758e+00
5.414865612983703613e-01
1.823431015014648438e+00
-5.646389722824096680e-02
-1.044259905815124512e+00
1.841449975967407227e+00
-1.599044084548950195e+00
-5.258863568305969238e-01
1.049853444099426270e+00
-1.850590109825134277e+00
-1.869346261024475098e+00
4.719980359077453613e-01
-1.372116152197122574e-02
-1.632341265678405762e+00
6.197999417781829834e-02
-6.836112141609191895e-01
1.321958065032958984e+00
-4.216814637184143066e-01
-1.457854986190795898e+00
-1.655198812484741211e+00
1.190242290496826172e+00
-1.694319128990173340e+00
1.866660475730895996e+00
-8.336021304130554199e-01
4.654185175895690918e-01
8.985692858695983887e-01
1.412190079689025879e+00
-1.808305978775024414e+00
1.785205841064453125e+00
6.033434271812438965e-01
1.452214121818542480e+00
-1.327298641204833984e+00
1.791887044906616211e+00
-1.121281981468200684e+00
-8.343161344528198242e-01
1.355019688606262207e+00
1.520118713378906250e+00
-3.164297044277191162e-01
-1.902361273765563965e+00
-1.593172073364257812e+00
-1.370725631713867188e+00
-7.115376591682434082e-01
1.877054095268249512e+00
1.680868029594421387e+00
-8.048185110092163086e-01
-1.853254079818725586e+00
-7.657068967819213867e-01
-1.486298441886901855e-01
1.397862553596496582e+00
-1.429157018661499023e+00
-2.892459034919738770e-01
-8.969559073448181152e-01
2.936020493507385254e-03
2.865577042102813721e-01
-1.670013785362243652e+00
1.373016967773437500e+02
3.599920349121093750e+02
7.907224121093750000e+02
5.750831909179687500e+02
7.662664184570312500e+02
3.746464233398437500e+02
3.788092346191406250e+02
2.536340789794921875e+02
8.512019348144531250e+01
5.709102172851562500e+02
9.612777709960937500e+01
9.619359130859375000e+02
4.707914733886718750e+02
9.907834472656250000e+02
6.678873901367187500e+02
2.376634063720703125e+02
8.323018798828125000e+02
8.194160156250000000e+02
9.713275146484375000e+01
7.127082519531250000e+02
1.340897521972656250e+02
9.084300994873046875e+01
1.763236694335937500e+02
3.369806518554687500e+02
3.993371582031250000e+02
8.156553955078125000e+02
8.616999511718750000e+02
2.959886779785156250e+02
8.027759399414062500e+02
4.577495422363281250e+02
5.550028076171875000e+02
TLAST
6.299284057617187500e+02
2415853571
4.011287536621093750e+02
9.733780517578125000e+02
7.457868041992187500e+02
-8.311823120117187500e+02
1.631130981445312500e+02
-7.606997680664062500e+02
2.417904510498046875e+02
4.465302429199218750e+02
-4.518009338378906250e+02
-4.517019958496093750e+02
-8.582901000976562500e+02
-6.585664062500000000e+02
6.794154663085937500e+02
-5.246008300781250000e+02
-6.309617309570312500e+02
2.754930419921875000e+02
-3.224905090332031250e+02
-7.725408935546875000e+01
2.821777038574218750e+02
-6.733867645263671875e+01
-7.596195068359375000e+02
7.048637695312500000e+02
-7.752423706054687500e+02
-7.314257812500000000e+02
6.914303588867187500e+02
7.182334594726562500e+02
5.302833251953125000e+02
-4.850831909179687500e+02
-4.917823791503906250e+01
5.388499755859375000e+02
6.515168457031250000e+02
3.459058837890625000e+02
3.832756958007812500e+02
-9.436183166503906250e+01
4.565140991210937500e+02
-4.405974731445312500e+02
5.460692749023437500e+02
7.043389282226562500e+02
-2.214777526855468750e+02
9.499530639648437500e+02
-7.348534393310546875e+01
-5.393648681640625000e+02
4.579609375000000000e+02
9.098875122070312500e+02
-5.631498413085937500e+02
3.722632446289062500e+02
-3.477031250000000000e+02
2.588698425292968750e+02
-4.841895446777343750e+02
-4.801662292480468750e+02
9.924108276367187500e+02
-1.755147552490234375e+02
5.170260620117187500e+02
-7.764769287109375000e+02
-3.096161079406738281e+01
-2.718439941406250000e+02
-7.210987854003906250e+01
1.456585083007812500e+02
-9.022741088867187500e+02
9.724264526367187500e+02
6.933362426757812500e+02
1.847050285339355469e+01
4.443772888183593750e+02
-4.314960861206054688e+01
4.689580993652343750e+02
-9.443782348632812500e+02
-5.515646972656250000e+02
2.042365112304687500e+02
-8.460254516601562500e+02
9.419844360351562500e+02
7.569426269531250000e+02
-8.215460205078125000e+02
-4.246436309814453125e+01
9.194736938476562500e+02
1.125594787597656250e+02
4.059747009277343750e+02
2.442740631103515625e+02
6.822886962890625000e+02
2.446458587646484375e+02
-4.836063842773437500e+02
9.620308227539062500e+02
-3.955276489257812500e+02
-6.258419189453125000e+02
9.250458374023437500e+02
2.388870849609375000e+02
-9.778104248046875000e+02
-9.428805541992187500e+02
-5.874357910156250000e+02
-4.176433181762695312e+01
-3.040377197265625000e+02
-1.001809616088867188e+02
5.443851928710937500e+02
8.091401977539062500e+02
-8.537534790039062500e+02
8.879303588867187500e+02
-2.378087463378906250e+02
-2.317808568477630615e-01
9.948403388261795044e-02
-7.385873198509216309e-01
2.143222391605377197e-01
-6.211851239204406738e-01
4.399281367659568787e-02
1.882223963737487793e+00
-1.514087319374084473e+00
1.320169806480407715e+00
1.471670746803283691e+00
1.487243413925170898e+00
1.649424910545349121e+00
-1.631997346878051758e+00
1.289988160133361816e+00
-6.060590744018554688e-01
7.315736413002014160e-01
-1.279775857925415039e+00
4.003010317683219910e-02
1.797981500625610352e+00
1.342138051986694336e+00
-1.252175331115722656e+00
1.803845643997192383e+00
1.536009550094604492e+00
-2.786264382302761078e-02
-9.402349591255187988e-01
1.384470582008361816e+00
1.794070363044738770e+00
1.889401435852050781e+00
-1.495863199234008789e+00
-5.919664502143859863e-01
-1.739916205406188965e+00
3.790423870086669922e-01
-7.617503404617309570e-01
7.560731768608093262e-01
-1.334864258766174316e+00
-6.689226627349853516e-01
2.015761435031890869e-01
-5.464767217636108398e-01
-4.529888033866882324e-01
-1.608758449554443359e+00
-6.604083776473999023e-01
1.046520948410034180e+00
1.196091994643211365e-01
-1.141404271125793457e+00
9.446998834609985352e-01
-4.333245456218719482e-01
1.030571341514587402e+00
7.076830863952636719e-01
-1.696907281875610352e+00
1.757757306098937988e+00
-1.816878199577331543e+00
1.571160316467285156e+00
6.166436672210693359e-01
-1.012686729431152344e+00
8.919008374214172363e-01
1.149973392486572266e+00
1.617921590805053711e+00
1.560567617416381836e+00
1.715751767158508301e+00
1.297986507415771484e-01
1.278560519218444824e+00
1.692905545234680176e+00
4.469849169254302979e-01
6.552512645721435547e-01
-1.846095800399780273e+00
-1.789889335632324219e+00
1.798954367637634277e+00
1.070850610733032227e+00
-6.085321903228759766e-01
1.712034805677831173e-03
1.834023475646972656e+00
9.711509943008422852e-01
3.329954445362091064e-01
1.556226849555969238e+00
8.951152563095092773e-01
1.278873205184936523e+00
-8.699545264244079590e-01
-1.907727718353271484e-01
5.109122395515441895e-01
-1.811331987380981445e+00
-1.260779023170471191e+00
1.314195990562438965e+00
-8.232752680778503418e-01
5.763743519783020020e-01
1.213128685951232910e+00
4.274051487445831299e-01
-1.388265848159790039e+00
1.021254181861877441e+00
-1.673032641410827637e+00
-5.797527432441711426e-01
-1.928465008735656738e+00
6.144617795944213867e-01
1.884930968284606934e+00
1.091891169548034668e+00
1.647336721420288086e+00
-3.202087879180908203e-01
5.235554809570312500e+02
4.246427154541015625e+01
9.151398468017578125e+01
4.281027526855468750e+02
5.275662841796875000e+02
1.603795776367187500e+02
4.305470275878906250e+02
2.068522949218750000e+02
4.290686340332031250e+02
4.770785217285156250e+02
4.159877319335937500e+02
1.784944763183593750e+02
1.457612152099609375e+02
4.023157043457031250e+02
6.686333618164062500e+02
3.329403305053710938e+01
5.225941162109375000e+02
3.953559570312500000e+02
7.039555664062500000e+02
6.261275863647460938e+01
9.644695434570312500e+02
5.850012207031250000e+02
8.732974243164062500e+02
6.304154663085937500e+02
9.435191345214843750e+01
8.103871459960937500e+02
4.878172302246093750e+02
8.246164550781250000e+02
7.511957397460937500e+02
3.120727539062500000e+02
4.397229309082031250e+02
TLAST
6.412904052734375000e+02
