2415853568
4.334912109375000000e+02
8.229074096679687500e+02
1.200900650024414062e+02
1.134634094238281250e+02
3.946922607421875000e+02
-2.192058258056640625e+02
-2.066126861572265625e+02
-9.495272064208984375e+01
3.604337158203125000e+02
6.177843017578125000e+02
-6.794750976562500000e+02
-5.712535400390625000e+02
5.256417846679687500e+02
-9.006292724609375000e+02
-1.929342956542968750e+02
1.591601562500000000e+02
4.952397766113281250e+02
4.052584533691406250e+02
-6.138819580078125000e+02
6.910324096679687500e+02
2.691452636718750000e+02
3.934614868164062500e+02
3.007726440429687500e+02
-8.903385620117187500e+02
-8.489118652343750000e+02
-5.703160476684570312e+01
-7.320352783203125000e+02
-6.509305419921875000e+02
-2.870718994140625000e+02
-1.950339508056640625e+02
-8.210917358398437500e+02
2.322678833007812500e+02
3.563415527343750000e+02
6.442260131835937500e+02
4.657648010253906250e+02
-6.314064941406250000e+02
5.524678344726562500e+02
2.019634552001953125e+02
9.672088012695312500e+02
7.084484252929687500e+02
9.454152221679687500e+02
4.509332580566406250e+02
-8.084993896484375000e+02
-8.998912353515625000e+02
-5.577167358398437500e+02
-8.885087890625000000e+02
-1.939944305419921875e+02
3.038919067382812500e+02
-8.388964233398437500e+02
-3.625703430175781250e+02
8.034144287109375000e+02
-2.274232177734375000e+02
-1.228218307495117188e+02
3.562233276367187500e+02
-6.879032135009765625e+01
-3.181486816406250000e+02
8.141214599609375000e+02
1.621764526367187500e+02
2.627608337402343750e+02
-9.194197998046875000e+02
7.121972045898437500e+02
-1.040583724975585938e+02
5.361392211914062500e+02
-9.342239379882812500e+01
-2.468988189697265625e+02
-9.057749023437500000e+02
-9.284862670898437500e+02
-4.700640563964843750e+02
5.149262084960937500e+02
9.139418334960937500e+02
5.400191650390625000e+02
1.795922698974609375e+02
-4.184482727050781250e+02
5.599075317382812500e+02
-9.265177001953125000e+02
3.275911560058593750e+02
1.017113800048828125e+02
6.831058349609375000e+02
3.279228515625000000e+02
-1.271410217285156250e+02
-7.337712402343750000e+02
4.526220703125000000e+02
6.795405273437500000e+02
5.242683715820312500e+02
2.070726928710937500e+02
6.107147216796875000e+02
7.376226806640625000e+02
2.559651031494140625e+02
-9.029031982421875000e+02
4.090503234863281250e+02
-7.423103027343750000e+02
-1.794837646484375000e+02
8.871151733398437500e+02
9.914353027343750000e+02
-6.684876098632812500e+02
-3.965727539062500000e+02
6.395534276962280273e-01
-6.606861948966979980e-01
-1.860937595367431641e+00
-6.290593743324279785e-01
5.960680842399597168e-01
-1.620645284652709961e+00
-7.845219373703002930e-01
-8.342993855476379395e-01
-4.258838295936584473e-01
1.273415088653564453e+00
1.884563446044921875e+00
-1.156876683235168457e+00
-1.911271572113037109e+00
-5.315963029861450195e-01
1.311841964721679688e+00
-1.889262348413467407e-01
7.915968298912048340e-01
1.213814616203308105e+00
8.377483487129211426e-01
1.963027715682983398e+00
1.590195417404174805e+00
1.867714047431945801e+00
-1.380685806274414062e+00
1.552740097045898438e+00
-1.951194047927856445e+00
1.216982126235961914e+00
1.482209920883178711e+00
-7.877223491668701172e-01
-3.681494295597076416e-01
1.350215435028076172e+00
-1.220633983612060547e-01
-1.090267181396484375e+00
1.228720545768737793e+00
9.921330213546752930e-01
-1.784302592277526855e+00
1.452894687652587891e+00
-7.030026316642761230e-01
1.716169714927673340e+00
4.059659540653228760e-01
2.485415637493133545e-01
-5.649137496948242188e-01
1.375476956367492676e+00
1.633796542882919312e-01
1.715783476829528809e+00
6.258857250213623047e-01
2.260767668485641479e-01
-1.561509728431701660e+00
4.247155785560607910e-01
-1.273317039012908936e-01
1.435722351074218750e+00
-1.266142725944519043e+00
-8.627223968505859375e-01
-1.158316850662231445e+00
1.117691397666931152e+00
1.764385402202606201e-01
1.582703351974487305e+00
-3.312531858682632446e-02
-2.956516742706298828e-01
-2.872794121503829956e-02
4.071666598320007324e-01
1.117165207862854004e+00
-1.569100499153137207e+00
1.109914779663085938e+00
-2.121636569499969482e-01
1.465718626976013184e+00
1.794256806373596191e+00
8.236555457115173340e-01
2.365852147340774536e-01
-1.538488507270812988e+00
8.206447362899780273e-01
9.423015117645263672e-01
-5.448979735374450684e-01
5.349207520484924316e-01
6.906533241271972656e-01
1.605214357376098633e+00
-1.554185152053833008e+00
1.033476829528808594e+00
-1.367929220199584961e+00
1.266010522842407227e+00
1.253197431564331055e+00
-1.282439231872558594e+00
-3.991871327161788940e-02
-3.610371947288513184e-01
1.104455720633268356e-02
-1.684564471244812012e+00
1.081695795059204102e+00
1.825109481811523438e+00
-7.049316167831420898e-01
1.632278561592102051e+00
5.850055813789367676e-01
7.095996141433715820e-01
4.057207107543945312e-01
1.868863701820373535e+00
1.568032860755920410e+00
-1.940733313560485840e+00
-6.799862980842590332e-01
1.645102386474609375e+02
8.218654785156250000e+02
3.232168579101562500e+02
4.851045837402343750e+02
5.851097412109375000e+02
6.794662475585937500e+02
2.833593444824218750e+02
6.089767456054687500e+02
8.717082738876342773e-01
2.558006439208984375e+02
6.081723022460937500e+02
4.498830261230468750e+02
1.594373474121093750e+02
1.360660247802734375e+02
4.903537750244140625e+01
6.406973876953125000e+02
3.928751831054687500e+02
5.388939208984375000e+02
2.210793609619140625e+02
3.034054870605468750e+02
5.119344787597656250e+02
3.150923461914062500e+02
3.428434753417968750e+02
1.544319458007812500e+02
1.423003234863281250e+02
6.647125854492187500e+02
4.082450866699218750e+02
2.626166076660156250e+02
3.472684097290039062e+01
8.371654663085937500e+02
2.289658164978027344e+01
TLAST
8.040909423828125000e+02
2415853569
-2.425544433593750000e+02
-1.845363006591796875e+02
2.778160400390625000e+02
6.473161010742187500e+02
9.499444580078125000e+02
-7.788193969726562500e+02
-4.477937622070312500e+02
4.234843139648437500e+02
-1.951313323974609375e+02
8.720104980468750000e+01
-6.796950531005859375e+01
1.774370422363281250e+02
-6.414495239257812500e+02
7.354475708007812500e+02
1.550917358398437500e+02
-6.378245239257812500e+02
3.004178161621093750e+02
-1.964994201660156250e+02
-3.272241210937500000e+02
-3.619925537109375000e+02
-1.966464996337890625e+02
-3.224336547851562500e+02
-1.944455413818359375e+02
7.199692993164062500e+02
-6.132523803710937500e+02
1.753302459716796875e+02
-7.617089233398437500e+02
2.245662536621093750e+02
-4.975341491699218750e+02
9.370258178710937500e+02
8.596032714843750000e+02
-4.361413879394531250e+02
1.229552688598632812e+02
-6.848613281250000000e+02
-5.380266113281250000e+02
2.513731536865234375e+02
1.214666824340820312e+02
1.095383071899414062e+02
2.743703613281250000e+02
-6.393632888793945312e+01
7.985113525390625000e+02
-7.864876098632812500e+02
5.301791763305664062e+01
9.535581054687500000e+02
5.393214721679687500e+02
9.824093627929687500e+02
-5.723244018554687500e+02
5.520951538085937500e+02
-8.792981719970703125e+01
1.305323638916015625e+02
-5.356137084960937500e+02
5.108688659667968750e+02
9.850560302734375000e+02
-9.691979217529296875e+01
-7.418784790039062500e+02
2.508332214355468750e+02
9.777507934570312500e+02
5.684852905273437500e+02
-5.252969360351562500e+02
7.758852386474609375e+01
4.063535461425781250e+02
6.901275634765625000e+02
4.742356567382812500e+02
4.328529968261718750e+02
-6.153043823242187500e+02
3.249967346191406250e+02
-8.360343017578125000e+02
-7.904961547851562500e+02
5.068036193847656250e+02
-8.172819213867187500e+02
3.134843139648437500e+02
-1.518710422515869141e+01
-5.993832397460937500e+02
2.213256683349609375e+02
-1.761217041015625000e+02
-6.932231903076171875e+01
-6.591354980468750000e+02
-8.936907958984375000e+02
2.862062988281250000e+02
7.262161865234375000e+02
6.091001586914062500e+02
-2.464419708251953125e+02
7.821961059570312500e+02
8.000838012695312500e+02
9.695898437500000000e+02
-4.191202926635742188e+01
2.490630645751953125e+02
2.554671173095703125e+02
1.962917518615722656e+01
-9.626782836914062500e+02
-7.202934570312500000e+02
8.597247314453125000e+02
-8.640676269531250000e+02
-8.075420532226562500e+02
6.447706298828125000e+02
4.342907714843750000e+01
-8.477819561958312988e-01
-1.140751600265502930e+00
1.593723148107528687e-01
-9.665436744689941406e-01
1.924422502517700195e+00
5.252542495727539062e-01
-1.989717960357666016e+00
1.187445998191833496e+00
1.917559146881103516e+00
-1.920272231101989746e+00
1.559948444366455078e+00
-7.347760796546936035e-01
-1.959321737289428711e+00
-4.510883241891860962e-02
1.395448923110961914e+00
-4.957535266876220703e-01
1.795764923095703125e+00
1.478874206542968750e+00
9.440369009971618652e-01
3.458893597126007080e-01
1.892592549324035645e+00
3.855831623077392578e-01
7.276315689086914062e-01
1.224418401718139648e+00
-1.228024125099182129e+00
7.829408645629882812e-01
-1.716176033020019531e+00
8.862357139587402344e-01
1.484513401985168457e+00
6.709041595458984375e-01
1.443671822547912598e+00
2.743281722068786621e-01
-2.794119119644165039e-01
2.036090344190597534e-01
-1.494097352027893066e+00
1.106068372726440430e+00
3.363030254840850830e-01
1.349306464195251465e+00
-1.085860967636108398e+00
1.532140254974365234e+00
-1.940087080001831055e+00
1.888518810272216797e+00
1.092224001884460449e+00
9.187147021293640137e-03
1.452511548995971680e+00
-8.262739181518554688e-01
1.172553896903991699e+00
1.625983238220214844e+00
-7.544507980346679688e-01
1.638612270355224609e+00
-4.032751619815826416e-01
-1.678622812032699585e-01
1.316370964050292969e+00
1.802286744117736816e+00
1.431862592697143555e+00
3.659600913524627686e-01
9.650540351867675781e-01
-1.519780516624450684e+00
-1.430144309997558594e+00
-1.213225349783897400e-01
-1.598810434341430664e+00
-8.548328280448913574e-01
-9.679841399192810059e-01
1.120278358459472656e+00
-1.405465126037597656e+00
-5.881637334823608398e-01
-1.059308648109436035e+00
1.993888616561889648e+00
5.369154214859008789e-01
-7.421749234199523926e-01
1.220743656158447266e+00
1.025280833244323730e+00
-7.312903404235839844e-01
-3.396376669406890869e-01
-2.715940773487091064e-01
-1.211180925369262695e+00
-1.506004333496093750e+00
7.234510183334350586e-01
-8.599305748939514160e-01
-1.102871060371398926e+00
-9.173482656478881836e-01
-6.268460750579833984e-01
2.124708294868469238e-01
1.763737082481384277e+00
-1.563485383987426758e+00
1.463591814041137695e+00
6.912035346031188965e-01
2.877991199493408203e-01
1.686300396919250488e+00
-1.355739235877990723e+00
-9.259824752807617188e-01
-9.944351315498352051e-01
1.891492247581481934e+00
-2.019690424203872681e-01
3.876870870590209961e-01
-1.157627344131469727e+00
4.969134140014648438e+01
8.985933227539062500e+02
7.722210884094238281e-01
2.764104614257812500e+02
3.563808288574218750e+02
5.977760620117187500e+02
7.838547973632812500e+02
4.352119140625000000e+02
9.125527343750000000e+02
3.020472717285156250e+02
4.116389770507812500e+02
7.587742309570312500e+02
4.699635009765625000e+02
7.197536621093750000e+02
9.888157958984375000e+02
2.028949737548828125e+02
7.773235473632812500e+02
6.493336181640625000e+02
6.250612182617187500e+02
1.980665893554687500e+02
8.313212280273437500e+02
1.776321258544921875e+02
9.985906372070312500e+02
1.996348571777343750e+02
7.429061279296875000e+02
8.550507812500000000e+02
4.452217483520507812e+01
6.733184204101562500e+02
7.561976928710937500e+02
7.837896118164062500e+02
9.666496582031250000e+02
TLAST
6.834129333496093750e+01
2415853570
-8.178366088867187500e+01
-4.695466308593750000e+02
5.133445434570312500e+02
5.877057647705078125e+01
-5.754891967773437500e+02
4.595931396484375000e+02
-4.333900756835937500e+02
8.927438354492187500e+02
9.566005859375000000e+02
5.399567260742187500e+02
-7.072158203125000000e+02
6.767125854492187500e+02
-4.551528625488281250e+02
-4.843215332031250000e+02
3.193423767089843750e+02
8.672970581054687500e+02
-5.759943847656250000e+02
5.259040527343750000e+02
-4.994277572631835938e+01
-1.312872924804687500e+02
6.972208862304687500e+02
6.594889526367187500e+02
8.022745971679687500e+02
-4.902744750976562500e+02
4.514291687011718750e+02
-5.711926269531250000e+02
-6.024322509765625000e+02
5.457207031250000000e+02
-6.817161560058593750e+01
8.644216918945312500e+02
1.167610168457031250e+02
-8.859308471679687500e+02
8.466464843750000000e+02
-2.820104675292968750e+02
-9.909796142578125000e+02
-4.310695190429687500e+02
-1.605708160400390625e+02
1.713956298828125000e+02
-9.907275390625000000e+02
6.081566772460937500e+02
2.431741943359375000e+02
-3.887597351074218750e+02
5.778115844726562500e+02
5.351351318359375000e+02
7.257886352539062500e+02
7.159863891601562500e+02
4.459417114257812500e+02
-1.313406829833984375e+02
-7.381088867187500000e+02
-1.425251770019531250e+02
-3.393202819824218750e+02
-1.813932952880859375e+02
9.043958129882812500e+02
-4.741369018554687500e+02
-1.136519775390625000e+02
-8.409513549804687500e+02
8.568634643554687500e+02
-3.574347839355468750e+02
9.765505981445312500e+01
1.700089569091796875e+02
9.592697143554687500e+02
9.549849243164062500e+02
-1.868353080749511719e+01
-8.179057617187500000e+02
-8.647490234375000000e+02
6.031820068359375000e+02
-2.896052246093750000e+02
-3.582458496093750000e+01
-6.246682128906250000e+02
-9.685851440429687500e+02
-2.472838287353515625e+02
8.316178588867187500e+02
-1.590906829833984375e+02
-2.559116210937500000e+02
8.221026611328125000e+02
5.629140014648437500e+02
-9.162391357421875000e+02
-1.725251770019531250e+02
1.732579040527343750e+02
8.565071411132812500e+02
5.124299316406250000e+02
1.708742218017578125e+02
8.639594726562500000e+02
6.310945434570312500e+02
-1.014710006713867188e+02
-7.963718261718750000e+02
1.468259277343750000e+02
1.425332489013671875e+02
6.170264892578125000e+02
5.153557128906250000e+02
-8.386093139648437500e+02
-5.507674026489257812e+01
8.401719360351562500e+02
6.718211669921875000e+02
7.373280029296875000e+02
-8.421380615234375000e+02
1.062140941619873047e+00
5.935194492340087891e-01
-2.512450516223907471e-01
-1.891842246055603027e+00
1.545332819223403931e-01
7.336681336164474487e-02
1.138453185558319092e-01
-8.593419790267944336e-01
-1.523281693458557129e+00
-2.844521105289459229e-01
8.691536784172058105e-01
1.851732015609741211e+00
-1.344612360000610352e+00
1.930369585752487183e-01
7.979245185852050781e-01
1.271792173385620117e+00
4.573670923709869385e-01
-2.989705502986907959e-01
-8.997696042060852051e-01
-8.930807113647460938e-01
3.329795300960540771e-01
8.826169371604919434e-01
-1.864865303039550781e+00
4.572024047374725342e-01
-1.845420360565185547e+00
-1.667382240295410156e+00
3.518192470073699951e-01
-6.693331003189086914e-01
-1.303190469741821289e+00
-1.916546583175659180e+00
1.385942459106445312e+00
-9.657485485076904297e-01
1.992843508720397949e+00
-1.857598781585693359e+00
3.174541890621185303e-01
8.600673675537109375e-01
1.168852806091308594e+00
9.360469579696655273e-01
-3.734900355339050293e-01
1.554356515407562256e-01
1.527634978294372559e+00
-9.720809459686279297e-01
-6.026646494865417480e-01
-1.452118635177612305e+00
6.925616860389709473e-01
-1.852292180061340332e+00
-1.579860687255859375e+00
-8.039113134145736694e-02
-1.843977451324462891e+00
6.788054108619689941e-01
3.460500240325927734e-01
-1.213984489440917969e+00
-8.094606995582580566e-01
1.544433593750000000e+00
-1.270492076873779297e+00
-7.815771698951721191e-01
-1.465912938117980957e+00
-1.077043533325195312e+00
-7.072497904300689697e-02
-1.524070978164672852e+00
1.822652816772460938e+00
-1.457863926887512207e+00
-1.992535471916198730e+00
1.625517942011356354e-02
1.453059077262878418e+00
6.686088442802429199e-01
1.205368638038635254e+00
-1.101426005363464355e+00
-1.858810544013977051e+00
-8.231657743453979492e-01
1.743728816509246826e-01
1.505572557449340820e+00
-8.577306866645812988e-01
1.396232604980468750e+00
6.665865778923034668e-01
-1.039478540420532227e+00
-4.850393906235694885e-02
-9.269224405288696289e-01
-1.516464114189147949e+00
9.972808361053466797e-01
-5.581135749816894531e-01
4.707832932472229004e-01
1.811368465423583984e+00
3.262929916381835938e-01
-1.174911022186279297e+00
1.824296116828918457e+00
1.205334067344665527e+00
-1.412293195724487305e+00
-9.088812023401260376e-02
-3.544638454914093018e-01
-8.876873850822448730e-01
-7.590046525001525879e-01
-8.391033411026000977e-01
-1.566333055496215820e+00
6.056945919990539551e-01
-4.252846837043762207e-01
2.346758728027343750e+02
6.210527954101562500e+02
1.137727737426757812e+02
2.794761962890625000e+02
6.600169677734375000e+02
4.848909301757812500e+02
2.172705383300781250e+02
7.847676086425781250e+01
4.418900451660156250e+02
7.658801879882812500e+02
7.690983581542968750e+01
8.426621093750000000e+02
1.539534454345703125e+02
1.181582183837890625e+02
6.340036621093750000e+02
4.608132934570312500e+02
9.992835083007812500e+02
8.705093383789062500e+01
4.646531982421875000e+02
3.481442565917968750e+02
3.073953552246093750e+02
9.569599609375000000e+02
9.452941284179687500e+02
2.035275878906250000e+02
3.638272094726562500e+02
5.785324096679687500e+02
8.546712036132812500e+02
7.407214355468750000e+02
8.436400146484375000e+02
6.025948486328125000e+02
4.121518859863281250e+02
TLAST
7.293550415039062500e+02
2415853571
8.147919921875000000e+02
-5.289206542968750000e+02
-2.615117492675781250e+02
-6.995014038085937500e+02
-3.806618957519531250e+02
3.715863952636718750e+02
-6.268815307617187500e+02
-5.572860717773437500e+02
-9.075225830078125000e+02
-7.856097412109375000e+02
3.328969421386718750e+02
8.667388916015625000e+02
4.360492553710937500e+02
-1.540692291259765625e+02
-3.799604187011718750e+02
-6.667163085937500000e+02
8.911024169921875000e+02
-7.221654663085937500e+02
6.009617919921875000e+02
5.419488525390625000e+02
-3.259614868164062500e+02
-1.998640136718750000e+02
7.096970214843750000e+02
8.782765502929687500e+02
9.675592041015625000e+02
2.698140258789062500e+02
-7.776985168457031250e+01
6.255418701171875000e+02
-9.860505371093750000e+02
3.265572509765625000e+02
-2.157475128173828125e+02
4.518426818847656250e+02
5.113257751464843750e+02
8.007328491210937500e+02
-8.853668212890625000e+02
8.156303710937500000e+02
8.030697021484375000e+02
-7.534902343750000000e+02
-8.180033683776855469e+00
-6.726897583007812500e+02
-9.808928222656250000e+02
-1.120020141601562500e+02
-4.320418701171875000e+02
-4.191572570800781250e+02
6.661810913085937500e+02
-5.971208496093750000e+02
-1.218657379150390625e+02
-9.852988281250000000e+02
-4.457224369049072266e+00
8.890352172851562500e+02
8.760921020507812500e+02
-9.521599121093750000e+02
-3.262652282714843750e+02
8.501247406005859375e+01
-2.166344451904296875e+02
-1.437908630371093750e+02
-4.135059204101562500e+02
5.233394775390625000e+02
8.356350708007812500e+02
-8.386486206054687500e+02
-6.214067382812500000e+02
4.137861328125000000e+02
9.876805419921875000e+02
4.721085815429687500e+02
-7.521501464843750000e+02
8.249824218750000000e+02
-3.868675842285156250e+02
-2.900080261230468750e+02
7.737625122070312500e+01
9.394862670898437500e+02
-7.188994750976562500e+02
7.427075805664062500e+02
-5.916632080078125000e+02
-4.239817504882812500e+02
-6.482656250000000000e+02
-5.396128540039062500e+02
5.006415100097656250e+02
4.784092102050781250e+02
5.876436767578125000e+02
3.527743835449218750e+02
4.734667663574218750e+02
8.250015258789062500e+02
-9.186605834960937500e+02
-9.272510986328125000e+02
6.146929321289062500e+02
7.343204956054687500e+02
-8.826412963867187500e+01
-3.358852233886718750e+02
-5.037037048339843750e+02
5.984739990234375000e+02
6.889132690429687500e+02
-3.228143615722656250e+02
2.103701782226562500e+01
-3.006918640136718750e+02
2.685254821777343750e+02
3.304921875000000000e+02
-4.127992317080497742e-02
-1.726101279258728027e+00
-1.297514438629150391e+00
-1.143221139907836914e+00
-1.081364035606384277e+00
-1.961855888366699219e+00
1.905934333801269531e+00
-1.843453288078308105e+00
1.147556543350219727e+00
-1.584486842155456543e+00
-2.850753962993621826e-01
1.119812965393066406e+00
9.165551662445068359e-01
-4.643652439117431641e-01
1.962463021278381348e+00
-1.455551505088806152e+00
-1.747242808341979980e-01
1.436378479003906250e+00
-1.592530965805053711e+00
8.375198245048522949e-01
1.532280921936035156e+00
-2.450005859136581421e-01
-1.964725017547607422e+00
-6.084048151969909668e-01
9.804496169090270996e-01
-1.035553812980651855e+00
1.753058433532714844e+00
-7.757799625396728516e-01
-1.210207566618919373e-01
-3.726896643638610840e-01
-1.153387665748596191e+00
-8.320541977882385254e-01
3.114522695541381836e-01
-1.752931177616119385e-01
-2.390815168619155884e-01
-1.557068228721618652e-01
1.250705003738403320e+00
4.974883198738098145e-01
-6.713073849678039551e-01
-3.739944100379943848e-01
6.686282157897949219e-01
-1.148394465446472168e+00
1.261563897132873535e-01
-5.423593521118164062e-01
-1.245983123779296875e+00
6.865283250808715820e-01
1.984091699123382568e-01
-3.504354655742645264e-01
1.533441305160522461e+00
-1.269550323486328125e+00
1.437784075736999512e+00
5.027027130126953125e-01
-1.247006773948669434e+00
-9.677780866622924805e-01
8.439779877662658691e-01
-1.549161821603775024e-01
-5.895495414733886719e-01
-1.547044038772583008e+00
9.568715840578079224e-02
-8.152734637260437012e-01
-1.129860639572143555e+00
-1.825992941856384277e+00
8.923665881156921387e-01
-2.625984847545623779e-01
1.015702843666076660e+00
-1.925671100616455078e+00
8.421995043754577637e-01
1.497822642326354980e+00
-4.378887116909027100e-01
1.041227579116821289e+00
2.271875292062759399e-01
-1.744254827499389648e+00
-8.630612492561340332e-01
9.851569533348083496e-01
-6.572005152702331543e-01
1.937349677085876465e+00
-5.017374753952026367e-01
-1.097241163253784180e+00
-1.055291056632995605e+00
-4.051084816455841064e-01
3.278939751908183098e-03
-4.229998290538787842e-01
-1.799138188362121582e-01
6.524845361709594727e-01
4.485904052853584290e-02
3.331372737884521484e-01
4.871385693550109863e-01
1.125111222267150879e+00
-1.890975594520568848e+00
-1.852011322975158691e+00
-1.686918735504150391e+00
-1.456157922744750977e+00
-1.845950007438659668e+00
1.094073653221130371e+00
1.193441987037658691e+00
-3.767270445823669434e-01
6.087750625610351562e+01
9.248781738281250000e+02
6.924646606445312500e+02
5.552395019531250000e+02
7.611724853515625000e+02
7.285561523437500000e+02
4.205946960449218750e+02
7.816442260742187500e+02
5.094364929199218750e+02
3.687902832031250000e+02
7.319370117187500000e+02
5.777129516601562500e+02
3.502283020019531250e+02
9.248768920898437500e+02
7.573350830078125000e+02
5.244635620117187500e+02
9.750463256835937500e+02
4.012650756835937500e+02
8.096725463867187500e+02
1.548572692871093750e+02
4.510276184082031250e+02
8.037307739257812500e+02
5.323399658203125000e+02
5.395848464965820312e+01
7.816574096679687500e+02
7.869133911132812500e+02
5.940780029296875000e+02
1.236483154296875000e+02
2.011166534423828125e+02
6.703383178710937500e+02
2.584223327636718750e+02
TLAST
5.706371459960937500e+02
