2415853568
1144998453
-1015884393
1147741523
-1005091110
1143644093
1144144831
-1005479951
-999067108
1143639377
1147863585
1143113019
-1006125396
-1002067627
-1032860402
-1006088973
1106227052
1136036196
1140047329
1141771924
1125301803
1146677936
-1006263786
1137325543
-1003597159
-1014422304
1143690811
1127298552
1127225155
1125579024
1140350839
1103076985
-999115890
1148666878
1125316960
1110359681
1141961284
1143618143
-1007526738
-1037029011
1087770516
1140434543
-1009294027
1144247399
1141609604
-1079903088
1131985386
-1002084016
1143374876
-1006535970
-1002190975
1126269195
1136861314
-1009113057
-1037195898
1139473425
1135145782
1142768795
-1003010016
-1014371604
1141746009
-999718191
-1032307266
-1022523466
-1016213509
1144901229
-1010535285
1144374313
-999047582
-1009713545
1135856515
1129307647
-1002196399
1134807902
1140467521
-1005778419
-1001959522
-1013451648
1142108082
1136291074
1136511397
1142921142
1142376948
-1005248768
-1005395382
1142578373
-1013136819
-1009823058
1140022415
1138923536
-1000352052
-1012253756
-1008314402
1143889548
-1020230026
-1027362272
1133857269
1068322022
-1087813794
1058645328
1070682859
1057413487
1072779097
1059503600
1072411380
1066771619
1060427520
-1081919576
1070314495
-1077324250
-1091738411
1026832927
1040675440
1066191202
1058735057
-1077587563
-1090264721
1073278584
1067226205
-1099702048
-1088021023
1045895500
-1083265475
-1094639668
-1079039781
1057158637
1064620488
-1137304864
-1114345407
-1080585917
-1086030291
-1074156527
-1089968428
1066534996
1061137590
-1084999536
1051540214
-1073907571
1071186469
1069935356
1065325078
1073309356
-1096484437
-1084655656
1053398554
1034789908
1062764511
1057631066
1047160394
1059720542
-1081499788
-1079727487
1068074342
1035374808
-1076711906
-1109149566
-1087183148
-1077293111
1073433090
1069086721
-1079187172
1066327118
1066176045
-1085703248
-1073833536
1066697636
1073156089
-1087662986
-1103266693
-1104290985
-1082960889
1066205905
1070245541
1063381241
1069971914
1058751942
-1096725856
-1079759591
1050916183
-1096785938
-1076889806
-1079164388
-1076625478
-1083172186
1060025429
-1088427867
-1107073834
1053167206
-1101486236
1061988366
1069383245
-1136361704
1068424476
1135057833
1147884984
1139130080
1136129911
1141855613
1147380071
1148519812
1143860870
1136142115
1146611207
1147606130
1141357329
1144120128
1146740718
1143676622
1143118763
1136548812
1142299190
1131622057
1123009252
1132545063
1138695773
1135364145
1143963277
1136608143
1140616777
1133604234
1118965097
1144206056
1130372165
1139325056
TLAST
1142193456
2415853569
1145619229
-1003722758
1145270616
1145308551
-1005361557
-1003531472
1146255077
1133232892
1143425786
1146210149
1143684226
-1005713720
-1004179461
-1009961254
-1001191732
-1004399972
1127146122
-1003928823
-1005645077
-1003722776
1135327582
1145882896
-1024974505
1124305412
1121035018
-1011781505
-1028372229
-1021619380
-1018899117
-1017901751
1137720194
-1008031534
1147465690
-998885402
1111740611
1148039034
1100131889
-999196206
1121586935
1141725734
1148619929
1120254327
-1006901302
1125673714
1138339661
1128327628
-1005017460
1146098017
-1005708444
1147120038
1134068311
-1005645514
-1035043899
1148367397
1140994296
1131096535
-1028347624
-999448121
1125685653
1145954637
-998670212
1145428286
1140032395
1108138481
-1023409162
-1028968860
1140509918
1144601717
1136993819
1135642830
1131600637
1123757995
1137789492
-1005396626
-999169916
-1001920990
1107579406
-1003466426
1145714781
-1012511140
1146664952
-1005157033
1136281329
-1018524611
1143398679
1145821969
-1006195395
-1005251515
1146177351
1142617330
-1005804058
-1011118543
1143126074
1111028200
-1002348722
1146374036
1072220777
1073467165
-1079541484
-1083368565
1060454826
-1081877668
1072962683
-1086241203
1050567217
1061304779
1069456321
1062716682
1051147290
1068933926
-1078479219
-1076377253
1073225430
-1083182128
-1097550868
1068722904
1050518306
-1077362175
1061896819
-1087244148
1057496419
-1079031278
-1079695525
1066052995
1059253988
-1082943251
1067390996
1065100084
1044052794
-1074584892
-1099890146
-1073944236
1065897766
-1076192052
1066128386
-1089941577
-1110039995
1053610430
-1089872137
1073137894
1062558574
1069672448
1052609341
1073190681
1067358084
1062983349
1068987760
-1086491374
-1079148085
1070857031
-1078739696
1069175105
-1098502293
-1085599110
1070409559
1034553532
1062907647
1071110220
-1077428825
-1076564231
1066244961
1066244512
-1074129846
1069731930
-1075646327
1051016331
-1076941295
1057167587
-1082424474
1071300032
-1074351735
1069530309
-1090417262
1070821269
-1108612072
1066936666
1066461817
1072573160
-1080162588
-1088342242
-1102410237
-1081165327
1046750267
1073456403
1040794728
-1075179159
-1079723552
-1080307277
-1085556201
-1078886019
1036792871
1049058496
1143482325
1137663773
1133219023
1147089358
1143017870
1131939636
1145046528
1141257159
1137828461
1120061476
1130244439
1121114451
1143885486
1144711264
1138352021
1113140623
1126821825
1147943416
1147075225
1137123659
1124953994
1138605180
1138279153
1100762969
1144242039
1143233544
1142072680
1145683029
1145910356
1129719195
1116505070
TLAST
1136157519
2415853570
-1009755128
1129255122
-1026593901
-1003446888
1145200288
-1002912388
-1016406330
1136532240
1112140770
1138963016
1143250339
-1019445095
1128657131
-999540948
1132940245
1144063575
-1000251238
1128070448
-1030353523
-1020830718
-1033633765
-1003487815
-1000682256
1118812910
-1006963919
1146106709
1143220029
-1038260481
1131548145
-1000155643
1143309914
1146731136
1112150307
-1001249355
-1004832813
-1008144808
1140992451
1138981859
-1009068836
1133613641
1147295874
1145487400
1142929389
1121671128
-1004715051
1125346492
-1012367270
-1004463024
-1047663159
1138535799
-1005004608
-1002672693
1133291191
-1012299914
-1005190948
-1002065092
1146992288
1143923459
1141495847
1129342406
1124055057
1141993898
1124964474
-1004744968
-1007707947
-1043377541
-1046405512
1143293454
1145106587
-1030487074
-1006139230
1140169001
-1024871400
1144934544
-1014698596
-998863376
1125380670
1106897671
1135531403
-1002644867
1143353258
-1019876965
-998861974
-1031901184
1129058960
1148276749
-998801525
-1004216890
-1004437287
-1037677596
1140258834
1147035968
-1001123731
1128119340
1121148081
1121702055
1056103794
-1079588385
-1074297665
1070214361
1068297974
1067095818
1066055526
1038251641
1058785838
1034801532
1046032836
-1089687118
-1074903968
-1079837376
-1076574435
-1092289051
1066351212
1069576400
-1094953669
1055801781
1056537763
-1109867226
1069270807
1042496696
-1087577731
-1101588865
-1080973263
1072477970
1068304386
-1080709187
1040493156
-1092236355
-1112576828
1073625301
1069817478
1070963111
-1078844188
1066418040
1058095716
-1077710492
-1087941100
-1081190391
-1073853514
-1119345840
1057777434
-1076513252
-1093496674
-1075420097
1073362195
1065826982
-1079450818
1052971265
-1079815540
1041318810
1073376932
-1100214717
-1093200109
1061398494
1054345317
1066554955
-1081649178
-1089268586
-1095010949
-1078573387
-1089358057
-1091429539
-1082681695
1065067437
1064507829
1048511554
-1078669729
1073316713
-1076539492
1059656010
1064763405
1049230989
-1079191308
1050701073
-1095538359
-1079603253
-1080597082
-1107349562
-1094761467
-1080588888
1049281783
-1097676696
1044966117
1059290538
-1076319200
1057953734
1039291046
-1075515670
-1078481642
-1074383691
1057642329
1061972170
1146901212
1145168220
1132420747
1144478957
1141746294
1133133648
1144269166
1133364729
1135266026
1128950952
1141602075
1138764796
1142821862
1093153259
1137368572
1108751528
1134069450
1118603371
1141400199
1147542676
1146459827
1140170959
1135351728
1074618601
1143023376
1134625675
1136885824
1142655963
1127776535
1141655662
1138810518
TLAST
1136412155
2415853571
1136379909
1139019525
1140890820
-1012769166
-1046552769
1128536475
1125217261
1126089834
-1031495687
1141852396
-1004848484
-1000084860
1117430548
1129550010
1140222042
-999496714
-1000316073
-1011323086
1147296416
1145173030
-1017114008
-1071705021
1143530153
-1009645414
1142253857
1145049212
-1002039832
1143221877
-1002499644
-1017762257
-1011139472
1114170404
1138449938
1146476821
1117902924
-1005528931
-1005662850
1145286312
-1006361279
1148300103
-1001419148
-1002790742
1146022176
1141968861
1130237846
-1007442584
-1008727685
-1010573414
1145472085
1136622999
-1045887333
1146278372
-1004860589
-1012765263
-1037637210
1141437760
-1011332194
-1022889278
-1010391294
1148261075
1139883781
-998640380
-1013778055
1134706156
-1001310423
-1024938264
1092754398
1133344727
1142532486
1148551677
1129023060
-1024492528
1142713051
-1006814219
-1005812138
1141585355
1136060414
-1012964296
-1013110644
1125492540
1135235919
-999303174
1128211911
1148143884
-1027701463
1143807342
1075307190
1140521377
1135942903
-1012767852
-1023901977
1145128913
-999198421
-1018061050
1139972541
1146396120
1052193220
1070105376
-1079844930
-1105198180
1070447011
-1077202500
1061599818
-1097734023
-1078686561
1067588959
1066464497
1048472288
-1077828242
-1088782827
1065874163
-1089689138
1060786479
-1074356431
1065939676
-1102368941
-1096749782
-1085466532
-1086188938
-1074553274
1051221897
-1076545352
1060598244
1069525081
-1076259711
-1079287097
-1077852443
-1082723945
-1074192162
1049199176
1060103480
-1077539314
-1163371456
-1079400457
1000259386
1072528172
1072647986
-1074326721
1056013842
-1093873533
-1098743360
1054961104
-1103867341
-1079921543
1072122485
1055444191
1065320714
-1074221094
-1081369220
1051884926
1061234792
-1084979597
-1081428155
-1081923509
1044894123
-1084649172
1047229135
1059397194
1073559732
-1083594859
1063218001
-1085240001
1048548622
-1097412227
1059323065
1068337678
-1081391565
1051979682
-1086847415
-1077480512
1057715784
1042427127
-1108867392
-1106727209
1058447912
1068439391
1057022563
-1103734284
1040882846
-1074137679
1062616584
-1074290243
1067389360
-1077124365
-1113541461
-1120549268
-1076320644
1072862770
-1086299648
-1080919661
1069646003
1064492118
1146188166
1144440347
1126048694
1147398195
1073103807
1131622071
1124667929
1135259585
1125383481
1133286964
1137195555
1139585383
1132915878
1116206290
1141318598
1142839454
1143209120
1105554966
1121171885
1143410909
1120740316
1116024427
1138874342
1136025321
1143494130
1109475024
1130450897
1133418425
1134731858
1090380497
1141487745
TLAST
1095763973
