2415853568
4.394439086914062500e+02
-5.835995483398437500e+02
7.297744750976562500e+01
5.835894775390625000e+02
9.618656158447265625e+01
-3.182922973632812500e+02
-2.539934387207031250e+02
8.135752868652343750e+01
-5.434929809570312500e+02
-7.396892700195312500e+02
6.500070800781250000e+02
8.209945068359375000e+02
3.051225585937500000e+02
-8.310731811523437500e+02
3.207409057617187500e+02
2.648589477539062500e+02
-8.845353393554687500e+02
-4.462708129882812500e+02
-3.716130981445312500e+02
-7.560417480468750000e+02
3.445817565917968750e+02
-4.592481994628906250e+02
-6.004510498046875000e+02
-7.083962402343750000e+02
-6.418904418945312500e+02
-4.938865966796875000e+02
3.745663452148437500e+02
9.609110717773437500e+02
2.091256713867187500e+02
1.813415679931640625e+02
-9.359245605468750000e+02
3.310912475585937500e+02
7.791976928710937500e+01
1.322935638427734375e+02
6.133580322265625000e+02
-2.547648315429687500e+02
-3.797169799804687500e+02
-7.006659545898437500e+02
2.349357910156250000e+02
-4.944231567382812500e+02
7.676665039062500000e+02
4.463070297241210938e+01
-4.918403015136718750e+02
-6.395073242187500000e+02
-7.483120117187500000e+02
-3.031227722167968750e+02
5.565693359375000000e+02
-3.721763610839843750e+01
1.124059632420539856e-01
-1.888856506347656250e+02
3.440507507324218750e+02
3.271798706054687500e+02
7.806234741210937500e+02
3.638123474121093750e+02
-7.912762451171875000e+02
-1.104867553710937500e+02
6.623103637695312500e+02
1.865027465820312500e+02
-5.428939819335937500e+02
2.360794677734375000e+02
-5.392265625000000000e+02
9.143463745117187500e+02
-8.808754272460937500e+02
4.067182312011718750e+02
-8.375344848632812500e+02
-8.546649780273437500e+02
8.698750305175781250e+01
-4.735726623535156250e+02
9.452327270507812500e+02
-4.169435119628906250e+02
6.956188964843750000e+02
3.860111083984375000e+02
6.137933731079101562e+01
5.649476928710937500e+02
-8.801421508789062500e+02
3.933112182617187500e+02
2.882609558105468750e+02
-8.666542358398437500e+02
6.106806640625000000e+02
-2.205649566650390625e+02
-9.679078979492187500e+02
-7.932138061523437500e+02
5.116283874511718750e+02
-5.444639282226562500e+02
-1.019572296142578125e+02
7.504467163085937500e+02
7.563726806640625000e+02
-7.196412353515625000e+02
8.235108256340026855e-01
-6.006333007812500000e+02
-3.830934753417968750e+02
-5.207691040039062500e+02
-2.922597961425781250e+02
4.042876892089843750e+02
1.361020355224609375e+02
4.643436584472656250e+02
1.492963552474975586e+00
1.613666296005249023e+00
8.050553202629089355e-01
-1.323127627372741699e+00
1.352842003107070923e-01
1.741547226905822754e+00
6.973885893821716309e-01
-1.546087503433227539e+00
-2.815239131450653076e-01
1.961191773414611816e+00
2.647860348224639893e-01
-1.952319502830505371e+00
1.320163011550903320e-01
-9.024188518524169922e-01
3.183034658432006836e-01
-7.006384730339050293e-01
1.397994995117187500e+00
1.004365086555480957e+00
1.422265887260437012e+00
-9.190571904182434082e-01
-2.715852260589599609e-01
8.381494283676147461e-01
1.119166493415832520e+00
8.162331581115722656e-01
-1.402174711227416992e+00
3.715456426143646240e-01
-8.882422447204589844e-01
1.146785140037536621e+00
1.834097981452941895e+00
4.642042331397533417e-03
-1.696302533149719238e+00
-1.899442672729492188e+00
1.466016650199890137e+00
3.830310702323913574e-01
9.087818861007690430e-02
-1.434616327285766602e+00
1.954387068748474121e+00
-1.608984589576721191e+00
-1.888388514518737793e+00
1.821239113807678223e+00
-1.092181205749511719e+00
-1.634657979011535645e+00
1.866442799568176270e+00
9.792644381523132324e-01
5.100277066230773926e-01
5.871700644493103027e-01
-7.834747433662414551e-01
1.795816272497177124e-01
1.996726632118225098e+00
-1.509783625602722168e+00
-1.747152447700500488e+00
1.215892806649208069e-01
-4.145284295082092285e-01
5.492927432060241699e-01
-9.065287113189697266e-01
-8.215712308883666992e-01
1.056682109832763672e+00
1.817030310630798340e+00
1.995259672403335571e-01
-1.059397697448730469e+00
-3.719688951969146729e-01
-3.516480922698974609e-01
1.976861238479614258e+00
-1.634964466094970703e+00
-1.141970872879028320e+00
1.750740885734558105e+00
4.937910735607147217e-01
-4.764469265937805176e-01
1.840781092643737793e+00
-1.844667553901672363e+00
-7.299377582967281342e-03
-1.390092492103576660e+00
1.401869773864746094e+00
-1.329034805297851562e+00
8.087564706802368164e-01
-1.849883198738098145e+00
-7.556297779083251953e-01
3.444375395774841309e-01
-5.955424308776855469e-01
9.606891274452209473e-01
1.760638236999511719e+00
2.221249788999557495e-01
1.228191971778869629e+00
-1.633733868598937988e+00
-1.463799834251403809e+00
6.724881529808044434e-01
-8.116939663887023926e-01
6.361855864524841309e-01
-1.071339249610900879e+00
6.539937257766723633e-01
-1.099347591400146484e+00
2.256627976894378662e-01
1.240495324134826660e+00
9.468835592269897461e-01
8.149762153625488281e-01
-1.369244456291198730e+00
5.117930297851562500e+02
7.207375488281250000e+02
7.631640014648437500e+02
6.584958496093750000e+02
9.442813110351562500e+02
5.990205078125000000e+02
5.600494384765625000e+02
4.507961120605468750e+02
1.319863433837890625e+02
8.267733154296875000e+02
6.988814086914062500e+02
9.185257720947265625e+01
7.009847412109375000e+02
8.941026306152343750e+01
2.421748199462890625e+02
3.883184204101562500e+02
2.261295318603515625e+02
2.469678497314453125e+02
6.652989501953125000e+02
9.480399780273437500e+02
7.574906005859375000e+02
1.223439865112304688e+02
4.747373657226562500e+02
4.629214096069335938e+01
8.902931518554687500e+02
2.391721038818359375e+02
4.318980102539062500e+02
9.446849822998046875e+01
1.290425720214843750e+02
4.895057067871093750e+02
1.803235015869140625e+02
TLAST
8.837255859375000000e+02
2415853569
8.935517883300781250e+01
-1.243587875366210938e+02
1.560826263427734375e+02
7.706593017578125000e+02
-3.871340942382812500e+02
6.312611694335937500e+02
-1.021629104614257812e+02
-2.436968078613281250e+02
6.065859375000000000e+02
8.831008300781250000e+02
5.307346191406250000e+02
-7.168024291992187500e+02
-3.244096984863281250e+02
3.510463867187500000e+02
-9.441255950927734375e+01
-4.792404479980468750e+02
1.846330108642578125e+02
2.252312622070312500e+02
2.533740844726562500e+02
-1.962304687500000000e+02
-5.132628173828125000e+02
5.302041015625000000e+02
-5.677093505859375000e+02
-5.139971923828125000e+02
-2.296196441650390625e+02
-6.881490478515625000e+02
2.506353607177734375e+02
5.136486816406250000e+02
2.805580444335937500e+02
-2.336242675781250000e+02
2.460184631347656250e+02
6.659434814453125000e+02
-8.878767395019531250e+01
-5.669982910156250000e+02
-7.728568115234375000e+02
-1.061493072509765625e+02
2.968056030273437500e+02
-8.482530517578125000e+02
-9.251956176757812500e+02
8.553323974609375000e+02
4.116435852050781250e+02
-6.467427978515625000e+02
-7.441137084960937500e+02
1.855432891845703125e+02
-6.451664428710937500e+02
9.065411376953125000e+02
2.366267204284667969e+01
-8.902301025390625000e+02
-6.053158569335937500e+01
1.663069152832031250e+01
-1.692052154541015625e+02
-2.103043365478515625e+01
9.101419067382812500e+02
8.541831016540527344e+00
-5.272337646484375000e+02
-2.812023010253906250e+02
-3.232286987304687500e+02
-2.836159057617187500e+02
4.452005920410156250e+02
1.328755187988281250e+02
-9.334578857421875000e+02
-9.117852783203125000e+02
2.101793823242187500e+02
3.324840545654296875e+01
-8.988381347656250000e+02
1.839562683105468750e+02
-3.977044982910156250e+02
-2.887692260742187500e+02
9.536707878112792969e+00
-6.118220825195312500e+02
4.779963378906250000e+02
5.430357666015625000e+02
-2.648205871582031250e+02
-5.857950439453125000e+02
5.054756774902343750e+02
-6.423151245117187500e+02
2.558637542724609375e+02
5.112063903808593750e+02
3.878067626953125000e+02
-9.860761108398437500e+02
9.509711914062500000e+02
4.957411575317382812e+01
9.076042480468750000e+02
-9.639102783203125000e+02
-2.598986206054687500e+02
4.432386474609375000e+02
9.310015258789062500e+02
8.474796142578125000e+02
-3.057834472656250000e+02
-9.239584350585937500e+01
-9.021951904296875000e+02
-3.843965454101562500e+02
-5.707621459960937500e+02
-9.922205200195312500e+02
-8.900197143554687500e+02
6.393453369140625000e+02
-1.545679926872253418e+00
1.425777435302734375e+00
-1.352765917778015137e+00
-1.372441530227661133e+00
1.309193015098571777e+00
8.803321421146392822e-02
-1.095225334167480469e+00
-6.902136802673339844e-01
4.585353732109069824e-01
1.310351490974426270e+00
7.825075984001159668e-01
-1.804861187934875488e+00
1.748626828193664551e+00
-1.844637632369995117e+00
-1.443065881729125977e+00
-1.897193431854248047e+00
1.751347899436950684e+00
3.210383057594299316e-01
9.735597372055053711e-01
-8.504607528448104858e-02
-7.975720167160034180e-01
-1.183097839355468750e+00
1.987509250640869141e+00
1.527048349380493164e+00
-2.414110004901885986e-01
-1.875328302383422852e+00
-1.385980725288391113e+00
8.565105199813842773e-01
-8.355915546417236328e-01
-1.121425032615661621e-01
1.344860315322875977e+00
-1.522267580032348633e+00
1.675165653228759766e+00
9.352763891220092773e-01
3.622520864009857178e-01
-6.541297435760498047e-01
6.333436965942382812e-01
-1.308437824249267578e+00
9.859704971313476562e-02
8.073543310165405273e-01
1.044378757476806641e+00
1.671213269233703613e+00
1.114733815193176270e+00
-1.886667490005493164e+00
7.093026041984558105e-01
9.714983105659484863e-01
1.321484327316284180e+00
-6.177291274070739746e-01
6.827852129936218262e-02
-1.526515960693359375e+00
-1.094624400138854980e+00
-1.199572801589965820e+00
7.739686965942382812e-01
9.453580379486083984e-01
1.229897618293762207e+00
1.942518353462219238e+00
1.872229695320129395e+00
-1.703930377960205078e+00
3.671489953994750977e-01
5.342967510223388672e-01
3.398779332637786865e-01
-2.353209704160690308e-01
1.169559836387634277e+00
-3.196647167205810547e-01
1.404556512832641602e+00
-9.523298740386962891e-01
-4.894621372222900391e-01
1.294004559516906738e+00
-1.484065175056457520e+00
-5.967913269996643066e-01
-1.661104917526245117e+00
-6.815537810325622559e-01
-4.874660968780517578e-01
-1.049783468246459961e+00
1.167214393615722656e+00
-2.962685525417327881e-01
1.497685313224792480e+00
9.873088598251342773e-01
-2.440097182989120483e-01
1.055572628974914551e+00
-8.114925026893615723e-01
-1.725175976753234863e+00
1.596997857093811035e+00
1.267232537269592285e+00
1.769602656364440918e+00
-6.349309086799621582e-01
-1.794284135103225708e-01
-3.476093709468841553e-01
-6.852767467498779297e-01
1.542996883392333984e+00
4.231480956077575684e-01
4.449403285980224609e-01
1.376530230045318604e-01
5.381972789764404297e-01
-1.722246766090393066e+00
6.832953691482543945e-01
2.708245849609375000e+02
6.916095581054687500e+02
3.856981506347656250e+02
3.968991088867187500e+02
7.264449310302734375e+01
6.712507934570312500e+02
5.897874755859375000e+02
1.244371032714843750e+02
6.566952514648437500e+02
5.714863281250000000e+02
3.575333862304687500e+02
7.727996215820312500e+02
3.818570251464843750e+02
7.292773437500000000e+02
1.827838745117187500e+02
6.135619354248046875e+01
8.625899658203125000e+02
6.966999511718750000e+02
5.261621704101562500e+02
2.109055938720703125e+02
7.051371002197265625e+01
8.341073608398437500e+02
8.103311920166015625e+01
5.688244628906250000e+01
6.520957031250000000e+02
5.067913818359375000e+02
2.717957973480224609e+00
1.384553070068359375e+02
8.091667480468750000e+02
2.528997039794921875e+02
7.163594360351562500e+02
TLAST
5.435782623291015625e+01
2415853570
-3.465466613769531250e+02
3.660575256347656250e+02
2.823110961914062500e+02
-8.993491821289062500e+02
9.776898193359375000e+02
4.100230102539062500e+02
-8.793932495117187500e+02
9.397423706054687500e+02
9.219677124023437500e+02
2.446573181152343750e+02
-9.827474365234375000e+02
-7.450099487304687500e+02
3.577950744628906250e+02
9.760892333984375000e+02
-7.298168945312500000e+02
-7.164472198486328125e+01
2.065014343261718750e+02
-9.307755126953125000e+02
1.461142120361328125e+02
5.812817382812500000e+02
3.582389221191406250e+02
5.875393066406250000e+02
4.467762451171875000e+02
-1.118725891113281250e+02
-3.225363540649414062e+01
-1.068180618286132812e+02
-9.618285522460937500e+02
-4.671084899902343750e+02
3.474090576171875000e+02
1.773386993408203125e+02
-9.238097381591796875e+01
-5.384306640625000000e+02
2.267697448730468750e+02
-1.862638549804687500e+02
-6.319439697265625000e+02
-6.265708007812500000e+02
-6.915539550781250000e+02
8.385580444335937500e+02
3.418211975097656250e+02
1.752356872558593750e+02
-3.458178405761718750e+02
8.264721679687500000e+02
4.740153808593750000e+02
9.509040527343750000e+02
-1.844335632324218750e+02
1.398090362548828125e+02
-6.878621215820312500e+02
-8.274573364257812500e+02
4.742474365234375000e+02
7.832994384765625000e+02
-8.246401367187500000e+02
5.452521362304687500e+02
3.715866394042968750e+02
5.535203456878662109e+00
5.388038940429687500e+02
-7.263643798828125000e+02
6.202684326171875000e+02
1.807010345458984375e+02
-1.396777343750000000e+02
3.885664367675781250e+02
4.217445983886718750e+02
-4.323702392578125000e+02
1.882693099975585938e+01
-4.662399902343750000e+02
-7.502083740234375000e+02
-2.623815002441406250e+02
9.049837036132812500e+02
2.155793151855468750e+02
-2.989571228027343750e+02
4.851442260742187500e+02
7.168467407226562500e+02
-2.057321319580078125e+02
-3.991895446777343750e+02
9.161303100585937500e+02
-1.950077972412109375e+02
-1.321045532226562500e+02
4.163642883300781250e+02
8.126295166015625000e+02
-7.942625122070312500e+02
6.022249145507812500e+02
5.976278076171875000e+02
-1.180218200683593750e+02
9.259920654296875000e+02
-3.439893188476562500e+02
4.414732971191406250e+02
8.910046386718750000e+02
5.295219726562500000e+02
-5.502870483398437500e+02
-7.963743896484375000e+02
-9.723146972656250000e+02
-7.952371978759765625e+01
-3.897304992675781250e+02
-6.505988769531250000e+02
6.172720336914062500e+02
6.473398437500000000e+02
8.150969848632812500e+02
6.355304121971130371e-01
-1.379876971244812012e+00
1.476431727409362793e+00
-1.234437003731727600e-01
-2.499677836894989014e-01
1.206699490547180176e+00
-1.853496789932250977e+00
1.240893840789794922e+00
-3.303115367889404297e-01
-4.620717763900756836e-01
-1.960074782371520996e+00
1.382073283195495605e+00
-7.263932824134826660e-01
-1.295634031295776367e+00
-5.164879560470581055e-01
-1.314443230628967285e+00
-5.208094120025634766e-01
-5.821971297264099121e-01
-1.687228798866271973e+00
-7.670880556106567383e-01
1.814749985933303833e-01
1.582171678543090820e+00
2.406972348690032959e-01
1.185841113328933716e-01
-9.193835258483886719e-01
3.405781686305999756e-01
1.556758999824523926e+00
1.866531252861022949e+00
-1.992443919181823730e+00
-1.921507358551025391e+00
-1.267239570617675781e+00
9.928410500288009644e-02
-3.270020009949803352e-03
-7.132987380027770996e-01
1.553113162517547607e-01
-1.964217543601989746e+00
7.392911314964294434e-01
-1.943007946014404297e+00
1.993383526802062988e+00
4.289529621601104736e-01
1.253936171531677246e+00
-1.514798164367675781e+00
1.654530405998229980e+00
4.538335800170898438e-01
-6.042184233665466309e-01
-1.447403550148010254e+00
5.205767154693603516e-01
-9.236346483230590820e-01
-1.790606021881103516e+00
1.300415158271789551e+00
-1.313416957855224609e+00
-1.882979035377502441e+00
-1.561030268669128418e+00
4.340370893478393555e-01
-1.928527951240539551e+00
1.586229562759399414e+00
-1.885677695274353027e+00
-1.914939284324645996e+00
-1.659427881240844727e+00
-1.822059035301208496e+00
-1.759929418563842773e+00
-1.055993080139160156e+00
1.732981801033020020e+00
1.603634059429168701e-01
1.658267140388488770e+00
6.532434225082397461e-01
1.753907442092895508e+00
-7.954761385917663574e-01
-1.381384253501892090e+00
-1.463628262281417847e-01
-1.848540663719177246e+00
1.882214188575744629e+00
-1.341593146324157715e+00
-1.452526211738586426e+00
-1.288186669349670410e+00
1.349635362625122070e+00
1.796657323837280273e+00
1.019098877906799316e+00
-1.213356494903564453e+00
-4.693045094609260559e-02
-4.076327085494995117e-01
-2.316006422042846680e-01
3.278383910655975342e-01
-1.547788500785827637e+00
-1.320903420448303223e+00
1.751422882080078125e+00
1.589013338088989258e-01
-7.338051199913024902e-01
2.379578202962875366e-01
-6.787935495376586914e-01
-7.688528299331665039e-01
-1.786725521087646484e+00
-1.436197400093078613e+00
-1.863615036010742188e+00
1.716219544410705566e+00
-6.365398764610290527e-01
7.300350952148437500e+02
2.819549560546875000e+02
6.646058349609375000e+02
6.726215820312500000e+02
4.241514282226562500e+02
4.304458007812500000e+02
8.626303100585937500e+02
4.763627929687500000e+02
3.722759399414062500e+02
8.986593627929687500e+02
7.036102294921875000e+02
4.163434143066406250e+02
3.789086608886718750e+02
7.352553710937500000e+02
8.944203948974609375e+01
2.174549407958984375e+02
5.484539184570312500e+02
6.423766479492187500e+02
3.149377746582031250e+02
7.377445068359375000e+02
3.269365844726562500e+02
9.574609375000000000e+02
9.476658935546875000e+02
6.642618408203125000e+02
9.895274047851562500e+02
8.607868041992187500e+02
1.225906448364257812e+02
4.749485168457031250e+02
3.202902832031250000e+02
7.227379150390625000e+02
7.199523315429687500e+02
TLAST
7.002808094024658203e+00
2415853571
7.369331054687500000e+02
9.734105224609375000e+02
-4.226506042480468750e+01
-1.481188812255859375e+02
-1.146171493530273438e+02
6.861962890625000000e+02
-5.702009277343750000e+02
-8.798508300781250000e+02
-6.920922241210937500e+02
2.158664703369140625e+02
-1.182462844848632812e+02
-8.823526611328125000e+02
2.868915710449218750e+02
3.592897644042968750e+02
7.785900878906250000e+02
-6.169924316406250000e+02
3.543546752929687500e+02
3.205941467285156250e+02
6.847268066406250000e+02
-9.591785278320312500e+02
5.869502563476562500e+02
2.601528320312500000e+02
4.386216430664062500e+02
-9.134943847656250000e+02
-9.543447265625000000e+02
-3.824259643554687500e+02
-2.470566406250000000e+02
-1.045972137451171875e+02
2.667589416503906250e+02
2.744706726074218750e+02
-7.568888549804687500e+02
6.153281860351562500e+02
-2.022453918457031250e+02
4.755110473632812500e+02
8.464531860351562500e+02
5.472029113769531250e+01
7.719489746093750000e+02
-9.772274169921875000e+02
7.043033447265625000e+02
-4.569932556152343750e+02
-5.366173095703125000e+02
8.927493286132812500e+02
4.145216979980468750e+02
-2.550378265380859375e+02
-5.630534667968750000e+02
1.930523986816406250e+02
6.626755523681640625e+01
7.416093750000000000e+02
5.462728881835937500e+02
4.351916198730468750e+02
-5.316589355468750000e+02
-6.453352661132812500e+02
-6.649354248046875000e+02
8.435652465820312500e+02
9.202023506164550781e+00
6.464013671875000000e+02
-4.721192321777343750e+02
-7.426065673828125000e+02
-1.979719924926757812e+01
-6.759284057617187500e+02
-1.968313598632812500e+02
-4.542230834960937500e+02
4.462398681640625000e+02
-5.932656250000000000e+02
-4.064082031250000000e+02
-5.838809204101562500e+02
-6.919869384765625000e+02
-8.031882324218750000e+02
5.013251953125000000e+02
-6.572781982421875000e+02
-5.802000122070312500e+02
8.625820922851562500e+02
6.303941650390625000e+02
2.060925750732421875e+02
5.138486328125000000e+02
-9.939440917968750000e+02
-4.878534240722656250e+02
-7.560613403320312500e+02
-7.510345458984375000e+02
-3.698536071777343750e+02
-6.012237548828125000e+02
6.379032592773437500e+02
9.235003662109375000e+02
6.095453491210937500e+02
4.330745239257812500e+02
-6.607042846679687500e+02
-2.419789276123046875e+02
3.067582092285156250e+02
6.404027709960937500e+02
-9.382379150390625000e+02
6.140372924804687500e+02
8.881278686523437500e+02
3.022031555175781250e+02
-4.998328552246093750e+02
4.093880310058593750e+02
-7.893235473632812500e+02
-1.840296149253845215e+00
-1.277987241744995117e+00
1.090194702148437500e+00
1.885598897933959961e+00
-1.601753830909729004e+00
1.393401265144348145e+00
-4.339900314807891846e-01
2.059147059917449951e-01
-4.098545014858245850e-01
1.183639883995056152e+00
-8.371825814247131348e-01
-1.846930027008056641e+00
-6.145943999290466309e-01
5.027859807014465332e-01
-1.794089078903198242e+00
1.315869808197021484e+00
3.971093893051147461e-01
-7.024470716714859009e-02
1.378566175699234009e-01
-1.659299850463867188e+00
-1.005967974662780762e+00
-1.862484216690063477e+00
-1.173517107963562012e+00
1.442783713340759277e+00
-7.578473687171936035e-01
2.806378602981567383e-01
-7.350515127182006836e-01
2.631618976593017578e-01
7.978081107139587402e-01
1.543712258338928223e+00
-1.376356363296508789e+00
1.253227353096008301e+00
-1.331100314855575562e-01
1.007182359695434570e+00
-1.557812809944152832e+00
4.218930602073669434e-01
1.752419233322143555e+00
-1.800621002912521362e-01
1.271426677703857422e+00
1.434295058250427246e+00
5.477026700973510742e-01
2.354523539543151855e-01
-1.299389243125915527e+00
-6.564010381698608398e-01
1.492408275604248047e+00
1.297207355499267578e+00
-1.031896233558654785e+00
-1.075360178947448730e+00
9.666987508535385132e-02
-1.089102864265441895e+00
-1.738929390907287598e+00
5.400646924972534180e-01
-1.865211844444274902e+00
-1.353112578392028809e+00
-8.444854617118835449e-01
1.190664410591125488e+00
1.983291268348693848e+00
-1.167225241661071777e-01
-1.236379742622375488e+00
-6.780971288681030273e-01
5.337988734245300293e-01
-1.605300545692443848e+00
1.161307692527770996e+00
7.787120342254638672e-01
1.104431867599487305e+00
-3.158384859561920166e-01
-4.647564589977264404e-01
4.875920116901397705e-01
-6.165611147880554199e-01
-1.235428452491760254e+00
-1.788750529289245605e+00
1.650599360466003418e+00
-1.855743408203125000e+00
5.391168594360351562e-01
1.626718044281005859e+00
-4.239416420459747314e-01
-5.709375739097595215e-01
1.719977259635925293e+00
-1.783585071563720703e+00
-7.837280035018920898e-01
1.907888352870941162e-01
-6.839607954025268555e-01
-1.822985053062438965e+00
-7.304030060768127441e-01
6.626161336898803711e-01
-1.695898056030273438e+00
1.983689546585083008e+00
6.446534395217895508e-01
-1.586183071136474609e+00
3.722698688507080078e-01
1.194671273231506348e+00
1.834770083427429199e+00
-1.299898028373718262e+00
-1.810961663722991943e-01
-5.342014431953430176e-01
1.568216443061828613e+00
3.307231445312500000e+02
4.272044982910156250e+02
6.620247192382812500e+02
9.547887573242187500e+02
2.036604003906250000e+02
2.755523376464843750e+02
9.540057373046875000e+02
2.468017883300781250e+02
7.806236267089843750e+01
7.406996459960937500e+02
6.475847778320312500e+02
1.659603576660156250e+02
6.475267333984375000e+02
8.651851806640625000e+02
6.141702270507812500e+02
8.955791625976562500e+02
9.499256591796875000e+02
7.972000732421875000e+02
6.133999633789062500e+02
6.927340698242187500e+02
8.439818725585937500e+02
3.967297973632812500e+02
1.330444946289062500e+02
7.672441406250000000e+02
3.277955017089843750e+02
9.615090179443359375e+01
4.392876892089843750e+02
3.424818725585937500e+02
2.500322265625000000e+02
4.212271728515625000e+02
2.546375732421875000e+02
TLAST
2.843377990722656250e+02
