2415853568
-1.733349914550781250e+02
2.779904174804687500e+02
9.084483642578125000e+02
-1.745226745605468750e+02
-4.056421203613281250e+02
-9.736980590820312500e+02
-4.312094726562500000e+02
3.130632324218750000e+02
-6.211621704101562500e+02
4.268139648437500000e+02
7.663732299804687500e+02
1.578732452392578125e+02
4.516752014160156250e+02
7.204645385742187500e+02
8.338424072265625000e+02
7.587001953125000000e+02
4.401273803710937500e+02
-8.086727905273437500e+02
-6.445037841796875000e+02
-9.855606079101562500e+00
-7.521445922851562500e+02
5.233480834960937500e+02
5.721173095703125000e+02
-1.518495941162109375e+02
-6.422176513671875000e+02
-3.989217996597290039e+00
7.069526672363281250e+00
-4.307886047363281250e+02
1.442458953857421875e+02
7.904211425781250000e+02
-5.453892135620117188e+01
-8.501436157226562500e+02
8.441915893554687500e+02
6.094429931640625000e+02
-2.398683166503906250e+02
2.374250030517578125e+02
-8.410424194335937500e+02
6.377429199218750000e+02
-9.837536010742187500e+02
-4.157963562011718750e+02
6.639945678710937500e+02
7.525650634765625000e+02
-7.372648315429687500e+02
-2.544099273681640625e+02
-5.830488891601562500e+02
3.647553100585937500e+02
2.205435180664062500e+02
-1.101743850708007812e+02
-1.622375183105468750e+02
-8.853264160156250000e+02
-2.180531005859375000e+02
-3.615893859863281250e+02
-8.423870849609375000e+02
-2.422382965087890625e+02
-9.353402709960937500e+02
-5.516761474609375000e+02
7.846162109375000000e+02
-7.893182373046875000e+02
3.252695922851562500e+02
-9.797772216796875000e+02
-7.902842407226562500e+02
-7.857680664062500000e+02
-7.593263549804687500e+02
-3.819694213867187500e+02
4.496334075927734375e+01
-4.423804626464843750e+02
-2.468058776855468750e+02
-7.362205200195312500e+02
8.130950927734375000e+02
-4.630736083984375000e+02
-5.407797241210937500e+02
8.141731567382812500e+02
5.231213989257812500e+02
1.412702026367187500e+02
6.202428588867187500e+02
-5.772597045898437500e+02
6.664013671875000000e+02
8.263930664062500000e+02
5.161389770507812500e+02
-3.687499389648437500e+02
-6.530317993164062500e+02
-8.820872802734375000e+02
8.502516479492187500e+02
-7.141915283203125000e+02
-6.539348144531250000e+02
-3.896019287109375000e+02
-4.331566162109375000e+02
2.327547073364257812e+01
-1.345456314086914062e+01
-5.119905090332031250e+02
-6.238957519531250000e+02
-1.980215606689453125e+02
4.135819091796875000e+02
-3.843770751953125000e+02
-1.736459960937500000e+02
-5.645846557617187500e+02
4.324566423892974854e-01
1.933431148529052734e+00
1.361374706029891968e-01
1.109619021415710449e+00
5.263488292694091797e-01
-1.373938441276550293e+00
4.947198554873466492e-03
1.775294065475463867e+00
-1.797184824943542480e+00
4.697467088699340820e-01
5.804194808006286621e-01
-2.424407154321670532e-01
-8.550648689270019531e-01
3.080106377601623535e-01
-1.481617093086242676e-01
-4.702330008149147034e-02
3.308182656764984131e-01
7.226744294166564941e-01
2.438339143991470337e-01
1.757614374160766602e+00
-1.696993589401245117e+00
-1.092236161231994629e+00
1.270899415016174316e+00
1.328680276870727539e+00
1.507530450820922852e+00
-7.452011108398437500e-01
2.803348898887634277e-01
1.661720871925354004e+00
2.293221801519393921e-01
-9.280769824981689453e-01
-5.511319041252136230e-01
-1.504641294479370117e+00
3.065746426582336426e-01
-1.943233251571655273e+00
1.463161110877990723e+00
-3.335366249084472656e-01
9.016723632812500000e-01
-1.732980251312255859e+00
-8.545287251472473145e-01
-4.774316400289535522e-02
-6.459558606147766113e-01
-1.505508184432983398e+00
-1.960277557373046875e+00
1.080209016799926758e+00
6.227003410458564758e-03
-5.823664069175720215e-01
1.422574758529663086e+00
9.061107635498046875e-01
-7.736166119575500488e-01
-6.081215143203735352e-01
7.970952987670898438e-01
-4.994986653327941895e-01
1.907571792602539062e+00
-1.988706350326538086e+00
1.973523139953613281e+00
1.128016233444213867e+00
2.509447932243347168e-01
-4.989545047283172607e-01
1.308197379112243652e+00
-5.153319239616394043e-01
1.470778942108154297e+00
1.688424944877624512e+00
1.193172216415405273e+00
8.375358581542968750e-01
-1.037911057472229004e+00
1.121967583894729614e-01
-1.206354260444641113e+00
6.503272056579589844e-02
-1.945258378982543945e+00
-3.397943675518035889e-01
1.927434802055358887e+00
-5.605528876185417175e-02
2.929801046848297119e-01
1.117662310600280762e+00
1.379260420799255371e+00
6.533923149108886719e-01
6.785217523574829102e-01
1.254421710968017578e+00
-2.501502931118011475e-01
6.913679242134094238e-01
-1.227239251136779785e+00
1.285539507865905762e+00
1.797493696212768555e+00
1.506121754646301270e+00
1.941764593124389648e+00
-1.626594901084899902e+00
-1.832332372665405273e+00
1.589410066604614258e+00
7.774539589881896973e-01
7.517372369766235352e-01
-9.796538949012756348e-01
-1.211511135101318359e+00
-1.009857773780822754e+00
1.985733628273010254e+00
-1.646345108747482300e-01
1.385132908821105957e+00
1.452901153564453125e+02
4.154881286621093750e+02
1.619144134521484375e+02
3.633753662109375000e+02
5.418566284179687500e+02
5.075458984375000000e+02
3.496420288085937500e+01
6.105513305664062500e+02
5.001061096191406250e+02
5.204060668945312500e+02
8.772105102539062500e+02
4.073953247070312500e+02
6.340470314025878906e-01
2.399942779541015625e+02
4.385964050292968750e+02
1.086205825805664062e+02
6.057520141601562500e+02
2.479807434082031250e+02
2.333757476806640625e+02
2.343599243164062500e+02
7.995637817382812500e+02
3.156160583496093750e+02
3.038265075683593750e+02
7.014337158203125000e+01
7.485825195312500000e+02
6.106496582031250000e+02
9.697490844726562500e+02
1.129263992309570312e+02
5.342567749023437500e+02
4.099725341796875000e+02
7.025643310546875000e+02
TLAST
6.901175537109375000e+02
2415853569
-8.863053588867187500e+02
1.910789337158203125e+02
4.010842895507812500e+02
8.809004516601562500e+02
1.931721038818359375e+02
-7.909444580078125000e+02
2.722079162597656250e+02
-9.691510009765625000e+02
8.399519653320312500e+02
1.552883911132812500e+02
3.588022155761718750e+02
1.411360321044921875e+02
-6.933024902343750000e+02
-1.073648986816406250e+02
-6.580883789062500000e+02
-7.865991821289062500e+02
7.333897094726562500e+02
6.663090820312500000e+02
5.382269897460937500e+02
-5.315628051757812500e+02
7.090083007812500000e+02
9.117400360107421875e+01
-8.442616271972656250e+01
-1.905994720458984375e+02
8.933973388671875000e+02
8.879031372070312500e+02
-8.320570068359375000e+02
-4.790266723632812500e+02
3.399796142578125000e+02
-8.919954833984375000e+02
4.811144638061523438e+01
-9.238420410156250000e+02
8.335624389648437500e+02
3.311218566894531250e+02
1.160451354980468750e+02
-8.949541015625000000e+02
8.977169189453125000e+02
-7.022430419921875000e+02
-7.771767578125000000e+02
-5.675491333007812500e+02
-6.690933990478515625e+01
-6.285944213867187500e+02
4.570833435058593750e+02
-8.617846679687500000e+02
6.898665161132812500e+02
6.560871887207031250e+01
-8.590939331054687500e+02
-1.232894058227539062e+02
3.401618041992187500e+02
-1.432716064453125000e+02
-8.273035278320312500e+02
-4.211784362792968750e+02
-4.778807983398437500e+02
3.474913024902343750e+02
-8.975439453125000000e+02
9.314397583007812500e+02
-6.838171386718750000e+02
7.419141235351562500e+02
-6.398725585937500000e+02
2.920508117675781250e+02
-9.939590454101562500e+02
-4.752328796386718750e+02
-6.502945556640625000e+02
-3.798333740234375000e+02
-4.822951049804687500e+02
7.218233642578125000e+02
2.756248779296875000e+02
4.448724670410156250e+02
1.502382354736328125e+02
8.546010742187500000e+02
-1.226743621826171875e+02
8.353826904296875000e+01
2.525780334472656250e+02
2.856671142578125000e+02
-6.228934326171875000e+02
-6.255115966796875000e+02
-6.970863037109375000e+02
4.055242919921875000e+02
-7.855107421875000000e+02
6.746060180664062500e+01
-5.636300048828125000e+02
4.373059082031250000e+02
3.257637023925781250e+02
6.270967407226562500e+02
-5.327062988281250000e+02
-5.082208251953125000e+02
1.850907440185546875e+02
-4.264581604003906250e+02
5.125445556640625000e+02
-5.365256958007812500e+02
-7.023784179687500000e+02
7.129022216796875000e+02
-8.736450805664062500e+02
8.845614013671875000e+02
8.266251220703125000e+02
-7.319692382812500000e+02
1.010764718055725098e+00
1.303647160530090332e-01
1.931069135665893555e+00
1.541418075561523438e+00
8.769587874412536621e-01
-1.380844831466674805e+00
4.975044429302215576e-01
1.330711960792541504e+00
-1.153249442577362061e-01
4.337547421455383301e-01
4.118291437625885010e-01
-1.098298057913780212e-01
-1.508522868156433105e+00
-3.546090424060821533e-01
7.925869822502136230e-01
1.294121265411376953e+00
-2.593141794204711914e-01
3.257228732109069824e-01
-2.089033573865890503e-01
-7.550852894783020020e-01
-1.662461519241333008e+00
1.884190678596496582e+00
-9.801483750343322754e-01
-9.698600172996520996e-01
-3.974195420742034912e-01
-9.504951238632202148e-01
-8.917864561080932617e-01
-1.793454647064208984e+00
-1.556352615356445312e+00
-1.315290331840515137e+00
1.408977866172790527e+00
-1.765235781669616699e+00
1.363678097724914551e+00
-7.836571931838989258e-01
-4.599014818668365479e-01
1.054910778999328613e+00
3.850116133689880371e-01
-5.590112209320068359e-01
-1.158796668052673340e+00
1.149370551109313965e+00
-6.078765392303466797e-01
5.732634663581848145e-02
2.560478448867797852e-01
1.109096765518188477e+00
-1.110292315483093262e+00
6.582211852073669434e-01
3.541309833526611328e-01
1.057787775993347168e+00
-9.341804981231689453e-01
3.159613907337188721e-01
3.561824560165405273e-01
1.928102523088455200e-01
-4.008652865886688232e-01
1.241393923759460449e+00
1.532615184783935547e+00
9.912668466567993164e-01
-7.212817668914794922e-01
1.743270635604858398e+00
-1.572272896766662598e+00
2.207695990800857544e-01
-1.481148362159729004e+00
-3.014547228813171387e-01
5.199423432350158691e-01
-8.421025276184082031e-01
-1.425818562507629395e+00
9.088034033775329590e-01
1.759396791458129883e+00
-1.421962857246398926e+00
1.422742247581481934e+00
-1.406327337026596069e-01
-6.130525842308998108e-02
1.938356995582580566e+00
1.074525788426399231e-01
-1.416745424270629883e+00
-1.149909615516662598e+00
1.441920518875122070e+00
2.280144840478897095e-01
-1.955734610557556152e+00
8.364631533622741699e-01
-4.579382240772247314e-01
5.487031340599060059e-01
4.707638025283813477e-01
5.663979332894086838e-03
9.191666841506958008e-01
1.113306403160095215e+00
-5.028238892555236816e-01
-1.482140302658081055e+00
-9.911959767341613770e-01
-1.255795001983642578e+00
-7.502153515815734863e-01
-8.058179020881652832e-01
-1.047822907567024231e-01
-3.552120625972747803e-01
1.328727006912231445e+00
-1.973454475402832031e+00
1.341138124465942383e+00
1.885561676025390625e+02
7.283581542968750000e+02
7.171947021484375000e+02
9.148751831054687500e+02
2.009552764892578125e+02
8.830654907226562500e+02
8.791552543640136719e+00
8.635552368164062500e+02
3.642695922851562500e+02
4.833210754394531250e+02
8.716714477539062500e+02
6.330999145507812500e+02
6.357005615234375000e+02
5.955819702148437500e+02
4.424609375000000000e+02
8.090712890625000000e+02
3.215177307128906250e+02
8.731524047851562500e+02
9.982436523437500000e+02
6.246224403381347656e+00
4.347514953613281250e+02
8.068749389648437500e+02
4.030039367675781250e+02
6.479165039062500000e+02
9.620637207031250000e+02
1.684066772460937500e+02
7.878750000000000000e+02
8.509783325195312500e+02
1.759802703857421875e+02
2.067822418212890625e+02
9.502113037109375000e+02
TLAST
9.325532836914062500e+02
2415853570
-3.067181091308593750e+02
9.044840087890625000e+02
-9.712777099609375000e+02
5.139344482421875000e+02
-8.494222412109375000e+02
-9.345938720703125000e+02
-6.580740966796875000e+02
-9.730576171875000000e+02
-2.553283538818359375e+02
1.391431274414062500e+02
-6.596398925781250000e+02
9.126475830078125000e+02
4.794356689453125000e+02
2.928986930847167969e+01
3.333366699218750000e+02
8.652485961914062500e+02
-5.447531738281250000e+02
-2.809936828613281250e+02
-3.913966369628906250e+02
8.034866943359375000e+02
-8.544349365234375000e+02
-3.239320678710937500e+02
1.801580047607421875e+02
-3.425317001342773438e+01
-2.451355590820312500e+02
5.274199247360229492e-01
9.307651977539062500e+02
-7.786157226562500000e+02
-5.753831787109375000e+02
9.571422729492187500e+02
1.117384948730468750e+02
-4.564734268188476562e+01
5.510507812500000000e+02
-5.780134887695312500e+02
-6.994232177734375000e+02
6.013788452148437500e+02
-6.295181884765625000e+02
5.809759521484375000e+02
-4.581081848144531250e+02
-6.093889770507812500e+02
2.772431640625000000e+02
-1.579418334960937500e+02
4.701940917968750000e+02
2.267898712158203125e+02
-1.455216827392578125e+02
-7.295676269531250000e+02
-1.295267028808593750e+02
1.409844207763671875e+02
-3.938753051757812500e+02
3.168784484863281250e+02
4.894820251464843750e+02
9.449851684570312500e+02
7.120533447265625000e+02
-3.099088439941406250e+02
2.081478881835937500e+02
-2.514371643066406250e+02
-7.620981445312500000e+02
9.236961059570312500e+02
-5.147261352539062500e+02
-5.473024291992187500e+02
-3.388663330078125000e+02
9.900752258300781250e+01
-1.631473731994628906e+01
1.395290679931640625e+02
6.043358993530273438e+01
-5.817711257934570312e+01
-7.519803466796875000e+02
9.989641113281250000e+02
-9.862810668945312500e+02
-5.151348266601562500e+02
-1.465998077392578125e+02
-3.458337402343750000e+02
3.988906478881835938e+01
8.392075195312500000e+02
4.684049377441406250e+02
1.501631774902343750e+02
9.484513549804687500e+02
4.846531066894531250e+02
-4.438232421875000000e+02
-5.098666381835937500e+02
3.189883117675781250e+02
3.723709106445312500e+02
3.362956542968750000e+02
-8.821666870117187500e+02
1.525883789062500000e+02
1.109535980224609375e+02
1.992498779296875000e+02
-5.198422851562500000e+02
-6.614505615234375000e+02
-2.598517456054687500e+02
8.491820068359375000e+02
-2.585826416015625000e+02
3.197316589355468750e+02
-6.940545043945312500e+02
-2.171776771545410156e+01
2.315726470947265625e+02
-8.790416121482849121e-01
1.891857385635375977e+00
1.961087822914123535e+00
-7.490746378898620605e-01
-3.476453125476837158e-01
6.584447622299194336e-01
-5.302883982658386230e-01
-1.539199352264404297e+00
-1.377849578857421875e+00
-5.764677524566650391e-01
-5.621017217636108398e-01
7.806695103645324707e-01
1.174948334693908691e+00
1.050411701202392578e+00
1.898562073707580566e+00
-7.332429289817810059e-01
1.662120699882507324e+00
-6.173895597457885742e-01
1.689505577087402344e+00
1.661854147911071777e+00
1.096048235893249512e+00
1.198277235031127930e+00
7.025648355484008789e-01
-1.748237371444702148e+00
1.981154322624206543e+00
-8.922375440597534180e-01
-1.187450885772705078e-01
1.025808095932006836e+00
-3.708609640598297119e-01
-3.458261191844940186e-01
-1.491586446762084961e+00
-1.170601129531860352e+00
-5.597379207611083984e-01
-4.514725208282470703e-01
-9.674449563026428223e-01
4.626711905002593994e-01
-1.609157204627990723e+00
-1.251340985298156738e+00
1.433271646499633789e+00
-1.315762162208557129e+00
-1.551889181137084961e+00
-6.213242411613464355e-01
-1.863331437110900879e+00
1.842747330665588379e+00
1.856496334075927734e+00
-1.816940188407897949e+00
-8.543556928634643555e-01
-1.967967629432678223e+00
-1.981247425079345703e+00
-1.010168716311454773e-01
-1.750168204307556152e+00
6.356345415115356445e-01
-1.208139657974243164e+00
4.097729027271270752e-01
-1.798006296157836914e+00
-1.103281497955322266e+00
6.091220378875732422e-01
-1.438739895820617676e+00
9.133183360099792480e-01
1.176420331001281738e+00
1.070095419883728027e+00
1.587607115507125854e-01
-1.877321720123291016e+00
-1.944970488548278809e+00
7.287660837173461914e-01
-1.787091970443725586e+00
-1.876492500305175781e+00
5.439123883843421936e-02
2.912127971649169922e-01
3.749426305294036865e-01
-5.424799919128417969e-01
-5.077764987945556641e-01
1.196627974510192871e+00
-5.467323064804077148e-01
6.102797985076904297e-01
4.993991181254386902e-02
6.157653331756591797e-01
3.454205691814422607e-01
1.285873055458068848e+00
-3.593659698963165283e-01
5.815449357032775879e-01
-4.100202396512031555e-02
1.444514393806457520e+00
-1.742349505424499512e+00
-4.866652488708496094e-01
-8.826616406440734863e-01
1.263770461082458496e+00
1.715632081031799316e+00
-1.449194908142089844e+00
1.012329459190368652e-01
1.286959648132324219e+00
-4.641139805316925049e-01
-1.535529494285583496e-01
4.927664399147033691e-01
-7.798092961311340332e-01
1.435455679893493652e+00
7.771880493164062500e+02
3.848889465332031250e+02
1.496965637207031250e+02
3.630844421386718750e+02
7.267532348632812500e+02
2.744141235351562500e+02
6.172525634765625000e+02
4.797915954589843750e+02
5.267873535156250000e+02
6.020590820312500000e+02
9.913009643554687500e+02
1.672812347412109375e+02
8.009324951171875000e+02
4.578895874023437500e+02
7.867098999023437500e+02
3.969502258300781250e+02
6.247603149414062500e+02
9.017221069335937500e+02
8.123315429687500000e+02
1.882728729248046875e+02
9.709135742187500000e+02
5.885574951171875000e+02
7.359854125976562500e+02
4.950635986328125000e+02
3.750212097167968750e+02
3.581793823242187500e+02
4.553873062133789062e+01
9.447283935546875000e+02
6.249992065429687500e+02
9.245928344726562500e+02
6.147385253906250000e+02
TLAST
2.402346649169921875e+02
2415853571
4.586666488647460938e+01
-6.229346466064453125e+01
7.426134033203125000e+02
-6.511557006835937500e+02
1.476921691894531250e+02
7.800090332031250000e+02
1.996890106201171875e+02
-3.064824829101562500e+02
9.745686645507812500e+02
-8.447387695312500000e+02
-9.223583374023437500e+02
-4.769017028808593750e+02
-2.690868835449218750e+02
6.982683715820312500e+02
8.755218505859375000e+02
-3.350064697265625000e+02
-2.563792114257812500e+02
7.080695190429687500e+02
-3.591105957031250000e+02
-4.682584838867187500e+02
-2.507957000732421875e+02
-1.743352050781250000e+02
-1.953155975341796875e+02
-2.952628479003906250e+02
-8.246691284179687500e+02
-3.894551391601562500e+02
-8.595468750000000000e+02
-5.177297973632812500e+01
-5.940257568359375000e+02
5.977529907226562500e+01
-8.172591552734375000e+02
5.052250671386718750e+01
-7.030488891601562500e+02
-4.630307922363281250e+02
-6.427965698242187500e+02
-7.058105468750000000e+02
3.836442708969116211e+00
2.859909820556640625e+01
3.492918701171875000e+02
9.077808837890625000e+02
-2.759986267089843750e+02
-2.050604400634765625e+02
6.931593017578125000e+02
3.553787536621093750e+02
-1.024772872924804688e+02
-9.748920898437500000e+02
1.827716445922851562e+01
-3.953615417480468750e+02
-7.327314453125000000e+02
-1.505354461669921875e+02
6.687619018554687500e+02
6.395181884765625000e+02
8.932559204101562500e+01
1.057363433837890625e+02
-4.162314453125000000e+02
-4.311469726562500000e+02
-2.408967895507812500e+02
-8.072273559570312500e+02
-8.052997436523437500e+02
-2.197336425781250000e+02
-9.565093994140625000e+02
4.551007080078125000e+02
-4.830990905761718750e+02
-5.484437866210937500e+02
-6.900179443359375000e+02
5.328545532226562500e+02
3.605100250244140625e+01
4.670695190429687500e+02
7.998762207031250000e+02
4.440074768066406250e+02
-6.949711914062500000e+02
-1.698544464111328125e+02
-2.673283338546752930e+00
4.717178649902343750e+02
9.880190429687500000e+02
7.807424926757812500e+01
2.415503311157226562e+01
-5.166063842773437500e+02
-5.606910400390625000e+02
2.892904052734375000e+02
-7.336227416992187500e+02
9.017085571289062500e+02
-9.834308471679687500e+02
-2.752858581542968750e+02
-7.432034912109375000e+02
-5.469161376953125000e+02
6.852211914062500000e+02
1.699977569580078125e+02
6.189495239257812500e+02
-9.627665405273437500e+02
4.204744873046875000e+02
-4.165875854492187500e+02
-2.714702148437500000e+02
-4.399650878906250000e+02
-5.020874938964843750e+02
7.112698364257812500e+02
6.418356895446777344e-01
-6.189692020416259766e-01
1.770016789436340332e+00
-1.891783714294433594e+00
5.105426311492919922e-01
5.897953510284423828e-01
1.465287089347839355e+00
8.885511755943298340e-01
5.338482856750488281e-01
-4.721697866916656494e-01
-1.593311190605163574e+00
8.195688128471374512e-01
1.516729593276977539e+00
-1.493357717990875244e-01
1.324477344751358032e-01
1.210408806800842285e+00
-5.855107307434082031e-01
-9.474754929542541504e-01
4.947156906127929688e-01
6.619772315025329590e-01
-2.222807705402374268e-01
-1.617449879646301270e+00
1.377569198608398438e+00
-1.698515713214874268e-01
-8.771314620971679688e-01
-1.043554186820983887e+00
-1.315563797950744629e+00
6.386140584945678711e-01
-7.618702650070190430e-01
-1.314240336418151855e+00
9.155578017234802246e-01
-1.237070560455322266e+00
-1.048263907432556152e+00
-1.024562478065490723e+00
1.439155936241149902e+00
1.962220191955566406e+00
1.695154547691345215e+00
-8.530307412147521973e-01
-1.918004989624023438e+00
-7.513638734817504883e-01
-1.527520298957824707e+00
-4.208497405052185059e-01
-1.418812751770019531e+00
-1.785917401313781738e+00
1.944566607475280762e+00
1.605850100517272949e+00
-1.891465663909912109e+00
6.847310662269592285e-01
5.109152793884277344e-01
-2.497375607490539551e-01
1.475029945373535156e+00
2.793926894664764404e-01
1.720102429389953613e+00
-9.938542842864990234e-01
-2.842195890843868256e-02
-8.166360259056091309e-01
4.604828357696533203e-01
3.151195868849754333e-02
1.411446690559387207e+00
1.242971792817115784e-01
6.264588832855224609e-01
-5.662375316023826599e-02
-1.004234671592712402e+00
-5.434507727622985840e-01
-9.860304594039916992e-01
-1.590552210807800293e+00
-1.411300659179687500e+00
-1.665444254875183105e+00
2.148874849081039429e-02
4.562910497188568115e-01
1.127916693687438965e+00
-1.916416883468627930e+00
3.286649584770202637e-01
-1.047050356864929199e+00
1.165069222450256348e+00
3.864460885524749756e-01
1.173193693161010742e+00
1.745391488075256348e+00
-1.095204472541809082e+00
-1.630390048027038574e+00
-1.111817598342895508e+00
-1.435192078351974487e-01
3.425074815750122070e-01
1.445044875144958496e+00
1.775209307670593262e+00
-8.705825209617614746e-01
-1.865957140922546387e+00
8.347513079643249512e-01
1.720579504966735840e+00
9.027196764945983887e-01
9.788355827331542969e-01
-1.635005354881286621e+00
1.862938523292541504e+00
1.932999730110168457e+00
1.831807613372802734e+00
9.262373447418212891e-01
4.252559204101562500e+02
5.014122314453125000e+02
4.541080017089843750e+02
7.288070678710937500e+02
1.724717254638671875e+02
2.198335113525390625e+02
4.005859985351562500e+02
3.101699829101562500e+02
9.573427734375000000e+02
1.892069854736328125e+02
2.729871520996093750e+02
7.725927124023437500e+02
3.196632080078125000e+02
5.076669311523437500e+02
1.140322036743164062e+02
7.739072265625000000e+02
6.101319313049316406e+00
4.999880981445312500e+02
1.113487167358398438e+02
2.268124694824218750e+02
6.757147827148437500e+02
6.693432617187500000e+02
8.812700805664062500e+02
2.308705596923828125e+02
6.227362060546875000e+01
1.291241302490234375e+02
2.427382659912109375e+02
2.665949707031250000e+02
8.194405517578125000e+02
3.605672607421875000e+02
4.831216735839843750e+02
TLAST
4.471302795410156250e+02
