2415853568
4.525965499877929688e+01
1.551277160644531250e+02
-5.418358154296875000e+02
-6.739979248046875000e+02
-2.466876220703125000e+02
1.196343231201171875e+02
-8.269584350585937500e+02
8.861645507812500000e+02
-7.170065917968750000e+02
9.478146362304687500e+02
2.713626708984375000e+02
-2.416004638671875000e+02
-5.174165039062500000e+02
-2.427984313964843750e+02
4.553224182128906250e+02
4.552635574340820312e+01
-5.899613647460937500e+02
3.767773742675781250e+02
-6.796448516845703125e+01
7.941859436035156250e+01
3.803586578369140625e+01
8.807466125488281250e+01
-3.082615051269531250e+02
3.821437683105468750e+02
5.707274169921875000e+02
-5.179434814453125000e+02
-7.993487548828125000e+02
-5.200725097656250000e+02
2.562012023925781250e+02
3.783744201660156250e+02
1.702051544189453125e+02
1.016669654846191406e+01
-1.353820648193359375e+02
2.953541564941406250e+02
5.732639770507812500e+02
3.617736816406250000e+02
6.157053833007812500e+02
6.402252197265625000e+02
7.475394897460937500e+02
3.052222900390625000e+02
9.172575073242187500e+02
2.363872528076171875e+01
-9.206801757812500000e+02
6.645933837890625000e+02
-8.893621215820312500e+02
8.658378906250000000e+02
1.267295455932617188e+02
-6.793330078125000000e+02
-8.018472290039062500e+02
-8.079639282226562500e+02
4.455839538574218750e+02
1.647063636779785156e+01
9.969664306640625000e+02
1.387774047851562500e+02
9.047353515625000000e+02
1.990522384643554688e+01
-9.321035766601562500e+02
-9.175513305664062500e+02
6.694254760742187500e+02
3.930468444824218750e+02
2.725928649902343750e+02
8.623858642578125000e+02
9.955489501953125000e+02
-2.234156036376953125e+02
-7.945067749023437500e+02
6.602228393554687500e+02
-8.608438720703125000e+02
-2.159309844970703125e+02
7.984651489257812500e+02
-5.044419860839843750e+02
9.603589477539062500e+02
-4.461227416992187500e+02
-7.202412109375000000e+02
-6.254047851562500000e+02
-7.085720825195312500e+01
-4.215256958007812500e+02
-9.080189819335937500e+02
-3.094048461914062500e+02
-8.897343139648437500e+02
9.123842163085937500e+02
-7.879616088867187500e+02
4.942627258300781250e+02
-9.730472412109375000e+02
-3.146940612792968750e+02
5.150523681640625000e+02
-9.445857238769531250e+01
-4.323083190917968750e+02
7.243778686523437500e+02
-3.269781494140625000e+02
-1.292788085937500000e+02
9.774657592773437500e+02
5.149110107421875000e+02
-4.969453735351562500e+02
5.799626464843750000e+02
9.222435760498046875e+01
-4.809160156250000000e+02
-1.715239405632019043e+00
1.606792807579040527e-01
-7.803724408149719238e-01
1.136718988418579102e+00
1.932329177856445312e+00
-1.820165634155273438e+00
7.784594297409057617e-01
-1.251073479652404785e+00
3.892988264560699463e-01
-9.421032071113586426e-01
1.265952706336975098e+00
-1.009938716888427734e+00
-4.261210262775421143e-01
1.335631966590881348e+00
-1.711227536201477051e+00
1.649799942970275879e+00
-3.830575048923492432e-01
1.685383677482604980e+00
-5.752972885966300964e-02
3.328215330839157104e-02
-1.626291155815124512e+00
-1.082616686820983887e+00
-4.745474457740783691e-01
-1.302615761756896973e+00
9.998315572738647461e-01
1.118208408355712891e+00
-1.674717664718627930e-01
-2.818965315818786621e-01
-1.581786870956420898e+00
1.694850206375122070e+00
-3.757804930210113525e-01
-1.877088695764541626e-01
1.797950744628906250e+00
8.307171463966369629e-01
-1.050531029701232910e+00
1.949958316981792450e-02
-4.351284801959991455e-01
-8.023093938827514648e-01
-2.197076380252838135e-01
3.703739941120147705e-01
1.238402128219604492e+00
8.430719375610351562e-01
6.828441023826599121e-01
-1.845245957374572754e+00
-1.158324956893920898e+00
1.138124227523803711e+00
-1.445837378501892090e+00
1.963570833206176758e+00
-3.351395428180694580e-01
1.482775092124938965e+00
-8.858106732368469238e-01
8.936676383018493652e-01
-1.637454032897949219e+00
-5.147205591201782227e-01
1.915561199188232422e+00
-1.640021085739135742e+00
-1.819649934768676758e+00
6.887714862823486328e-01
1.161213636398315430e+00
-1.617335200309753418e+00
1.989607095718383789e+00
1.276126384735107422e+00
1.818730711936950684e+00
2.883591875433921814e-02
-4.636780321598052979e-01
-1.611305236816406250e+00
6.537276506423950195e-01
2.477522492408752441e-01
3.613149821758270264e-01
-2.866225875914096832e-02
9.439489841461181641e-01
-1.553279042243957520e+00
-1.715003013610839844e+00
1.205151081085205078e+00
-4.413200020790100098e-01
6.153221130371093750e-01
-1.568462967872619629e+00
-5.699434876441955566e-01
1.364056766033172607e-02
6.225627660751342773e-01
1.571128606796264648e+00
-1.613951772451400757e-01
1.454722285270690918e+00
7.675988078117370605e-01
1.816438674926757812e+00
-1.860554933547973633e+00
2.990913093090057373e-01
-5.458536744117736816e-02
-1.361369609832763672e+00
3.813261389732360840e-01
-1.327681660652160645e+00
1.968306183815002441e+00
1.579990625381469727e+00
9.129444956779479980e-01
3.878064155578613281e-01
1.141676187515258789e+00
9.585968627929687500e+02
6.236755371093750000e+02
2.196714782714843750e+02
1.033161087036132812e+02
7.793678588867187500e+02
6.590296630859375000e+02
1.378883972167968750e+02
3.862236633300781250e+02
5.908473510742187500e+02
6.713614501953125000e+02
3.212085723876953125e+01
3.319971618652343750e+02
7.149746093750000000e+02
6.946182250976562500e+02
5.028052062988281250e+02
9.736492309570312500e+02
6.948035888671875000e+02
3.636769714355468750e+02
4.483329467773437500e+02
5.327493896484375000e+02
9.021779785156250000e+02
9.717343139648437500e+02
6.285653076171875000e+02
7.085916748046875000e+02
2.348911743164062500e+02
3.781370544433593750e+02
2.479686737060546875e+02
9.122054443359375000e+02
2.746853332519531250e+02
4.264161300659179688e+01
4.622368164062500000e+02
TLAST
4.803026428222656250e+02
2415853569
-7.473246097564697266e+00
-6.941807250976562500e+02
-5.017160339355468750e+02
9.620744018554687500e+02
8.856583862304687500e+02
-3.345821838378906250e+02
-2.049725646972656250e+02
-8.785205078125000000e+02
5.004289550781250000e+02
6.919631347656250000e+02
-4.240246887207031250e+02
1.675618133544921875e+02
4.137610778808593750e+02
-9.022614746093750000e+02
4.572474975585937500e+02
8.335083007812500000e+02
-9.909910888671875000e+02
6.571456146240234375e+01
-1.373526306152343750e+02
-2.687335815429687500e+02
9.893499145507812500e+02
-2.520108642578125000e+02
-2.774078369140625000e+02
-4.434413146972656250e+02
-1.823083801269531250e+02
-1.565112152099609375e+02
1.756670074462890625e+02
9.252004394531250000e+02
5.594768066406250000e+02
5.806077270507812500e+02
3.066585693359375000e+02
-6.984437866210937500e+02
-1.126157836914062500e+02
-4.466673889160156250e+02
-8.667946166992187500e+02
-1.539708709716796875e+02
-3.731405944824218750e+02
2.435790863037109375e+02
9.582330932617187500e+02
-4.307034301757812500e+02
9.984083862304687500e+02
1.894395141601562500e+02
-6.802399902343750000e+02
-1.164897994995117188e+02
-9.191438598632812500e+02
7.783181152343750000e+02
8.671086425781250000e+02
-7.151166992187500000e+02
8.848438110351562500e+02
7.441943359375000000e+02
6.074768676757812500e+02
4.811597595214843750e+02
-8.885040893554687500e+02
-5.848641967773437500e+02
-9.644485473632812500e+02
-1.399520416259765625e+02
2.796169128417968750e+02
9.590805664062500000e+02
-2.826091613769531250e+02
-1.073442840576171875e+02
-1.030321960449218750e+02
-7.680618896484375000e+02
9.609846801757812500e+02
-2.079884338378906250e+01
2.908449707031250000e+02
4.048587341308593750e+02
-9.227000122070312500e+02
-4.903693542480468750e+02
-4.807180786132812500e+02
-8.136705932617187500e+02
-1.047950134277343750e+02
-2.825884399414062500e+02
-6.815872802734375000e+02
9.411502075195312500e+02
-5.921630249023437500e+02
7.387162475585937500e+02
-6.914458007812500000e+02
-5.537937622070312500e+02
7.541605224609375000e+02
5.609795532226562500e+02
-5.825745849609375000e+02
-4.705016708374023438e+01
-9.260762329101562500e+02
-7.345033569335937500e+02
5.194342651367187500e+02
5.268445434570312500e+02
9.468899536132812500e+01
9.492165374755859375e+01
5.584129028320312500e+02
-1.454777374267578125e+02
5.095581054687500000e+02
-3.357289123535156250e+02
-8.107166137695312500e+02
3.393394165039062500e+02
-5.640816040039062500e+02
-9.673057861328125000e+02
-5.332326889038085938e-01
-9.137083292007446289e-01
1.222887396812438965e+00
1.024994134902954102e+00
-9.838421344757080078e-01
-7.267781496047973633e-01
1.776824235916137695e+00
-1.373530745506286621e+00
-7.183882594108581543e-01
-8.954698443412780762e-01
-1.440787434577941895e+00
6.926490068435668945e-01
-9.425439834594726562e-01
1.499832749366760254e+00
-1.943355083465576172e+00
-1.208500981330871582e+00
-1.694394588470458984e+00
-7.351437807083129883e-01
-1.179196596145629883e+00
2.120191603899002075e-01
1.172265782952308655e-01
5.933742523193359375e-01
-1.047580480575561523e+00
1.171168610453605652e-01
-4.969139099121093750e-01
-1.887682437896728516e+00
-7.258558869361877441e-01
1.441794395446777344e+00
5.452829599380493164e-01
1.893017053604125977e+00
-3.999488353729248047e-01
-1.694165349006652832e+00
-9.836935997009277344e-01
9.317471981048583984e-01
-3.509836792945861816e-01
8.838177919387817383e-01
1.829758435487747192e-01
1.118688941001892090e+00
-1.008461236953735352e+00
1.917395114898681641e+00
-1.702804088592529297e+00
9.278276562690734863e-01
1.747674822807312012e+00
-7.145189642906188965e-01
1.120811104774475098e+00
1.961283326148986816e+00
-1.346953511238098145e+00
-1.815994381904602051e+00
4.708301424980163574e-01
-4.655583798885345459e-01
-4.593585729598999023e-01
-4.023108780384063721e-01
6.375161409378051758e-01
-7.610284090042114258e-01
-1.082540869712829590e+00
-2.314907610416412354e-01
-1.469006061553955078e+00
-1.796716094017028809e+00
-1.237492203712463379e+00
8.343417048454284668e-01
-1.896496534347534180e+00
-5.200559496879577637e-01
-5.654744505882263184e-01
9.141499996185302734e-01
9.995166659355163574e-01
9.662983417510986328e-01
1.202800750732421875e+00
-1.038991332054138184e+00
1.251937150955200195e-01
-1.840664744377136230e+00
1.200488284230232239e-01
1.571578979492187500e+00
8.808207511901855469e-01
-3.807156682014465332e-01
1.717578172683715820e+00
-6.317673325538635254e-01
-1.182060956954956055e+00
4.689907133579254150e-01
-6.291525065898895264e-02
2.446128875017166138e-01
-1.851972818374633789e+00
-1.917866349220275879e+00
-1.196605920791625977e+00
-1.233514547348022461e+00
-1.649532437324523926e+00
5.563877820968627930e-01
-6.569355130195617676e-01
-7.159204483032226562e-01
1.429852128028869629e+00
-1.690082788467407227e+00
-7.247965335845947266e-01
7.254492640495300293e-01
-5.631599426269531250e-01
7.122653722763061523e-01
-1.374491304159164429e-01
-1.864190936088562012e+00
8.490874023437500000e+02
1.626062622070312500e+02
9.540676116943359375e+01
7.454497680664062500e+02
2.942049255371093750e+02
5.441425170898437500e+02
7.149298706054687500e+02
2.510283050537109375e+02
1.617622375488281250e+01
4.013193130493164062e+00
3.277376937866210938e+01
8.613291015625000000e+02
6.458364868164062500e+02
4.390479736328125000e+02
4.625967712402343750e+02
7.119288330078125000e+02
7.503686523437500000e+02
3.465254211425781250e+02
3.497278747558593750e+02
7.161510009765625000e+02
3.569831466674804688e+01
6.774147949218750000e+02
7.650592651367187500e+02
3.249241333007812500e+02
4.146341705322265625e+01
8.548495483398437500e+02
1.742747039794921875e+02
2.496121673583984375e+02
8.273171386718750000e+02
3.684171447753906250e+02
3.440836181640625000e+02
TLAST
5.124168701171875000e+02
2415853570
-5.569653930664062500e+02
2.434780578613281250e+02
6.220198631286621094e+00
-9.453772583007812500e+02
-8.851148071289062500e+02
-5.230219726562500000e+02
5.569684448242187500e+02
2.182386016845703125e+02
-8.481263427734375000e+02
-7.518576660156250000e+02
-9.772673339843750000e+02
5.601989746093750000e+02
8.598193359375000000e+02
1.672976303100585938e+01
7.705924682617187500e+02
-7.429359130859375000e+02
3.047060546875000000e+02
8.946465301513671875e+01
-7.994423217773437500e+02
-2.526591339111328125e+02
-7.740141296386718750e+01
-4.423216552734375000e+02
2.010018463134765625e+02
-8.796774291992187500e+02
-4.021014709472656250e+02
8.217996826171875000e+02
-8.344982299804687500e+02
4.221312866210937500e+02
-2.250458221435546875e+02
-3.137266845703125000e+02
-8.482474975585937500e+02
8.966824951171875000e+02
8.826854858398437500e+02
-1.411827545166015625e+02
-3.089175224304199219e+01
-9.814782714843750000e+02
-2.263854064941406250e+02
5.777956542968750000e+02
-5.073719177246093750e+02
5.226945800781250000e+02
-4.886702575683593750e+02
-4.957236328125000000e+02
2.466627807617187500e+02
7.550645141601562500e+02
-1.008907241821289062e+02
-2.187915191650390625e+02
1.906270599365234375e+02
1.055753479003906250e+02
3.854818115234375000e+02
3.347195739746093750e+02
4.279486999511718750e+02
-6.075332641601562500e+02
4.974289550781250000e+02
-7.143203735351562500e+02
2.326248168945312500e+02
-5.242121582031250000e+02
2.541329345703125000e+02
-5.785556640625000000e+02
-9.358301391601562500e+02
-4.130489807128906250e+02
-8.391327514648437500e+02
-5.054553222656250000e+02
5.006410217285156250e+02
1.122046279907226562e+02
6.290624389648437500e+02
-8.211749877929687500e+02
-3.220193176269531250e+02
-7.896588745117187500e+02
7.807754516601562500e+02
-8.492374877929687500e+02
5.368736648559570312e+01
-8.649134063720703125e+01
-3.789702453613281250e+02
-8.060226440429687500e+02
8.610717773437500000e+02
4.355643920898437500e+02
-7.085411987304687500e+02
6.474086303710937500e+02
-1.775872955322265625e+02
6.910938720703125000e+02
6.975281372070312500e+02
-6.541035461425781250e+01
-5.357780151367187500e+02
-6.338024902343750000e+02
-5.221190795898437500e+02
-7.005052490234375000e+02
-9.651415405273437500e+02
-3.481636810302734375e+01
1.200849685668945312e+02
8.253068237304687500e+02
5.405333251953125000e+02
-2.922867126464843750e+02
-8.213165283203125000e+02
-5.163098754882812500e+02
3.484831542968750000e+02
6.393256225585937500e+02
-5.911699533462524414e-01
-1.776656270027160645e+00
-3.278311491012573242e-01
-3.284449577331542969e-01
-1.918096184730529785e+00
-1.863813400268554688e+00
4.275840520858764648e-01
1.813850522041320801e+00
-1.256142407655715942e-01
1.304463982582092285e+00
-5.167326331138610840e-01
1.508066058158874512e+00
-1.260577321052551270e+00
-9.678086638450622559e-01
-1.821261644363403320e+00
6.918968558311462402e-01
-5.463743582367897034e-02
1.494023323059082031e+00
9.452259540557861328e-01
-7.035314291715621948e-02
1.154922991991043091e-01
-5.391082763671875000e-01
1.493164420127868652e+00
1.840212821960449219e+00
-2.948211431503295898e-01
-6.839953064918518066e-01
-2.655587792396545410e-01
-1.465478897094726562e+00
-9.682346135377883911e-02
9.603216648101806641e-01
-1.322617530822753906e+00
6.636927127838134766e-01
-1.407915234565734863e+00
1.904266238212585449e+00
-4.561118781566619873e-01
1.985641360282897949e+00
-1.854430556297302246e+00
-1.179116010665893555e+00
-6.377907395362854004e-01
5.180777311325073242e-01
-5.475013852119445801e-01
9.152668118476867676e-01
5.145951509475708008e-01
-5.581682175397872925e-02
-2.632783055305480957e-01
-9.244192838668823242e-01
-1.387542009353637695e+00
5.755483508110046387e-01
-1.096565127372741699e+00
-1.991492748260498047e+00
-1.195409297943115234e+00
9.426599144935607910e-01
-1.713773012161254883e-01
1.465712904930114746e+00
-1.179438710212707520e+00
4.354523718357086182e-01
-1.254072636365890503e-01
1.401062011718750000e+00
1.054355949163436890e-01
1.385967493057250977e+00
9.591462016105651855e-01
1.092691183090209961e+00
-9.390701353549957275e-02
-3.159566521644592285e-01
1.426379919052124023e+00
-7.486106157302856445e-01
-5.277357101440429688e-01
-1.206346631050109863e+00
5.832469835877418518e-02
-1.411788582801818848e+00
-5.033171772956848145e-01
-7.425493001937866211e-01
1.037140846252441406e+00
-8.916814923286437988e-01
-2.130412161350250244e-01
-1.536855697631835938e+00
8.864139914512634277e-01
-7.275254130363464355e-01
-2.006573230028152466e-01
7.222220897674560547e-01
1.498996615409851074e+00
-9.337344765663146973e-01
1.922143340110778809e+00
-1.363418221473693848e+00
6.814004480838775635e-02
5.206809639930725098e-01
1.505288243293762207e+00
-1.384896636009216309e+00
4.707788527011871338e-01
-1.585015535354614258e+00
3.723801299929618835e-02
-7.778558731079101562e-01
1.190680980682373047e+00
2.057337202131748199e-02
-1.533590316772460938e+00
6.838934421539306641e-01
7.322615356445312500e+02
3.772239074707031250e+02
6.869876098632812500e+02
8.146639404296875000e+02
7.086976318359375000e+02
6.911785888671875000e+02
4.902973632812500000e+02
6.869392700195312500e+02
1.458967437744140625e+02
3.336252746582031250e+02
2.965416336059570312e+01
4.146917419433593750e+02
4.287967834472656250e+02
3.850285949707031250e+02
6.227955322265625000e+02
4.028504028320312500e+02
2.367697906494140625e+02
6.166027221679687500e+02
7.590133056640625000e+02
8.297941894531250000e+02
8.905214843750000000e+02
8.274669799804687500e+02
1.152800216674804688e+02
7.286179809570312500e+02
6.139607543945312500e+02
4.213177185058593750e+02
5.047752685546875000e+02
3.451685714721679688e+01
4.655433349609375000e+02
4.730121765136718750e+02
9.413175048828125000e+02
TLAST
3.154317626953125000e+02
2415853571
4.747188415527343750e+02
7.119436645507812500e+02
-8.727189331054687500e+02
7.430714111328125000e+02
-1.947675628662109375e+02
1.829938316345214844e+01
2.263707122802734375e+02
2.358398246765136719e+01
-5.086926879882812500e+02
-9.769331665039062500e+02
7.402439575195312500e+02
-8.611862182617187500e+02
8.732253417968750000e+02
-8.512348632812500000e+02
-2.031347465515136719e+01
6.951651611328125000e+02
-3.831115417480468750e+02
2.238620910644531250e+02
4.685328674316406250e+01
3.406237487792968750e+02
2.824368591308593750e+02
6.223950576782226562e+01
-8.503961181640625000e+02
-2.020665435791015625e+02
-6.308245239257812500e+02
-5.506169433593750000e+02
-9.132346191406250000e+02
-9.977988891601562500e+02
3.819613037109375000e+02
-6.080205078125000000e+02
9.532595214843750000e+02
-6.417750244140625000e+02
-8.798671875000000000e+02
5.602341918945312500e+02
-5.158983154296875000e+02
-7.746762084960937500e+01
-5.015110473632812500e+02
-2.696855545043945312e+01
4.319452819824218750e+02
1.459109039306640625e+02
-6.260132598876953125e+01
1.082175292968750000e+02
-6.055001831054687500e+02
-1.810679016113281250e+02
-2.976671447753906250e+02
-4.287312011718750000e+02
-6.055227661132812500e+02
-4.478489685058593750e+02
-5.454409179687500000e+02
-8.754961547851562500e+02
7.451659545898437500e+02
2.763200378417968750e+02
-9.248602905273437500e+02
-9.225828857421875000e+02
9.931774902343750000e+02
-7.017784423828125000e+02
4.036058654785156250e+02
-2.176821441650390625e+02
7.366611938476562500e+02
2.559922180175781250e+02
-8.187836303710937500e+02
6.482101440429687500e+02
-6.007126464843750000e+02
-7.339627838134765625e+01
9.986152343750000000e+02
4.200984802246093750e+02
-5.518253803253173828e+00
7.466464233398437500e+02
6.273427734375000000e+02
1.962185821533203125e+02
-5.379729614257812500e+02
-7.216911621093750000e+02
9.796870727539062500e+02
8.819704589843750000e+02
-2.193515930175781250e+02
9.423188476562500000e+02
9.553804321289062500e+02
-4.738753662109375000e+02
-6.807361450195312500e+02
6.159586181640625000e+02
-5.985163574218750000e+02
7.102610015869140625e+01
-8.156222534179687500e+02
-6.106087036132812500e+02
-6.245523681640625000e+02
2.954743347167968750e+02
5.359772338867187500e+02
-3.165700378417968750e+02
6.690850830078125000e+02
3.623899230957031250e+02
-3.798971252441406250e+02
-5.944252319335937500e+02
4.773071594238281250e+02
-6.429005126953125000e+02
3.569093933105468750e+02
5.501822509765625000e+02
1.771215677261352539e+00
-1.047233104705810547e+00
-5.411804318428039551e-01
8.132308721542358398e-02
1.900229096412658691e+00
1.388360142707824707e+00
1.756662249565124512e+00
1.969633936882019043e+00
1.261843800544738770e+00
-1.069218516349792480e+00
-1.817092299461364746e+00
1.505537986755371094e+00
1.880060315132141113e+00
-1.934990435838699341e-01
-9.574098587036132812e-01
1.696236729621887207e+00
-1.873957872390747070e+00
1.409622788429260254e+00
-1.662511467933654785e+00
9.496243000030517578e-01
1.884671092033386230e+00
1.081403970718383789e+00
8.849581480026245117e-01
1.297349452972412109e+00
-6.351509690284729004e-02
-3.116863369941711426e-01
1.098492145538330078e+00
1.972685098648071289e+00
1.393993258476257324e+00
-8.475480079650878906e-01
-2.660607732832431793e-02
-7.184550166130065918e-02
8.163065463304519653e-02
-1.205936074256896973e+00
1.464141488075256348e+00
-1.137076258659362793e+00
-7.783384919166564941e-01
1.436349987983703613e+00
-7.479051947593688965e-01
-1.953122973442077637e+00
-3.874869942665100098e-01
-1.278455376625061035e+00
1.117944955825805664e+00
-1.695989131927490234e+00
-1.304408192634582520e+00
1.707259416580200195e+00
-4.562905132770538330e-01
3.135476410388946533e-01
1.895736336708068848e+00
-7.549906969070434570e-01
-1.131418108940124512e+00
-4.916078448295593262e-01
-4.389338493347167969e-01
-1.241468906402587891e+00
-8.239303827285766602e-01
-5.943405032157897949e-01
2.884666435420513153e-02
-1.462298631668090820e+00
4.400607347488403320e-01
-1.706727862358093262e+00
1.484908103942871094e+00
6.768907308578491211e-01
-9.273558855056762695e-01
-1.772726893424987793e+00
6.395211815834045410e-01
-8.574246168136596680e-01
1.846513390541076660e+00
1.812314271926879883e+00
1.956477284431457520e+00
-1.526001811027526855e+00
1.001201629638671875e+00
-1.054624795913696289e+00
-9.562054276466369629e-01
4.862253069877624512e-01
6.717576384544372559e-01
1.595136165618896484e+00
2.691840529441833496e-01
-6.351981163024902344e-01
1.655252814292907715e+00
-1.849115252494812012e+00
-2.298423200845718384e-01
2.047960907220840454e-01
-1.329072713851928711e+00
2.398134768009185791e-01
1.707250833511352539e+00
3.961025178432464600e-01
1.262658238410949707e+00
-1.838180780410766602e+00
-5.849433541297912598e-01
-7.346509099006652832e-01
1.904128789901733398e+00
-1.189314126968383789e+00
-8.238466382026672363e-01
-2.367402240633964539e-02
-5.233116745948791504e-01
8.027679324150085449e-01
7.570502319335937500e+02
4.899784240722656250e+02
1.730955200195312500e+02
2.508640594482421875e+02
3.616325073242187500e+02
6.536792602539062500e+02
2.824517822265625000e+02
2.891298484802246094e+01
2.141071319580078125e+02
6.049636840820312500e+02
4.982381591796875000e+02
2.704688110351562500e+02
9.918117675781250000e+02
4.349535522460937500e+02
8.193811645507812500e+02
7.057333374023437500e+02
8.887235717773437500e+02
7.260116577148437500e+02
6.456456298828125000e+02
9.457171630859375000e+02
2.535771179199218750e+02
3.750424194335937500e+02
8.649104003906250000e+02
8.885944213867187500e+02
2.111273651123046875e+02
4.153404235839843750e+02
4.943876342773437500e+02
6.547820434570312500e+02
8.783945922851562500e+02
2.176905364990234375e+02
8.228959350585937500e+02
TLAST
9.380830688476562500e+02
