2415853568
1140320945
1128804180
-999074303
-1005352073
1141416331
1136679328
-1002937054
-1002557897
-1002456282
-1016971077
-1001255274
-1054643623
-1012763737
1131312656
1141454260
1131535822
1144920028
1135890437
-1008731764
1147874169
1118788528
-1000109990
-1002762506
1147114119
1128800050
-1031064369
-1016286940
1145596299
-1032358713
1138191446
1142279382
1139051896
1129090296
-1004734837
-1009492290
-1002991539
1145455592
-1005880998
-999342026
1136018154
1144332994
1144970406
1147736782
1136311928
1145130530
-1012187327
-1026162321
-1004030647
1125636755
1143281590
1141063575
-1008472648
1147658561
-1027493848
-1005204530
-1005351445
-1018245193
-1006131023
-1005597483
-1013834671
-1007856819
1144208357
-1047361939
1121937456
-1005767263
-1005355807
-999645252
1140515457
1132922174
-998741961
-1005955989
1142230546
1125932918
1137091784
1124203901
1141690587
-1007793930
-1015514718
-1002606318
-1038033644
1135069322
1147012216
1147143876
1135580001
1145156894
1129715402
-1014565558
-1005367493
-1002387650
-1005894290
1127707610
1130681450
1145926073
-999311763
1136697755
1142022035
-1073802833
1071534090
-1087127421
-1080928499
1041728042
-1074346044
1070863143
1030866680
1067254717
1070652765
-1077397515
1057947924
-1093026584
1068669056
-1076904179
1066559636
-1084953359
1067733909
1055079037
1068908451
1066666494
-1079193381
1065734190
1067159532
1006826377
1049038543
1068214815
-1088598919
-1098031426
-1076310887
1024868308
-1095883199
-1081042769
1057469811
1062869825
1072848859
-1077248171
-1077592889
-1075654350
-1078946708
-1104913215
-1077582610
-1077619356
-1074266048
-1147746177
-1080970482
-1080114760
1061791394
1067142458
-1113779005
1061200762
1060125352
1065332737
1011317171
-1077205132
-1074846094
1067532655
1072527671
-1101430369
-1080294669
-1088730340
-1087676023
-1084988488
1073028503
1072966904
-1079316289
1052294602
1069353535
-1075687761
-1078163632
-1074200083
-1081097302
-1076864500
-1077560824
-1076203061
1058879565
1039370860
-1078649224
-1076646701
-1085299413
1044233797
-1076380119
-1080752982
-1073819999
-1076095485
-1105254429
-1075710184
-1076194127
1052411558
-1093656030
-1075599796
1071378127
1070816211
1046002951
-1104567808
1049834200
1127201125
1117682162
1128719915
1138150232
1142977524
1118749220
1144188610
1120632152
1127192925
1144149140
1146966240
1148569819
1143159307
1139727937
1118802746
1141619930
1127556725
1140890043
1142438792
1146113433
1134682131
1148663597
1148763345
1145997735
1143835075
1144482526
1146802484
1148051622
1146425556
1142963219
1116929836
TLAST
1142675615
2415853569
1122238891
1136282859
-1003075109
1105884914
1128958113
1126850768
-999397051
1146769960
-1001594602
1143596047
-1013282391
-1017895435
-999299163
1141168210
-1002559890
-1000609843
-1028534808
1120454128
-1014951128
-1001320202
1136055531
1135775521
1113386090
-1039475559
-1002085551
1147999811
-1009387692
1117805523
-1018024556
-1010003110
1144870591
1091636169
1145223048
1091572738
1135513607
-1005735384
1145870736
1143816001
1107557554
-1019502171
-1015852846
-1006161864
1135959464
1137835046
-1010357727
-1019295117
-1005382779
1147188730
-1008561656
-1020850591
-1023819926
-1009425758
1143631569
-1001923641
-1002468099
-999220073
1140003304
1147564473
-1012584124
-1003471681
-1022536569
1107358643
-1016606350
1134671498
1127366242
1118419194
1146642906
1146169592
1137330797
-1009566166
-1001026790
1137814022
-1043243830
-1025650902
-1004430037
1146814936
1148219774
-1013347251
-1017569723
-1013296617
-1002846005
-1010026204
1146877348
-999319980
-1020131539
-1028256788
-999640153
1145598423
1090492118
-1005782595
1143694835
1148586562
1145062996
-1015497849
-1018250849
1122913947
1068230528
-1087440031
1065003462
-1091771967
-1090457305
1061031113
1057800830
-1082239396
-1078900091
1060511053
-1074085564
-1095929784
1069182443
-1076236865
-1109840673
-1075017941
-1085992210
1064184676
1056981588
-1083936463
-1081977621
-1088620952
-1080754999
1063237678
-1087948064
1072412085
-1075333308
-1084747217
-1106517627
-1082360829
-1074335851
-1089728831
-1091444044
1056872300
1056092142
-1101765697
-1077374190
-1083790347
1045512908
-1088503090
-1077571878
1054934702
-1109729767
-1077463730
1071356855
1072999386
-1088847054
-1077193082
1060341726
1067629948
-1105925020
-1074082218
-1077198145
1057460305
1059774720
-1079269102
1047593685
-1081170595
-1080613445
1058696633
-1074115722
-1079842040
-1087660639
-1105804919
-1093508469
1067902650
-1089377046
1051476134
1072928922
-1073846066
-1080591060
1012582541
1073364014
-1079026128
1035147905
-1077073055
-1090908065
-1080495513
1060169256
-1082712160
-1086040655
1070377106
1069017473
1055741502
-1076911720
-1076472689
-1092403611
1073533090
-1083084753
-1088862330
1043677746
1054444225
-1118990928
-1085309891
-1084540640
1059890775
1135647585
1126483796
1147095715
1145977086
1141090524
1139259777
1140106897
1132616746
1137267111
1138382271
1097917933
1147091450
1105801678
1136292426
1119862563
1128593118
1147902699
1136239286
1144406029
1123832314
1132152942
1146900239
1147261684
1133498704
1148307262
1143408220
1140555998
1136459855
1135128356
1148059823
1143821661
TLAST
1141212802
2415853570
1141729925
1130091685
1144115084
-1006506335
-1016574083
1143024453
-1006996725
-1003054483
-998988450
-1003376379
1119908971
-1019028816
1143328308
-998864709
1144170095
-1008351723
-1010936039
1142186250
1135893106
-1011633217
1111818939
-1012508356
-1018655090
-1005967861
-1010255471
-1007134696
1143756186
-1001417300
1147751348
1114095644
-1001814572
-1005749374
-1015901658
1141218270
1144932761
-1000616004
-1001488281
-1010536855
1105273384
-1001724445
-1010844406
-1004855013
-1012267569
-1008951268
-1017870048
-1005448117
-1011669622
1146767700
-1003096137
-1003830163
1134645875
1148728177
-1003588343
-1012427733
-1010939731
-1005449475
1141546168
-1025079793
1132763265
-1003325965
1146430373
1145209766
1142603401
-1005359588
-1017563011
-1039569663
1143891099
-1000564319
1148473100
1148011765
1103790989
-1007980039
1130901522
1148038037
1140486792
1123517228
-1007022273
1126470820
1125550319
1147431830
-1005378619
1142499358
-1008426915
1146730854
-1070577070
1147297104
1137094999
-1010634740
-1012322881
1146884521
1148160772
-1013934865
-999070762
1137610644
-1007672132
-1008080042
1050972914
1036712037
1066842409
1053968096
-1099518420
-1075758180
-1100010258
-1076443528
-1074153894
1063858802
1023473146
-1105750000
1069375711
1070556241
1051092351
1073367894
-1079269400
-1080500325
-1079086415
1073401808
1065411849
1067218873
1071109166
1067968001
-1082972956
1072555106
-1077688334
-1114347433
-1076985302
-1078749056
1067915811
1064847545
-1082827665
-1104194127
-1076403310
-1114050820
-1082036437
-1080942976
-1091422291
-1077034147
1059226261
-1076914721
-1089583718
-1092247821
1069221816
1071911420
-1080069784
-1097252525
-1083246831
1059206375
1059454564
-1114719338
-1104560124
1071171630
1043405846
-1077031641
-1078857447
1062354121
-1093106002
1057081768
-1078230098
1071848170
1051582229
-1089665395
1068917764
-1082124275
-1079600779
-1075035231
-1096907705
1050838106
1071418410
1059141360
-1103219516
1072898337
1068470245
1053268222
1065414295
-1081295825
-1085914930
1071855419
1069400392
-1083013126
1073261666
-1075283591
-1080106257
-1109869945
-1073949773
1010798715
1070502639
-1082013850
-1084962571
1064435293
1071889645
-1079210096
-1093229690
-1096811512
1110308211
1131908358
1147914989
1141585677
1135788629
1092039868
1132301403
1132345864
1126870911
1135377775
1128965672
1115396909
1120136121
1140350239
1116426809
1147783636
1129191679
1139284782
1137661321
1133620026
1134674854
1129552123
1133257303
1122645447
1143754783
1143021997
1134281667
1146884898
1136734232
1142474167
1141033686
TLAST
1134724933
2415853571
1140980768
-1001041258
1133017038
1143048295
1134127045
1142696315
1140589841
1133621682
-1002081796
1130287783
1148321184
-1003293420
1148388364
-1001467229
1135677536
1145761448
1137384270
1134576477
-1017595204
-1003482244
-1021073673
-999470238
-1001285124
-1028155505
1132575318
1143102725
1143012216
1133020687
-1028444927
1146767770
1143032128
1143531015
-1004561355
1133070326
1129165126
-1013535553
-1000550753
1125772459
-1009237427
1144907633
-1002237192
1148161336
-1013130832
1141543673
1147979598
-999249167
1145850636
1148412180
-1039176053
-1002081513
1129062130
1139560379
1138631309
1142605473
1111131259
-1001271475
1147360421
1145797042
1110158081
-999721122
1146752316
-1008527474
-1005211671
-1002838083
1096027836
1147514491
1120481995
-999707133
1130695906
1144563506
1133912023
1135665200
-1002699561
1112902715
-1030722245
1146891235
1144901553
1147437594
-1011071824
1141248897
-1000551159
-1033208101
-1008806425
-1027410029
1132786418
1142418816
1141185829
-1014187645
1134389070
-1031849248
-1008460003
1134082269
-1000258588
1140580016
1141688518
-1010615320
-1092810326
-1091354669
1073604025
1066098251
1071155955
1027507810
-1087485457
1066992850
1066350427
1017151015
1064576145
-1075484557
-1088779218
-1083895150
1072404782
1067595585
-1075556796
-1075859901
1065824014
-1112642193
1043997803
1068692867
1065077916
1048476921
-1083236397
-1089277928
-1077574569
1062510939
1057719341
1063503409
1063077268
1061493683
-1086552468
1072231316
-1088767024
-1074529198
1067064417
-1090798901
-1098504153
1061584373
-1084223434
-1073806244
-1074142808
-1098223602
-1092160043
-1079304723
1032374744
-1076222246
1019365480
1066021376
1049666047
-1081759264
-1075599303
-1114370420
1054679553
-1077918546
1071015437
1073414528
-1093238614
-1102045326
1070522009
-1078911225
1057422367
-1073813299
-1081976843
-1076608526
1040618761
-1085029989
1070995781
1051180365
-1086633458
-1079957948
1023314165
1063408135
-1075751392
-1118739806
1061551134
-1074348996
1067978159
-1085990223
1070493437
1060957224
-1082683537
1070366544
1069113815
-1090131190
1070520829
1058719658
1071019021
1056157776
1037999403
1072659549
1052906851
1059266101
-1090055360
-1087393639
1147695766
1146359012
1146243038
1148097145
1075765266
1140199231
1147828849
1124494656
1131740800
1140623341
1143577338
1134977350
1134112430
1145172753
1107520111
1145336592
1138115880
1142767771
1144021042
1120202736
1147270696
1145934847
1136373971
1128450905
1115371717
1134185969
1144147017
1145785249
1134775117
1130121782
1134801525
TLAST
1148262266
