2415853568
-4.772417545318603516e-01
-8.529469604492187500e+02
-9.956918334960937500e+02
-9.262811889648437500e+02
-6.687163696289062500e+02
-9.722691040039062500e+02
-2.187410125732421875e+02
1.948098449707031250e+02
-5.818770141601562500e+02
7.832958984375000000e+02
-3.862768249511718750e+02
5.992939453125000000e+02
9.648998413085937500e+02
-9.619598388671875000e+02
5.183121337890625000e+02
4.528990745544433594e+00
7.284774169921875000e+02
-6.457294311523437500e+02
4.664472961425781250e+01
3.702965698242187500e+02
4.024057922363281250e+02
-3.205213623046875000e+02
-5.498233032226562500e+02
9.293659210205078125e+01
5.817459716796875000e+02
6.924611206054687500e+02
-5.867050170898437500e+02
9.020230102539062500e+02
8.435883178710937500e+02
7.907586669921875000e+02
9.904721069335937500e+02
-9.528588104248046875e+01
-4.747812652587890625e+01
-8.437398071289062500e+02
-4.423407897949218750e+02
7.886506958007812500e+02
8.314739990234375000e+02
-9.602503051757812500e+02
5.449351196289062500e+02
-7.662423095703125000e+02
8.965056152343750000e+02
-1.636896057128906250e+02
6.116550903320312500e+02
5.621876831054687500e+02
-7.018480224609375000e+02
-5.421648559570312500e+02
2.883666381835937500e+02
6.504293212890625000e+02
-4.068606262207031250e+02
-7.780891418457031250e+01
4.539291992187500000e+02
-2.299522399902343750e+02
6.167922973632812500e+02
-2.710700988769531250e+02
7.842650756835937500e+02
7.132109375000000000e+02
-2.502054786682128906e+01
6.242946777343750000e+02
-2.655574340820312500e+02
3.025707702636718750e+02
8.076193847656250000e+02
-2.888266601562500000e+02
-7.556424560546875000e+02
8.430480957031250000e+02
3.667566223144531250e+02
-9.979024658203125000e+02
-9.857521362304687500e+02
8.115673217773437500e+02
6.580323791503906250e+01
-8.016517944335937500e+02
-6.435107421875000000e+02
-8.746931152343750000e+02
-4.626384277343750000e+02
5.106430358886718750e+02
-8.131859588623046875e+01
9.867410888671875000e+02
5.402224121093750000e+02
3.002640991210937500e+02
-5.445245361328125000e+02
-3.139839477539062500e+02
7.837117919921875000e+02
-7.019315185546875000e+02
3.347373580932617188e+01
-5.708300170898437500e+02
1.093298873901367188e+02
3.923068542480468750e+02
1.887244415283203125e+01
-6.522449951171875000e+02
-4.382982635498046875e+01
1.008146762847900391e+01
-3.360945129394531250e+02
-1.498207569122314453e+00
-9.313873291015625000e+02
6.662628173828125000e+02
-4.404779663085937500e+02
-5.532482910156250000e+02
-1.514338970184326172e+00
-9.261597394943237305e-01
1.916561275720596313e-01
-1.552714407444000244e-01
1.590782284736633301e+00
6.627569347620010376e-02
1.180442690849304199e+00
-2.769789285957813263e-02
8.091537952423095703e-01
4.498604536056518555e-01
6.941914558410644531e-01
1.287883162498474121e+00
8.785647153854370117e-02
-1.576054692268371582e+00
-1.905917644500732422e+00
-1.163755059242248535e+00
-3.397237882018089294e-02
9.354894161224365234e-01
6.213791966438293457e-01
5.396279692649841309e-01
1.820806026458740234e+00
-1.622348278760910034e-01
-1.634838730096817017e-01
-1.806253552436828613e+00
9.545482397079467773e-01
2.828570306301116943e-01
-1.576169848442077637e+00
1.250652551651000977e+00
-1.795397996902465820e+00
-3.804599940776824951e-01
-5.618650913238525391e-01
-1.529434025287628174e-01
-9.912586212158203125e-01
-2.832696139812469482e-01
5.050179734826087952e-02
1.356816768646240234e+00
3.755991756916046143e-01
8.511063456535339355e-01
-1.766992509365081787e-01
7.581730484962463379e-01
-9.920918345451354980e-01
7.984781861305236816e-01
-4.558523893356323242e-01
1.570807933807373047e+00
-6.733415722846984863e-01
-1.106119155883789062e+00
3.307510018348693848e-01
-1.472225904464721680e+00
7.869482040405273438e-01
1.484094560146331787e-01
-4.052415490150451660e-01
-1.907498836517333984e+00
1.030237317085266113e+00
6.945506334304809570e-01
-2.778198719024658203e-01
1.602548599243164062e+00
1.065682172775268555e+00
-4.225411415100097656e-01
-5.046308040618896484e-01
8.144462704658508301e-01
7.480504512786865234e-01
-8.591821789741516113e-01
1.338992118835449219e+00
-1.858370423316955566e+00
1.559617280960083008e+00
-4.100238084793090820e-01
6.327236443758010864e-02
-8.594670891761779785e-01
1.039474010467529297e+00
-1.714241951704025269e-01
1.788780093193054199e+00
-1.466939330101013184e+00
8.777530491352081299e-02
-8.662700057029724121e-01
-7.097880244255065918e-01
2.787213213741779327e-02
1.904145121574401855e+00
-1.565604925155639648e+00
1.164028763771057129e+00
3.545594513416290283e-01
-1.006957054138183594e+00
-1.210670948028564453e+00
9.883589148521423340e-01
9.881677627563476562e-01
1.262896776199340820e+00
-1.674035787582397461e+00
-1.464652180671691895e+00
1.065955400466918945e+00
1.148713946342468262e+00
1.913043975830078125e+00
-1.851008683443069458e-01
1.740621566772460938e+00
-5.313159227371215820e-01
3.340715914964675903e-02
1.179488539695739746e+00
1.079806447029113770e+00
5.285153808593750000e+02
5.070328979492187500e+02
4.379642944335937500e+02
6.475892333984375000e+02
8.855440673828125000e+02
3.458153991699218750e+02
2.680960083007812500e+02
8.448192138671875000e+02
4.110786743164062500e+02
8.206175537109375000e+02
2.602919960021972656e+01
6.790849609375000000e+02
5.402811889648437500e+02
9.821282196044921875e+01
9.724863281250000000e+02
4.595990905761718750e+02
2.670961914062500000e+02
8.792244873046875000e+02
7.403054809570312500e+02
3.645480346679687500e+02
2.917495727539062500e+02
7.193271484375000000e+02
2.454068298339843750e+02
8.985188598632812500e+02
1.074442825317382812e+02
8.285509033203125000e+02
1.855037689208984375e+02
6.838335571289062500e+02
9.798303833007812500e+02
8.306705474853515625e+01
4.495786132812500000e+02
TLAST
8.310780639648437500e+02
2415853569
-5.994449462890625000e+02
-8.419842529296875000e+02
-9.954877471923828125e+01
-9.203475952148437500e+02
1.678258972167968750e+02
1.399973449707031250e+02
-2.326159210205078125e+02
8.722117919921875000e+02
9.000318603515625000e+02
-2.456143341064453125e+02
-5.689722900390625000e+02
-6.700210571289062500e+02
-5.328035278320312500e+02
-7.827379760742187500e+02
-4.058877182006835938e+01
9.410313110351562500e+02
6.814979858398437500e+02
-6.724385986328125000e+02
-6.070725440979003906e+00
3.566978759765625000e+02
-9.255274658203125000e+02
4.879026184082031250e+02
4.114325866699218750e+02
-6.766962890625000000e+02
6.915321655273437500e+02
5.917495117187500000e+02
-7.989113769531250000e+02
9.360827636718750000e+02
-5.017140197753906250e+02
-9.349116821289062500e+02
-1.176191177368164062e+02
7.735292968750000000e+02
3.790557861328125000e+02
-5.390009765625000000e+02
-8.503488769531250000e+02
1.939830627441406250e+02
-5.215893554687500000e+02
-7.643098144531250000e+02
-9.138810424804687500e+02
2.448413238525390625e+02
5.764367065429687500e+02
-7.117918090820312500e+02
7.861941528320312500e+02
-5.339718017578125000e+02
-6.007746582031250000e+02
7.580491943359375000e+02
2.235664672851562500e+02
9.929949340820312500e+02
3.421919555664062500e+02
6.721800231933593750e+01
-4.313996887207031250e+02
2.280200195312500000e+02
5.593386230468750000e+02
-7.982398223876953125e+01
5.267431640625000000e+01
4.489145507812500000e+02
1.604580841064453125e+02
8.985684814453125000e+02
6.303512573242187500e+02
9.950678710937500000e+02
-5.791752929687500000e+02
-8.345079956054687500e+02
-5.757411499023437500e+02
-2.607532958984375000e+02
-2.858461303710937500e+02
3.172736511230468750e+02
-1.892068505287170410e+00
-8.115546264648437500e+02
5.235792846679687500e+02
1.753059387207031250e+01
-9.369982910156250000e+02
-6.775314941406250000e+02
-6.297936401367187500e+02
-3.548694152832031250e+02
2.698328552246093750e+02
7.559321899414062500e+02
1.715117187500000000e+02
-5.060812683105468750e+02
5.026303405761718750e+02
3.388670043945312500e+02
-3.517672424316406250e+02
8.312346191406250000e+02
4.869603576660156250e+02
2.761773376464843750e+02
6.427211914062500000e+02
-4.078237609863281250e+02
-5.844009399414062500e+02
-9.465382080078125000e+02
1.749336700439453125e+02
1.782301425933837891e+00
-1.546753997802734375e+02
-6.831579589843750000e+02
5.020821838378906250e+02
-5.109508666992187500e+02
-7.217707824707031250e+01
-8.245145263671875000e+02
3.059737682342529297e-01
-2.442567795515060425e-01
-1.815329194068908691e+00
1.966216206550598145e+00
4.666627347469329834e-01
4.789584577083587646e-01
-5.563136339187622070e-01
-8.029422163963317871e-02
7.982034683227539062e-01
-1.896165609359741211e+00
2.022659927606582642e-01
2.096434384584426880e-01
-1.747346878051757812e+00
4.643140137195587158e-01
9.721668064594268799e-02
1.917047262191772461e+00
-1.847338199615478516e+00
-8.351464271545410156e-01
-1.093591690063476562e+00
1.700839996337890625e+00
-1.594702959060668945e+00
-3.865730464458465576e-01
-4.290336668491363525e-01
-1.274060487747192383e+00
-1.927173882722854614e-01
-1.539743304252624512e+00
1.078196763992309570e+00
-1.185415148735046387e+00
-1.959665656089782715e+00
1.510282754898071289e+00
-3.532513678073883057e-01
1.391206383705139160e+00
-2.136552035808563232e-01
-7.301800847053527832e-01
1.827377557754516602e+00
3.164383471012115479e-01
-6.820812225341796875e-01
-4.078975021839141846e-01
6.008700728416442871e-01
1.942141175270080566e+00
6.423077583312988281e-01
-5.315942764282226562e-01
1.517686367034912109e+00
-1.100112438201904297e+00
-2.005066722631454468e-02
-9.772385954856872559e-01
-1.057607889175415039e+00
-6.699470877647399902e-01
1.793465971946716309e+00
6.555695533752441406e-01
-4.472614824771881104e-02
1.833100795745849609e+00
3.188174366950988770e-01
-1.392729520797729492e+00
-1.741080641746520996e+00
-7.267754077911376953e-01
3.127693831920623779e-01
-3.983930349349975586e-01
-1.506591081619262695e+00
-1.871631145477294922e+00
7.522206902503967285e-01
9.290509223937988281e-01
-6.790653616189956665e-02
-9.185994267463684082e-01
1.222064733505249023e+00
2.060795277357101440e-01
1.696146607398986816e+00
4.715484976768493652e-01
-7.534362673759460449e-01
2.102687209844589233e-01
-1.214170813560485840e+00
-1.668274641036987305e+00
-7.259271144866943359e-01
1.695452928543090820e+00
1.776449084281921387e+00
6.569641828536987305e-01
3.302046284079551697e-02
3.106142580509185791e-01
6.426989436149597168e-01
-1.049097180366516113e+00
6.488092541694641113e-01
-6.739369034767150879e-01
9.360528737306594849e-02
-6.722193956375122070e-01
1.605920195579528809e+00
1.203860044479370117e+00
3.585806488990783691e-01
-7.778657078742980957e-01
7.997221350669860840e-01
8.977047353982925415e-02
-4.057047963142395020e-01
9.718921035528182983e-02
-8.889583349227905273e-01
1.472145795822143555e+00
1.727852463722229004e+00
-1.630595088005065918e+00
9.484107666015625000e+02
1.726501617431640625e+02
3.443345031738281250e+02
1.456644287109375000e+02
3.770164184570312500e+02
8.353538208007812500e+02
5.575030517578125000e+02
4.294071960449218750e+02
6.638758087158203125e+01
6.904862670898437500e+02
3.507662353515625000e+02
1.645640563964843750e+02
2.168101806640625000e+02
4.028598022460937500e+02
7.701721191406250000e+02
5.994635009765625000e+02
3.389834899902343750e+02
5.914858398437500000e+02
3.228656311035156250e+02
4.575332946777343750e+02
3.489625549316406250e+02
2.572168579101562500e+02
6.238574218750000000e+02
3.433079223632812500e+02
4.179039916992187500e+02
4.150188064575195312e+01
7.726350097656250000e+02
2.808632812500000000e+02
8.843578491210937500e+02
3.249088134765625000e+02
7.931681518554687500e+02
TLAST
6.551911621093750000e+02
2415853570
4.013342285156250000e+02
-2.941729125976562500e+02
-5.628280029296875000e+02
-8.020863037109375000e+02
-6.560321655273437500e+02
-6.645422363281250000e+02
9.631695556640625000e+02
-9.202059936523437500e+02
6.351983032226562500e+02
-9.372855224609375000e+02
-3.079656372070312500e+02
5.870064697265625000e+02
1.524772491455078125e+02
-7.696914062500000000e+02
4.319632263183593750e+02
-3.253331604003906250e+02
2.081731414794921875e+02
8.560162353515625000e+02
-8.109237060546875000e+02
-6.056988525390625000e+02
-4.304969177246093750e+02
-7.714116210937500000e+02
-5.083590393066406250e+02
-2.538719482421875000e+02
4.370671997070312500e+02
3.959137439727783203e+00
-8.204116821289062500e+02
-3.480034179687500000e+02
-9.758286132812500000e+02
1.189220657348632812e+02
-3.150252685546875000e+02
-5.964511108398437500e+02
8.171264038085937500e+02
-9.932026977539062500e+02
4.024093322753906250e+02
-2.906777954101562500e+02
5.255904541015625000e+02
3.733077087402343750e+02
-3.074799804687500000e+02
5.456574096679687500e+02
-2.274441070556640625e+02
1.111109161376953125e+02
-8.935317993164062500e+02
4.831986083984375000e+02
5.927732543945312500e+02
-2.255300903320312500e+02
4.837149047851562500e+01
4.408814620971679688e+01
7.707530517578125000e+02
7.830904541015625000e+02
-8.617431030273437500e+02
-7.389978027343750000e+01
7.547170410156250000e+02
-5.634568481445312500e+02
1.394827270507812500e+02
-2.222676239013671875e+02
7.322812652587890625e+01
-6.830456542968750000e+02
-8.180551757812500000e+02
3.753278808593750000e+02
-3.788104248046875000e+02
-2.891441955566406250e+02
-1.106826934814453125e+02
-5.528682861328125000e+02
-6.363729858398437500e+02
9.928688049316406250e+01
-1.793983917236328125e+02
-6.443702392578125000e+02
-3.435939331054687500e+02
-3.355476989746093750e+02
-6.103549194335937500e+02
-4.011561279296875000e+02
-2.210069732666015625e+02
1.623998718261718750e+02
-2.357184906005859375e+02
7.218807373046875000e+02
-7.312870788574218750e+01
-9.264310302734375000e+02
-6.815610961914062500e+02
8.987681274414062500e+02
4.298242492675781250e+02
2.198499908447265625e+02
2.889607543945312500e+02
-1.428107604980468750e+02
-5.783564453125000000e+02
6.735567016601562500e+02
-2.996435241699218750e+02
8.770130004882812500e+02
1.003906555175781250e+02
6.499970703125000000e+02
-4.045049743652343750e+02
1.739053192138671875e+02
-4.761266784667968750e+02
-4.444251708984375000e+02
3.941587448120117188e+01
-8.363973388671875000e+02
-6.064189076423645020e-01
7.742005586624145508e-01
-5.725569128990173340e-01
8.329881429672241211e-01
-1.484303712844848633e+00
6.209996528923511505e-03
1.456420898437500000e+00
1.537381649017333984e+00
-2.721585333347320557e-01
7.733451128005981445e-01
-3.774535059928894043e-01
-1.114510059356689453e+00
1.967312693595886230e+00
1.910384058952331543e+00
-1.060669183731079102e+00
-1.235774159431457520e+00
1.828573822975158691e+00
-9.117682278156280518e-02
-8.535081148147583008e-01
1.809379816055297852e+00
-1.002977967262268066e+00
1.527633786201477051e+00
1.895812034606933594e+00
-1.510077834129333496e+00
-1.690159559249877930e+00
8.639953136444091797e-01
-1.010474339127540588e-01
1.649803876876831055e+00
3.905238211154937744e-01
-1.007828831672668457e+00
3.229078352451324463e-01
-9.043056368827819824e-01
-1.909702718257904053e-01
1.714982628822326660e+00
-1.277102112770080566e+00
3.396503329277038574e-01
1.162250280380249023e+00
1.222848296165466309e+00
-9.035468697547912598e-01
7.987685799598693848e-01
-6.316466331481933594e-01
3.438812196254730225e-01
4.439867734909057617e-01
1.442641615867614746e+00
1.227555036544799805e+00
8.450081944465637207e-01
1.401256322860717773e+00
-1.972719073295593262e+00
4.903459548950195312e-01
-1.699430346488952637e+00
-1.573511600494384766e+00
6.756204366683959961e-01
3.563645780086517334e-01
1.910444021224975586e+00
7.268609404563903809e-01
1.225930094718933105e+00
-7.190412878990173340e-01
5.829210877418518066e-01
1.497779250144958496e+00
6.146070361137390137e-01
-8.773916959762573242e-01
-1.635732412338256836e+00
-1.480179309844970703e+00
-1.179018855094909668e+00
-7.244920134544372559e-01
1.923233985900878906e+00
1.345375657081604004e+00
-4.904771223664283752e-02
-1.936186313629150391e+00
-1.832185626029968262e+00
4.417250752449035645e-01
-9.053390026092529297e-01
-4.541409611701965332e-01
-1.715582460165023804e-01
-3.681006133556365967e-01
1.528511762619018555e+00
-1.360656261444091797e+00
-4.172435104846954346e-01
1.518813848495483398e+00
-3.641326725482940674e-01
1.893359303474426270e+00
1.163828611373901367e+00
-2.444833144545555115e-02
-1.886114597320556641e+00
-1.825392246246337891e+00
-1.160019636154174805e+00
1.075156569480895996e+00
-5.683307051658630371e-01
-9.315866976976394653e-02
4.091368019580841064e-01
-1.820531249046325684e+00
-1.847259998321533203e+00
-7.252444624900817871e-01
4.917520582675933838e-01
-4.049986228346824646e-02
-1.486533880233764648e+00
9.412268066406250000e+01
9.344070434570312500e+02
4.325656127929687500e+02
6.363222045898437500e+02
8.586750488281250000e+02
6.967192993164062500e+02
1.207810516357421875e+02
6.580240478515625000e+02
7.815291748046875000e+02
5.507118530273437500e+02
8.263084716796875000e+02
5.804265136718750000e+02
7.800030517578125000e+01
8.773460693359375000e+02
1.916923828125000000e+02
1.498388977050781250e+02
2.215930786132812500e+02
5.439667358398437500e+02
3.021537590026855469e+01
1.554347229003906250e+02
4.265915832519531250e+02
8.867469482421875000e+02
6.811785888671875000e+02
7.302005615234375000e+02
5.662269897460937500e+02
7.685109252929687500e+02
2.012659606933593750e+02
6.387092895507812500e+02
7.648306884765625000e+02
2.267230682373046875e+02
4.603066101074218750e+02
TLAST
5.707815551757812500e+02
2415853571
1.546731948852539062e+01
-8.174357910156250000e+02
1.059159088134765625e+02
-9.924805450439453125e+01
8.987849121093750000e+02
-8.857231445312500000e+02
9.865138549804687500e+02
-9.694443969726562500e+02
-5.692371826171875000e+02
-3.150045166015625000e+02
9.281382446289062500e+02
6.454754028320312500e+02
2.379351806640625000e+02
-1.608446350097656250e+02
-6.859738769531250000e+02
-7.758162841796875000e+02
-2.096041259765625000e+02
-5.730911865234375000e+02
7.829838867187500000e+02
4.872184448242187500e+02
-5.580104980468750000e+02
-5.941009140014648438e+01
8.262943725585937500e+02
-6.988613891601562500e+02
1.455341186523437500e+02
2.594259033203125000e+02
-9.838936767578125000e+02
1.385951385498046875e+02
9.879134521484375000e+02
7.337659301757812500e+02
4.935205078125000000e+02
3.884926986694335938e+01
9.980842285156250000e+02
1.933486480712890625e+02
9.419646606445312500e+02
-7.671079101562500000e+02
-5.520838012695312500e+02
-9.315805053710937500e+02
-7.204498901367187500e+02
4.149405822753906250e+02
4.124666748046875000e+02
-6.166427612304687500e+01
7.692380523681640625e+01
-3.718161926269531250e+02
-7.335500488281250000e+02
8.027064819335937500e+02
-7.011157836914062500e+02
4.769660034179687500e+02
3.643148498535156250e+02
-8.323007812500000000e+02
-4.845211181640625000e+02
3.171307373046875000e+02
-9.921723632812500000e+02
-7.160508422851562500e+02
-3.894517822265625000e+02
-7.723593750000000000e+02
8.235289306640625000e+02
-3.831374645233154297e+00
-8.269202270507812500e+02
-5.264193344116210938e+01
-7.684194335937500000e+02
-7.260322265625000000e+02
9.513085937500000000e+02
-1.332514953613281250e+02
-2.810014038085937500e+02
1.255354232788085938e+02
-7.488541259765625000e+02
9.385582275390625000e+02
4.005217285156250000e+02
-8.610689086914062500e+02
-4.375113830566406250e+02
-7.378486938476562500e+02
-9.006914520263671875e+01
6.993366088867187500e+02
4.871733703613281250e+02
2.399678192138671875e+02
6.803765258789062500e+02
-8.800855102539062500e+02
9.089894409179687500e+02
9.826141967773437500e+02
7.678576660156250000e+02
-3.885385437011718750e+02
-4.533916473388671875e+01
1.118334350585937500e+02
2.299210166931152344e+01
-3.461372680664062500e+02
3.694695739746093750e+02
4.790473327636718750e+02
2.167066802978515625e+02
3.704061584472656250e+02
1.505006504058837891e+01
-3.259020233154296875e+01
-9.868895874023437500e+02
-6.562331542968750000e+02
-6.116242675781250000e+02
9.681140136718750000e+02
-4.290283471345901489e-02
-1.369659781455993652e+00
-1.838837146759033203e+00
2.732004523277282715e-01
-1.039757609367370605e+00
-1.265440225601196289e+00
-1.700309753417968750e+00
-4.404674768447875977e-01
-9.947513937950134277e-01
5.603213310241699219e-01
1.376146435737609863e+00
5.067271590232849121e-01
1.763942539691925049e-01
1.643115997314453125e+00
1.986357331275939941e+00
3.479098975658416748e-01
5.740219950675964355e-01
-2.502233348786830902e-02
-8.963673710823059082e-01
-7.835110425949096680e-01
-1.325704574584960938e+00
-9.403885602951049805e-01
-1.596823573112487793e+00
8.488334417343139648e-01
1.565389037132263184e+00
-1.058300495147705078e+00
-6.145436763763427734e-01
4.855395555496215820e-01
8.544293045997619629e-01
1.596440076828002930e+00
-1.274881005287170410e+00
-7.715668082237243652e-01
-6.818366646766662598e-01
8.522084951400756836e-01
1.475601553916931152e+00
1.267900109291076660e+00
-1.657402157783508301e+00
8.106137514114379883e-01
-1.377646803855895996e+00
6.128037571907043457e-01
1.104597091674804688e+00
-1.126179769635200500e-01
-1.530039012432098389e-01
6.356968283653259277e-01
-2.159971594810485840e-01
-1.359034478664398193e-01
-1.679868698120117188e+00
-1.644390702247619629e+00
-8.178740739822387695e-01
-2.327489703893661499e-01
-3.227978646755218506e-01
1.032620429992675781e+00
-7.534796595573425293e-01
-2.163951247930526733e-01
9.806259870529174805e-01
-5.674734115600585938e-01
1.858229160308837891e+00
9.616529941558837891e-01
-1.877703547477722168e+00
4.800644218921661377e-01
1.432656683027744293e-02
1.550612211227416992e+00
4.618026316165924072e-01
-1.194011807441711426e+00
-6.471701264381408691e-01
-1.061518192291259766e+00
1.207789182662963867e+00
1.790349602699279785e+00
1.202650070190429688e+00
8.819759488105773926e-01
1.439573764801025391e+00
1.373055458068847656e+00
3.277190923690795898e-01
-1.435297727584838867e+00
6.495830416679382324e-01
1.420326828956604004e+00
-8.921355605125427246e-01
8.389987349510192871e-01
2.147285733371973038e-03
-3.170478343963623047e-01
-1.355046987533569336e+00
8.649457693099975586e-01
-7.063270211219787598e-01
-1.116296529769897461e+00
3.432912826538085938e-01
1.144740700721740723e+00
9.802349805831909180e-01
-1.999185919761657715e+00
1.878950238227844238e+00
1.300215572118759155e-01
1.080142974853515625e+00
-1.763833165168762207e+00
1.405326128005981445e+00
-1.627826333045959473e+00
1.715060830116271973e+00
-1.031893491744995117e+00
3.963031311035156250e+02
5.304255371093750000e+02
7.560421142578125000e+02
8.592786865234375000e+02
3.688951110839843750e+02
6.462197265625000000e+02
5.004365539550781250e+01
6.062481079101562500e+02
4.943239440917968750e+02
4.079276123046875000e+02
7.364327239990234375e+01
1.476948242187500000e+02
3.724511108398437500e+02
9.196897125244140625e+01
4.023750686645507812e+01
5.152183837890625000e+02
8.742074584960937500e+02
2.874503173828125000e+02
8.132435302734375000e+02
3.726542358398437500e+02
9.091813354492187500e+02
5.375516357421875000e+02
8.029801177978515625e+01
9.432383422851562500e+02
8.540523681640625000e+02
6.269313354492187500e+02
8.015148925781250000e+02
9.915567626953125000e+02
1.085924453735351562e+02
4.924161376953125000e+02
9.762174072265625000e+02
TLAST
7.280545043945312500e+01
