2415853568
-5.094754943847656250e+02
9.145227661132812500e+02
-6.492657470703125000e+02
4.575662841796875000e+02
2.274923400878906250e+02
4.488880615234375000e+02
9.079274902343750000e+02
8.850843505859375000e+02
-4.200038146972656250e+02
1.083503265380859375e+02
-7.515296020507812500e+02
-6.449127674102783203e+00
6.384735717773437500e+02
5.672586059570312500e+02
-1.553874511718750000e+02
-8.727609863281250000e+02
-8.310822143554687500e+02
-2.007155761718750000e+02
-7.260572509765625000e+02
-6.801579589843750000e+02
9.686051025390625000e+02
-4.940157165527343750e+02
1.422632141113281250e+02
-1.748547973632812500e+02
-7.276351318359375000e+02
-8.946235961914062500e+02
-6.741754150390625000e+02
4.086472778320312500e+02
-3.066001281738281250e+02
3.421744689941406250e+02
8.203089599609375000e+02
2.301192474365234375e+02
-7.101087646484375000e+02
4.348925781250000000e+02
5.696040649414062500e+02
8.867352905273437500e+02
-1.318530731201171875e+02
-7.429678955078125000e+02
5.360050048828125000e+02
1.995490417480468750e+02
7.897890014648437500e+02
9.031242065429687500e+02
-2.458823699951171875e+02
-9.861806030273437500e+02
7.384994983673095703e+00
-1.373177642822265625e+02
6.809501953125000000e+02
-9.848439331054687500e+02
-1.715089569091796875e+02
-5.707421264648437500e+02
-2.973446044921875000e+02
-9.647020874023437500e+02
-3.743822326660156250e+02
-9.921030883789062500e+02
6.953960571289062500e+02
1.357136535644531250e+02
6.632767944335937500e+02
2.568185424804687500e+02
5.581303100585937500e+02
-2.431759948730468750e+02
-9.304888916015625000e+02
5.060375061035156250e+02
3.376682434082031250e+02
9.191286010742187500e+02
-3.371383666992187500e+02
3.217827758789062500e+02
-2.857433471679687500e+02
-8.633912353515625000e+02
-4.686520690917968750e+02
6.755994873046875000e+02
8.138327636718750000e+02
-7.080030517578125000e+02
-2.955855102539062500e+02
8.475878295898437500e+02
-7.022278442382812500e+02
6.989359283447265625e+01
4.142880859375000000e+02
-9.684561157226562500e+02
1.539395904541015625e+02
-3.717557983398437500e+02
-9.343018798828125000e+02
3.092798461914062500e+02
9.774268188476562500e+02
-6.821918334960937500e+02
-3.193794555664062500e+02
-5.208677978515625000e+02
8.200106811523437500e+02
3.086626434326171875e+01
-2.650873718261718750e+02
-6.945023193359375000e+02
-8.589737548828125000e+02
-5.642580566406250000e+02
5.426768798828125000e+02
-7.291515502929687500e+02
-2.416253356933593750e+02
6.271258544921875000e+02
-1.941252231597900391e+00
1.342389822006225586e+00
-2.565990984439849854e-01
-1.495052456855773926e+00
3.000518083572387695e-01
1.535819292068481445e+00
1.561104416847229004e+00
5.825569033622741699e-01
1.751246213912963867e+00
-1.032694816589355469e+00
5.457737445831298828e-01
4.479998946189880371e-01
3.146106302738189697e-01
1.977874636650085449e+00
7.197610139846801758e-01
-1.192515045404434204e-01
-1.879196882247924805e+00
-3.953693807125091553e-01
1.171137332916259766e+00
-1.841854810714721680e+00
-6.476399302482604980e-01
1.911044836044311523e+00
-1.619844079017639160e+00
1.067282795906066895e+00
-1.350252747535705566e+00
1.870420455932617188e+00
-6.321284174919128418e-01
7.032296657562255859e-01
-1.579698175191879272e-01
-1.508125424385070801e+00
1.131128191947937012e+00
-1.184165179729461670e-01
1.672137528657913208e-02
-1.298242211341857910e+00
-1.135343909263610840e+00
-6.547845005989074707e-01
3.697762191295623779e-01
-5.691517591476440430e-01
4.791314601898193359e-01
7.371378596872091293e-03
-1.251243054866790771e-01
1.607430815696716309e+00
-1.682439208030700684e+00
-1.242000102996826172e+00
-9.565591216087341309e-01
9.804893285036087036e-02
6.263263821601867676e-01
9.049060940742492676e-02
-5.391587018966674805e-01
5.659253802150487900e-04
-1.668976902961730957e+00
-5.346852540969848633e-01
-2.506976425647735596e-01
-1.584685206413269043e+00
2.724838443100452423e-02
-7.773603200912475586e-01
-1.628108859062194824e+00
-1.192318201065063477e+00
-1.770420670509338379e+00
9.795154929161071777e-01
1.843044281005859375e+00
-1.706713140010833740e-01
1.270900487899780273e+00
7.781701683998107910e-01
-4.884237349033355713e-01
-1.159394741058349609e+00
-3.104008138179779053e-01
-6.084058880805969238e-01
-1.307145476341247559e+00
-7.833911180496215820e-01
7.662288546562194824e-01
1.637900352478027344e+00
1.489919781684875488e+00
1.355172276496887207e+00
-5.557829141616821289e-01
-1.488452672958374023e+00
-1.349031686782836914e+00
1.938462138175964355e+00
-1.665438055992126465e+00
1.469640612602233887e+00
-1.788119792938232422e+00
-3.390589952468872070e-01
5.402169227600097656e-01
1.707576274871826172e+00
1.666978120803833008e+00
1.407125592231750488e+00
3.481034934520721436e-02
4.134021401405334473e-01
-1.344391703605651855e+00
-1.653410792350769043e+00
-1.762977838516235352e+00
-7.496187090873718262e-01
-1.470582008361816406e+00
-5.154730081558227539e-01
-8.730852007865905762e-01
1.389004707336425781e+00
3.278737487792968750e+02
3.881152343750000000e+02
9.623970794677734375e+01
8.015337524414062500e+02
8.431348266601562500e+02
3.981334533691406250e+02
4.524799804687500000e+02
1.709392852783203125e+02
7.673415527343750000e+02
7.019531250000000000e+02
1.076967544555664062e+02
6.630596923828125000e+02
5.528139648437500000e+02
6.716420288085937500e+02
8.117497558593750000e+02
6.824772338867187500e+02
2.226458282470703125e+02
3.272523498535156250e+02
6.752711181640625000e+02
3.786938781738281250e+02
2.152874908447265625e+02
5.977370605468750000e+02
9.069079589843750000e+02
1.345237731933593750e+02
1.241942825317382812e+02
1.577111206054687500e+02
2.028123931884765625e+02
9.669943237304687500e+02
5.141420288085937500e+02
1.433047637939453125e+02
7.403909301757812500e+01
TLAST
9.706929931640625000e+02
2415853569
3.232102966308593750e+02
3.100607299804687500e+02
1.232902450561523438e+02
-6.313528442382812500e+02
3.375907592773437500e+02
-7.274951934814453125e+01
1.525704345703125000e+02
-2.606380310058593750e+02
4.277631530761718750e+02
-2.609077148437500000e+02
5.412493286132812500e+02
1.644497833251953125e+02
3.309219360351562500e+01
4.144898681640625000e+02
4.012715148925781250e+02
1.781042480468750000e+02
-8.833505859375000000e+02
-7.868486328125000000e+02
-5.466992187500000000e+02
9.299338989257812500e+02
1.990233917236328125e+02
-8.013427124023437500e+02
7.767020874023437500e+02
-1.584780578613281250e+02
6.251281127929687500e+02
4.787394409179687500e+02
-7.145140380859375000e+02
-9.917539672851562500e+02
8.150665893554687500e+02
8.977796936035156250e+01
-1.481103668212890625e+02
8.801494750976562500e+02
-8.400596313476562500e+02
-3.744471435546875000e+02
-5.784286499023437500e+02
-5.999120483398437500e+02
-9.075846557617187500e+02
9.655799560546875000e+02
6.521232299804687500e+02
9.279570007324218750e+01
5.001800155639648438e+01
1.156411361694335938e+01
3.809492797851562500e+02
-9.832218627929687500e+02
8.960551757812500000e+02
6.119113769531250000e+02
-3.368061828613281250e+02
-9.744046630859375000e+02
4.325126647949218750e+02
-8.733853759765625000e+02
3.906178665161132812e+01
-8.735522460937500000e+02
2.642313194274902344e+01
8.064770507812500000e+02
-7.408709716796875000e+02
-4.367470092773437500e+02
8.756976928710937500e+02
5.397827148437500000e+02
4.587935791015625000e+02
-3.825161743164062500e+02
-1.796308746337890625e+02
-4.291383972167968750e+02
-8.253463745117187500e+02
-8.610687255859375000e+02
9.022499847412109375e+01
1.427153778076171875e+02
-3.028753356933593750e+02
2.658855056762695312e+01
-1.324953155517578125e+02
3.024533691406250000e+02
-6.384351806640625000e+02
9.916524658203125000e+02
6.297420654296875000e+02
-6.048567504882812500e+02
-2.016110992431640625e+02
1.972916412353515625e+02
9.267178955078125000e+02
2.657325134277343750e+02
2.722562866210937500e+02
-2.960665283203125000e+02
4.366382751464843750e+02
-9.046646118164062500e+02
-5.563180541992187500e+02
-1.547145538330078125e+02
-8.962537231445312500e+02
6.299842529296875000e+02
1.172441635131835938e+02
3.212366638183593750e+02
1.147902603149414062e+02
-7.216888427734375000e+02
-3.615936889648437500e+02
-1.663803863525390625e+02
2.841634521484375000e+02
-7.232142944335937500e+02
3.224685058593750000e+02
-4.917025146484375000e+02
2.781810238957405090e-03
3.676685392856597900e-01
-1.933783769607543945e+00
1.381415367126464844e+00
1.283372044563293457e+00
-1.068318635225296021e-01
4.375277832150459290e-02
-1.883159279823303223e+00
-1.498905867338180542e-01
1.336042642593383789e+00
-1.948665976524353027e+00
1.072010993957519531e+00
-3.049251139163970947e-01
9.703102707862854004e-01
1.578249573707580566e+00
-1.069361925125122070e+00
5.551758408546447754e-01
3.834343850612640381e-01
-1.829783201217651367e+00
8.444063663482666016e-01
-6.813004612922668457e-01
1.255475163459777832e+00
-9.773496389389038086e-01
1.310448765754699707e+00
1.192269802093505859e+00
-1.993548393249511719e+00
1.822176814079284668e+00
-8.688072562217712402e-01
6.755327582359313965e-01
5.719471573829650879e-01
-7.394320964813232422e-01
-7.254748940467834473e-01
1.998715162277221680e+00
7.910043001174926758e-01
-7.708303928375244141e-01
7.232752442359924316e-01
1.748054981231689453e+00
-1.206226348876953125e+00
-9.025643467903137207e-01
3.361237645149230957e-01
4.553440213203430176e-02
-1.329710721969604492e+00
9.301936626434326172e-01
-1.406241297721862793e+00
1.805346727371215820e+00
-2.475273758172988892e-01
5.632511377334594727e-01
-1.841853976249694824e+00
3.038460314273834229e-01
-1.119536757469177246e+00
-1.622585177421569824e+00
-1.342715322971343994e-01
6.949792504310607910e-01
-1.776489377021789551e+00
1.829946160316467285e+00
1.483004093170166016e+00
1.805603623390197754e+00
7.099288702011108398e-01
-2.854569256305694580e-01
8.463594317436218262e-01
-6.084255874156951904e-02
1.540871500968933105e+00
1.469900488853454590e+00
-1.393607497215270996e+00
-9.557101726531982422e-01
9.400945901870727539e-01
1.136963248252868652e+00
-1.701771378517150879e+00
-2.836558520793914795e-01
-3.137445151805877686e-01
-1.717336297035217285e+00
3.610753118991851807e-01
1.379389643669128418e+00
1.069715738296508789e+00
-4.822373688220977783e-01
1.902794837951660156e+00
3.786363899707794189e-01
1.171979904174804688e+00
8.720139265060424805e-01
2.281700372695922852e-01
1.414884090423583984e+00
6.249098181724548340e-01
1.547603011131286621e+00
-1.857050895690917969e+00
1.033601760864257812e+00
-1.588313102722167969e+00
3.850243091583251953e-01
-9.633751511573791504e-01
-1.400606274604797363e+00
8.005140721797943115e-02
-1.918698787689208984e+00
-7.023433446884155273e-01
1.440450310707092285e+00
-1.180682420730590820e+00
7.677557468414306641e-01
1.856813430786132812e+00
4.542515869140625000e+02
1.744965667724609375e+02
8.505408935546875000e+02
8.356433105468750000e+02
6.553599853515625000e+02
5.955612182617187500e+02
9.555837402343750000e+02
6.855505981445312500e+02
2.089193115234375000e+02
5.343684387207031250e+01
5.592290649414062500e+02
7.428809814453125000e+02
8.883935546875000000e+02
6.079797973632812500e+02
3.289843444824218750e+02
9.638388671875000000e+02
8.034687042236328125e+01
9.219165039062500000e+02
3.764583740234375000e+02
8.313111572265625000e+02
9.869140014648437500e+02
1.260493316650390625e+02
8.943383178710937500e+02
2.122275390625000000e+02
3.135680236816406250e+02
6.233593750000000000e+02
6.408715209960937500e+02
7.072399291992187500e+02
7.074304199218750000e+02
2.692695312500000000e+02
7.882686157226562500e+02
TLAST
3.708885803222656250e+02
2415853570
-7.321195220947265625e+01
-8.789601440429687500e+02
6.258400268554687500e+02
-1.325384216308593750e+02
-7.929881591796875000e+02
4.686557312011718750e+02
6.029171466827392578e+00
3.356422729492187500e+02
4.620763549804687500e+02
-2.682714843750000000e+02
4.374584960937500000e+02
-6.175982666015625000e+02
7.819729003906250000e+02
2.744725341796875000e+02
3.266048278808593750e+02
6.133793334960937500e+02
9.076750488281250000e+02
-2.264151000976562500e+02
-3.219059448242187500e+02
-1.975751190185546875e+02
2.658484840393066406e+01
3.512358703613281250e+02
4.296249084472656250e+02
2.833527221679687500e+02
-6.475933227539062500e+02
9.849776000976562500e+02
-3.223475036621093750e+02
-3.006020812988281250e+02
-2.464776039123535156e+01
1.833456420898437500e+02
4.715696411132812500e+02
9.433133544921875000e+02
1.658962249755859375e+02
-7.395793457031250000e+02
2.396742439270019531e+01
1.113254394531250000e+02
-2.586947631835937500e+02
9.090756225585937500e+02
9.633007202148437500e+02
2.165920562744140625e+02
1.976009826660156250e+02
2.107206573486328125e+02
9.411337280273437500e+02
9.718085937500000000e+02
-4.632345581054687500e+02
-6.491968994140625000e+02
-1.738142852783203125e+02
1.500137481689453125e+02
-5.735909423828125000e+02
-8.212420043945312500e+02
2.142056274414062500e+02
-5.962529907226562500e+02
-3.338781738281250000e+02
1.468651123046875000e+02
4.600430908203125000e+02
2.525821228027343750e+02
-2.787944030761718750e+02
6.125418090820312500e+02
6.775581054687500000e+02
-6.405786132812500000e+02
-4.450755310058593750e+01
-8.864566650390625000e+02
-8.281837768554687500e+02
5.887634277343750000e+02
6.219941406250000000e+02
-7.722095336914062500e+02
5.490853881835937500e+02
-2.438692016601562500e+02
-5.565082550048828125e+01
1.926334381103515625e+02
4.578341369628906250e+02
6.812745971679687500e+02
-7.150098266601562500e+02
-1.418812255859375000e+02
-5.198262329101562500e+02
2.273257064819335938e+01
-2.017471923828125000e+02
-1.384833831787109375e+02
3.352387695312500000e+02
2.739617004394531250e+02
-9.145952758789062500e+02
6.985816040039062500e+02
8.708853149414062500e+02
-3.091389160156250000e+02
8.112033081054687500e+02
9.083687133789062500e+02
8.443218994140625000e+02
5.017788391113281250e+02
-2.623032531738281250e+02
-5.425595703125000000e+02
-2.540776214599609375e+02
5.953791503906250000e+02
9.339958496093750000e+02
3.112917327880859375e+01
-1.473300933837890625e+02
-6.605497436523437500e+02
1.522532701492309570e+00
-1.266901493072509766e+00
5.700350403785705566e-01
8.838259577751159668e-01
1.131278634071350098e+00
-1.468036174774169922e+00
-1.778476357460021973e+00
8.257094025611877441e-01
5.093181729316711426e-01
1.608921885490417480e+00
-1.846007227897644043e+00
-1.994462370872497559e+00
5.813857913017272949e-01
5.059296488761901855e-01
-1.739386796951293945e+00
4.049002826213836670e-01
-5.915061235427856445e-01
1.269558310508728027e+00
1.935017108917236328e+00
1.497636675834655762e+00
1.946638226509094238e+00
-8.232880383729934692e-02
-7.599611282348632812e-01
1.303183674812316895e+00
-1.253184318542480469e+00
2.620404064655303955e-01
1.446475386619567871e+00
-1.271570086479187012e+00
-1.939376473426818848e+00
-5.708857178688049316e-01
4.858375489711761475e-01
-9.237337112426757812e-01
9.183909296989440918e-01
1.660339355468750000e+00
-1.524669170379638672e+00
-2.212602645158767700e-01
-1.050623178482055664e+00
-1.135265827178955078e+00
9.846091866493225098e-01
6.046536564826965332e-02
5.877202153205871582e-01
2.166224271059036255e-01
2.883964478969573975e-01
-1.510353684425354004e+00
-9.788317680358886719e-01
-1.550182700157165527e+00
1.803743839263916016e+00
-1.919878363609313965e+00
4.954236149787902832e-01
1.060632839798927307e-01
-2.299270629882812500e-01
1.721524357795715332e+00
1.699482560157775879e+00
-9.807258844375610352e-01
-1.673057913780212402e+00
1.739798307418823242e+00
-1.301571130752563477e-01
-8.328400254249572754e-01
-1.167993903160095215e+00
-9.900339245796203613e-01
-3.423407971858978271e-01
1.017112374305725098e+00
1.291765123605728149e-01
-1.162109300494194031e-01
1.369738578796386719e+00
1.206599920988082886e-01
1.053674697875976562e+00
-9.348856657743453979e-02
1.469082474708557129e+00
-1.990567684173583984e+00
-3.006767928600311279e-01
1.127440333366394043e-01
-1.652698755264282227e+00
-1.191566348075866699e+00
8.665634393692016602e-01
-1.304409503936767578e+00
1.164658427238464355e+00
-5.555395483970642090e-01
1.715171337127685547e-01
5.507566928863525391e-01
-1.810747861862182617e+00
-1.189786553382873535e+00
-1.384382009506225586e+00
1.357684373855590820e+00
7.746770381927490234e-01
-1.033258676528930664e+00
1.579847455024719238e+00
5.887513160705566406e-01
-1.140273213386535645e+00
-6.386375427246093750e-01
1.917565345764160156e+00
-1.742735207080841064e-01
1.929085731506347656e+00
-1.624267816543579102e+00
1.789556384086608887e+00
1.072512507438659668e+00
3.984490356445312500e+02
9.598421096801757812e+00
9.786705932617187500e+02
4.899474182128906250e+02
4.916204223632812500e+02
1.711504364013671875e+02
8.796275634765625000e+02
3.024129943847656250e+02
1.158326568603515625e+02
1.051849060058593750e+02
7.926239624023437500e+02
1.802039642333984375e+02
4.986250610351562500e+02
6.141383056640625000e+02
8.985548095703125000e+02
9.288399047851562500e+02
7.793816375732421875e+01
9.976229858398437500e+02
3.770811767578125000e+02
8.306629638671875000e+02
1.125837445259094238e+00
6.372858428955078125e+01
2.614038696289062500e+02
6.822314453125000000e+02
4.029837951660156250e+02
7.923950195312500000e+02
2.424681243896484375e+02
2.243896179199218750e+02
8.084317016601562500e+02
2.193795166015625000e+02
8.775199584960937500e+02
TLAST
5.958741455078125000e+02
2415853571
1.338564910888671875e+02
1.874279174804687500e+02
2.233886108398437500e+02
-3.426468505859375000e+02
4.950154724121093750e+02
1.531883087158203125e+02
-4.343773365020751953e+00
-8.700409545898437500e+02
3.098811912536621094e+01
6.395214843750000000e+02
9.271357421875000000e+02
7.249329833984375000e+02
-2.810956420898437500e+02
-9.652235717773437500e+02
-2.970274353027343750e+02
-9.358998870849609375e+01
-7.102576293945312500e+02
3.307913818359375000e+02
2.803508605957031250e+02
-8.541092529296875000e+02
5.666389160156250000e+02
7.828533172607421875e+01
-9.784163818359375000e+02
-5.688120117187500000e+02
6.923306884765625000e+02
1.022029876708984375e+02
8.648348388671875000e+02
1.631453399658203125e+02
6.521014404296875000e+01
-7.211618652343750000e+02
8.674084472656250000e+02
5.800067749023437500e+02
-8.693041992187500000e+02
-8.092648315429687500e+02
-2.510406951904296875e+02
8.491051025390625000e+02
6.868886718750000000e+02
1.478794555664062500e+02
5.401833496093750000e+02
8.875744628906250000e+02
3.266436157226562500e+02
-9.409734497070312500e+02
-1.751165466308593750e+02
9.842785644531250000e+02
2.992839050292968750e+02
1.595986938476562500e+02
-9.732191772460937500e+02
-5.888984375000000000e+02
3.219027709960937500e+02
9.826911926269531250e+01
-3.968631896972656250e+02
1.623842773437500000e+02
4.985228881835937500e+02
-6.640299224853515625e+01
6.189304199218750000e+02
2.271437377929687500e+02
3.787231750488281250e+02
-2.332867279052734375e+02
8.656941528320312500e+02
2.764090576171875000e+02
3.617924804687500000e+02
6.530858154296875000e+02
-1.045325622558593750e+02
-6.109199829101562500e+02
-8.246478881835937500e+02
-6.967437133789062500e+02
-8.406972045898437500e+02
-6.551436767578125000e+02
-5.098895874023437500e+02
-4.163267517089843750e+02
7.944397735595703125e+01
7.697302818298339844e+00
-6.784633178710937500e+02
-8.785061645507812500e+02
8.347649536132812500e+02
7.522134399414062500e+02
-9.175068664550781250e+01
7.455685424804687500e+02
6.687047729492187500e+02
1.894435119628906250e+02
6.022392578125000000e+02
6.106527709960937500e+02
5.828353271484375000e+02
-1.325603942871093750e+02
-2.689808349609375000e+02
-3.292195739746093750e+02
-6.078385620117187500e+02
7.753770141601562500e+02
8.464586639404296875e+01
9.757025756835937500e+02
4.246387023925781250e+02
2.452590484619140625e+02
-6.934231567382812500e+02
-1.035442047119140625e+02
7.366804199218750000e+02
-6.966517333984375000e+02
1.991936326026916504e+00
4.197287261486053467e-01
1.289541602134704590e+00
1.433125257492065430e+00
-6.643697023391723633e-01
9.237521290779113770e-01
-3.626703843474388123e-02
-5.348973274230957031e-01
1.309118390083312988e+00
1.964584589004516602e+00
8.521493673324584961e-01
-8.820124864578247070e-01
-1.194494724273681641e+00
1.127150177955627441e+00
1.263316988945007324e+00
1.513246774673461914e+00
2.328536957502365112e-01
-5.844146013259887695e-01
1.358168244361877441e+00
7.975318431854248047e-01
-4.085241258144378662e-01
5.426701623946428299e-03
7.229933738708496094e-01
1.000350832939147949e+00
-1.268339991569519043e+00
-1.847211956977844238e+00
-9.574100971221923828e-01
-9.991685301065444946e-02
-5.277147889137268066e-01
-9.533541649580001831e-02
-1.519141674041748047e+00
1.132116436958312988e+00
-1.799009084701538086e+00
8.023780584335327148e-01
1.255922317504882812e+00
-1.423905372619628906e+00
-7.582845687866210938e-01
-1.478927135467529297e-01
3.925475478172302246e-01
-1.123837232589721680e+00
1.263098597526550293e+00
1.958074092864990234e+00
1.774261713027954102e+00
8.453029990196228027e-01
1.870662212371826172e+00
1.306938767433166504e+00
9.406815171241760254e-01
-7.228960394859313965e-01
-3.564164936542510986e-01
1.503393054008483887e+00
-1.661849498748779297e+00
-4.537995755672454834e-01
1.993395090103149414e+00
-1.598256111145019531e+00
-1.379406094551086426e+00
-2.325311154127120972e-01
1.463401198387145996e+00
-1.149286270141601562e+00
5.931510329246520996e-01
-7.590018510818481445e-01
-1.859527349472045898e+00
8.482182025909423828e-01
9.870787262916564941e-01
3.575108945369720459e-01
1.594028353691101074e+00
-8.034310936927795410e-01
-7.921553850173950195e-01
-2.569767832756042480e-01
1.502760887145996094e+00
2.849218845367431641e-01
-1.827138304710388184e+00
6.218926310539245605e-01
1.236101686954498291e-01
-2.158577144145965576e-01
-1.163824677467346191e+00
1.070576071739196777e+00
9.171349406242370605e-01
7.283219099044799805e-01
-1.335517764091491699e+00
4.657658040523529053e-01
-1.702346086502075195e+00
-6.651266813278198242e-01
3.517973124980926514e-01
1.805810332298278809e+00
1.508143305778503418e+00
3.436101078987121582e-01
8.130662441253662109e-01
-1.413762569427490234e+00
-1.651376247406005859e+00
5.955215692520141602e-01
1.178328871726989746e+00
-1.515162229537963867e+00
-1.408583998680114746e+00
1.477417707443237305e+00
-5.729969143867492676e-01
-1.820420145988464355e+00
2.307978363037109375e+02
8.238522949218750000e+02
8.447894287109375000e+02
4.194504699707031250e+02
6.065142211914062500e+02
6.410707397460937500e+02
2.922546691894531250e+02
7.457715454101562500e+02
5.624959106445312500e+02
4.014505615234375000e+02
5.182368850708007812e+01
1.079424476623535156e+01
8.492710876464843750e+01
8.865214843750000000e+02
9.338060760498046875e+01
4.771810607910156250e+02
9.298278198242187500e+02
4.646455383300781250e+02
1.624070587158203125e+02
9.818325805664062500e+02
9.896849822998046875e+01
4.071730041503906250e+02
8.955191040039062500e+02
4.032838134765625000e+02
3.856742553710937500e+02
5.421986694335937500e+02
5.266599121093750000e+02
9.363251953125000000e+02
4.003009338378906250e+02
5.528552856445312500e+02
5.432408142089843750e+01
TLAST
3.886892089843750000e+02
