2415853568
-1005387538
1138751987
1135107639
1138905482
1148009466
-1004247183
-1021685378
1125752564
1131664378
1144473777
1136222381
1135448695
1143280646
-1003338091
-1006049662
-1000519824
1128208748
1124934694
-1013406758
1120711808
-1003155181
-1009655889
1131841037
-1006258946
1147952388
-1007314130
1146985336
-1013981847
1148786196
1126408319
1142792167
1135703918
-1015172518
1134836695
-1001439293
-1022335303
-1001488472
1144916851
1148546404
1141199864
1141915474
-1006883041
-1001022285
-1023922206
-1006375200
1146434693
-1023027758
-1002993852
-1010503068
-1066830495
1133837448
1145694899
1095257528
1147503436
1144146331
-1006797021
-1004143972
-1026530824
1146850732
-1002567401
-1003223512
-1013306981
-1006319343
1136843159
-1013679233
-1014655206
1147828396
-1020947733
-1001134625
1123430152
-1001446851
-1039889849
1143405377
-1006554648
-1012574230
-1000482497
1139255048
1138409906
1098132274
1144658927
-1009197926
1141393501
1126616498
-998947833
1144738520
1143719316
-1013201131
1144181384
-1001612662
1143147851
-1013113135
1141403332
-1012497715
-1004415332
-1016154148
1143815432
-1082437682
1059925751
1067024539
1066892024
-1082946060
-1078548988
-1084370679
1063052230
1066112976
1071561631
1068253746
-1075276431
1073446961
1072827938
1067904304
-1087791312
1071247457
-1080806515
1069754982
-1102277717
-1080837617
1068377677
-1081093747
-1096060347
1043704112
1062371114
-1075465434
-1080740424
-1086156805
1070833728
1057995260
-1080762297
-1114207228
-1081793673
-1074529737
1069540467
-1080671500
1071626967
-1096688902
1062674606
1057806527
1066958200
-1082081720
-1089527612
-1079019036
1050037909
-1084632661
-1087306400
1040935810
-1089141850
1055875846
-1098853952
-1097455452
1061740499
-1116696767
1071309642
-1088760918
-1078269636
1071603442
1064211011
1045129597
1048543769
1072103440
1063540384
1072575916
1050931681
1071816162
1066267188
1049076440
-1075264814
1073727772
1068862315
-1145628337
-1078600051
1066623437
-1091346946
-1085698169
1038447117
1069969233
-1083710148
1055968596
1072669708
-1076696606
1018303583
1065483467
-1081146838
1064173964
1071947270
1057252864
-1080575671
1069970962
1065899910
1049853689
-1079770861
1066089283
-1087205453
1148089766
1135338684
1145216132
1141207786
1146383923
1142245597
1132961329
1086026348
1128937910
1148305480
1128792016
1140695175
1143992397
1134335127
1124371235
1133859674
1115695647
1144143218
1144268099
1143715352
1146239514
1139025719
1145242498
1135365668
1148053041
1100607628
1145196630
1128863237
1127779810
1128922940
1125279218
TLAST
1142493128
2415853569
1133409896
-1008672317
-1004126252
-1015782552
-1016885753
-1002978454
-1019157511
-1005288621
-1003606626
-1001522249
1147937317
1125362120
1139466984
1147676227
-1013001435
-1002057947
1147116881
1142044136
1136194882
1120007579
-1038567219
1147794836
-1009271670
1136588696
-1000930260
-1010904410
1076686770
-1034503830
-1030539549
1141182059
1135137723
-1018603311
-1005810568
-1005965272
-1008026097
1138704063
-1064333903
1142909808
1145101608
1143854540
-1021474604
1146793636
1133346231
1147519458
1148157114
1114755900
1134611642
1135306954
1143660607
-1013582140
-1036427802
-1013339181
-1005446600
-1002624067
1123484722
1141319491
-1034949022
-1002683434
1133808404
1113782619
1146685187
1135323764
1144895368
-1002802919
-1021595001
1138473806
-1001751955
1139535793
-1029602521
-1026489178
-1004128218
-999837599
-1000054097
1141634657
1142192310
1146147781
1125219183
1140466486
1135604492
1057099929
1146174325
-1006722847
1135813233
1144255131
-1008899380
-1011349027
-1014732144
-1027086512
1147486632
-1005607232
-1007490777
1145684732
-1023352319
1124831876
-998950706
1124908304
1069486512
-1079620755
1071021141
1062753716
-1080708064
-1077796959
-1111491102
1050768600
-1093275257
-1103647824
1068509271
1061237108
-1093027482
1070021133
1042022135
1035254997
-1095255077
-1084399756
1071589214
1068415095
1069730011
-1088315258
-1074288051
-1074615240
1066075603
1071061286
-1090706765
-1080950322
-1075424828
-1080086583
-1086864528
-1095439289
-1080058956
1066309596
1071442394
1069270233
-1136014010
1065335104
1051232494
1067350093
1066379836
1073344441
1056994758
-1079904242
1069647077
1058799583
1051438123
-1112907312
1072266094
-1083216944
-1074122582
1058097461
-1096213089
1061665657
1062785292
-1075266217
1069876362
1071874018
1066680905
1070251226
1065074367
-1080410515
1050992668
-1119378869
1059988701
-1094980791
-1084974165
-1084479085
1049438706
1072147839
-1080486079
1052533961
1036328803
1063161674
1070406585
1071885630
-1111621407
-1081875099
1067196783
1066017344
1068443117
1066099286
-1081395841
1061264260
1051890363
-1080119520
-1107801110
1054524572
-1074767884
-1074105325
-1088828462
-1114670419
-1081792925
1036484536
-1088619204
1066583095
1136529862
1142556761
1145653715
1124926589
1128347834
1137044808
1147939808
1143586532
1043729147
1109322325
1133006566
1146922328
1124878947
1141386243
1134032543
1132038655
1105138956
1137715535
1115750959
1137146154
1133127357
1135579283
1147135748
1138356088
1125144693
1137610276
1148065390
1144315570
1142572114
1144444580
1141506194
TLAST
1125953381
2415853570
-1006459177
-1031092321
-1016456306
1135629596
1128690737
1145388650
-1002581403
-1001548170
1132674408
1146783281
-1000036039
1125804906
1138192574
1134739093
1115883282
-1003599664
-1014187709
-1004491000
-1001411068
-1004973473
-1012454927
1145586038
-1022354672
-1023305241
1131985766
1132937874
-1013688923
1146743305
-1011332899
1132260359
1144396498
1128579397
-1003248448
1140557860
1148707794
1142382782
-1002542156
1143590838
1083093156
-1004667709
-1000460793
-1007968666
-1002269614
-1020471956
1127966926
-1004162292
-998724582
1137664412
1142700934
-1036151217
-1001974565
1146435277
-1000409068
-1014036443
1138146741
1131935805
1143620513
1133715249
1145854980
-1004847131
1134992653
1133240763
1134311600
-1003689124
-1008765059
-1036825332
-1000337971
1139164472
1144360590
1141667290
1106889238
-1011191186
1127411539
1125139603
1136358626
-1003838326
-1013756896
1146225726
-1001241650
-1022267870
1132846033
1119008709
-1017475732
-1016292731
-1012136354
-1012425312
-1002611700
-1002820631
1144640195
1114447718
1142165078
1145994656
1139699798
-1004497091
1140096141
1113396580
-1079418608
1063366764
1038474950
-1081962295
-1099343987
-1077983043
1065547837
-1075453738
1050676539
1062305304
1064057958
1061926310
-1096660387
1069665823
-1078679158
-1081678576
-1082587389
-1094239962
-1082511550
1051047161
-1076779159
1071313670
-1093985919
-1103549458
1067152901
-1095511102
1033407734
-1077947428
-1083491323
-1084604706
-1118930540
1036833637
-1082945025
-1074576599
1035144619
-1077750228
1058950808
1073732395
1067450658
-1097651437
-1088303886
-1085576904
-1074540195
-1075712556
-1108615468
1068912149
1060213549
1069507537
-1093980823
1059837632
-1080838113
-1084084973
1038606411
1073711476
1068810285
1050249970
1068032267
1058464370
1072687043
-1079720357
-1080055164
-1080474642
-1080114941
-1076562406
1059506154
1049390255
-1080878266
1073502124
-1108057157
-1085467973
-1076136903
-1096072186
1071690905
-1082562140
-1076896853
1060722918
1071450660
1034108310
-1097353125
-1096826405
-1112635561
-1130112631
-1099850093
1065603857
1070236148
1070637978
-1083685460
-1086734065
1066560517
1067607555
-1093770661
-1077554343
-1086485087
1067404096
-1074399581
1067447429
1143203937
1133753112
1148282466
1127399214
1142538250
1144287568
1134126088
1142564857
1127840065
1143280652
1121152298
1142562103
1088458989
1141430119
1131000109
1122406666
1145870781
1140157734
1144839866
1128406080
1129190430
1136232993
1117563038
1145056597
1146303932
1146741552
1100202160
1132245667
1112323027
1143057612
1140875820
TLAST
1148325365
2415853571
1141952755
1136670843
1143014403
-1004995651
1139660935
1134676579
1145069576
1138128172
-1004934332
1147536467
1143272027
1133885846
1131062401
1111708389
1129676183
-1009774543
1142772966
1132230125
-1027333439
-1010022620
1141551152
-1000098691
1143604614
1142993563
-1017970121
-1005743994
-1000424063
-1022586675
-1003367472
1138290060
1141230152
1143506539
-1009224268
-1026391940
1143511294
1124258360
-1004169773
-1002403278
1121227887
1143453464
1136595133
-1012510922
-1029811637
-1000383563
-1008618624
1141311144
-1008892012
-1001798730
1148760631
1141802561
-1015581813
-1004499403
1127834069
1132434724
1127298836
1137010062
1128713114
-1012435066
1140911219
1145168502
1113355068
1136106462
1138790900
-1004713580
1140838917
-1011905177
1123891388
-1010338249
1135605131
-1003579047
1126411947
-998876316
-1019412839
1145246934
1131091303
1130175616
1130344107
1140119530
-1015302338
-1027030431
1106164409
1110881558
-1012601599
-1013518521
-1027431008
-1009116501
1127502363
-1004738500
1145564047
-1006739090
-999948332
-1014694953
1141587903
1146754717
-1001707561
1129123248
1066627132
-1119589838
-1082979937
-1073939705
1067433804
-1103364259
1065445892
-1092878900
1073659604
1052111575
1072865305
-1080229795
-1122057013
-1079548889
1057149416
1021839914
-1093319961
-1084390892
1069704190
1066061794
1072598468
-1081224138
-1094890563
1072692975
-1087609587
1071031694
1060738117
1065516394
-1094333481
-1084902121
-1100839394
1072456503
-1084513730
1055067213
-1078719654
1073049310
-1074358612
-1099424663
1048684721
1071582194
-1078626106
1072280062
-1090312627
1068938691
1067342292
1068176499
1071498165
1068740095
-1077445094
-1084658406
-1077436143
1048787216
1053309324
-1094551790
1058875234
-1085798976
-1082537615
1048919381
-1073965289
-1087618902
1072220142
-1079979656
-1096332772
-1098401287
-1081226159
-1080263203
-1086897422
1057056699
-1079146479
1046616037
1033126222
-1098121126
1069363279
-1080634932
1060513426
1071906858
-1147295583
-1088788354
-1079853298
1050795527
1071798154
-1075558334
-1078130023
1060669798
-1088272713
1057959433
-1087005896
-1074770890
1069616068
1059715243
1044313664
1071365627
-1075835522
1065956517
-1123119436
-1081261448
1141726048
1118719967
1132868085
1143370077
1146187001
1138162018
1144773244
1143746883
1117945239
1128472781
1143112496
1125740528
1144100479
1091213060
1133512333
1146784046
1142079724
1091024571
1146654729
1148445071
1128536617
1123480265
1127465475
1121144317
1147205830
1142554770
1143972195
1094533981
1116405434
1144736732
1118583145
TLAST
1143979469
