2415853568
7.968458862304687500e+02
7.524791259765625000e+02
-5.077909545898437500e+02
-3.805399475097656250e+02
2.932165527343750000e+02
-6.580912475585937500e+02
6.531186523437500000e+02
-1.967325782775878906e+01
-2.818801269531250000e+02
7.235090332031250000e+02
-6.484453735351562500e+02
6.415933227539062500e+02
8.341193847656250000e+02
6.506893920898437500e+02
-1.319671783447265625e+02
3.279411315917968750e+02
3.626683959960937500e+02
-8.539666748046875000e+02
3.785074157714843750e+02
-3.433525695800781250e+02
-8.325925292968750000e+02
1.292658691406250000e+02
1.198370819091796875e+02
-3.115946350097656250e+02
-9.009812011718750000e+02
-5.272097167968750000e+02
1.411809635162353516e+01
-3.410866394042968750e+02
-8.654138793945312500e+02
-6.463674926757812500e+02
-4.759048461914062500e+02
5.593662719726562500e+02
7.890206298828125000e+02
-3.683746948242187500e+02
-8.041859741210937500e+02
6.644669189453125000e+02
-3.667666931152343750e+02
8.477011718750000000e+02
-6.876356811523437500e+02
-9.705072631835937500e+02
-2.985705261230468750e+02
-6.465734252929687500e+02
2.463648796081542969e+01
4.789758300781250000e+01
6.385259399414062500e+02
4.449535522460937500e+02
7.833816528320312500e+02
7.557362060546875000e+02
1.754797058105468750e+02
-4.137929077148437500e+02
5.626002807617187500e+02
-6.714602661132812500e+02
2.540656280517578125e+02
5.579164123535156250e+01
6.406696166992187500e+02
-5.676170654296875000e+02
4.907676696777343750e+02
5.510604248046875000e+02
-3.396102294921875000e+02
1.414183807373046875e+02
4.450256347656250000e+02
9.093159179687500000e+02
-8.470073242187500000e+02
-5.883837890625000000e+02
6.511425781250000000e+02
-4.751127014160156250e+02
2.432849426269531250e+02
-5.620819702148437500e+02
-7.473046875000000000e+02
-6.601744384765625000e+02
4.553895568847656250e+02
-1.079001312255859375e+02
9.610656738281250000e+02
3.498918533325195312e+01
1.960297393798828125e+02
2.563461303710937500e+02
3.774326171875000000e+02
-7.937678833007812500e+02
-2.667517852783203125e+01
-2.200795745849609375e+02
-6.816435241699218750e+01
4.837554931640625000e+02
-3.318666076660156250e+02
2.157031250000000000e+02
-8.963003540039062500e+02
7.718649291992187500e+02
-8.873432006835937500e+02
6.587908325195312500e+02
9.011805419921875000e+02
-6.753900756835937500e+02
-9.532375488281250000e+02
-7.555556030273437500e+02
-8.017156372070312500e+02
-3.027995300292968750e+02
5.021980667114257812e+01
6.149246826171875000e+02
4.055149555206298828e-01
-8.025660514831542969e-01
-1.501869559288024902e+00
7.070391178131103516e-01
1.240716800093650818e-01
1.352502852678298950e-01
5.307919383049011230e-01
4.648008644580841064e-01
1.738935589790344238e+00
-1.608425498008728027e+00
2.351167798042297363e-01
2.332523316144943237e-01
1.822763919830322266e+00
-1.742523670196533203e+00
-1.981382012367248535e+00
-1.501233577728271484e+00
1.970736980438232422e+00
1.934907317161560059e+00
-1.933634042739868164e+00
-7.497095465660095215e-01
-8.342547416687011719e-01
-1.334678530693054199e+00
1.464324951171875000e+00
-6.746774911880493164e-01
3.278845250606536865e-01
-1.480558872222900391e+00
1.439319849014282227e+00
1.673411607742309570e+00
7.278692722320556641e-02
-4.946845173835754395e-01
1.588557101786136627e-02
6.706691384315490723e-01
-8.188292384147644043e-01
-3.143133223056793213e-01
-5.042775273323059082e-01
-1.997603535652160645e+00
1.343054533004760742e+00
9.672765135765075684e-01
-6.835347414016723633e-02
1.009880900382995605e+00
-1.224196791648864746e+00
5.671423673629760742e-01
-9.684697985649108887e-01
-1.157680153846740723e+00
-3.877415359020233154e-01
-2.343847006559371948e-01
-1.009543519467115402e-02
-1.348740577697753906e+00
1.303677260875701904e-01
6.239929795265197754e-01
1.909875154495239258e+00
-1.357906579971313477e+00
-1.627446174621582031e+00
-1.699518203735351562e+00
-1.197250485420227051e+00
1.549422442913055420e-01
3.837152719497680664e-01
9.453144073486328125e-01
1.399393975734710693e-01
-1.097031593322753906e+00
6.358005851507186890e-02
1.041033625602722168e+00
6.517706513404846191e-01
4.232039153575897217e-01
-1.306537032127380371e+00
1.620703935623168945e+00
-2.733697891235351562e-01
2.948862016201019287e-01
-4.842422902584075928e-01
-1.897292017936706543e+00
6.109337508678436279e-02
-1.949230551719665527e+00
-3.538682758808135986e-01
1.877897530794143677e-01
-3.826719820499420166e-01
-1.765593171119689941e+00
4.777729809284210205e-01
-4.765981808304786682e-02
-1.629890203475952148e+00
7.319329679012298584e-02
1.580746173858642578e+00
-1.935132265090942383e+00
-1.598895192146301270e+00
-1.761400699615478516e+00
2.452498227357864380e-01
-9.915612936019897461e-01
5.282295942306518555e-01
1.108680441975593567e-01
-2.427461445331573486e-01
8.431900739669799805e-01
-2.563282847404479980e-02
-1.122997045516967773e+00
9.052067399024963379e-01
-1.673104405403137207e+00
-7.774974107742309570e-01
1.912044048309326172e+00
1.231261978149414062e+02
6.730284423828125000e+02
9.652161254882812500e+02
2.203638458251953125e+02
5.853878784179687500e+02
2.909246215820312500e+02
6.513092041015625000e+00
5.183511962890625000e+02
7.335565185546875000e+02
4.854157714843750000e+02
4.861870117187500000e+02
5.834898376464843750e+01
1.878000030517578125e+02
2.958878784179687500e+02
6.528129882812500000e+02
7.408972167968750000e+02
9.583613891601562500e+02
5.043741760253906250e+02
6.837733764648437500e+02
7.615051269531250000e+02
2.534581909179687500e+02
1.513468933105468750e+02
9.204503784179687500e+02
9.477993164062500000e+02
6.966495361328125000e+02
7.186258544921875000e+02
2.444942932128906250e+02
3.303840332031250000e+02
5.459110107421875000e+02
4.476339721679687500e+02
1.419075622558593750e+02
TLAST
2.454747619628906250e+02
2415853569
-9.025021972656250000e+02
-4.057013854980468750e+02
6.684851074218750000e+02
-6.399498291015625000e+02
2.952539978027343750e+02
3.059421691894531250e+02
-5.925510253906250000e+02
1.424490661621093750e+02
-7.654596557617187500e+02
-3.389792175292968750e+02
-8.010794067382812500e+02
-6.441477050781250000e+02
5.278067016601562500e+02
-9.605570678710937500e+02
-6.083027954101562500e+02
7.358184814453125000e+02
9.725893554687500000e+02
-6.107573242187500000e+02
-5.404872436523437500e+02
-9.874566650390625000e+02
-9.626302490234375000e+02
6.748559570312500000e+01
-7.905139160156250000e+02
-7.063228149414062500e+02
1.314015045166015625e+02
2.507775115966796875e+02
7.410369873046875000e+02
-2.520334959030151367e+00
7.066470947265625000e+02
-4.557392272949218750e+02
-7.085458374023437500e+02
-2.936892700195312500e+02
8.028430175781250000e+02
7.997177124023437500e+02
-2.279416084289550781e+01
-6.795057983398437500e+02
-7.095095825195312500e+02
-9.567129516601562500e+02
-7.334110107421875000e+02
-3.811190414428710938e+01
1.038070583343505859e+01
-1.856317901611328125e+02
-3.950106811523437500e+02
8.828522338867187500e+02
3.692976989746093750e+02
-8.181339721679687500e+02
-4.375623474121093750e+02
-5.451008224487304688e+01
-5.234898071289062500e+02
1.382473449707031250e+02
-6.666778564453125000e+02
9.850137329101562500e+02
-2.326826286315917969e+01
-8.762802124023437500e+02
-7.077793579101562500e+02
2.238718986511230469e+01
-4.865426940917968750e+02
4.951416015625000000e+02
9.309334716796875000e+02
-4.997481079101562500e+02
4.538015747070312500e+02
4.584743957519531250e+02
4.630513305664062500e+02
-9.714614868164062500e+02
-1.430666961669921875e+02
-6.425201416015625000e+02
-4.138518066406250000e+02
-8.734279785156250000e+02
-3.993608398437500000e+02
8.691502075195312500e+02
-5.303669433593750000e+02
2.040005645751953125e+02
3.262405395507812500e+02
9.668022460937500000e+02
-2.686477966308593750e+02
-4.161997985839843750e+02
-6.302583007812500000e+02
-2.608882751464843750e+02
7.540354614257812500e+02
-7.751951904296875000e+02
-2.804208984375000000e+02
-5.741628417968750000e+02
6.876709594726562500e+02
-1.110648345947265625e+02
8.529108428955078125e+01
8.038341064453125000e+02
-7.359444580078125000e+02
-4.724272155761718750e+02
4.869183654785156250e+02
9.521773071289062500e+02
6.468739624023437500e+02
-4.322989501953125000e+02
8.103396606445312500e+02
7.698040771484375000e+02
2.840848388671875000e+02
-8.648626098632812500e+02
1.080448269844055176e+00
8.043360710144042969e-01
-1.032196760177612305e+00
4.728303253650665283e-01
1.682725906372070312e+00
-1.574447512626647949e+00
-4.200407266616821289e-01
-6.137317419052124023e-01
9.224301576614379883e-02
1.739071249961853027e+00
-7.994551062583923340e-01
1.454009413719177246e+00
-1.576819300651550293e+00
-1.054746627807617188e+00
9.533911347389221191e-01
1.115195155143737793e+00
-1.793250292539596558e-01
8.369730710983276367e-01
-3.224877417087554932e-01
1.286924242973327637e+00
2.580066919326782227e-01
1.379281401634216309e+00
1.872127294540405273e+00
-1.106593966484069824e+00
-9.856558442115783691e-01
-1.957633137702941895e+00
-1.193141102790832520e+00
4.369852319359779358e-02
-9.464132785797119141e-01
1.588207364082336426e+00
9.680101871490478516e-01
-1.621232271194458008e+00
1.431416273117065430e+00
-1.176426172256469727e+00
-2.336000092327594757e-02
-1.810628324747085571e-01
-1.369555711746215820e+00
-1.422953486442565918e+00
1.042737960815429688e+00
1.959889292716979980e+00
-1.189059972763061523e+00
-1.842772483825683594e+00
-4.253532290458679199e-01
-1.384925484657287598e+00
-7.191323637962341309e-01
1.432864308357238770e+00
-8.606643229722976685e-02
8.950942195951938629e-03
1.072431564331054688e+00
1.207815766334533691e+00
3.529304563999176025e-01
-9.158041477203369141e-01
1.561118289828300476e-02
9.001566767692565918e-01
-1.971041321754455566e+00
6.240484118461608887e-01
-7.058209925889968872e-02
-4.705511033535003662e-01
-1.913099884986877441e+00
-1.802097797393798828e+00
-9.749969244003295898e-01
1.980641603469848633e+00
-1.099500134587287903e-01
-3.102486431598663330e-01
1.872186303138732910e+00
-1.253262639045715332e+00
-1.270423650741577148e+00
-5.041815042495727539e-01
8.930326700210571289e-01
-1.325262784957885742e+00
-1.978706359863281250e+00
1.781945347785949707e+00
2.239494957029819489e-02
-1.377270936965942383e+00
1.523519158363342285e+00
1.029522657394409180e+00
-1.910936981439590454e-01
7.289907336235046387e-01
1.749571442604064941e+00
4.346996247768402100e-01
-1.928705215454101562e+00
-1.211141467094421387e+00
1.921721577644348145e+00
-3.170682489871978760e-01
1.565174460411071777e+00
-1.846689701080322266e+00
-1.128474473953247070e+00
-3.003287911415100098e-01
-8.031277656555175781e-01
-1.291697978973388672e+00
-6.199381351470947266e-01
3.497374802827835083e-02
-1.326187133789062500e+00
-1.908453583717346191e+00
1.792502403259277344e+00
-1.013780474662780762e+00
5.762222900390625000e+02
4.110294494628906250e+02
9.285927734375000000e+02
9.582683715820312500e+02
1.049763107299804688e+01
7.751508789062500000e+02
1.494274139404296875e+02
8.021213378906250000e+02
4.345594787597656250e+02
7.830495605468750000e+02
5.697614135742187500e+02
3.973452148437500000e+02
9.601597900390625000e+02
6.852271728515625000e+02
6.718617553710937500e+02
4.305842285156250000e+02
4.599440612792968750e+02
6.018471069335937500e+02
7.342897949218750000e+02
2.052871398925781250e+02
4.167077941894531250e+02
7.131273803710937500e+02
8.106618652343750000e+02
1.889710783958435059e+00
3.929377136230468750e+02
1.054731903076171875e+02
1.237958335876464844e+01
5.381778564453125000e+02
5.954617919921875000e+02
6.864184570312500000e+02
7.030698852539062500e+02
TLAST
4.261188964843750000e+02
2415853570
1.559105377197265625e+02
8.184877319335937500e+02
-9.147632446289062500e+02
-3.463299560546875000e+02
-7.725469360351562500e+02
-2.204496459960937500e+02
5.582330322265625000e+02
7.241651611328125000e+02
-2.148779296875000000e+02
-9.356602783203125000e+02
1.105274734497070312e+02
7.421957397460937500e+02
3.585479431152343750e+02
9.614348144531250000e+02
8.458471069335937500e+02
-4.620139770507812500e+02
7.453400268554687500e+02
-7.668539428710937500e+02
-3.478558349609375000e+02
-8.496984252929687500e+02
-5.403204345703125000e+02
-2.713247680664062500e+02
-5.357664794921875000e+02
-8.393243408203125000e+02
4.011109619140625000e+02
-4.305678710937500000e+02
9.991237182617187500e+02
4.804604492187500000e+02
6.545028686523437500e+02
2.336818389892578125e+02
7.584780883789062500e+02
7.345616455078125000e+02
2.805727005004882812e+01
2.530794677734375000e+02
5.456721191406250000e+02
-1.692913360595703125e+02
-7.904705200195312500e+02
-7.111090698242187500e+02
8.377057495117187500e+02
9.717972412109375000e+02
-9.775997924804687500e+02
-3.041871643066406250e+02
5.521466674804687500e+02
-6.783624172210693359e+00
8.903350830078125000e+02
1.339249877929687500e+02
7.763865356445312500e+02
-2.159078826904296875e+02
-1.315005950927734375e+02
4.169679260253906250e+02
-1.723017883300781250e+02
6.997432861328125000e+02
-7.110338134765625000e+02
3.638267135620117188e+01
-6.736675415039062500e+02
-9.600981445312500000e+02
9.896887207031250000e+02
-9.077963867187500000e+02
1.650388183593750000e+02
9.375627136230468750e+01
-3.643384704589843750e+02
-4.743099060058593750e+02
-3.495327234268188477e+00
1.743392028808593750e+02
-7.315393066406250000e+02
2.404947662353515625e+02
8.199060058593750000e+02
2.124488067626953125e+01
2.677852821350097656e+01
3.189454345703125000e+02
8.144070434570312500e+02
3.923643188476562500e+02
9.874056396484375000e+02
-2.961729049682617188e+01
-1.925035400390625000e+02
-7.030549316406250000e+02
6.315080566406250000e+02
-9.232165527343750000e+02
2.035368728637695312e+01
2.672384643554687500e+02
2.974971618652343750e+02
6.140933227539062500e+02
-4.912266235351562500e+02
9.478388061523437500e+02
-7.050285034179687500e+02
-8.362659912109375000e+02
-2.388900756835937500e+02
-1.658568725585937500e+02
4.170230712890625000e+02
-6.320873413085937500e+02
-9.950382080078125000e+02
-7.300409545898437500e+02
-9.958231811523437500e+02
-6.176406250000000000e+02
1.276282806396484375e+02
5.660258789062500000e+02
-1.931435585021972656e+00
-2.759787142276763916e-01
-1.837782382965087891e+00
-6.653845310211181641e-01
1.818802118301391602e+00
-1.814474821090698242e+00
-1.697548747062683105e+00
1.272336363792419434e+00
2.979423701763153076e-01
1.736193060874938965e+00
-8.846651315689086914e-01
-1.438739180564880371e+00
-3.683956563472747803e-01
3.178407847881317139e-01
3.871625363826751709e-01
9.601120650768280029e-02
2.376680821180343628e-01
1.154855012893676758e+00
1.986968517303466797e+00
-9.663475751876831055e-01
-2.415594160556793213e-01
-1.151361942291259766e+00
-2.113164663314819336e-01
1.879921913146972656e+00
-1.494873523712158203e+00
1.908276081085205078e+00
-9.336189627647399902e-01
1.409178614616394043e+00
-2.816695868968963623e-01
8.100416064262390137e-01
1.699233889579772949e+00
-2.061538547277450562e-01
1.645468950271606445e+00
-1.517456173896789551e+00
-1.676032423973083496e+00
1.081890225410461426e+00
1.326522469520568848e+00
-7.350602746009826660e-01
4.625615179538726807e-01
1.094142079353332520e+00
-1.738833665847778320e+00
-1.194999098777770996e+00
-1.814355969429016113e+00
-1.625544279813766479e-01
1.763589262962341309e+00
-4.818859994411468506e-01
-1.267563939094543457e+00
1.394265770912170410e+00
-9.807049036026000977e-01
8.479655981063842773e-01
-1.497393965721130371e+00
8.938394188880920410e-01
2.588143348693847656e-01
-1.065359830856323242e+00
-1.904083251953125000e+00
1.859849214553833008e+00
-9.316887855529785156e-01
-1.995797514915466309e+00
-5.852314829826354980e-01
-1.681050300598144531e+00
-1.104236006736755371e+00
1.047265172004699707e+00
-1.179088354110717773e+00
1.721899658441543579e-01
1.197760701179504395e+00
1.701481103897094727e+00
-8.211966753005981445e-01
2.755048573017120361e-01
-1.864957571029663086e+00
1.001623392105102539e+00
1.958557605743408203e+00
-2.018474638462066650e-01
1.558157563209533691e+00
1.130047917366027832e+00
-1.680134177207946777e+00
-1.052978277206420898e+00
-5.213114023208618164e-01
1.958629250526428223e+00
1.457974433898925781e+00
1.804772853851318359e+00
1.011853098869323730e+00
1.246817827224731445e+00
1.921752393245697021e-01
-2.266817688941955566e-01
1.316637992858886719e+00
-9.137841463088989258e-01
8.509963154792785645e-01
-1.817378640174865723e+00
1.224092960357666016e+00
-1.222416996955871582e+00
1.051108717918395996e+00
-6.833058595657348633e-01
7.866661548614501953e-01
-1.745582580566406250e+00
6.565297394990921021e-02
-9.589499980211257935e-02
9.060314941406250000e+01
3.347780761718750000e+02
8.270666503906250000e+01
9.310105133056640625e+01
1.233625564575195312e+02
9.650665893554687500e+02
1.584154052734375000e+02
9.210256195068359375e+01
4.830237121582031250e+02
9.626317749023437500e+02
8.412160034179687500e+02
1.895200195312500000e+02
3.938814697265625000e+02
5.227136230468750000e+02
6.738878173828125000e+02
8.419992065429687500e+02
1.575119476318359375e+02
2.127931518554687500e+02
2.787659606933593750e+02
1.953644156455993652e+00
3.959149475097656250e+02
5.763692092895507812e+01
7.107877807617187500e+02
3.046774291992187500e+02
8.733187866210937500e+02
7.175435791015625000e+02
8.223034667968750000e+02
6.368156127929687500e+02
6.315667114257812500e+02
7.671559143066406250e+01
5.553760375976562500e+02
TLAST
2.892854309082031250e+02
2415853571
2.484763336181640625e+02
4.456547546386718750e+02
7.010122680664062500e+02
-1.163072280883789062e+02
-1.058800506591796875e+02
4.853625793457031250e+02
6.749537353515625000e+02
2.703781127929687500e+02
6.042661132812500000e+02
7.973438720703125000e+02
9.880135498046875000e+02
3.052747497558593750e+02
6.167338256835937500e+02
2.492135925292968750e+02
-9.202310791015625000e+02
1.055170288085937500e+02
-5.281721191406250000e+02
2.467816314697265625e+02
-8.806007080078125000e+02
9.209160766601562500e+02
3.541520385742187500e+02
-4.753510437011718750e+02
3.554259109497070312e+01
3.397536926269531250e+02
-8.555209960937500000e+02
-9.749118652343750000e+02
-1.385074157714843750e+02
6.713408203125000000e+02
-5.637485961914062500e+02
8.230006713867187500e+02
-7.374701538085937500e+02
9.192595214843750000e+02
9.718744506835937500e+02
9.506478271484375000e+02
-1.904218444824218750e+02
-2.873260803222656250e+02
7.423939819335937500e+02
9.012150878906250000e+02
6.327631225585937500e+02
-2.567772827148437500e+02
9.453323974609375000e+02
-4.901757202148437500e+02
5.274791336059570312e+01
-3.026639404296875000e+02
-4.970715026855468750e+02
6.216611328125000000e+02
5.989703979492187500e+02
2.987937927246093750e+00
1.781482543945312500e+02
-4.775185546875000000e+02
-3.588161621093750000e+02
6.222502441406250000e+02
-4.840028686523437500e+02
7.804468383789062500e+02
-3.786896972656250000e+02
6.529954833984375000e+02
7.023719024658203125e+01
-3.353259887695312500e+02
5.689099121093750000e+02
-9.543326416015625000e+02
-4.040715026855468750e+02
4.453684997558593750e+02
-4.024497070312500000e+02
-3.663788757324218750e+02
-2.545613403320312500e+02
6.711824951171875000e+02
7.010795898437500000e+02
3.030890808105468750e+02
2.045329284667968750e+01
-6.852440795898437500e+02
-3.869777221679687500e+02
9.877384643554687500e+02
-7.725036621093750000e+02
-1.945427856445312500e+02
6.297334594726562500e+02
-8.299294433593750000e+02
1.629672088623046875e+02
-3.898005294799804688e+01
1.370873565673828125e+02
-4.297894592285156250e+02
-7.865771484375000000e+02
4.479650878906250000e+02
1.294946289062500000e+02
2.256488800048828125e+02
7.810828247070312500e+02
8.997288208007812500e+02
5.508558273315429688e+00
9.288525390625000000e+01
-7.367117309570312500e+02
7.897741699218750000e+02
8.671412963867187500e+02
-2.124534454345703125e+02
7.726629638671875000e+02
-8.830117797851562500e+01
-4.368958129882812500e+02
-1.179057846069335938e+02
1.065776586532592773e+00
1.309193134307861328e+00
1.953376680612564087e-01
1.111095309257507324e+00
-9.467352032661437988e-01
3.721039593219757080e-01
-1.096900343894958496e+00
-8.129922151565551758e-01
-1.236200690269470215e+00
-2.894458174705505371e-02
-1.963147878646850586e+00
1.075486779212951660e+00
1.398391366004943848e+00
-7.416378259658813477e-01
4.479079544544219971e-01
1.996518135070800781e+00
1.784337282180786133e+00
-6.769283413887023926e-01
-5.470875650644302368e-02
-2.792589180171489716e-02
1.936253309249877930e-01
-9.864674210548400879e-01
1.563235521316528320e-01
-7.425945997238159180e-01
-1.766061544418334961e+00
1.560460448265075684e+00
-7.548819184303283691e-01
3.817361593246459961e-01
1.975643873214721680e+00
-1.160682663321495056e-01
-6.290588378906250000e-01
-1.789847373962402344e+00
-9.514963030815124512e-01
1.850906968116760254e+00
1.282346487045288086e+00
1.890413403511047363e+00
-1.931409955024719238e+00
-4.311304986476898193e-01
-8.406767845153808594e-01
-4.047876000404357910e-01
1.487698554992675781e+00
-9.627382755279541016e-01
1.164272427558898926e-01
1.467169046401977539e+00
1.484089940786361694e-01
9.828773736953735352e-01
-1.401339292526245117e+00
-1.945055484771728516e+00
2.049576304852962494e-02
7.340226173400878906e-01
4.788822308182716370e-02
-9.716529846191406250e-01
2.915836274623870850e-01
1.639254212379455566e+00
1.027440071105957031e+00
3.655847907066345215e-01
2.479905933141708374e-01
-5.395295619964599609e-01
-1.417732000350952148e+00
-1.029591679573059082e+00
-4.270867109298706055e-01
-5.097978115081787109e-01
5.637143850326538086e-01
1.733619928359985352e+00
9.303162693977355957e-01
-1.279337286949157715e+00
1.174405097961425781e+00
-1.596599340438842773e+00
4.178522527217864990e-01
7.804989218711853027e-01
-1.724014759063720703e+00
-2.791558802127838135e-01
-1.832084357738494873e-01
1.996903300285339355e+00
2.988236248493194580e-01
6.246486306190490723e-01
-1.973238945007324219e+00
1.686683297157287598e+00
1.519837617874145508e+00
-6.488268822431564331e-02
1.999026536941528320e+00
5.919554233551025391e-01
-7.660658955574035645e-01
-8.439279794692993164e-01
4.533160924911499023e-01
1.034607589244842529e-01
1.417819112539291382e-01
-1.407605409622192383e-01
6.604528427124023438e-01
1.656769633293151855e+00
9.446616768836975098e-01
-1.639998912811279297e+00
-1.529631972312927246e+00
1.364738345146179199e+00
-1.682235360145568848e+00
1.670459985733032227e+00
2.900952758789062500e+02
3.549833374023437500e+02
5.568560180664062500e+02
6.657051391601562500e+02
7.913851318359375000e+02
9.411869812011718750e+01
3.886804504394531250e+02
1.429190521240234375e+02
7.840579223632812500e+02
9.987243041992187500e+02
5.565581665039062500e+02
4.161694641113281250e+02
6.391737670898437500e+02
1.901451110839843750e+02
7.570220336914062500e+02
4.317582397460937500e+02
5.858269653320312500e+02
4.517134094238281250e+02
3.834501037597656250e+02
4.209199829101562500e+02
4.892766113281250000e+02
2.221484222412109375e+02
1.040024490356445312e+02
7.790705566406250000e+02
7.518663940429687500e+02
1.637787475585937500e+02
7.713330078125000000e+02
4.232036437988281250e+02
5.178106079101562500e+02
4.910975952148437500e+02
7.947206420898437500e+02
TLAST
1.834021453857421875e+02
