2415853568
-4.320586547851562500e+02
7.394021606445312500e+02
3.522014465332031250e+02
-2.160076904296875000e+02
-8.366190185546875000e+02
2.103001251220703125e+02
-3.784321594238281250e+02
6.101205444335937500e+02
3.482817687988281250e+02
7.611474609375000000e+02
2.948596191406250000e+02
-3.855326843261718750e+01
8.562606048583984375e+01
5.975889892578125000e+02
-3.899321594238281250e+02
7.516105346679687500e+02
6.003973388671875000e+02
-6.617314453125000000e+02
-2.338372497558593750e+02
4.148406982421875000e+02
-7.368864746093750000e+02
7.480266723632812500e+02
-9.472831420898437500e+02
1.717523040771484375e+02
9.643760681152343750e+00
-2.435692749023437500e+02
5.469789428710937500e+02
-3.688982543945312500e+02
9.812877807617187500e+02
4.438170776367187500e+02
-4.551237487792968750e+02
3.367347106933593750e+02
5.852890625000000000e+02
-4.167902221679687500e+02
-6.194995117187500000e+01
-1.371630787849426270e+00
6.463099365234375000e+02
3.997080688476562500e+02
-4.413292236328125000e+02
-6.673149414062500000e+02
3.167008209228515625e+01
9.327951049804687500e+02
-4.846116943359375000e+02
-4.876308593750000000e+02
-7.489755249023437500e+02
7.923738403320312500e+02
-6.241288452148437500e+02
1.812003631591796875e+02
-9.267597045898437500e+02
-2.002279205322265625e+02
-8.149583435058593750e+01
7.652863769531250000e+02
5.560645141601562500e+02
1.278375549316406250e+02
-9.440935668945312500e+02
-1.170360183715820312e+02
8.875765991210937500e+02
7.549173583984375000e+02
3.105403442382812500e+02
-6.010708007812500000e+02
-1.484134216308593750e+02
8.545965576171875000e+01
-4.265296630859375000e+02
2.445293045043945312e+01
-3.796354370117187500e+02
9.045750122070312500e+02
5.342211914062500000e+02
-5.833479614257812500e+02
-3.665424804687500000e+02
9.696904907226562500e+02
-9.206099853515625000e+02
-9.029937744140625000e+02
-1.084049301147460938e+02
1.455139007568359375e+02
-5.997479858398437500e+02
-8.303516845703125000e+02
1.740867919921875000e+02
3.971614685058593750e+02
4.491964111328125000e+02
8.852991943359375000e+02
-5.977774047851562500e+02
6.466940917968750000e+02
9.734860839843750000e+02
-6.844661865234375000e+02
4.098055725097656250e+02
2.004765472412109375e+02
-6.633634033203125000e+02
3.330963439941406250e+02
2.378419189453125000e+02
-5.510735473632812500e+02
7.387470703125000000e+02
-7.907424316406250000e+02
4.333203430175781250e+02
-5.390985717773437500e+02
3.225965576171875000e+02
-8.939397583007812500e+02
7.320894002914428711e-01
9.626807570457458496e-01
-5.871509313583374023e-01
-6.542453765869140625e-01
1.510829687118530273e+00
4.779033064842224121e-01
-7.304736971855163574e-01
-1.965208053588867188e+00
7.899406552314758301e-02
-4.352611899375915527e-01
-1.428212404251098633e+00
-1.586799979209899902e+00
8.623426556587219238e-01
-1.334620714187622070e+00
-1.678831100463867188e+00
-9.997630715370178223e-01
4.828814789652824402e-02
-1.372896909713745117e+00
-1.177205801010131836e+00
1.880565881729125977e+00
-1.566474556922912598e+00
-1.015945315361022949e+00
9.563556909561157227e-01
1.886640667915344238e+00
6.691344976425170898e-01
1.414912343025207520e+00
7.535419464111328125e-01
1.854365110397338867e+00
-1.389046311378479004e+00
5.441628098487854004e-01
1.336781024932861328e+00
-1.908169388771057129e+00
1.613775372505187988e+00
-1.373463630676269531e+00
1.705741167068481445e+00
1.638189554214477539e+00
1.043160676956176758e+00
-1.526367105543613434e-02
-1.815352797508239746e+00
8.373512625694274902e-01
-1.602362990379333496e+00
1.436739206314086914e+00
-6.173298135399818420e-02
1.452085018157958984e+00
7.652001976966857910e-01
9.831454604864120483e-02
-1.011881083250045776e-01
-6.291087865829467773e-01
-1.134272664785385132e-01
1.660955548286437988e+00
-1.518161773681640625e+00
5.423871427774429321e-02
-7.410831451416015625e-01
-8.672736585140228271e-02
-1.915803551673889160e+00
6.082058548927307129e-01
-1.173282742500305176e+00
-1.729782700538635254e+00
-3.891076147556304932e-01
6.356959939002990723e-01
-4.622354805469512939e-01
-1.645719766616821289e+00
3.722481727600097656e-01
-9.923651218414306641e-01
1.932624578475952148e+00
-7.780423760414123535e-01
1.608313918113708496e+00
-1.165839195251464844e+00
4.116331040859222412e-01
-8.314163088798522949e-01
1.343207359313964844e+00
1.744917988777160645e+00
7.251291871070861816e-01
1.030967593193054199e+00
-4.621021151542663574e-01
1.144711136817932129e+00
-1.546299934387207031e+00
-2.855881750583648682e-01
-2.153557240962982178e-01
9.090687632560729980e-01
-3.878348171710968018e-01
-1.381421685218811035e-01
-1.631789684295654297e+00
-1.376645684242248535e+00
1.943939089775085449e+00
-1.730532407760620117e+00
-1.882145404815673828e+00
-3.811502754688262939e-01
3.270238935947418213e-01
1.154491305351257324e-01
6.035209298133850098e-01
-7.529718279838562012e-01
-1.592296212911605835e-01
8.820917010307312012e-01
2.697929367423057556e-02
2.560368478298187256e-01
6.767765502929687500e+02
6.571362304687500000e+02
4.189500427246093750e+02
4.498888244628906250e+02
4.231761169433593750e+02
8.583264770507812500e+02
9.798709106445312500e+02
7.511371459960937500e+02
8.372398681640625000e+02
2.582725830078125000e+02
3.477832031250000000e+02
6.073380279541015625e+01
7.869168701171875000e+02
8.604892578125000000e+02
3.789929199218750000e+02
1.212473068237304688e+02
8.994871215820312500e+02
7.228572387695312500e+02
7.275501708984375000e+02
1.698276672363281250e+02
7.401433563232421875e+01
7.773016967773437500e+02
4.734059753417968750e+02
3.912105102539062500e+02
6.989140625000000000e+02
9.273911132812500000e+02
4.327667541503906250e+02
2.026622467041015625e+02
3.035014038085937500e+02
4.452648620605468750e+02
1.036656494140625000e+02
TLAST
7.975338745117187500e+01
2415853569
-8.496481933593750000e+02
8.897788085937500000e+02
-1.000484008789062500e+02
2.609801025390625000e+02
3.072244262695312500e+02
3.695117187500000000e+02
-4.510567321777343750e+02
-5.959663696289062500e+02
-9.224067382812500000e+02
8.778325805664062500e+02
-4.830508117675781250e+02
-3.521050262451171875e+01
-4.648635864257812500e+02
6.706781616210937500e+02
-8.583087768554687500e+02
-3.968121948242187500e+02
-6.204632568359375000e+02
-2.259302825927734375e+02
5.738507690429687500e+02
-2.598217468261718750e+02
-5.471091308593750000e+02
1.497425231933593750e+02
4.809186096191406250e+02
-1.210140075683593750e+02
-9.984437255859375000e+02
9.533361206054687500e+02
4.517268066406250000e+02
6.033987045288085938e+01
-4.153190917968750000e+02
6.225715942382812500e+02
-8.254878540039062500e+02
-4.589220275878906250e+02
-8.051057739257812500e+02
-5.109203796386718750e+02
-8.618162841796875000e+02
-6.231716918945312500e+02
5.166265258789062500e+02
8.661170959472656250e+01
-2.928819274902343750e+02
7.225299682617187500e+02
7.209593200683593750e+01
6.088899536132812500e+02
-8.206720581054687500e+02
-6.075881347656250000e+02
5.793907470703125000e+02
-6.762064819335937500e+02
-9.551484375000000000e+02
-9.764620971679687500e+02
-2.261745910644531250e+02
-8.330051879882812500e+02
-6.113223876953125000e+02
6.974273681640625000e+02
9.817748413085937500e+02
-7.454744873046875000e+02
1.666007843017578125e+02
2.628727722167968750e+02
-3.414676208496093750e+02
-7.149142456054687500e+01
3.733331604003906250e+02
2.903762817382812500e+02
9.225652465820312500e+02
-5.407741699218750000e+02
-5.563637695312500000e+02
7.160012207031250000e+02
-6.947312011718750000e+02
2.924668273925781250e+02
4.105904541015625000e+02
5.030278930664062500e+02
-1.685134124755859375e+02
-4.168282165527343750e+02
-6.190585937500000000e+02
5.990177612304687500e+02
-3.313247375488281250e+02
-4.143739318847656250e+02
-5.432179641723632812e+01
4.616622924804687500e+02
3.286359786987304688e+01
-3.165591735839843750e+02
3.027017211914062500e+02
-9.317635498046875000e+02
3.377081909179687500e+02
7.293641357421875000e+02
-3.487402038574218750e+02
-7.672299804687500000e+02
4.255768737792968750e+02
5.038045654296875000e+02
-1.401313781738281250e+02
9.494830932617187500e+02
-7.236500244140625000e+02
8.704464111328125000e+02
9.736130714416503906e+00
7.051701049804687500e+02
-8.180105590820312500e+02
9.936872558593750000e+02
-8.707149047851562500e+02
4.500691604614257812e+01
-8.197726607322692871e-01
1.283650636672973633e+00
-1.332340002059936523e+00
-7.588309645652770996e-01
9.596199989318847656e-01
-1.075140163302421570e-01
-1.176359415054321289e+00
-9.556150436401367188e-01
1.633064270019531250e+00
-1.383715867996215820e+00
-7.721449136734008789e-01
-3.512713313102722168e-02
-1.850917935371398926e+00
-3.291113674640655518e-01
-1.468823194503784180e+00
1.764896631240844727e+00
1.388578712940216064e-01
6.017880439758300781e-01
-6.476126909255981445e-01
4.712323248386383057e-01
-1.782376646995544434e+00
-8.037074208259582520e-01
8.001658320426940918e-01
1.527740597724914551e+00
2.257368564605712891e-01
1.711222410202026367e+00
1.738278269767761230e+00
-1.394669115543365479e-01
1.036853909492492676e+00
1.403488039970397949e+00
-5.845245718955993652e-01
-1.149893164634704590e+00
-4.504683315753936768e-01
1.061913609504699707e+00
-1.748784780502319336e+00
3.929524421691894531e-01
-1.159334897994995117e+00
-1.365771055221557617e+00
-3.969158232212066650e-01
-3.589056134223937988e-01
6.820709705352783203e-01
1.108269810676574707e+00
6.907680034637451172e-01
-1.640287041664123535e+00
-2.292915880680084229e-01
2.989265918731689453e-01
1.120041847229003906e+00
1.502870559692382812e+00
1.891575455665588379e+00
-8.495199680328369141e-02
4.449242055416107178e-01
1.628828525543212891e+00
1.908260941505432129e+00
6.695335507392883301e-01
9.725798964500427246e-01
-1.710005998611450195e+00
-1.623928189277648926e+00
1.251808553934097290e-01
1.107070207595825195e+00
-1.060627937316894531e+00
-9.220794439315795898e-01
1.826395273208618164e+00
-3.187343776226043701e-01
-1.418193578720092773e+00
1.017810583114624023e+00
3.461726009845733643e-01
-4.287993013858795166e-01
-9.663307666778564453e-01
1.558534264564514160e+00
1.545621275901794434e+00
6.572962403297424316e-01
3.095842897891998291e-01
-1.920294046401977539e+00
-1.706001400947570801e+00
1.406097531318664551e+00
5.716385841369628906e-01
1.369618535041809082e+00
-5.562273859977722168e-01
-7.623123377561569214e-02
-2.793159186840057373e-01
-3.948982656002044678e-01
-1.897502303123474121e+00
-1.848143339157104492e+00
1.568000555038452148e+00
-1.906192898750305176e+00
7.915851473808288574e-01
6.592117547988891602e-01
-9.643064737319946289e-01
1.900181412696838379e+00
5.880732536315917969e-01
1.688626408576965332e-02
-7.962762117385864258e-01
2.287871092557907104e-01
-7.723962068557739258e-01
-1.662057042121887207e+00
-8.405368924140930176e-01
5.616030273437500000e+02
7.136458740234375000e+02
5.422087402343750000e+02
8.821039428710937500e+02
1.340034942626953125e+02
3.546025390625000000e+02
9.901512908935546875e+01
8.930565185546875000e+02
9.999193115234375000e+02
6.411359863281250000e+02
4.897046203613281250e+02
7.320171356201171875e+01
4.040800476074218750e+01
1.910499267578125000e+02
2.227896118164062500e+02
3.182999877929687500e+02
3.868800048828125000e+02
7.355845336914062500e+02
7.076204833984375000e+02
4.874741516113281250e+02
2.890698242187500000e+02
5.971776733398437500e+02
1.045867462158203125e+02
7.162253558635711670e-02
7.266492919921875000e+02
4.220050964355468750e+02
7.565247802734375000e+02
1.588451080322265625e+02
7.163206176757812500e+02
9.318142700195312500e+02
3.973629455566406250e+02
TLAST
5.271726684570312500e+02
2415853570
-2.596679992675781250e+02
4.046413879394531250e+02
8.754270935058593750e+01
-5.966478881835937500e+02
-4.875404663085937500e+02
7.883549194335937500e+02
-1.170286865234375000e+02
-1.971132202148437500e+02
5.812308959960937500e+02
6.924312591552734375e+01
3.368001403808593750e+02
8.471945190429687500e+02
-9.078654785156250000e+02
9.134654541015625000e+02
9.274528503417968750e+01
-2.825552368164062500e+02
1.823839759826660156e+01
-2.130616912841796875e+02
-9.911013183593750000e+02
-1.391768341064453125e+02
-6.132039794921875000e+02
8.598700561523437500e+02
-4.352737121582031250e+02
-4.500498352050781250e+02
-6.119660644531250000e+02
5.595200805664062500e+02
9.109714965820312500e+02
-8.673372192382812500e+02
-4.213341369628906250e+02
6.592763061523437500e+02
9.984165039062500000e+02
-7.512290649414062500e+02
-6.460239257812500000e+02
3.629657592773437500e+02
-6.613542175292968750e+01
-5.448592529296875000e+02
6.623026733398437500e+02
-9.337687377929687500e+02
-7.780350952148437500e+02
8.279189453125000000e+02
-9.674484252929687500e+02
6.489164428710937500e+02
3.909127044677734375e+01
7.841444702148437500e+02
-3.279957885742187500e+02
8.360723266601562500e+02
2.436047058105468750e+02
1.239483413696289062e+02
3.126541137695312500e+01
1.357387847900390625e+02
9.080578613281250000e+02
7.953926391601562500e+02
4.840591430664062500e+02
-5.849182739257812500e+02
-8.651656494140625000e+02
7.189213867187500000e+02
7.577379760742187500e+02
7.031314086914062500e+02
8.053853149414062500e+02
1.922806243896484375e+02
-2.082264862060546875e+02
3.213244934082031250e+02
2.948224067687988281e+01
7.114165039062500000e+02
9.019589233398437500e+02
-9.337128906250000000e+02
-7.847237548828125000e+02
4.612731933593750000e+02
8.754763183593750000e+02
-9.750578002929687500e+02
-5.448568115234375000e+02
6.011459350585937500e+02
8.489389038085937500e+02
6.202520141601562500e+02
-7.030355224609375000e+02
8.976464233398437500e+02
8.162129516601562500e+02
-4.541649475097656250e+02
-2.106288757324218750e+02
-6.869808959960937500e+01
-7.323807983398437500e+02
2.096848602294921875e+02
-4.559097595214843750e+02
-9.918378906250000000e+02
-4.793547668457031250e+02
-7.405679931640625000e+02
-9.047798919677734375e+01
-4.467639923095703125e+01
-8.658654174804687500e+02
-7.145333251953125000e+02
8.250676269531250000e+02
-6.321320190429687500e+02
8.026006469726562500e+02
-3.538311767578125000e+02
2.133400115966796875e+02
9.585281982421875000e+02
2.663844078779220581e-02
-4.197134971618652344e-01
1.443535327911376953e+00
-7.233231067657470703e-01
-5.536892414093017578e-01
1.840145230293273926e+00
3.219047188758850098e-01
-1.792814254760742188e+00
-7.083265185356140137e-01
-1.155118823051452637e+00
-6.575239300727844238e-01
-1.971094489097595215e+00
1.406597733497619629e+00
-6.425691246986389160e-01
1.014233469963073730e+00
-2.163213342428207397e-01
8.085823059082031250e-01
1.434154987335205078e+00
7.964046597480773926e-01
1.524944782257080078e+00
1.734627246856689453e+00
1.849235773086547852e+00
2.894360125064849854e-01
-2.214750796556472778e-01
-1.173253417015075684e+00
-9.385390579700469971e-02
1.850200057029724121e+00
4.931690990924835205e-01
-2.792632877826690674e-01
1.282195329666137695e+00
-5.376541018486022949e-01
-1.479043364524841309e+00
5.470969080924987793e-01
-1.901436805725097656e+00
8.024776726961135864e-02
-8.974418640136718750e-01
-1.559911847114562988e+00
-1.149057507514953613e+00
-8.425358682870864868e-02
1.731503248214721680e+00
2.295935451984405518e-01
1.959592938423156738e+00
-4.372254908084869385e-01
8.443088531494140625e-01
1.890671014785766602e+00
-1.585591673851013184e+00
-3.324773609638214111e-01
1.492329359054565430e+00
-4.993314445018768311e-01
-6.466573476791381836e-01
3.104710280895233154e-01
5.734562277793884277e-01
-1.674485206604003906e+00
-1.511924505233764648e+00
2.270698696374893188e-01
-1.596618413925170898e+00
-5.324051976203918457e-01
-1.830434322357177734e+00
-1.923861980438232422e+00
-1.966950297355651855e+00
-1.804404854774475098e+00
-1.835934638977050781e+00
-3.243198692798614502e-01
3.692758679389953613e-01
2.142219841480255127e-01
1.618996858596801758e+00
1.415897607803344727e+00
1.672787547111511230e+00
1.477240920066833496e-01
-1.516299366950988770e+00
1.403070092201232910e+00
1.271269321441650391e+00
1.066208839416503906e+00
-1.432381272315979004e+00
1.187837243080139160e+00
-3.996523469686508179e-02
1.972320556640625000e+00
3.882827162742614746e-01
-1.440240144729614258e+00
7.566615939140319824e-01
2.661800384521484375e-01
-1.815068721771240234e+00
8.864901065826416016e-01
1.031652688980102539e+00
-5.153970718383789062e-01
-5.036500096321105957e-01
-1.005236983299255371e+00
4.123471081256866455e-01
-1.549158811569213867e+00
1.338197350502014160e+00
5.165865421295166016e-01
-3.462802767753601074e-01
1.803884983062744141e+00
9.433674812316894531e-01
1.902487874031066895e+00
9.733114838600158691e-01
1.355463714599609375e+02
4.279211044311523438e+01
3.687616577148437500e+02
7.619229888916015625e+01
3.173273010253906250e+02
5.227002563476562500e+02
6.152692871093750000e+02
3.736924743652343750e+02
6.272026367187500000e+02
9.288073120117187500e+02
2.711321449279785156e+01
8.833529663085937500e+01
3.257733154296875000e+02
7.874059295654296875e+01
5.924291381835937500e+02
4.256939086914062500e+02
9.465989379882812500e+02
4.308856201171875000e+02
2.354896087646484375e+02
9.259824829101562500e+02
3.090178833007812500e+02
3.814482421875000000e+02
7.279098510742187500e+02
4.560600280761718750e+02
4.797510681152343750e+02
4.631760864257812500e+02
4.867706604003906250e+02
2.917632141113281250e+02
8.392536621093750000e+02
4.197513198852539062e+01
1.971384429931640625e+02
TLAST
7.166597747802734375e+01
2415853571
-2.700504150390625000e+02
-3.924621276855468750e+02
5.759898681640625000e+02
3.062514305114746094e+01
1.527684478759765625e+02
1.105806427001953125e+02
-7.855998992919921875e+01
1.986507110595703125e+02
-6.058013916015625000e+02
-1.499831542968750000e+02
9.793826904296875000e+02
-6.629219970703125000e+02
-5.882944335937500000e+02
2.094768371582031250e+02
9.701980590820312500e+01
6.626785278320312500e+02
-6.163352661132812500e+02
-4.473450317382812500e+02
-9.382510986328125000e+02
-3.151774291992187500e+02
5.993141479492187500e+02
1.271793651580810547e+01
-1.397143554687500000e+02
-5.344042358398437500e+02
9.641412353515625000e+01
-2.391545867919921875e+02
-9.917556152343750000e+02
-2.273369140625000000e+02
-5.604099731445312500e+02
8.810742187500000000e+02
5.467845458984375000e+02
9.031938476562500000e+02
-4.589148254394531250e+02
7.977810668945312500e+02
-1.282882080078125000e+02
4.240253601074218750e+02
-7.780862426757812500e+02
9.175409545898437500e+02
8.352604980468750000e+02
-5.462663574218750000e+02
-4.209032897949218750e+02
2.407704010009765625e+02
-5.235718383789062500e+02
-1.904338226318359375e+02
1.250636386871337891e+01
-4.086706542968750000e+02
-5.653645629882812500e+02
-7.437283935546875000e+02
-7.023645629882812500e+02
-4.746236267089843750e+02
-2.723964843750000000e+02
8.286558837890625000e+02
-4.491575012207031250e+02
-7.368424072265625000e+02
-7.128530883789062500e+02
-9.049545288085937500e+02
-3.144152832031250000e+02
-4.757750549316406250e+02
-2.913216552734375000e+02
8.204452514648437500e+02
-1.638882141113281250e+02
-4.364953613281250000e+01
4.803948974609375000e+02
-9.508710937500000000e+02
-4.484476928710937500e+02
6.418775634765625000e+02
-2.087639007568359375e+02
4.169382324218750000e+02
-6.055570068359375000e+02
2.945427856445312500e+02
-6.915181884765625000e+02
-7.001300659179687500e+02
-3.686404724121093750e+02
7.859508666992187500e+02
3.067858886718750000e+02
4.535585937500000000e+02
5.191686401367187500e+02
-1.926389770507812500e+02
-2.106556243896484375e+02
-9.706303710937500000e+02
8.462973022460937500e+02
-6.472208862304687500e+02
8.274270019531250000e+02
-2.445694732666015625e+02
1.098473205566406250e+02
-3.948009948730468750e+02
2.265571136474609375e+02
-7.642250366210937500e+02
5.346831665039062500e+02
-5.084479370117187500e+02
5.784580078125000000e+02
1.900374450683593750e+02
-6.249537658691406250e+01
1.987292480468750000e+02
-2.714268445968627930e+00
-9.600807495117187500e+02
-1.823329091072082520e+00
-1.279812157154083252e-01
-3.230708241462707520e-01
-1.272003412246704102e+00
1.106028914451599121e+00
1.927049875259399414e+00
-4.651344418525695801e-01
7.113267183303833008e-01
1.303987622261047363e+00
4.278928935527801514e-01
4.904311299324035645e-01
-1.219644695520401001e-01
-1.803181648254394531e+00
-9.189268201589584351e-02
5.936536788940429688e-01
1.961377501487731934e+00
-1.785272717475891113e+00
-1.064515948295593262e+00
1.450609564781188965e+00
-1.122396349906921387e+00
1.298939347267150879e+00
-1.459192156791687012e+00
8.125915527343750000e-01
-1.960291028022766113e+00
3.961705267429351807e-01
-9.863670468330383301e-01
1.689319491386413574e+00
-7.847949862480163574e-02
-1.750331401824951172e+00
-7.383050918579101562e-01
1.562795519828796387e+00
1.412512540817260742e+00
1.233877062797546387e+00
7.897255420684814453e-01
1.442181348800659180e+00
-8.397023081779479980e-01
2.426802068948745728e-01
-1.554137587547302246e+00
-9.235168695449829102e-01
-6.852478384971618652e-01
-3.395780920982360840e-01
-1.476471066474914551e+00
8.351006545126438141e-03
-1.284078598022460938e+00
5.801005959510803223e-01
-1.164798259735107422e+00
-1.747040033340454102e+00
2.490568347275257111e-02
-1.407459139823913574e+00
3.434383273124694824e-01
-1.607226729393005371e+00
-1.658601760864257812e+00
1.376642845571041107e-03
1.073790669441223145e+00
-3.523411154747009277e-01
1.586983561515808105e+00
-9.536573290824890137e-02
-1.491617679595947266e+00
9.878757596015930176e-01
1.376834750175476074e+00
1.505200862884521484e+00
1.138017535209655762e+00
-1.397009342908859253e-01
-1.240272164344787598e+00
-3.854281604290008545e-01
-6.514462232589721680e-01
-1.840116500854492188e+00
1.876335024833679199e+00
7.110180854797363281e-01
3.250019550323486328e-01
-3.808347284793853760e-01
-1.118288040161132812e+00
1.828926086425781250e+00
-1.835371494293212891e+00
4.192939698696136475e-01
-1.476013660430908203e+00
-8.524413704872131348e-01
1.769255846738815308e-01
1.510875523090362549e-01
3.675589859485626221e-01
1.457840681076049805e+00
1.819982767105102539e+00
1.114405319094657898e-01
1.862815856933593750e+00
-1.607695698738098145e+00
7.085349559783935547e-01
-1.252110123634338379e+00
1.965604305267333984e+00
-4.882405996322631836e-01
-8.454513549804687500e-01
-1.012219905853271484e+00
-6.490910649299621582e-01
6.077967286109924316e-01
1.041341066360473633e+00
-7.479852437973022461e-01
1.695551991462707520e+00
9.305153198242187500e+02
9.544558105468750000e+02
5.524923095703125000e+02
9.390006713867187500e+02
7.879428100585937500e+02
9.082189331054687500e+02
1.740673217773437500e+02
2.454867172241210938e+01
9.644035034179687500e+02
8.441730957031250000e+02
5.129729614257812500e+02
3.468305664062500000e+02
9.274754638671875000e+02
3.026099586486816406e+01
8.526235198974609375e+01
5.998109741210937500e+02
2.564896240234375000e+02
1.213750839233398438e+02
5.137857666015625000e+02
8.291799926757812500e+02
8.911898803710937500e+02
1.585169830322265625e+02
5.803152465820312500e+02
5.168372802734375000e+02
1.781356964111328125e+02
2.893212585449218750e+02
5.293106689453125000e+02
7.238770751953125000e+02
2.390655059814453125e+02
1.538608551025390625e+02
5.623232421875000000e+02
TLAST
7.720923461914062500e+02
