2415853568
5.033594360351562500e+02
1.656212768554687500e+02
3.288676147460937500e+02
-8.985243530273437500e+02
-2.788215637207031250e+02
6.959122314453125000e+02
-7.346984252929687500e+02
-1.140685653686523438e+02
-4.226392364501953125e+01
7.797271728515625000e+02
1.639553833007812500e+02
-4.241260681152343750e+02
1.842980766296386719e+01
1.694469451904296875e+01
-3.802769165039062500e+02
4.072747421264648438e+01
1.419410705566406250e+02
-2.264743652343750000e+02
-6.772899169921875000e+02
1.224882507324218750e+02
4.754422607421875000e+02
-4.752021484375000000e+02
3.723577499389648438e+01
1.672425842285156250e+02
-7.557619018554687500e+02
-1.161739468574523926e+00
-8.045253906250000000e+02
5.691940917968750000e+02
-9.646177978515625000e+02
-3.179880371093750000e+02
-7.448713378906250000e+02
-1.070045700073242188e+02
4.151078491210937500e+02
-6.192542724609375000e+02
-1.740380859375000000e+02
4.927090454101562500e+02
-5.824172973632812500e+02
1.506116943359375000e+02
4.485693359375000000e+02
-6.124114990234375000e+02
3.692170410156250000e+02
-6.684902954101562500e+02
-2.617660522460937500e+02
-3.386887817382812500e+02
7.457990722656250000e+02
-3.993018493652343750e+02
3.326260070800781250e+02
-8.380913543701171875e+01
-8.991923828125000000e+02
3.672785186767578125e+01
9.942691040039062500e+01
-6.448413085937500000e+02
-8.127147827148437500e+02
8.174277954101562500e+02
-8.376184844970703125e+01
6.287602539062500000e+02
3.884054260253906250e+02
-5.422111206054687500e+02
-5.570570678710937500e+02
3.008448486328125000e+02
-7.210111083984375000e+02
1.762151336669921875e+02
2.935048217773437500e+02
-6.847969970703125000e+02
-7.313746643066406250e+01
-4.540753555297851562e+01
-4.210846252441406250e+02
5.756604614257812500e+02
-7.185383300781250000e+02
-7.120766601562500000e+02
5.966914672851562500e+02
3.711170349121093750e+02
4.280805969238281250e+02
-3.967643127441406250e+02
1.619482574462890625e+02
7.558480224609375000e+02
-8.444454956054687500e+02
6.439478759765625000e+02
-5.516787109375000000e+02
-6.390150756835937500e+02
6.157845458984375000e+02
-9.999594116210937500e+02
8.542481689453125000e+02
4.411744079589843750e+02
7.134844970703125000e+02
-7.646699829101562500e+02
-6.519770050048828125e+01
4.888661193847656250e+02
4.654309082031250000e+02
6.898703002929687500e+01
4.288573837280273438e+01
4.814122924804687500e+02
8.741557006835937500e+02
8.720146484375000000e+02
-3.214509582519531250e+01
-5.058395385742187500e+02
1.257455945014953613e+00
-5.163933634757995605e-01
-1.078901171684265137e+00
3.472927212715148926e-01
6.030108928680419922e-01
-1.715647816658020020e+00
9.215396046638488770e-01
-1.260225653648376465e+00
-1.713829278945922852e+00
-1.040838479995727539e+00
-3.600450158119201660e-01
1.796016573905944824e+00
-1.445170164108276367e+00
6.673091053962707520e-01
1.747192502021789551e+00
1.640299677848815918e+00
1.073608279228210449e+00
-3.563554584980010986e-01
-5.618311166763305664e-01
-1.517498850822448730e+00
-9.352377057075500488e-01
-8.666320443153381348e-01
-1.360067129135131836e+00
-7.093920707702636719e-01
-6.472890973091125488e-01
-6.433465480804443359e-01
-8.041837215423583984e-01
-7.320739626884460449e-01
-1.983715176582336426e+00
-2.408327460289001465e-01
1.464783787727355957e+00
-8.251834511756896973e-01
-7.059690952301025391e-01
2.552191019058227539e-01
-9.167687892913818359e-01
-1.252155423164367676e+00
1.668398022651672363e+00
1.925299167633056641e+00
9.489488601684570312e-01
-1.915824174880981445e+00
-1.290783882141113281e+00
-1.400515675544738770e+00
-1.527584671974182129e+00
1.185787439346313477e+00
-1.952327251434326172e+00
-4.435908496379852295e-01
-1.797705888748168945e+00
-7.476567625999450684e-01
1.861151456832885742e+00
1.733964443206787109e+00
1.385862708091735840e+00
-1.097686052322387695e+00
-5.612370371818542480e-01
1.072571277618408203e+00
1.526439905166625977e+00
2.335294932126998901e-01
1.707323789596557617e+00
-9.766969680786132812e-01
2.876654267311096191e-01
1.592220783233642578e+00
1.977779746055603027e+00
1.353018164634704590e+00
-1.425164461135864258e+00
-5.211955308914184570e-01
-1.288059353828430176e+00
1.070354938507080078e+00
5.749714374542236328e-01
-2.792651355266571045e-01
-1.864549040794372559e+00
-1.133656129240989685e-02
-2.393186688423156738e-01
-6.299793720245361328e-01
-2.468263357877731323e-01
1.935083270072937012e+00
-1.106330037117004395e+00
-1.259360164403915405e-01
1.923413991928100586e+00
5.194265842437744141e-01
1.268661975860595703e+00
1.409681439399719238e+00
-7.990389466285705566e-01
-1.448918461799621582e+00
5.217942595481872559e-01
-1.620039463043212891e+00
-1.959684044122695923e-01
1.649552583694458008e+00
-1.094987511634826660e+00
-1.520771265029907227e+00
-1.815103054046630859e+00
1.133172869682312012e+00
8.294135332107543945e-01
-1.680324554443359375e+00
1.552860498428344727e+00
-1.008489489555358887e+00
1.508612751960754395e+00
1.536563992500305176e+00
5.154769287109375000e+02
9.701869506835937500e+02
2.443864288330078125e+02
8.124778442382812500e+02
2.029412269592285156e+01
6.683469238281250000e+02
5.762033081054687500e+01
5.188395385742187500e+02
6.981608276367187500e+02
1.100418853759765625e+02
5.814050903320312500e+02
3.191787719726562500e+02
5.825197753906250000e+02
1.897629547119140625e+01
4.533049011230468750e+02
2.060246429443359375e+02
2.465134887695312500e+02
9.058836059570312500e+02
2.765450096130371094e+01
3.507277832031250000e+02
9.942034912109375000e+02
8.440447387695312500e+02
5.680117187500000000e+02
5.024625244140625000e+02
7.751773681640625000e+02
7.870765991210937500e+02
1.036655139923095703e+01
9.593339233398437500e+02
8.708005371093750000e+02
5.625152587890625000e+02
9.007426147460937500e+02
TLAST
6.655714721679687500e+02
2415853569
-9.132019042968750000e+02
-9.753598022460937500e+02
4.805803833007812500e+02
2.776138000488281250e+02
7.588995361328125000e+01
-2.231477050781250000e+02
-3.377321777343750000e+02
8.680494384765625000e+02
9.040962219238281250e+01
-5.510165405273437500e+01
7.336597900390625000e+02
9.017432250976562500e+02
4.374861145019531250e+01
5.443593750000000000e+02
-6.335006103515625000e+02
-2.034698486328125000e+02
-9.645224609375000000e+02
-9.705667114257812500e+02
-5.793188476562500000e+02
-2.030376892089843750e+02
-6.157672119140625000e+02
3.892630615234375000e+02
-8.416331176757812500e+02
-3.970905456542968750e+02
-5.528033447265625000e+02
-5.512478637695312500e+02
5.394140625000000000e+02
-7.571021270751953125e+01
-8.557580566406250000e+02
-3.891645812988281250e+02
-3.203531494140625000e+02
7.679228515625000000e+02
-1.382423858642578125e+02
-2.597583580017089844e+01
7.495195312500000000e+02
-8.358253173828125000e+02
-6.193903198242187500e+02
-8.030319824218750000e+02
7.264550781250000000e+02
9.089596557617187500e+02
9.442578125000000000e+01
6.508817749023437500e+02
-2.547562408447265625e+02
-9.534405517578125000e+02
5.549775390625000000e+02
-5.617437362670898438e+01
4.680051879882812500e+02
-8.716196899414062500e+02
6.138338012695312500e+02
-7.682025756835937500e+02
-5.366445922851562500e+02
7.492788696289062500e+02
-6.251347656250000000e+02
-5.166835937500000000e+02
7.679992675781250000e+02
5.899895629882812500e+02
6.101605834960937500e+02
-1.138630294799804688e+02
5.928295898437500000e+02
7.120666503906250000e+02
-3.624655761718750000e+02
2.798080444335937500e+02
2.779166870117187500e+02
-4.241491394042968750e+02
1.921397552490234375e+02
-8.791036987304687500e+02
-2.069152069091796875e+02
-5.740097656250000000e+02
4.236879882812500000e+02
-1.846573066711425781e+01
3.835271606445312500e+02
-7.993259887695312500e+02
5.708157958984375000e+02
-6.625166015625000000e+02
7.102109985351562500e+02
7.396099243164062500e+02
9.652741241455078125e+01
-5.910921020507812500e+02
-6.424575042724609375e+01
-3.863250350952148438e+01
9.091128540039062500e+02
-5.997924194335937500e+02
1.396595153808593750e+02
-5.427683715820312500e+02
-6.237891235351562500e+02
5.997695312500000000e+02
4.464692687988281250e+02
-2.935844039916992188e+01
8.371654663085937500e+02
9.019327545166015625e+01
4.148906860351562500e+02
-2.498885536193847656e+01
1.022396564483642578e+01
-2.174813842773437500e+02
1.938605499267578125e+02
2.024594573974609375e+02
-1.924631118774414062e+00
1.805086851119995117e+00
-1.993846893310546875e+00
9.329521059989929199e-01
-1.278847098350524902e+00
3.809550404548645020e-01
6.971510648727416992e-01
7.623074650764465332e-01
-1.355896592140197754e+00
-5.716748237609863281e-01
4.350315630435943604e-01
1.635295867919921875e+00
1.689929485321044922e+00
1.369599699974060059e+00
-1.809655427932739258e+00
1.736763834953308105e+00
-1.177810430526733398e+00
-6.944981217384338379e-01
-3.636276423931121826e-01
-7.297083139419555664e-01
-1.945125699043273926e+00
-3.943955302238464355e-01
-9.923188090324401855e-01
-1.306614637374877930e+00
1.315547943115234375e+00
8.413063287734985352e-01
-2.592732012271881104e-01
-1.777539372444152832e+00
-1.847541213035583496e+00
3.554777801036834717e-01
-2.968016862869262695e-01
5.451793968677520752e-02
5.734815597534179688e-01
-7.162112593650817871e-01
-6.118104457855224609e-01
3.594917356967926025e-01
-8.087291121482849121e-01
-9.805234521627426147e-02
-5.083826184272766113e-01
-1.037772223353385925e-01
-1.573031187057495117e+00
6.181205511093139648e-01
1.410223484039306641e+00
1.961716055870056152e+00
-5.662683844566345215e-01
1.151571393013000488e+00
-1.583975553512573242e+00
-6.589816212654113770e-01
-1.339919090270996094e+00
9.532243758440017700e-02
-1.817894101142883301e+00
-6.876090168952941895e-01
-6.202861070632934570e-01
1.005443692207336426e+00
1.440159320831298828e+00
-1.105141639709472656e+00
-5.786278247833251953e-01
-2.906615436077117920e-01
1.778579950332641602e+00
-1.948571324348449707e+00
-1.100790128111839294e-01
3.194077610969543457e-01
-9.732553362846374512e-01
-1.957579851150512695e+00
-9.563141465187072754e-01
6.469341516494750977e-01
-1.394260287284851074e+00
-1.578349232673645020e+00
6.512522101402282715e-01
1.900940060615539551e+00
1.612096309661865234e+00
1.575038552284240723e+00
4.795642197132110596e-01
-2.840931061655282974e-03
6.790640354156494141e-01
-1.098014354705810547e+00
1.434041857719421387e+00
-2.309233322739601135e-02
-1.503537416458129883e+00
7.079924345016479492e-01
1.825666546821594238e+00
7.771262526512145996e-01
2.228624075651168823e-01
-4.171351194381713867e-01
-1.408794760704040527e+00
1.031114578247070312e+00
1.379933953285217285e+00
1.028520345687866211e+00
-1.271492093801498413e-01
-1.024439215660095215e+00
-1.724666953086853027e+00
-1.435773521661758423e-01
-6.510342359542846680e-01
4.900195598602294922e-01
-1.265344619750976562e+00
1.612873226404190063e-01
8.747951660156250000e+02
9.997669677734375000e+02
1.079934387207031250e+02
2.445296096801757812e+01
3.875966796875000000e+02
8.342382202148437500e+02
5.276921997070312500e+02
2.540144348144531250e+02
9.367541503906250000e+02
6.631442871093750000e+02
9.328651733398437500e+02
2.067933502197265625e+02
2.662766647338867188e+01
3.031099853515625000e+02
7.146324462890625000e+02
7.646081542968750000e+02
3.739045104980468750e+02
2.851268310546875000e+02
5.576355590820312500e+02
5.643143920898437500e+02
2.466643981933593750e+02
1.031639251708984375e+02
6.587532043457031250e+01
4.321524353027343750e+02
6.496106567382812500e+02
4.376660156250000000e+02
9.260635375976562500e+02
3.172478332519531250e+02
6.928955078125000000e+02
6.396960449218750000e+02
4.589058227539062500e+02
TLAST
6.419129028320312500e+02
2415853570
-8.721491088867187500e+02
7.112379760742187500e+02
-5.952100830078125000e+02
-7.192741088867187500e+02
-8.799788818359375000e+02
-3.651737976074218750e+02
1.361779327392578125e+02
8.782960815429687500e+02
-2.355479240417480469e+01
7.409934082031250000e+02
8.403851318359375000e+02
-1.471175537109375000e+02
-9.374390869140625000e+02
1.933245391845703125e+02
-9.575985908508300781e+00
4.753651809692382812e+01
9.029348144531250000e+02
7.374085998535156250e+01
-4.210048828125000000e+02
-9.860753173828125000e+02
7.903466796875000000e+02
-5.065469360351562500e+02
2.263836822509765625e+02
-2.256995239257812500e+02
-9.661964111328125000e+02
-8.416603393554687500e+02
1.101393203735351562e+02
-4.920641784667968750e+02
3.925962524414062500e+02
-1.174547481536865234e+01
3.281481018066406250e+02
2.321337280273437500e+02
-1.887226409912109375e+02
8.485732421875000000e+02
-3.267597961425781250e+02
-1.240554046630859375e+02
9.754683837890625000e+02
4.573275756835937500e+02
3.028159484863281250e+02
8.973229980468750000e+02
-5.671293945312500000e+02
-5.496708374023437500e+02
7.197553100585937500e+02
4.653802490234375000e+02
-2.591818237304687500e+02
-9.665649414062500000e+02
-4.276013793945312500e+02
-6.492124633789062500e+02
-7.507857666015625000e+02
9.695802001953125000e+02
-2.168553161621093750e+02
3.572381210327148438e+01
3.772222290039062500e+02
-4.654921722412109375e+01
-2.723068237304687500e+02
-7.475255126953125000e+02
-5.643030395507812500e+02
3.030443420410156250e+02
4.580366210937500000e+02
-9.668013763427734375e+01
-5.630029296875000000e+02
6.142360839843750000e+02
2.310541534423828125e+02
-1.586086578369140625e+02
-7.742375488281250000e+02
4.117178955078125000e+02
-4.017448730468750000e+02
-8.853022460937500000e+02
1.457264709472656250e+01
-6.756201171875000000e+02
-8.934251708984375000e+02
9.893355712890625000e+02
-5.681620407104492188e+01
2.378228607177734375e+02
2.376652679443359375e+02
9.904013671875000000e+02
7.620689697265625000e+02
8.509373779296875000e+02
5.090190124511718750e+02
-9.522629394531250000e+02
4.119303283691406250e+02
-4.787484130859375000e+02
9.597849731445312500e+02
-3.113030395507812500e+02
3.990425109863281250e+02
-1.153214416503906250e+02
-3.711255493164062500e+02
5.792110595703125000e+02
-6.680800170898437500e+02
7.245220184326171875e+01
3.853063201904296875e+01
-3.608100280761718750e+02
1.059760055541992188e+02
-5.517271118164062500e+02
-4.071693420410156250e+02
-3.733855895996093750e+02
1.793036460876464844e+00
1.151709854602813721e-01
7.378587722778320312e-01
3.430851995944976807e-01
-1.679401755332946777e+00
1.423617720603942871e+00
-6.550381183624267578e-01
-1.104939699172973633e+00
-6.728981733322143555e-01
-1.174201011657714844e+00
7.578416466712951660e-01
1.163682416081428528e-01
-1.040091395378112793e+00
-8.530517220497131348e-01
-9.911531209945678711e-01
1.260228276252746582e+00
-8.782894611358642578e-01
1.130981326103210449e+00
-1.282541632652282715e+00
-4.988099336624145508e-01
7.679750919342041016e-01
1.280713438987731934e+00
4.946936666965484619e-01
1.331220149993896484e+00
-1.417685151100158691e+00
9.874318838119506836e-01
1.974200367927551270e+00
1.208222270011901855e+00
-1.861826062202453613e+00
-7.734073996543884277e-01
-2.881418913602828979e-02
-1.563712000846862793e+00
-7.188199162483215332e-01
1.418587446212768555e+00
-1.455450296401977539e+00
1.778912425041198730e+00
-1.098391532897949219e+00
-1.293742179870605469e+00
-1.020046114921569824e+00
1.541111588478088379e+00
5.146048665046691895e-01
-8.883439302444458008e-01
-1.427037954330444336e+00
1.317345619201660156e+00
-1.264366269111633301e+00
1.761225461959838867e+00
7.490616440773010254e-01
-1.422873616218566895e+00
1.339801669120788574e+00
-5.322712063789367676e-01
-6.273229718208312988e-01
6.357754468917846680e-01
-9.641162753105163574e-01
-8.043205142021179199e-01
-1.676024556159973145e+00
4.998415112495422363e-01
-1.168893814086914062e+00
1.743650794029235840e+00
-7.748316526412963867e-01
1.952381253242492676e+00
1.415009498596191406e+00
-1.574583411216735840e+00
-9.119776487350463867e-01
1.465769052505493164e+00
-1.461852908134460449e+00
-1.534310281276702881e-01
-5.726870298385620117e-01
-1.047140836715698242e+00
1.500332206487655640e-01
1.001357555389404297e+00
8.547911047935485840e-01
-4.433924853801727295e-01
-1.389834642410278320e+00
-1.647239923477172852e+00
1.809375524520874023e+00
-1.058442354202270508e+00
1.918068289756774902e+00
2.467335164546966553e-01
-6.488496065139770508e-01
1.128993988037109375e+00
-1.182702541351318359e+00
3.499623835086822510e-01
-3.920771479606628418e-01
1.358939170837402344e+00
-1.948946475982666016e+00
1.517782568931579590e+00
7.083928585052490234e-01
1.111326217651367188e+00
1.096746563911437988e+00
8.347964845597743988e-03
1.887500435113906860e-01
-1.940961003303527832e+00
3.188044130802154541e-01
-1.481049060821533203e+00
-1.305296570062637329e-01
6.362497806549072266e-01
6.835400390625000000e+02
3.427746582031250000e+02
3.498161010742187500e+02
4.218902587890625000e+02
5.212288208007812500e+02
4.935895690917968750e+02
7.313251342773437500e+02
1.587090148925781250e+02
5.320336914062500000e+02
1.232670745849609375e+02
2.094315490722656250e+02
2.990598144531250000e+02
1.243993225097656250e+02
6.875512695312500000e+02
1.279864406585693359e+01
2.864012451171875000e+02
5.800548095703125000e+02
9.735012817382812500e+02
7.813312377929687500e+02
5.743706665039062500e+02
7.740908203125000000e+02
4.252458496093750000e+02
2.636139221191406250e+02
8.231993408203125000e+02
2.733734130859375000e+02
5.242754459381103516e+00
5.213964843750000000e+02
9.130146484375000000e+02
1.998168029785156250e+02
5.796553955078125000e+02
1.005667648315429688e+02
TLAST
3.471808471679687500e+02
2415853571
1.231156158447265625e+02
-2.948688659667968750e+02
-7.570557861328125000e+02
4.122134094238281250e+02
-6.441135864257812500e+02
-8.316531982421875000e+02
2.749585571289062500e+02
-6.108186035156250000e+02
-3.523738098144531250e+02
3.263413391113281250e+02
-1.689643859863281250e+02
-3.900226135253906250e+02
8.845317077636718750e+01
2.880129089355468750e+02
5.527847290039062500e+02
8.236586303710937500e+02
5.101323547363281250e+02
-3.599520263671875000e+02
8.075159301757812500e+02
7.948535156250000000e+02
7.984530029296875000e+02
-3.172044372558593750e+02
-8.987474975585937500e+02
-3.878960876464843750e+02
3.445241699218750000e+02
6.671627197265625000e+02
-1.113548660278320312e+02
-8.162342529296875000e+02
-1.194501190185546875e+02
-1.027968368530273438e+02
-7.590076904296875000e+02
-8.597476806640625000e+02
7.061371459960937500e+02
-9.864619750976562500e+02
3.622127380371093750e+02
2.376485748291015625e+02
-4.819863586425781250e+02
7.057461547851562500e+02
8.682333984375000000e+02
-8.963757324218750000e+02
-1.945942077636718750e+02
-7.245979614257812500e+02
1.679944915771484375e+02
8.594145507812500000e+02
7.403555297851562500e+02
5.647572021484375000e+02
3.034647827148437500e+02
6.639314575195312500e+02
-3.864872131347656250e+02
-2.681346435546875000e+02
-5.122287597656250000e+02
-4.829524230957031250e+02
2.428939056396484375e+02
-3.645125427246093750e+02
3.933216247558593750e+02
-2.368909606933593750e+02
7.376257324218750000e+02
7.702001953125000000e+02
-7.248556518554687500e+02
-9.940237426757812500e+02
1.992203903198242188e+01
-3.757839965820312500e+02
2.591300964355468750e+02
9.920354003906250000e+02
6.556677856445312500e+02
5.164759635925292969e+00
-8.777859497070312500e+02
-6.374181747436523438e+01
2.094905548095703125e+02
-2.562366943359375000e+02
4.664896240234375000e+02
7.446272583007812500e+02
7.928937988281250000e+02
4.087392883300781250e+02
-1.534723052978515625e+02
4.271792297363281250e+02
-7.249648437500000000e+02
-7.727457885742187500e+02
9.229489746093750000e+02
-5.607612304687500000e+02
1.623999786376953125e+02
-9.049840698242187500e+02
2.290041685104370117e+00
4.028077087402343750e+02
-7.217333984375000000e+02
2.088710479736328125e+02
4.645686340332031250e+02
8.724854278564453125e+01
7.864218139648437500e+02
2.673264160156250000e+02
8.987846679687500000e+02
-7.469873657226562500e+02
-5.772392578125000000e+02
-2.606027221679687500e+02
-9.526583862304687500e+02
7.789691162109375000e+02
-1.468587040901184082e+00
2.484664618968963623e-01
1.888955354690551758e+00
1.968933463096618652e+00
8.778151273727416992e-01
-4.653077423572540283e-01
-1.134656786918640137e+00
1.858200073242187500e+00
5.512416958808898926e-01
3.831609487533569336e-01
-1.569893360137939453e+00
8.593358993530273438e-01
1.175100684165954590e+00
8.828554749488830566e-01
1.109176993370056152e+00
1.915309309959411621e+00
8.749505877494812012e-02
-9.341287612915039062e-01
1.619645714759826660e+00
4.558418393135070801e-01
1.348384618759155273e+00
-1.786589622497558594e+00
7.707166075706481934e-01
1.047760725021362305e+00
-1.391432404518127441e+00
-2.991442382335662842e-01
1.968199014663696289e+00
-1.704192876815795898e+00
1.494553565979003906e+00
-1.691858887672424316e+00
-4.375940263271331787e-01
4.167678058147430420e-01
1.154314279556274414e+00
1.020292639732360840e+00
-2.616015672683715820e-01
2.636564075946807861e-01
7.628517150878906250e-01
-2.710384130477905273e-01
1.328093886375427246e+00
-1.982473969459533691e+00
-1.443785190582275391e+00
1.433644056320190430e+00
1.058338642120361328e+00
1.399684906005859375e+00
1.841031432151794434e+00
-7.076075077056884766e-01
9.166860580444335938e-02
6.819891333580017090e-01
1.457668066024780273e+00
9.454182386398315430e-01
3.226475417613983154e-01
1.641583442687988281e+00
1.904948830604553223e+00
-8.792517334222793579e-02
-2.325163334608078003e-01
1.713241577148437500e+00
7.863849401473999023e-01
1.118626475334167480e+00
1.665146708488464355e+00
1.022728979587554932e-01
1.725791335105895996e+00
1.184923410415649414e+00
6.011691689491271973e-01
-1.367938876152038574e+00
6.359590888023376465e-01
-1.813918471336364746e+00
4.708599746227264404e-01
-2.665079832077026367e-01
1.874757885932922363e+00
-5.345315933227539062e-01
-1.823214173316955566e+00
1.295432329177856445e+00
1.349723100662231445e+00
-9.662038683891296387e-01
-1.208753064274787903e-01
-2.978873848915100098e-01
-1.722380518913269043e+00
1.135927796363830566e+00
1.003791689872741699e-01
2.441592216491699219e-01
1.512426972389221191e+00
-1.644944906234741211e+00
-4.984005689620971680e-01
1.379003286361694336e+00
3.202786445617675781e-01
-1.009326934814453125e+00
-1.129842162132263184e+00
6.586829423904418945e-01
-2.567558586597442627e-01
-8.855938315391540527e-01
1.653669357299804688e+00
-1.259100556373596191e+00
-8.175287246704101562e-01
6.598338484764099121e-02
3.844090104103088379e-01
1.198254466056823730e+00
4.485543212890625000e+02
7.911598510742187500e+02
8.542307739257812500e+02
9.000026855468750000e+02
4.854376831054687500e+02
2.918893737792968750e+02
9.010471801757812500e+02
5.838806762695312500e+02
2.078534393310546875e+02
6.262899780273437500e+02
5.977123413085937500e+02
4.285511779785156250e+02
9.120244140625000000e+02
9.659011230468750000e+02
8.647380981445312500e+02
4.794013366699218750e+02
4.042730712890625000e+02
8.120311889648437500e+02
2.339423179626464844e+01
3.385756530761718750e+02
4.610960006713867188e+01
9.178919677734375000e+02
8.307389068603515625e+01
9.385242919921875000e+02
4.450425109863281250e+02
5.067574768066406250e+02
9.769423217773437500e+02
5.037129821777343750e+02
4.754679870605468750e+02
6.351015014648437500e+02
8.827576904296875000e+02
TLAST
1.734076538085937500e+02
