2415853568
1134585910
-1005780293
-1005623019
-1018555119
1147604535
1133603048
1135737739
-1016141755
1147377372
-1004977144
-1009976231
-1016563782
-1004872404
1144258855
1146917979
-1038897751
-1011260055
1144245090
1147206496
1148241861
-999360662
1141340245
-1001600770
-1050015753
-1017745782
1129998349
1141178382
1139349539
-1004660599
1145856772
1146180039
-1022739013
1145388143
-1010894757
1131228348
-1013273314
-1019280280
1146342820
-1003716159
-1011766992
-1013915833
-1005654927
-1007118025
-1016216204
-1045328950
-1021578192
1091288132
1136607752
-1027123629
1134862622
1143371350
-1005088575
1142560060
-1000360467
1148358462
1117494723
-1030297060
1132906898
-1000511555
-999708152
1141319720
-1040144978
-1019483892
1133334215
1148684441
1148416590
1135203011
-1004984905
-999152096
-1005799013
-1011264432
1142050093
1143741867
1100831714
-1017510837
-1021484143
-1006632895
-1002665105
-999991948
1139409814
1122137628
-1006517918
-1000730528
-1014939525
1124685846
1135478125
-1038085503
1132833507
-999851270
1142744332
1143308936
-998856513
1136986651
-1019307097
1135876656
1137028095
1017956199
-1095030021
-1121415309
1051453602
1051729253
-1073808808
-1083005116
1068911912
-1079403479
-1102907056
1051804458
1065854863
1070482073
-1096913220
1059010414
-1079725916
1047430985
-1093184596
-1085597394
-1085033027
-1100228693
1048017115
-1083522901
1070290719
1034306307
-1080398907
-1087607875
1057832667
1071460305
1053389110
-1100730080
1065420541
-1078128695
1071212448
1070081022
-1089002139
-1077518448
1067406430
1069806407
-1076598372
-1082376646
1070159324
1066121885
1066852305
1027641627
-1079445598
1073112076
-1091523164
-1079934854
-1092612556
1042215639
1065081637
-1074755793
-1120837917
-1079605235
-1081271286
1067852464
-1076556387
1067160148
1072757412
-1105795973
1052226352
-1132682327
-1084303478
-1074603195
-1074350976
-1078890459
1065133656
1066588698
1064513826
-1085087398
1055237087
-1073976918
-1092207268
-1083925301
-1080522929
-1077927188
1066928880
-1093655162
-1079519784
1066393287
1035351489
1061716699
-1085752561
-1081808741
1072645669
-1096562015
-1087273388
-1090108876
1064024360
-1137925803
-1087117851
-1091374622
1062973569
1059868805
-1128811189
1135458113
1132239615
1138682246
1143376253
1145229344
1148497861
1141243076
1147772596
1140861477
1131142984
1145419556
1143021191
1080754356
1139124596
1100658876
1146798776
1140416526
1139756397
1142371114
1141519745
1144238514
1145324349
1138367546
1145352369
1139291862
1140148561
1117651875
1147219404
1143716760
1131770467
1112624319
TLAST
1135755447
2415853569
1123576209
-1036313932
-1003162875
-1003786730
1139493034
1147574646
1130020642
-1000180166
-999515494
1143414238
1133488199
1136739003
1125172254
-1000387027
-1035577336
1124738410
-1011414989
1123069860
-1010040841
1137661389
-1007350264
1120825989
1143811741
1125851137
1124016474
-1001826485
-1007888032
-1014326132
-1020988025
-1020474242
1123927536
1110895752
-999473254
-1004747790
-1002696197
1113273458
-1003240351
1127033127
1145523197
1139598655
1124312582
-1001468189
1140542229
-1005082448
1142671181
-1017708305
-1022402132
1143624685
1148193875
1140049100
-1003879328
-999498008
-1003594618
1119692584
1148024213
1137212762
1148448281
1140894581
-1006702377
-1004172724
-1013558851
1134627990
1143973702
1147580073
1127670143
1144699556
1142326141
-1019445205
1135492066
-1008536672
1148842648
-1011117306
-999876385
1111658736
1144239750
-1022663484
-1007629187
-1033509959
1144666617
1147448391
1136797969
-1023365074
-999851802
-1012892001
1144857503
-1021210927
-999257738
-1005288977
-998813949
1143390324
-1006481381
-1034298048
1140373559
1145053471
-1000268346
-1003779505
-1076021426
1071100824
-1078284736
-1080263117
-1078262448
1065916617
-1096893577
-1092170914
-1099461707
1062873507
1072053560
1050871089
1067946581
-1098240727
-1105344012
-1074384278
1035244785
1059391209
-1073776302
-1081627896
1073695309
1068844860
1067870088
1066793443
-1083921116
-1077068052
1031368502
1042767625
-1089565537
1064658057
-1074550986
-1080634263
1049020685
-1129078627
-1098465699
-1079658128
1057789120
-1081855760
1073554839
-1075594687
-1083666044
-1087913175
1061814462
1066432810
1065138865
-1085960088
1063833374
-1089069581
-1086314339
-1083271736
-1076773842
-1097956766
-1088127713
1073085109
-1083099280
1025500076
1073212966
-1094815415
1064918687
1056265107
-1082045102
1057615849
-1076140077
-1081297341
-1081990381
-1075390864
1065726982
1064450108
1065802919
1067977663
-1077926366
-1084530768
1058785644
1072272163
1070105669
-1084788823
1064582076
-1104272144
-1089760500
-1079633922
1072337826
-1074887213
-1075524636
-1088915536
1046463657
1069026984
1038753960
-1080476212
-1081115184
1000433704
1060161541
1051549527
-1095379974
-1077042396
-1084506251
1002221215
1137647390
1127311644
1141114434
1125322452
1143932663
1123278339
1140231707
1147101830
1145497756
1131195189
1136467792
1142270208
1148319480
1139345152
1142799720
1137810388
1144015899
1140649384
1136950659
1137301116
1133807386
1144057207
1139148576
1145851995
1144194055
1143080387
1126176224
1086772702
1142164061
1145999332
1124458776
TLAST
1144052612
2415853570
1146298804
1130257426
-1012282093
-1022200839
-1012326802
-1014763554
1141220261
1132909020
1130505896
1143180413
-1002826121
-1012501571
-1012921612
1124843949
-1010447660
-1004591214
-1002463286
-1001630952
1148157797
-998919408
1144554197
-1015953697
-1005843545
1139608677
1140756485
1140858631
1148560823
-1005084220
1122921049
1129905031
1143094309
1143951896
-1064134917
1098100824
1141880068
1130634573
1135869824
1139956634
1118438428
1148754223
-1009928630
-1037358327
1136667782
-1018337052
-1022994497
-1010151596
-1021988868
-1009681419
1148557888
1137028666
-1005798141
1122555876
1142969291
-1040296990
1137242476
-1007904900
-1012544490
-1002032860
1141018861
-1008928020
-1030035589
1142546435
-1020551151
-1015210846
1137800436
-1007933988
1148814926
-1002768829
-998870371
1148566186
-1008965739
-1002433031
1137484681
1141311018
-999087402
1128804850
1133499140
-1014207076
1146899700
-1003720544
-1018786509
-1006141034
-999670069
-1006267116
1113752385
1137917587
-1003751089
-1003848203
-1008560423
1143051812
-1020632822
-1007654497
1128825006
1146977371
-1008750995
-1003681595
-1080475929
1068096231
-1080425557
1073262175
-1098269501
-1105422239
-1080150572
-1084176648
-1088533251
-1086833399
1037425312
1071044428
1070554432
-1079880155
1061050319
1056409658
-1079783295
1060886109
-1087250213
-1086609525
1064084324
1057111102
-1082746572
1053124217
-1089639772
-1073797783
1069127148
1045194336
-1097477693
-1094616613
-1104533720
1061659565
1065005610
-1091739407
1052940553
1043610908
1060450281
1059110227
-1083624558
-1074231966
1059149531
1039701442
-1077741758
-1079159274
-1080635050
-1077301439
-1076587950
1066553415
1057641560
1058518349
1069916421
-1084862019
1067748802
-1080070722
1072510295
1070818951
-1079952713
-1073922057
1062331196
-1074695305
1072693670
1072126550
-1075396532
1070346094
-1075193536
1071413075
1042661787
-1080496171
1067024681
1070848997
1069971318
-1083858209
1052253884
-1079559695
1072917517
-1088510989
-1078490854
-1073897992
-1077248894
-1080853596
1071736630
-1096801050
1070867182
1073274958
-1078777119
-1081263460
1069548279
-1074958768
1062085617
1063735167
-1075825156
1070745055
1072032632
-1079070297
1065815351
1067930862
1123128702
1147790477
1145642728
1124187315
1124383805
1117901455
1138082612
1147096268
1138986836
1141705455
1147607475
1140728402
1147056825
1146465804
1131026739
1136712200
1132271832
1122310748
1144247633
1131014942
1105507126
1141208098
1138228411
1147702362
1132593944
1141077037
1144523659
1122008184
1136605076
1143475291
1117545907
TLAST
1148490088
2415853571
1134759553
1124848999
1144039711
-1007199847
-1000342722
1132101750
1146008142
-1001031992
-1020222844
1146835478
1125408740
-1005234972
1142698720
1133202114
-1012985504
-1027797749
1139626296
-1004436361
1144356092
-1002086433
1136451392
1143281108
-1000632289
1127952075
1133832565
-1005683292
-1007744092
1146507958
-1005537224
-1012089156
1104513625
1146353888
1133783828
-1000552057
1110625990
-1006361785
1144423412
1109904721
-1004532014
1139581869
-1014649031
1113541171
-1001713978
1125144848
-1028151804
1137018838
1119775988
1144447908
-1004366176
1136094781
1139583593
-1001740547
1144293272
1095294440
1101865422
-1002859444
1140872426
1136194735
1114753173
-998757108
1117385135
1126104292
1140723436
1146913950
-1006071135
1140880352
1137365029
-1012655858
1130584684
-1012752983
1143538485
-1002716632
-1002801105
-1002318769
-1053395047
-1013947713
-1025175073
-1005438153
1141209565
1127608614
1147563671
-1021170112
-998731884
-1003837248
-1083010074
1144067001
-1005384598
-1001753996
-1014109833
-1010733746
-1012539459
-1001350374
-1004859739
1147921691
-1001742521
1140667566
1040480446
1041572268
-1076995517
-1077133716
-1075151096
-1079039154
1057687407
1068714663
1068352009
1068728463
-1082043281
1053437812
1057847219
-1079447530
1073344753
-1106842066
1056993341
-1118949156
-1082904703
1073353072
-1084845755
1062533247
-1086081619
-1080615739
-1088444453
-1090504880
1073731998
1066238272
1054934607
1067792144
-1122276160
1066701160
1055797111
1057545374
1071180953
1053312232
-1081233442
-1075502449
1062181085
-1085121677
1061390219
1064725151
-1078144017
-1077908237
-1083911163
1053582366
-1075879941
1067385150
-1078663695
-1077832423
1073091424
-1084301736
-1081469563
-1081323454
-1074794385
1052603362
1053808242
-1079050753
1066811716
-1078817648
-1079728379
-1074840980
-1073779976
1045188856
1065276157
1072406585
1067260927
-1111182466
-1076512163
1025491473
-1085651660
1051210098
-1089451063
-1081281101
1072549677
1060443006
-1076546758
-1074060804
1066164644
1060209744
1072116933
1073289155
1041784421
-1074848397
-1081486377
-1088173512
-1086218106
-1073785750
-1101109453
-1088708123
1069038838
1072981049
-1077990972
-1074509466
-1098917307
1072200767
1137858344
1132886927
1148373277
1126777154
1148088350
1123688394
1144067382
1123058656
1147732915
1102133709
1147949989
1122442719
1143406272
1132417566
1146026250
1146402113
1141856358
1085461253
1133203792
1145913984
1115262330
1142914485
1140582318
1135605560
1129133069
1141725251
1124768194
1146270795
1135446486
1134599240
1146795821
TLAST
1136150225
