2415853568
1121395075
-999146760
1147170905
-1016185208
1131863921
1139427921
1144447157
-1000182464
1132129592
1145128825
-1002194271
-1005126150
1124532728
1143152213
-1004763021
-1007337427
-999675039
1143571883
-1014504556
-1019854064
1144697385
-1010584656
1141256366
1148690170
-1003566595
-1011341794
-1016290093
-998988502
-1014530427
-1005072233
1136505520
1051675932
-1005704699
1125079607
-999529868
1139464529
1147185469
1130546162
1137979086
-1008624398
-1004224646
1145941676
1146745958
-1037904984
-1018508359
1142906690
-1018616181
-1002392343
1125466422
-1007964132
-999010433
1144536520
-1009001448
-1005975677
-1005335265
1142553800
1144045604
-1004146289
-1013529405
-1004255309
1101024970
1132513193
1141789171
1141428481
-1008832292
1142121260
1142038544
1146436650
-1018612486
-1004612426
1144860287
-1023052201
-1002392425
-1028034237
-1000771402
1139894664
1137923257
-1014589462
-1006015133
1131589278
-1013998529
-1005603648
1141771568
1143377440
1114741216
-1027769761
-1014788046
-1006435261
1139180090
-1031445669
-1006533641
-1007055832
-1013522453
-1000955275
-1005815886
-1001452564
-1081031966
-1077639927
1066542525
-1087376677
-1089164055
1068279570
-1076032019
-1075336496
-1083160735
1066542183
1048187821
1067223887
-1096938744
1034320344
1026977321
1065994751
-1076761128
-1088181620
1068833792
1057992249
-1085421276
-1074841082
-1085464716
-1084160567
1058524904
1071583535
1048062534
-1074952197
1045937268
1065670498
1062882852
-1078340155
1066470066
-1074922889
-1083915893
1071845893
-1080710173
1067136521
1070178244
1069420449
-1076757073
-1097195207
-1098434343
1064870651
1062316627
-1100075194
-1084659241
-1106414878
-1101593936
1057668441
-1079930369
1068735226
-1075387973
-1114389600
1064089537
-1075274755
1071657029
1061584075
-1086732975
-1075584186
-1075931347
1069540643
1063515590
1066336246
1057255446
1073430512
-1077518136
1042838832
-1078495126
1057975601
1042756100
-1075165416
-1078045143
1073166236
1027183534
1069123911
-1078391864
-1075673523
1071111874
-1094039003
1068793414
-1076881225
1050236457
-1076478927
1061180702
1002811477
-1093579249
1065068437
1065741589
-1085144980
-1094756509
1033141851
1063577245
-1081211081
-1079835962
-1093544249
1134424626
1131128424
1147748111
1145548188
1135327913
1138813628
1120548946
1142118476
1144404484
1130623978
1138557431
1143518783
1138578015
1141482217
1128454505
1145487330
1121663407
1139497852
1133612765
1121109916
1146479296
1128804932
1139450439
1142501522
1132908125
1139791090
1141153282
1138649231
1135973455
1132462782
1147308825
TLAST
1140768116
2415853569
1148731714
1144746353
-1021689623
1144622829
1131207477
-1015973856
-1045569163
-1006881665
1136352894
1147151879
1147016326
1137116567
-1006852446
1144280367
1143872802
-1013787700
1140225973
1143891204
-1012219830
1145076494
-1005206222
-1022602304
-1003067399
1144534056
1111749985
1133063572
1134842799
1148503867
1124084746
-1005162344
-1009408844
-1008625626
-1001529911
-1005419016
-1040364198
-1012915252
1147301402
1141526445
-1012305142
1138457235
1148743125
1136624319
-1002955430
-1032695953
1133082410
-1004192422
1145536556
-1016741321
1142812142
-1004633443
-1003113471
-1000152717
1137001109
-1019170299
1143587927
-999987688
1140900933
-1007824743
1127939412
-1010259426
1147448650
1142096582
1148306910
1127347510
1148519427
1145658546
-1010664377
1148760536
1147183072
-1038818740
1138927284
1144143342
1119533511
-1001992999
1142120074
1146168016
1146909439
1139781959
1148251442
1128161888
1126099576
1134524102
1144091650
1144181350
-1024956292
-1008012829
1145776372
1144897426
-1000189944
1132518830
-1003545434
-1006609303
1135166434
1141224241
-998805101
-1004712130
1070784661
1068840287
1061229328
-1077605912
-1085358048
-1082616851
1066072847
1066586276
1061919403
-1075276718
-1073781943
1056122101
1066828203
-1073858745
-1079350912
-1080805259
1067875457
-1103770997
1072587408
-1086874572
-1076816437
1052437873
1048860971
-1103989975
1064200393
1070675057
1071150429
1061707903
-1082993703
1072384568
1057418342
1050598204
-1080331883
1059214811
1063934896
-1096167769
1066106942
-1076149129
-1086251140
1055335258
-1078353652
-1080010405
-1094324973
1062287950
1063457937
-1086318284
-1088845035
1060124413
-1089240090
-1090430141
1073528025
1059798981
-1077392339
1073419011
1059528880
1052803523
-1080750538
-1112084818
-1095750773
-1097013932
-1077917423
-1079691704
1049406566
1055823660
-1078142887
-1080272709
1050434868
1053722633
-1087237952
1052922671
-1078955676
-1096308783
1066557698
-1083452876
-1074255102
-1091010993
-1098676819
-1080592081
-1077842825
-1074230353
1072174702
-1079106973
1050679168
1064737255
-1108021303
1068115838
-1080025306
1071792690
-1098120744
1072300815
1070158437
1067011718
1066820012
-1086208711
-1089566971
-1105601240
1143952866
1141211375
1133447161
1139757702
1145949616
1146814348
1147876072
1129835148
1135385495
1122887001
1148653654
1142800571
1144010750
1138187893
1131646205
1136762196
1133533212
1141184987
1145835044
1146090022
1133452336
1127322883
1144309775
1137738597
1127609243
1142363700
1122046505
1119815940
1094767029
1129256495
1139769614
TLAST
1126321986
2415853570
1140330263
1141315026
1138119880
1116648677
-1003967562
1142395350
-1014667656
-1003975049
1134337605
-1000740640
-1002716144
1140607859
1142652328
1139911253
1141203864
-1002911745
-1003871433
1119745038
-1001328214
-1002750515
-1000302899
1148027146
-1004030174
1136172757
-1003219950
-1004928788
1133039966
1133815374
1113262766
-1001322432
1128968565
-1014185383
1117580535
1148789040
1140236876
-1009524586
-1006170416
-1006812226
1145415438
-1011679600
1146405439
1134500399
1140896189
1134966467
1145681847
1146405116
-1003977628
-1006723147
1142127503
-1022309877
1148789135
-1008537917
1117190859
1137860841
1130969790
-1003068941
1140840973
1136930365
1148061588
-1034672519
-1002596907
1133147093
1147752465
-1006911311
1140906391
1112361223
1139882981
-1013221936
-1000527790
1141406334
-1005781958
1141411602
1147893012
1143144656
-1006061044
1131557052
1134979587
1143786755
-1008492173
1144792637
1143427658
1134128897
1127562667
-1027807267
-1000862993
-1030083999
-1000441041
1147216149
-1004600318
-1007294184
1140721255
1142599861
-1006335567
1141518003
1142105143
-1024683677
1063754271
-1076342579
1066282434
1073355148
1068618742
1041540377
1051668389
1070682417
1070117347
1072478026
-1077612763
1057440305
1063701408
1070812730
1066319221
1069069968
1070253979
1046584764
-1080344437
-1093752056
-1085638309
1069071596
-1080618894
-1084803744
1073153124
1054368053
1066300821
1064910359
-1124348599
1065817310
1071897893
-1087529675
1046367856
-1092658129
-1078675693
-1081159134
1050435763
1070370673
-1098032433
-1073987543
-1081272464
-1075262268
-1083965978
1056834666
-1099695757
1062159890
1072460505
-1074675141
-1079049517
1068434397
-1078139896
1062967760
1060621412
-1074872034
1060578392
-1100620264
-1091638825
1069146714
-1076259294
1071506461
-1086564994
1068849761
-1080503163
1050336448
1062110896
-1094491954
1069471846
1068676341
-1080137035
-1078281785
-1079226936
-1114926773
-1079082335
-1073779829
1065822864
1072038166
1043829970
1072988232
1062222617
1071729823
-1091044763
1036363155
1066366638
1068431007
1060845434
-1096186831
-1081405986
1069529844
-1082135102
-1087959911
-1075691379
-1106880025
1065080358
1057962271
1057032343
1064505688
1116299271
1140212088
1147259215
1094189994
1130632196
1147229309
1142853448
1146068550
1147360206
1130020655
1144578615
1132626458
1147837334
1148144018
1126184544
1145770051
1111262410
1142282651
1139865318
1142285586
1144912586
1146716582
1140556478
1116951150
1147433189
1114841240
1145478697
1123187267
1147250801
1142856711
1134237285
TLAST
1146636607
2415853571
1147059194
-1006953679
-1018021266
-1001704454
1143473927
-1021594468
1144049469
-1007963046
-1003379646
1122800517
-1011820718
1134493352
-1040778893
1144937794
1147019065
1139200297
-1000456143
-1022749928
-1003990324
1135848483
-1001667659
1142047533
1130044869
-1019845637
1127266877
-1006545333
-1049975518
-1011569277
1141190814
1142305760
-1007658532
1136509476
1138153081
-999741747
1129016743
1145336142
1114947000
1131904143
-999689270
1146638168
-1011557891
-1004087658
-1012094502
1127860575
-1022324276
1112028868
-1002070995
1133566388
1131802719
1144117875
1146966775
1148494804
-1001687416
-1016571939
-1028458178
-1000762039
1139989432
-1008614771
-1008417348
1135928168
-1019957301
-1018428753
1135612606
-1004353197
-1004294563
-1011601369
1136117808
-1011713849
1137649217
-999005118
-1002309018
-1038506818
1103535334
-1000117142
1126426100
1108678381
1143860909
-1007596702
-1003686418
1134106873
1137278228
-1008453233
-999521141
-1011054207
-1038907148
1132520558
-1015126132
1123704170
-1050736742
-1020829110
1142673861
-1007150409
1119644831
-1002578433
-999966830
-1008568312
-1098327463
1068597079
1069477257
1072511884
1069279826
1041093513
1070557160
-1077557557
-1081670621
-1076150556
1071053198
1071395358
1066411120
-1088691107
-1083640711
-1076208175
1070294677
-1074534099
-1076709706
1061585476
1071108557
-1073879792
1069054202
1069343266
1065687665
-1077282331
1031827390
-1080121175
-1086197185
1069572833
-1075579381
-1125164832
1072707283
1068769894
1073127430
-1090331431
1056926865
1062586883
1033588190
1044987950
1069212965
-1079998852
-1078106936
1051500019
1067468172
1066015503
1053584152
1071181677
-1083716696
-1088912247
1045276135
1066017677
1060800580
1068289476
-1077541968
-1075711525
-1083682594
996446131
1066926485
-1105724834
1070115731
-1076140430
1053666633
1069114152
1050480754
-1074582678
-1075071834
-1077046016
-1081453362
-1083541333
1051133342
-1085419692
1062024194
-1080580222
1068331578
1060779459
1041646730
1032433454
-1085365211
1070505728
1066344865
1060487275
-1075136790
-1081365963
-1075464092
-1077774948
-1082210146
-1076258707
1058132992
-1074141908
-1083590170
1070588021
-1082653909
-1086752548
-1080903857
1070254193
1127506941
1129812344
1134752263
1137634019
1130015737
1147530615
1138504901
1148056796
1132281918
1139427006
1145595524
1148671348
1138810622
1139474746
1147874000
1138235899
1138505967
1148078462
1140355498
1123841822
1147886903
1140505831
1135893096
1147219115
1099505736
1147987967
1118765901
1117192154
1147900056
1139735462
1127462057
TLAST
1148555504
