2415853568
-8.276397705078125000e+02
-7.367688751220703125e+01
1.712111968994140625e+02
9.474119262695312500e+02
-2.467731628417968750e+02
-9.084366798400878906e+00
1.575268249511718750e+02
9.083172607421875000e+02
-4.386766052246093750e+02
-1.241065063476562500e+02
1.972978820800781250e+02
-1.611025543212890625e+02
-1.216552047729492188e+02
-9.920559082031250000e+02
-7.755435180664062500e+01
9.952776489257812500e+02
-4.243922424316406250e+02
4.221852416992187500e+02
9.644349975585937500e+02
-9.436481933593750000e+02
-7.760338745117187500e+02
-5.208019409179687500e+02
-3.808459167480468750e+02
-7.415612182617187500e+02
-9.114051513671875000e+02
5.393530273437500000e+02
-8.349290161132812500e+02
6.074633178710937500e+02
3.586301269531250000e+02
5.600437622070312500e+02
-9.576926269531250000e+02
-5.937432250976562500e+02
4.240482482910156250e+02
1.100950012207031250e+02
3.454919128417968750e+02
7.081607055664062500e+02
-4.176031494140625000e+02
8.986206054687500000e+02
-9.788942871093750000e+02
-6.417213134765625000e+02
-4.745625915527343750e+02
2.022024154663085938e+00
-4.532461166381835938e+01
6.127885055541992188e+01
2.506577911376953125e+02
-9.860216674804687500e+02
4.859837036132812500e+02
-2.215820770263671875e+02
3.446867065429687500e+02
-7.463051757812500000e+02
6.622808837890625000e+02
6.495311279296875000e+02
6.231898193359375000e+02
-8.625046386718750000e+02
4.395146484375000000e+02
7.499072875976562500e+02
8.944412841796875000e+02
-9.687457885742187500e+02
9.158193969726562500e+02
5.741390991210937500e+02
-4.212378234863281250e+02
-5.103905487060546875e+01
5.159631347656250000e+02
-4.022159957885742188e+01
3.002371215820312500e+02
6.470016479492187500e+02
5.628578491210937500e+02
-5.634421386718750000e+02
4.946378784179687500e+02
8.472299804687500000e+02
-2.570877456665039062e+01
-6.124178466796875000e+02
9.346334228515625000e+02
-9.077653808593750000e+02
6.905233154296875000e+02
-7.181688232421875000e+02
7.772073364257812500e+02
-2.638662414550781250e+02
-6.472705078125000000e+02
-2.335082435607910156e+01
-5.786824951171875000e+02
-6.202159423828125000e+02
-6.356569213867187500e+02
-4.291448974609375000e+02
7.988549804687500000e+02
-4.429452514648437500e+02
9.614818725585937500e+02
-2.566473388671875000e+02
-2.467429809570312500e+02
-8.888100585937500000e+02
3.451032104492187500e+02
-6.649370117187500000e+02
9.621719970703125000e+02
-5.510258789062500000e+02
8.896216430664062500e+02
-4.844774780273437500e+02
-1.701589107513427734e+00
1.029156208038330078e+00
1.256801962852478027e+00
-7.478283643722534180e-01
-1.998458743095397949e+00
-7.736594080924987793e-01
4.979322850704193115e-01
2.844548821449279785e-01
1.465402245521545410e+00
1.023558497428894043e+00
1.685992121696472168e+00
4.713292419910430908e-01
1.597892522811889648e+00
-2.716504596173763275e-02
7.217168807983398438e-01
-1.171042770147323608e-01
7.269592285156250000e-01
8.049411773681640625e-01
8.395567536354064941e-01
-5.464928150177001953e-01
-7.258319258689880371e-01
-6.321362853050231934e-01
-1.078229427337646484e+00
-1.963626265525817871e+00
-4.168485999107360840e-01
8.684496283531188965e-01
-2.421973794698715210e-01
1.110175848007202148e+00
-1.388542652130126953e+00
9.647676348686218262e-02
-3.103699684143066406e-01
-1.435472249984741211e+00
-1.888433456420898438e+00
-2.262970507144927979e-01
-1.751160740852355957e+00
8.086372017860412598e-01
1.657921433448791504e+00
-1.223138213157653809e+00
1.036529183387756348e+00
3.505124449729919434e-01
-1.649393081665039062e+00
1.612596988677978516e+00
1.229286432266235352e+00
1.034993767738342285e+00
1.816758036613464355e+00
-7.986409068107604980e-01
-1.560351610183715820e+00
-1.626337170600891113e+00
1.383206963539123535e+00
-3.749657571315765381e-01
-1.682614445686340332e+00
-1.593618750572204590e+00
-1.512929916381835938e+00
-1.785332560539245605e+00
-6.396978497505187988e-01
4.969874322414398193e-01
-1.645097017288208008e+00
1.908041909337043762e-02
-1.160019636154174805e+00
1.567693829536437988e+00
1.501867651939392090e+00
-2.027015984058380127e-01
-1.701562285423278809e+00
-1.962442159652709961e+00
1.608651161193847656e+00
-1.870265454053878784e-01
-2.661086022853851318e-01
1.821632087230682373e-01
1.820353984832763672e+00
-1.182982921600341797e+00
1.390664577484130859e+00
3.295845985412597656e-01
-7.171131968498229980e-01
-6.026714444160461426e-01
-7.481262832880020142e-02
-1.277414202690124512e+00
1.059771656990051270e+00
-1.499752402305603027e+00
-2.722525000572204590e-01
1.780303120613098145e+00
1.799839615821838379e+00
1.093955397605895996e+00
1.141695499420166016e+00
1.790746569633483887e+00
-6.293560266494750977e-01
6.785189509391784668e-01
-1.676191091537475586e+00
3.721266090869903564e-01
-1.503022462129592896e-01
-1.576128244400024414e+00
-6.966674327850341797e-01
9.115511775016784668e-01
9.254677891731262207e-01
-1.174016594886779785e+00
-1.685790657997131348e+00
-3.576484322547912598e-02
4.673277893066406250e+02
9.432941284179687500e+02
9.802319335937500000e+01
2.291194305419921875e+02
4.689156494140625000e+02
5.654031372070312500e+02
1.291601257324218750e+02
8.076263427734375000e+02
7.151040649414062500e+02
5.309675292968750000e+02
4.730684509277343750e+02
4.926529541015625000e+02
5.101935424804687500e+02
2.231700897216796875e+02
4.007097167968750000e+02
1.328290405273437500e+02
6.925604858398437500e+02
3.550824279785156250e+02
4.345142211914062500e+02
2.147663879394531250e+02
8.670899658203125000e+02
4.634131240844726562e+01
5.139074096679687500e+02
6.527285156250000000e+02
7.409564208984375000e+02
4.086372375488281250e+02
6.472296142578125000e+02
2.568446044921875000e+02
4.818276062011718750e+02
7.104122924804687500e+01
9.637323760986328125e+01
TLAST
6.128488769531250000e+02
2415853569
-2.113582000732421875e+02
-7.852572021484375000e+02
3.294444885253906250e+02
-9.549333496093750000e+02
7.762512817382812500e+02
6.423473510742187500e+02
-2.792878723144531250e+02
7.809989624023437500e+02
5.177794799804687500e+02
-7.263313293457031250e+01
6.861144409179687500e+02
-3.600969848632812500e+02
2.464903106689453125e+02
7.327111206054687500e+02
8.325401000976562500e+02
-3.400661926269531250e+02
-2.854875183105468750e+02
4.718220214843750000e+02
5.701254882812500000e+02
4.102546081542968750e+02
-1.064378356933593750e+02
-3.952607116699218750e+02
-2.000852355957031250e+02
-3.139566650390625000e+02
-5.420302734375000000e+02
-4.928054809570312500e+02
-1.722463073730468750e+02
5.252232055664062500e+02
4.614414367675781250e+02
2.798309631347656250e+02
-7.968543701171875000e+02
-2.627311706542968750e+02
-1.610373382568359375e+02
-8.769045410156250000e+02
3.534797058105468750e+02
4.672637023925781250e+02
-6.949632568359375000e+02
8.151541137695312500e+02
3.975165405273437500e+02
8.875651245117187500e+02
-6.288228149414062500e+02
1.258066368103027344e+01
2.114782409667968750e+02
-1.445968933105468750e+02
7.923472290039062500e+02
-9.789791107177734375e+01
3.223773498535156250e+02
9.727124023437500000e+01
-8.879109497070312500e+02
3.033022155761718750e+02
3.593556823730468750e+02
9.388552856445312500e+02
-1.729816436767578125e+02
8.733608398437500000e+02
-2.078330993652343750e+02
9.663753662109375000e+02
5.777609863281250000e+02
-9.520237731933593750e+01
8.681917724609375000e+02
-4.295157241821289062e+01
7.008972167968750000e+01
-9.333404541015625000e+02
-6.527966308593750000e+02
-7.591218872070312500e+02
3.864241943359375000e+02
-3.334754943847656250e+01
-8.693916625976562500e+02
-4.306569824218750000e+02
7.995629882812500000e+01
3.487420959472656250e+02
4.062759399414062500e+02
9.292569580078125000e+02
-6.021347808837890625e+01
-1.251821136474609375e+02
1.964540405273437500e+02
6.595199584960937500e+02
4.354190673828125000e+02
-5.045563354492187500e+02
-7.376295166015625000e+02
-5.843015136718750000e+02
-2.255564117431640625e+02
1.940392456054687500e+02
-9.876728515625000000e+02
2.561739158630371094e+01
2.642715148925781250e+02
-1.647201080322265625e+02
1.693963012695312500e+02
-4.940192565917968750e+02
-8.479122161865234375e+01
8.199009399414062500e+02
4.514914245605468750e+02
-3.214126205444335938e+01
-4.977716369628906250e+02
-9.256174926757812500e+02
8.298395538330078125e+01
4.980450134277343750e+02
-1.627836823463439941e+00
-1.114331960678100586e+00
-1.612049698829650879e+00
1.684291958808898926e+00
7.344490885734558105e-01
-1.802560448646545410e+00
-1.282349944114685059e+00
-5.303786396980285645e-01
8.143801689147949219e-01
2.742547690868377686e-01
-1.866095066070556641e+00
1.113237977027893066e+00
-5.491194128990173340e-01
-1.542002260684967041e-01
-1.175661802291870117e+00
1.637867212295532227e+00
1.168912172317504883e+00
-1.453846216201782227e+00
1.071000456809997559e+00
8.188311755657196045e-02
2.662582993507385254e-01
1.792601704597473145e+00
3.661815524101257324e-01
-1.597331911325454712e-01
-1.091374039649963379e+00
-2.066663932055234909e-03
-1.246015429496765137e+00
-1.554660439491271973e+00
8.559411764144897461e-01
7.334098815917968750e-01
-1.210467100143432617e+00
-5.140178799629211426e-01
-3.849350512027740479e-01
-1.940858602523803711e+00
1.715365648269653320e+00
3.063541054725646973e-01
1.612310886383056641e+00
8.030163049697875977e-01
-8.499873876571655273e-01
-1.495546460151672363e+00
4.917266368865966797e-01
-1.985976457595825195e+00
-1.433727741241455078e+00
-1.224637851119041443e-01
6.017357707023620605e-01
4.699257016181945801e-01
8.475452065467834473e-01
7.092710733413696289e-01
1.997496247291564941e+00
1.068691730499267578e+00
1.864023327827453613e+00
-5.727995634078979492e-01
-1.693663358688354492e+00
-1.914696335792541504e+00
1.570409536361694336e-01
-1.844165682792663574e+00
-9.906061291694641113e-01
-1.494792699813842773e+00
7.554191350936889648e-01
1.285965800285339355e+00
-1.824619770050048828e+00
1.154134273529052734e+00
-7.017815709114074707e-01
-4.260183274745941162e-01
1.655053496360778809e+00
6.553900241851806641e-01
4.078583121299743652e-01
9.928697347640991211e-02
-1.654406666755676270e+00
1.364980787038803101e-01
-1.021272301673889160e+00
-5.922822356224060059e-01
7.507744431495666504e-01
6.448611021041870117e-01
3.680518642067909241e-02
1.592781662940979004e+00
1.983991384506225586e+00
-1.347989439964294434e+00
6.808257102966308594e-01
1.235249638557434082e+00
1.918321967124938965e+00
1.613615036010742188e+00
-1.936538219451904297e-01
5.634498596191406250e-01
6.750915646553039551e-01
1.922992229461669922e+00
1.025484800338745117e+00
1.286604642868041992e+00
1.440148234367370605e+00
-9.107338190078735352e-01
-8.442054986953735352e-01
1.899331092834472656e+00
-1.379567384719848633e+00
1.679048776626586914e+00
1.705841422080993652e+00
-8.406890630722045898e-01
9.252327880859375000e+02
1.408828277587890625e+02
3.863608093261718750e+02
2.256321716308593750e+02
4.219127807617187500e+02
6.072910766601562500e+02
6.204434814453125000e+02
9.726926269531250000e+02
3.860636291503906250e+02
6.002320556640625000e+02
2.626354064941406250e+02
9.553466186523437500e+02
2.079825286865234375e+02
2.669983825683593750e+02
4.650040893554687500e+02
4.312449340820312500e+02
7.668767089843750000e+02
8.767743530273437500e+02
2.477273712158203125e+02
4.642363586425781250e+02
8.760773315429687500e+02
6.394611816406250000e+02
8.514558715820312500e+02
2.403752593994140625e+02
7.295380249023437500e+02
8.344021606445312500e+01
5.424593734741210938e+01
2.333868103027343750e+02
2.055384368896484375e+02
3.454022827148437500e+02
7.196212768554687500e+02
TLAST
1.604486389160156250e+02
2415853570
9.319462280273437500e+02
5.789389648437500000e+02
-5.423502197265625000e+02
-8.636955566406250000e+02
-4.683583374023437500e+02
-3.524869384765625000e+02
-8.372035522460937500e+02
5.595270385742187500e+02
-5.499685668945312500e+02
3.298348388671875000e+02
4.437554626464843750e+02
-1.617460021972656250e+02
-5.127348022460937500e+02
-2.223925170898437500e+02
7.108693237304687500e+02
1.755792388916015625e+02
8.008317871093750000e+02
-3.557343139648437500e+02
-8.220469970703125000e+02
8.748918457031250000e+02
-6.389752197265625000e+02
1.795575714111328125e+02
8.768666381835937500e+02
4.245368041992187500e+02
2.989293823242187500e+02
-1.641749877929687500e+02
-1.042247238159179688e+02
5.713070678710937500e+02
3.948636169433593750e+02
-1.836713104248046875e+02
-2.963337326049804688e+01
-2.705450744628906250e+02
3.878082275390625000e+02
-7.552824096679687500e+02
8.264893188476562500e+02
-9.997800292968750000e+02
4.984789428710937500e+02
-3.099356079101562500e+02
1.259182586669921875e+02
3.344751892089843750e+02
5.861231689453125000e+02
-6.705399169921875000e+02
2.401041107177734375e+02
8.680767211914062500e+02
-7.162817382812500000e+02
-2.059508666992187500e+02
8.512470092773437500e+02
-2.117714385986328125e+02
9.487760620117187500e+02
-5.794003295898437500e+02
9.647500610351562500e+02
3.353400268554687500e+02
5.468835449218750000e+02
4.351810913085937500e+02
-8.695940551757812500e+02
-6.786262817382812500e+02
9.058166503906250000e+02
3.820305480957031250e+02
8.778092041015625000e+02
-3.980909118652343750e+02
6.144381713867187500e+02
8.746359252929687500e+02
4.038870849609375000e+02
-6.314487915039062500e+02
-7.614296875000000000e+02
6.639112548828125000e+02
4.820718688964843750e+02
8.846372680664062500e+02
8.351634979248046875e+01
-9.103018798828125000e+02
2.855708923339843750e+02
6.789533081054687500e+02
-9.707004547119140625e+01
-4.991069335937500000e+02
5.425657348632812500e+02
6.564697265625000000e+01
-7.551192474365234375e+01
-7.920607910156250000e+02
-8.625373535156250000e+02
8.196986694335937500e+02
-3.701234436035156250e+02
-1.302333984375000000e+02
-6.606202392578125000e+02
-6.509116210937500000e+02
7.341572570800781250e+01
6.396376953125000000e+02
-4.854966430664062500e+02
1.212125854492187500e+02
-9.713604736328125000e+02
-3.554751586914062500e+02
-6.867644653320312500e+02
2.807268066406250000e+02
6.713734741210937500e+02
9.962075195312500000e+02
9.420692138671875000e+02
-7.859085083007812500e+02
1.417762637138366699e+00
-1.392140150070190430e+00
-1.473243713378906250e+00
1.995121598243713379e+00
-8.984982967376708984e-01
8.367243409156799316e-01
1.814414024353027344e+00
-1.161583065986633301e+00
-5.680170059204101562e-01
-2.561879158020019531e-01
1.253535389900207520e+00
-1.851239986717700958e-02
-1.762854695320129395e+00
8.719208836555480957e-02
5.128121972084045410e-01
1.039019465446472168e+00
9.696071743965148926e-01
-2.474683374166488647e-01
3.836503922939300537e-01
8.530224561691284180e-01
4.393846690654754639e-01
1.033262848854064941e+00
-1.897625684738159180e+00
-1.233506441116333008e+00
-1.988319039344787598e+00
1.611109733581542969e+00
-6.857224702835083008e-01
-1.075020194053649902e+00
-1.329968571662902832e+00
6.968471407890319824e-01
1.338595867156982422e+00
-1.668644428253173828e+00
5.343187451362609863e-01
-2.228073477745056152e-01
8.608551621437072754e-01
-1.386006712913513184e+00
1.001087903976440430e+00
5.576865077018737793e-01
3.640761077404022217e-01
-1.387949705123901367e+00
-4.653884842991828918e-02
1.355571746826171875e+00
-1.784606456756591797e+00
-1.492119878530502319e-01
1.272005200386047363e+00
-1.970044136047363281e+00
1.923775196075439453e+00
8.396130800247192383e-01
-1.448928713798522949e+00
-6.284454464912414551e-01
-1.106828570365905762e+00
-9.533316493034362793e-01
7.371461391448974609e-01
1.666954874992370605e+00
-6.317728757858276367e-01
-1.105195805430412292e-01
8.556122183799743652e-01
1.344571471214294434e+00
-7.502706646919250488e-01
-4.186171293258666992e-01
1.038000702857971191e+00
1.174307584762573242e+00
4.558969438076019287e-01
3.387753069400787354e-01
-1.284333825111389160e+00
1.466597318649291992e+00
1.085603475570678711e+00
2.101322859525680542e-01
-1.456127405166625977e+00
1.613535046577453613e+00
-1.703639328479766846e-01
1.852247118949890137e+00
1.213318943977355957e+00
9.256858229637145996e-01
-1.800424933433532715e+00
4.571117162704467773e-01
1.499831199645996094e+00
1.982757210731506348e+00
1.229362964630126953e+00
1.849881649017333984e+00
1.675501167774200439e-01
-8.889786601066589355e-01
1.985347390174865723e+00
-9.283111095428466797e-01
1.753345131874084473e+00
1.246821284294128418e+00
1.775254011154174805e+00
-1.173253417015075684e+00
3.988260030746459961e-01
1.901563853025436401e-01
9.969310760498046875e-01
1.669310212135314941e+00
2.331217527389526367e-01
4.935410916805267334e-01
5.715821981430053711e-01
-2.790227234363555908e-01
6.367158203125000000e+02
4.440896301269531250e+02
1.025914688110351562e+02
4.533461303710937500e+02
7.169308471679687500e+01
8.285084228515625000e+02
2.637615661621093750e+02
1.296902770996093750e+02
8.251951293945312500e+02
9.309396362304687500e+02
7.454388427734375000e+02
5.045264720916748047e+00
4.890069885253906250e+02
2.059495697021484375e+02
9.688703155517578125e+01
4.036708984375000000e+02
1.099243927001953125e+02
8.807797241210937500e+01
5.304424667358398438e+01
7.535866088867187500e+02
4.008986206054687500e+02
8.037567749023437500e+02
4.742620086669921875e+01
4.927821350097656250e+02
3.674282073974609375e+01
8.965915527343750000e+02
2.380439453125000000e+02
6.343926391601562500e+02
8.283416748046875000e+02
2.835328063964843750e+02
7.012923583984375000e+02
TLAST
5.592576293945312500e+02
2415853571
-7.909593200683593750e+01
3.231701965332031250e+02
5.013574600219726562e+01
-8.120551147460937500e+02
-4.513522338867187500e+02
-6.540845336914062500e+02
5.573468780517578125e+01
-5.325707397460937500e+02
6.971225738525390625e+01
1.582543945312500000e+02
4.352695312500000000e+02
-5.342894287109375000e+02
-4.917273330688476562e+01
-1.094656600952148438e+02
-1.260842132568359375e+02
-7.625965576171875000e+02
3.851123352050781250e+02
7.005351562500000000e+02
-4.607725219726562500e+02
6.394962158203125000e+02
2.414411010742187500e+02
4.308699035644531250e+02
-5.561780929565429688e+00
-5.071824645996093750e+02
-4.119895935058593750e+02
-2.023685455322265625e+02
9.605016479492187500e+02
-3.610742187500000000e+02
-2.058005828857421875e+02
-1.657727355957031250e+02
6.285404663085937500e+02
7.502276611328125000e+02
-6.517287597656250000e+02
1.632602539062500000e+02
-5.319608764648437500e+02
-3.252807998657226562e+01
5.171004638671875000e+02
-7.073751831054687500e+02
-4.374263305664062500e+02
6.672098999023437500e+02
-1.649553375244140625e+02
-7.415382080078125000e+02
-6.883078002929687500e+02
-4.703192901611328125e+01
-5.486564331054687500e+02
2.496129035949707031e+01
8.237716674804687500e+01
-1.727895050048828125e+02
-7.203740844726562500e+02
-1.893038787841796875e+02
-9.916473388671875000e+02
9.383342895507812500e+02
-9.034304046630859375e+01
4.211472473144531250e+02
-5.729841918945312500e+02
4.386492614746093750e+02
7.220694580078125000e+02
-1.919319343566894531e+01
8.293695831298828125e+01
6.535781097412109375e+01
-9.305198364257812500e+02
3.039015197753906250e+02
-2.954901123046875000e+02
7.057570190429687500e+02
4.228056640625000000e+02
4.035185852050781250e+02
4.668051757812500000e+02
-5.187756958007812500e+02
3.098542785644531250e+02
1.241593742370605469e+01
-9.300191040039062500e+02
2.408456268310546875e+02
9.727369995117187500e+02
9.646735839843750000e+02
9.200490112304687500e+02
7.952580566406250000e+02
-2.413229522705078125e+02
-7.764722290039062500e+02
4.300839233398437500e+02
-1.961951904296875000e+02
1.642634124755859375e+02
-8.515158081054687500e+02
-9.113595581054687500e+02
9.112183380126953125e+01
8.000072021484375000e+02
5.768500976562500000e+02
-1.951706542968750000e+02
2.011638641357421875e+01
-5.066627502441406250e+02
-9.540065307617187500e+02
8.981396484375000000e+02
-3.906104736328125000e+02
2.394659729003906250e+02
-7.289712524414062500e+02
4.107023925781250000e+02
-9.370068359375000000e+02
2.751683294773101807e-01
-8.208919763565063477e-01
-5.468881130218505859e-01
-1.657799720764160156e+00
6.496571302413940430e-01
-1.314096093177795410e+00
-1.176725387573242188e+00
1.631215453147888184e+00
1.328423023223876953e+00
1.848501205444335938e+00
1.778754711151123047e+00
-1.881424784660339355e+00
-1.691127181053161621e+00
-1.898771405220031738e+00
-1.703586697578430176e+00
-4.858231544494628906e-01
1.298224449157714844e+00
7.589935064315795898e-01
9.860026091337203979e-02
2.554355859756469727e-01
-1.896102070808410645e+00
-1.076989322900772095e-01
-4.936631619930267334e-01
-6.074314191937446594e-02
9.873243570327758789e-01
1.439175724983215332e+00
6.493354439735412598e-01
1.178014993667602539e+00
-3.303835690021514893e-01
-1.580000519752502441e+00
-3.828851878643035889e-01
-1.828040719032287598e+00
1.079363897442817688e-01
-9.943284392356872559e-01
1.388533115386962891e+00
-1.437144041061401367e+00
1.364503383636474609e+00
-1.671761631965637207e+00
-1.399307370185852051e+00
1.899508386850357056e-01
-9.124972820281982422e-01
-1.627874374389648438e-01
1.693086624145507812e+00
-1.502334952354431152e+00
-1.535619735717773438e+00
-1.707152366638183594e+00
6.963597536087036133e-01
-1.953035444021224976e-01
-1.961284399032592773e+00
-1.651385068893432617e+00
-1.126628637313842773e+00
-1.543513417243957520e+00
-7.992628812789916992e-01
2.653959691524505615e-01
1.795535564422607422e+00
-1.254812598228454590e+00
1.300526499748229980e+00
-1.439238548278808594e+00
-5.448683500289916992e-01
1.874404311180114746e+00
-4.954547435045242310e-02
1.493060827255249023e+00
-1.312301754951477051e+00
1.251339197158813477e+00
7.028365135192871094e-01
-6.560782194137573242e-01
1.965308904647827148e+00
-3.146584630012512207e-01
1.383541941642761230e+00
-1.126880049705505371e+00
1.072860360145568848e+00
-8.126239180564880371e-01
1.584641188383102417e-01
1.699950575828552246e+00
-1.560501337051391602e+00
5.175685882568359375e-01
1.869400143623352051e+00
-6.248922944068908691e-01
-1.495425224304199219e+00
-1.584306359291076660e+00
-8.182899951934814453e-01
-1.726943701505661011e-01
-1.750044822692871094e+00
-1.569841265678405762e+00
1.452825427055358887e+00
-8.227260708808898926e-01
1.281558394432067871e+00
1.082672238349914551e+00
-2.334680408239364624e-01
-1.420302391052246094e+00
-1.456385612487792969e+00
-4.901129305362701416e-01
1.801112413406372070e+00
-1.132416367530822754e+00
1.475030660629272461e+00
-7.469468712806701660e-01
5.399481811523437500e+02
1.178949451446533203e+01
8.709198608398437500e+02
4.773730468750000000e+01
7.991584472656250000e+02
2.260759162902832031e+01
1.143824195861816406e+01
4.331688232421875000e+02
1.061802139282226562e+02
3.936608581542968750e+02
3.511726074218750000e+02
8.280284423828125000e+02
5.371583862304687500e+02
6.825501708984375000e+02
4.017655334472656250e+02
1.220859985351562500e+02
4.502008914947509766e+00
4.694155273437500000e+02
6.959633178710937500e+02
3.588364257812500000e+02
9.450958862304687500e+02
2.769530334472656250e+02
3.184325561523437500e+02
1.772042694091796875e+02
8.021258544921875000e+02
7.327445068359375000e+02
9.422798461914062500e+02
4.909907531738281250e+02
3.205875549316406250e+02
5.458449096679687500e+02
8.649091339111328125e+01
TLAST
4.308097229003906250e+02
