2415853568
-7.488169555664062500e+02
6.461992797851562500e+02
-4.351002502441406250e+02
-5.283138427734375000e+02
5.239155273437500000e+02
-9.302824707031250000e+02
6.382783203125000000e+02
-2.505994262695312500e+02
-5.532074584960937500e+02
-3.768386230468750000e+02
-4.244887084960937500e+02
-1.970067749023437500e+02
6.822141113281250000e+02
9.766973266601562500e+02
-3.725543823242187500e+02
6.515439453125000000e+02
9.850225219726562500e+02
4.281866760253906250e+02
-8.753637695312500000e+02
6.719600830078125000e+02
-4.889394378662109375e+01
6.802808380126953125e+01
6.171756591796875000e+02
9.695579223632812500e+02
-1.330696105957031250e+02
-1.984629516601562500e+02
1.297263641357421875e+02
7.988848876953125000e+02
-5.434251708984375000e+02
-9.330136108398437500e+02
9.145246124267578125e+01
4.408685302734375000e+02
6.282598876953125000e+02
9.832649536132812500e+02
8.367055664062500000e+02
5.707062988281250000e+02
6.885070800781250000e+02
-3.757222595214843750e+02
-2.885603027343750000e+02
-9.631496582031250000e+02
-1.504959564208984375e+02
-5.499732666015625000e+02
-3.955592727661132812e+01
3.908590393066406250e+02
7.412395629882812500e+02
2.769338073730468750e+02
4.313307800292968750e+02
-6.164136352539062500e+02
-2.423124084472656250e+02
-1.426746978759765625e+02
-2.207509307861328125e+02
8.862067260742187500e+02
1.758699493408203125e+02
9.020808715820312500e+02
3.062340087890625000e+02
5.431145629882812500e+02
4.721152648925781250e+02
4.550730285644531250e+02
3.549602966308593750e+02
8.410908203125000000e+02
-9.443070678710937500e+02
-5.486121826171875000e+02
8.584584960937500000e+02
-2.802732849121093750e+02
1.826201248168945312e+01
-3.043747558593750000e+02
1.339007110595703125e+02
-9.659229125976562500e+02
1.108465270996093750e+02
4.612228698730468750e+02
4.216990356445312500e+02
-6.766606903076171875e+01
-4.254900512695312500e+02
-5.621011352539062500e+02
4.796398620605468750e+02
8.412584838867187500e+02
-2.639701538085937500e+02
1.055124435424804688e+02
-1.534251403808593750e+02
-7.496640625000000000e+02
5.652036666870117188e+01
-5.123385009765625000e+02
-1.048371200561523438e+02
7.998883666992187500e+02
-6.385366210937500000e+02
-4.642415771484375000e+02
1.121282653808593750e+02
7.658391723632812500e+02
-2.851739196777343750e+02
9.278507995605468750e+01
-1.649805908203125000e+02
4.005473937988281250e+02
8.161890869140625000e+02
-8.669525756835937500e+02
-5.127276000976562500e+02
-9.824357299804687500e+02
1.077122449874877930e+00
-8.477856516838073730e-01
-8.384230732917785645e-01
1.573925852775573730e+00
1.935383319854736328e+00
1.965111255645751953e+00
1.276614785194396973e+00
-1.114158630371093750e+00
-1.668411612510681152e+00
-2.522311806678771973e-01
1.716575026512145996e+00
1.589023351669311523e+00
-1.027270197868347168e+00
1.357254385948181152e+00
-8.532451093196868896e-02
8.423839211463928223e-01
1.841349363327026367e+00
-1.945036888122558594e+00
2.843950688838958740e-01
-1.466371417045593262e+00
1.937273621559143066e+00
-8.431011438369750977e-01
-5.647757053375244141e-01
-4.535956978797912598e-01
-4.951850697398185730e-02
9.304928779602050781e-02
-1.510661244392395020e+00
1.623736858367919922e+00
-6.881100535392761230e-01
-1.714864015579223633e+00
-1.083752632141113281e+00
1.816436886787414551e+00
-8.721305131912231445e-01
4.119769111275672913e-02
1.441466450691223145e+00
-1.193514704704284668e+00
-5.851771235466003418e-01
-4.968032836914062500e-01
2.524228394031524658e-01
1.977616906166076660e+00
1.700900554656982422e+00
1.354390501976013184e+00
8.345686197280883789e-01
-1.767698884010314941e+00
2.321607470512390137e-01
-1.221904873847961426e+00
-1.433636546134948730e+00
-8.940146565437316895e-01
4.273605346679687500e-01
1.207812547683715820e+00
5.206626653671264648e-01
-9.901005625724792480e-01
1.120533823966979980e+00
3.892833292484283447e-01
-1.051582813262939453e+00
1.833221673965454102e+00
6.936066150665283203e-01
-6.723283529281616211e-01
-5.434997081756591797e-01
8.797270059585571289e-02
6.255221366882324219e-01
1.307307720184326172e+00
-2.997831702232360840e-01
1.388167977333068848e+00
7.096183896064758301e-01
1.567873358726501465e-01
-1.593016624450683594e+00
-9.536939263343811035e-01
-6.710756570100784302e-02
1.385314345359802246e+00
1.869224011898040771e-01
9.088451862335205078e-01
-9.819363057613372803e-02
7.682155966758728027e-01
8.825439810752868652e-01
-1.458656787872314453e+00
1.226447224617004395e+00
-1.095307350158691406e+00
1.345347642898559570e+00
5.470197200775146484e-01
-2.885518409311771393e-02
-1.870150923728942871e+00
1.536525964736938477e+00
1.482680559158325195e+00
1.942020297050476074e+00
1.146722555160522461e+00
-1.586754322052001953e+00
1.921764969825744629e+00
3.280412554740905762e-01
2.712036669254302979e-01
-1.412591814994812012e+00
-1.227983117103576660e+00
1.205895662307739258e+00
-1.752605199813842773e+00
2.064571678638458252e-01
1.464174270629882812e+00
4.040444030761718750e+02
6.821732330322265625e+01
7.889630126953125000e+02
3.036936645507812500e+02
4.220069885253906250e+01
3.034110107421875000e+02
6.978280029296875000e+02
1.577849273681640625e+02
1.791555175781250000e+02
5.348412475585937500e+02
6.692058105468750000e+02
8.050702667236328125e+01
9.610565185546875000e+02
7.289750366210937500e+02
1.362151432037353516e+01
8.480657958984375000e+02
4.820263366699218750e+02
1.746818351745605469e+01
2.328441772460937500e+02
5.060619812011718750e+02
6.213914184570312500e+02
6.262206420898437500e+02
9.416779174804687500e+02
5.513586044311523438e+01
1.463639736175537109e+01
4.332938842773437500e+02
6.038122558593750000e+02
5.934010009765625000e+02
4.309437561035156250e+02
3.046952209472656250e+02
7.170009155273437500e+02
TLAST
5.120756530761718750e+01
2415853569
7.469335327148437500e+02
2.590620727539062500e+02
2.306463775634765625e+02
3.801316223144531250e+02
-8.464330444335937500e+02
8.147541503906250000e+02
6.883529663085937500e+02
3.062229537963867188e+01
3.400332336425781250e+02
-1.041226654052734375e+02
4.195993347167968750e+02
8.868185043334960938e+00
1.324908161163330078e+01
1.701504669189453125e+02
-5.945459594726562500e+02
-1.031498870849609375e+02
3.794371643066406250e+02
-3.466946792602539062e+01
9.559974670410156250e+01
-2.998839721679687500e+02
5.929087524414062500e+02
-4.669024658203125000e+02
-6.494351806640625000e+02
-2.690218811035156250e+02
-8.895631432533264160e-01
8.071636352539062500e+02
-5.130159912109375000e+02
-9.326270141601562500e+02
-1.679189300537109375e+02
-3.899514770507812500e+02
-1.084632034301757812e+02
2.544919586181640625e+02
-6.843125000000000000e+02
7.820783691406250000e+02
-1.137277145385742188e+02
8.628421630859375000e+02
-3.410343933105468750e+02
9.748368530273437500e+02
-3.048976745605468750e+02
9.368423461914062500e+02
-5.807100219726562500e+02
-7.532543334960937500e+02
-8.540166473388671875e+01
9.988607177734375000e+02
4.487817382812500000e+02
-7.624345092773437500e+02
-2.063665580749511719e+01
-6.801285400390625000e+02
-8.405598144531250000e+02
2.508670043945312500e+01
-6.375786743164062500e+02
3.276829833984375000e+02
-5.510910034179687500e+02
-3.959681320190429688e+01
-7.428942871093750000e+02
7.587718505859375000e+02
-1.642579650878906250e+02
-8.029524536132812500e+02
-7.807362060546875000e+02
-1.775694580078125000e+02
4.454613647460937500e+02
8.673203277587890625e+01
-7.166566162109375000e+02
3.167792663574218750e+02
5.188101196289062500e+02
1.132489242553710938e+02
6.448916625976562500e+02
-1.967279815673828125e+01
1.460442447662353516e+01
-7.067551879882812500e+02
4.506350402832031250e+02
1.581965789794921875e+02
-6.173558349609375000e+02
-7.281613159179687500e+02
-4.785844726562500000e+02
5.904953613281250000e+02
-4.688850708007812500e+02
3.746025695800781250e+02
-9.642697753906250000e+02
-8.291119384765625000e+02
7.591204071044921875e+01
8.042043457031250000e+02
7.712069702148437500e+02
-5.267287597656250000e+02
6.597025756835937500e+02
-5.621819458007812500e+02
-3.935880432128906250e+02
3.422273864746093750e+02
-2.329585418701171875e+02
8.357495727539062500e+02
3.155740051269531250e+02
5.830906372070312500e+02
3.084399719238281250e+02
9.419261474609375000e+02
-3.161206054687500000e+02
3.709027404785156250e+02
7.892807126045227051e-01
1.975390911102294922e+00
4.784709513187408447e-01
1.569571495056152344e+00
-5.623114109039306641e-01
8.164045214653015137e-01
-1.323027372360229492e+00
-1.455534100532531738e+00
-5.297218561172485352e-01
1.832968741655349731e-01
1.418697118759155273e+00
-3.375392556190490723e-01
-9.818080067634582520e-02
1.532372474670410156e+00
-9.256953597068786621e-01
1.357549667358398438e+00
1.171971559524536133e+00
5.417094230651855469e-01
4.194228947162628174e-01
-1.170371890068054199e+00
3.464936316013336182e-01
1.793570399284362793e+00
7.216966152191162109e-01
-8.921018838882446289e-01
-4.073524177074432373e-01
-3.317383527755737305e-01
-7.325986027717590332e-01
-1.415929794311523438e-01
-7.443412542343139648e-01
-1.254712939262390137e+00
-1.750402569770812988e+00
5.528474450111389160e-01
-1.249813437461853027e+00
1.926118373870849609e+00
1.626724243164062500e+00
-2.656856179237365723e-01
-9.170460700988769531e-01
1.670553326606750488e+00
-9.472880959510803223e-01
-1.381030082702636719e+00
1.759764671325683594e+00
-1.909595280885696411e-01
-1.039351582527160645e+00
-1.812893271446228027e+00
1.415403366088867188e+00
-1.167618393898010254e+00
1.907720603048801422e-02
-1.173229455947875977e+00
-4.433318078517913818e-01
1.533859133720397949e+00
-1.679137706756591797e+00
1.843027234077453613e+00
1.046901583671569824e+00
-5.846560373902320862e-02
1.864521026611328125e+00
-1.406378865242004395e+00
1.963067352771759033e-01
1.602032184600830078e+00
1.999547600746154785e+00
1.074214577674865723e+00
6.839031726121902466e-02
-5.798509716987609863e-01
-1.134101867675781250e+00
1.698547840118408203e+00
-1.818682551383972168e+00
7.229061126708984375e-01
1.695189833641052246e+00
-1.844372749328613281e+00
1.852866411209106445e+00
1.253747224807739258e+00
1.803997039794921875e+00
1.441955804824829102e+00
1.311376214027404785e+00
2.415956407785415649e-01
3.837293684482574463e-01
1.612726569175720215e+00
1.665378689765930176e+00
-1.476451873779296875e+00
-8.624169826507568359e-01
6.791450977325439453e-01
9.189208745956420898e-01
1.987336635589599609e+00
1.607896327972412109e+00
-9.129981994628906250e-01
1.400080919265747070e+00
-5.042709112167358398e-01
-4.724393784999847412e-01
-1.585788726806640625e+00
-1.478366255760192871e+00
7.670707106590270996e-01
-1.243842959403991699e+00
-6.643590927124023438e-01
-1.327374815940856934e+00
-9.859408438205718994e-02
-1.728361845016479492e+00
9.685437083244323730e-01
6.932107543945312500e+01
4.372017669677734375e+01
7.972539062500000000e+02
3.862578735351562500e+02
7.616751708984375000e+02
8.379687500000000000e+02
5.272308349609375000e+02
6.698690795898437500e+01
3.674309692382812500e+02
8.115838623046875000e+02
9.121202392578125000e+02
9.528777465820312500e+02
5.423680496215820312e+01
4.460131225585937500e+02
9.960288047790527344e+00
1.046729812622070312e+02
3.656204223632812500e+02
8.261961936950683594e+00
7.648676147460937500e+02
6.780771484375000000e+02
9.788047485351562500e+02
4.335955810546875000e+02
6.639423217773437500e+02
6.386331787109375000e+02
6.347708740234375000e+02
9.211325683593750000e+02
7.243237304687500000e+02
9.165446472167968750e+01
1.548522949218750000e+02
1.682069244384765625e+02
5.509730834960937500e+02
TLAST
3.490644836425781250e+02
2415853570
-6.583669433593750000e+02
-7.024785156250000000e+02
-1.791492156982421875e+02
-2.696492309570312500e+02
-2.591294555664062500e+02
3.735688781738281250e+02
-1.800102043151855469e+01
-9.741726684570312500e+01
-9.781074829101562500e+02
-6.471942749023437500e+02
6.408129882812500000e+02
-3.939781188964843750e+02
-5.612969970703125000e+01
-1.571767120361328125e+02
-3.478592834472656250e+02
-8.875607910156250000e+02
7.589461669921875000e+02
3.722109680175781250e+02
-9.146938323974609375e+01
9.708081665039062500e+02
-5.671407470703125000e+02
-6.285540161132812500e+02
-8.316576385498046875e+01
-6.339988403320312500e+02
2.249755706787109375e+02
7.066317138671875000e+02
-1.983233489990234375e+02
-8.804827880859375000e+02
9.382712402343750000e+02
-4.539158020019531250e+02
7.954242553710937500e+02
9.404189453125000000e+02
-5.487172241210937500e+02
-4.170202941894531250e+02
-4.950188598632812500e+02
-8.468838500976562500e+01
-3.042723693847656250e+02
-3.733558044433593750e+02
-2.948272705078125000e+02
-4.602929077148437500e+02
6.443146362304687500e+02
-8.880223388671875000e+02
1.082538986206054688e+02
-5.644456176757812500e+02
-5.859278564453125000e+02
-2.081942901611328125e+02
-3.887304687500000000e+02
7.378911132812500000e+02
-1.402308197021484375e+02
6.253562011718750000e+02
9.985098266601562500e+02
9.793846435546875000e+02
9.796976318359375000e+02
-5.412075195312500000e+02
1.634653930664062500e+02
-5.591074829101562500e+02
-2.220095977783203125e+02
-2.347357177734375000e+02
5.804515991210937500e+02
-4.372653198242187500e+02
8.949361419677734375e+01
3.464739990234375000e+02
8.217151489257812500e+02
2.576142883300781250e+02
7.641351928710937500e+02
-4.244395141601562500e+02
-5.322006835937500000e+02
-5.580239257812500000e+02
-2.555266113281250000e+02
-2.821021118164062500e+02
4.204825134277343750e+02
2.234573516845703125e+02
2.336613922119140625e+02
4.343829956054687500e+02
4.544870910644531250e+02
7.800422363281250000e+02
-5.701292724609375000e+02
1.385024719238281250e+02
3.933378906250000000e+02
-1.472467498779296875e+02
-9.261873779296875000e+02
-5.788454055786132812e+01
9.227727661132812500e+02
-2.709993362426757812e+01
-8.859680175781250000e+01
5.346938476562500000e+02
7.594510498046875000e+02
6.739083251953125000e+02
3.746030426025390625e+01
-4.628672409057617188e+01
9.992409057617187500e+02
9.452484741210937500e+02
-5.279957275390625000e+02
-5.950973510742187500e+02
-3.689213943481445312e+01
5.580791015625000000e+02
-5.528197884559631348e-01
-1.581580042839050293e-01
1.350356936454772949e+00
-4.987575709819793701e-01
-1.144105315208435059e+00
1.156242012977600098e+00
-1.276208519935607910e+00
-2.948572039604187012e-01
9.075897336006164551e-01
-4.151817262172698975e-01
-1.976501345634460449e+00
1.655814290046691895e+00
5.350903868675231934e-01
1.717665314674377441e+00
-1.555657863616943359e+00
9.395912289619445801e-01
1.509578585624694824e+00
1.280713081359863281e+00
1.717992186546325684e+00
-8.244701623916625977e-01
1.060101032257080078e+00
-9.096861481666564941e-01
-1.106350064277648926e+00
-1.398551583290100098e+00
-1.575488150119781494e-01
1.886785149574279785e+00
-1.821705460548400879e+00
1.609738469123840332e+00
1.149847745895385742e+00
1.859379410743713379e+00
8.091053366661071777e-01
-1.620985984802246094e+00
-1.355566978454589844e+00
-1.909206390380859375e+00
-9.766080975532531738e-01
-8.952096104621887207e-01
1.493430882692337036e-01
-1.257581949234008789e+00
-1.448488593101501465e+00
-8.286224305629730225e-02
-1.899904370307922363e+00
-6.086488962173461914e-01
-1.960518024861812592e-02
-8.771596848964691162e-02
-1.100543260574340820e+00
5.800610184669494629e-01
1.460101842880249023e+00
-1.560748815536499023e+00
-9.716878533363342285e-01
-7.112722992897033691e-01
1.347956895828247070e+00
-4.537339210510253906e-01
-1.244167685508728027e+00
-1.610785603523254395e+00
-5.917930603027343750e-02
7.227900028228759766e-01
6.590000987052917480e-01
1.958542227745056152e+00
-1.536000490188598633e+00
-1.435539722442626953e+00
2.243301272392272949e-01
-1.156176924705505371e-01
-1.808759808540344238e+00
6.608842611312866211e-01
8.123483061790466309e-01
1.059279441833496094e+00
1.310053110122680664e+00
7.779674530029296875e-01
-5.696517825126647949e-01
-1.516858935356140137e+00
1.536579489707946777e+00
4.973990619182586670e-01
1.134694337844848633e+00
-1.005394756793975830e-01
-5.117520689964294434e-01
3.197391331195831299e-01
-1.701781630516052246e+00
1.815245866775512695e+00
-1.656464695930480957e+00
7.449972629547119141e-01
-1.656882882118225098e+00
1.419424176216125488e+00
-4.585236907005310059e-01
-1.688170075416564941e+00
-4.424149170517921448e-02
1.289534807205200195e+00
7.369148135185241699e-01
-8.668867349624633789e-01
2.468618750572204590e-02
9.270070195198059082e-01
-1.960161805152893066e+00
-7.553474903106689453e-01
-8.268651962280273438e-01
-9.415488243103027344e-01
1.760053396224975586e+00
-1.494517922401428223e+00
5.312712402343750000e+02
7.657515258789062500e+02
1.125139083862304688e+02
7.646683959960937500e+02
6.831290893554687500e+02
7.651795196533203125e+01
9.297765502929687500e+02
8.828244628906250000e+02
9.200491943359375000e+02
2.318153381347656250e+00
6.573253784179687500e+02
7.566524658203125000e+02
7.427973022460937500e+02
5.914160766601562500e+02
6.895771026611328125e+01
8.417047882080078125e+01
7.440961303710937500e+02
4.647093200683593750e+02
6.356382446289062500e+02
8.567225646972656250e+01
2.843279113769531250e+02
1.491139526367187500e+02
2.835606079101562500e+02
9.364414062500000000e+02
4.888834838867187500e+02
4.866189575195312500e+02
9.871038055419921875e+01
7.712830352783203125e+01
5.210068511962890625e+01
2.097779083251953125e+02
1.976944885253906250e+02
TLAST
9.243540649414062500e+02
2415853571
4.971079101562500000e+02
-6.892824707031250000e+02
8.163843383789062500e+02
-7.583466796875000000e+02
-6.138643188476562500e+02
-6.468316040039062500e+02
9.169682006835937500e+02
-5.533604736328125000e+02
-6.981669311523437500e+02
6.970686645507812500e+02
-8.560479736328125000e+02
1.904248237609863281e+01
-3.725794372558593750e+02
8.703728027343750000e+02
-5.893416137695312500e+02
6.030831909179687500e+02
4.901340026855468750e+02
5.673922729492187500e+02
-9.191819000244140625e+01
-4.612904052734375000e+02
-2.894968261718750000e+02
8.141136474609375000e+02
8.418551635742187500e+02
-8.765408935546875000e+02
4.562755126953125000e+02
-3.140555114746093750e+02
4.208980712890625000e+02
-4.968500976562500000e+02
4.188012695312500000e+02
-2.951253356933593750e+02
-5.797974243164062500e+02
6.290530395507812500e+02
5.358071899414062500e+01
-8.278688354492187500e+02
-1.420260162353515625e+02
-7.307666015625000000e+02
3.505786743164062500e+02
-7.781088256835937500e+02
9.736740112304687500e+02
9.215634155273437500e+02
-7.533607177734375000e+02
1.642382049560546875e+02
5.911857910156250000e+02
9.365958404541015625e+01
4.801330261230468750e+02
1.090125198364257812e+02
7.755962524414062500e+02
-9.281124877929687500e+02
-2.171202850341796875e+02
9.240935058593750000e+02
7.755548095703125000e+02
1.073358535766601562e+02
-9.834437255859375000e+02
-4.775053100585937500e+02
-7.649776458740234375e+01
4.304265136718750000e+02
4.505811462402343750e+02
5.116567077636718750e+02
4.867507934570312500e+01
-4.715204772949218750e+02
8.315590209960937500e+02
-2.418132019042968750e+02
3.629820251464843750e+02
-7.557794799804687500e+02
3.651339111328125000e+02
6.444489135742187500e+02
5.781439208984375000e+02
-4.427572631835937500e+02
-1.090810775756835938e+02
2.374218750000000000e+02
6.791340942382812500e+02
-8.363839111328125000e+02
-8.086768798828125000e+02
-5.310299682617187500e+02
-1.708577728271484375e+02
-4.215769958496093750e+02
4.845180664062500000e+02
9.671271972656250000e+02
2.745627441406250000e+02
-8.591170043945312500e+02
1.534004669189453125e+02
6.964384155273437500e+02
5.999891967773437500e+02
-9.803184814453125000e+02
3.334766845703125000e+02
-2.989861450195312500e+02
2.592403564453125000e+02
-8.788759155273437500e+02
4.445994873046875000e+02
-5.837395019531250000e+02
4.487004089355468750e+02
4.519736328125000000e+02
-9.039161987304687500e+02
-6.414515991210937500e+02
-5.296845092773437500e+02
3.457084655761718750e+02
3.311296999454498291e-01
1.789475232362747192e-01
1.696838498115539551e+00
1.204567551612854004e+00
4.137474596500396729e-01
-1.329649686813354492e+00
-5.583992004394531250e-01
-1.009963989257812500e+00
-1.184280514717102051e+00
1.087978839874267578e+00
-5.419457554817199707e-01
1.523992180824279785e+00
-8.495252132415771484e-01
3.036449253559112549e-01
1.568272948265075684e+00
1.848813056945800781e+00
-1.260300517082214355e+00
-7.960973381996154785e-01
1.977355241775512695e+00
-8.058947920799255371e-01
1.979032754898071289e+00
9.881479740142822266e-01
-4.184455573558807373e-01
-4.079547226428985596e-01
1.762426495552062988e+00
1.419014334678649902e-01
1.192070960998535156e+00
-1.427941322326660156e+00
-2.969428896903991699e-02
1.356986403465270996e+00
1.614731192588806152e+00
1.102974653244018555e+00
1.059848070144653320e+00
2.976669371128082275e-01
1.295144576579332352e-02
-4.497727155685424805e-01
1.379134058952331543e+00
5.206127762794494629e-01
-1.177498698234558105e+00
1.226281881332397461e+00
-3.001165688037872314e-01
1.842851877212524414e+00
-1.562073528766632080e-01
9.847518056631088257e-02
1.128121376037597656e+00
1.516051769256591797e+00
-1.591801166534423828e+00
-2.727790474891662598e-01
1.499236106872558594e+00
-1.100746631622314453e+00
-6.460637450218200684e-01
-1.563151359558105469e+00
3.423571586608886719e-01
6.028591990470886230e-01
-1.366888403892517090e+00
8.036382198333740234e-01
1.331086277961730957e+00
-3.317488729953765869e-01
1.822659373283386230e+00
-1.096066832542419434e+00
5.493548512458801270e-01
3.439258635044097900e-01
-8.009115457534790039e-01
1.619910001754760742e+00
1.582961320877075195e+00
-1.172260046005249023e+00
3.838541805744171143e-01
-1.324437022209167480e+00
6.424285769462585449e-01
4.152913987636566162e-01
-1.034036278724670410e+00
-2.556452155113220215e-01
-1.178734898567199707e+00
-5.806313157081604004e-01
1.189201831817626953e+00
-7.500586509704589844e-01
8.545294404029846191e-01
-1.117488741874694824e+00
-1.252866506576538086e+00
1.025196790695190430e+00
1.658417582511901855e+00
-5.546795725822448730e-01
-1.242302775382995605e+00
1.519798994064331055e+00
1.130654454231262207e+00
9.819367527961730957e-01
1.694152593612670898e+00
-1.499584197998046875e+00
-8.897117376327514648e-01
2.584525644779205322e-01
-4.181974232196807861e-01
-1.728443980216979980e+00
1.036078691482543945e+00
-4.637697637081146240e-01
-5.537475347518920898e-01
1.895813792943954468e-01
7.820438232421875000e+02
1.774445495605468750e+02
7.063523559570312500e+02
1.194548873901367188e+02
8.543668823242187500e+02
4.907757263183593750e+02
2.296142883300781250e+02
6.270917358398437500e+02
2.644453125000000000e+02
5.492752685546875000e+02
1.563873596191406250e+02
7.078409423828125000e+02
4.842886047363281250e+02
4.142363281250000000e+02
1.260633087158203125e+02
5.830211791992187500e+02
1.792772827148437500e+02
2.060464019775390625e+02
8.759494628906250000e+02
3.393110656738281250e+02
7.042910156250000000e+02
6.980011749267578125e+01
2.306006164550781250e+02
1.662627716064453125e+02
8.659418334960937500e+02
9.501232299804687500e+02
8.441938476562500000e+02
2.989952850341796875e+01
9.625492553710937500e+02
7.593180541992187500e+02
6.898311157226562500e+02
TLAST
2.188968658447265625e+02
