2415853568
7.574638061523437500e+02
-4.362830200195312500e+02
-5.540031738281250000e+02
1.026852340698242188e+02
5.706067276000976562e+01
4.203756408691406250e+02
-2.648181762695312500e+02
-4.257079467773437500e+02
3.381398010253906250e+02
-6.318909301757812500e+02
-1.710426330566406250e+01
-4.330083312988281250e+02
3.351409301757812500e+02
7.428414916992187500e+01
1.623916931152343750e+02
2.834924926757812500e+02
6.240629882812500000e+02
-3.963905334472656250e+02
-3.447706604003906250e+02
-6.794328002929687500e+02
-4.665358581542968750e+02
-6.619235229492187500e+02
-6.792988891601562500e+02
-3.449544982910156250e+02
-5.262214965820312500e+02
-1.316112213134765625e+02
-3.742345809936523438e+01
-9.537533569335937500e+02
8.950324707031250000e+02
4.149365844726562500e+02
7.759020996093750000e+02
1.069720535278320312e+02
8.038430786132812500e+02
4.820188293457031250e+02
1.171796035766601562e+02
4.600304870605468750e+02
-7.369674682617187500e+01
-7.080876464843750000e+02
8.155780639648437500e+02
-5.647215576171875000e+02
8.262558593750000000e+02
3.293559265136718750e+02
4.240832519531250000e+02
3.097052612304687500e+02
5.173932495117187500e+02
-6.105120086669921875e+01
-7.515292358398437500e+02
9.559416503906250000e+02
-3.205796813964843750e+01
-9.911018066406250000e+02
-9.877633056640625000e+02
7.401483154296875000e+02
4.230306396484375000e+02
5.553352050781250000e+02
3.594954528808593750e+02
-5.802316284179687500e+02
-2.595484924316406250e+02
-7.620850830078125000e+02
5.864342651367187500e+02
3.254469299316406250e+02
8.547604980468750000e+02
5.923129272460937500e+01
-5.197687988281250000e+02
2.979342346191406250e+02
-7.605612182617187500e+02
-2.286944580078125000e+02
5.116307983398437500e+02
8.889547729492187500e+02
1.482921600341796875e+02
-2.614469299316406250e+02
-1.327441253662109375e+02
8.562197875976562500e+02
-7.711694335937500000e+02
-6.846089172363281250e+01
5.053532104492187500e+02
-8.516554260253906250e+01
-8.518712768554687500e+02
-2.774433288574218750e+02
2.996045227050781250e+02
-8.333330078125000000e+02
3.967092285156250000e+02
8.528331909179687500e+02
-9.966066284179687500e+02
6.304016723632812500e+02
-8.722286376953125000e+02
6.228121337890625000e+02
-1.632732696533203125e+02
-1.194237422943115234e+01
6.899976348876953125e+01
-1.240946044921875000e+02
7.593088378906250000e+02
-1.441552276611328125e+02
5.337058715820312500e+02
-9.886864013671875000e+02
-4.926763305664062500e+02
1.734309997558593750e+02
-1.915391087532043457e+00
6.218196153640747070e-01
1.668799400329589844e+00
-3.351157009601593018e-01
-2.096042782068252563e-01
1.603889226913452148e+00
1.332767367362976074e+00
1.997824192047119141e+00
-1.723178744316101074e+00
-1.335562586784362793e+00
-1.135272741317749023e+00
8.495476245880126953e-01
6.338077187538146973e-01
-2.797314822673797607e-01
-1.589766979217529297e+00
1.179276347160339355e+00
-3.572592139244079590e-01
-1.081711530685424805e+00
1.547606110572814941e+00
1.024415731430053711e+00
-1.197571635246276855e+00
1.453818678855895996e+00
-1.415765404701232910e+00
-1.356135845184326172e+00
-8.634027242660522461e-01
1.283893942832946777e+00
9.046648740768432617e-01
-9.547653794288635254e-01
-9.146565198898315430e-01
-1.610066890716552734e+00
1.039506793022155762e+00
-1.792807459831237793e+00
-1.360139727592468262e+00
3.883985280990600586e-01
-6.870257109403610229e-02
-6.406652331352233887e-01
-1.116611361503601074e+00
1.057582378387451172e+00
-5.607384443283081055e-01
1.686305165290832520e+00
-6.395645141601562500e-01
1.776032447814941406e+00
-3.986403644084930420e-01
1.387435078620910645e+00
-1.111669182777404785e+00
-1.998467206954956055e+00
-1.472027182579040527e+00
1.037012815475463867e+00
1.805335044860839844e+00
1.828084945678710938e+00
-7.817298769950866699e-01
-1.074469685554504395e+00
7.685178518295288086e-02
-2.503688633441925049e-01
3.769500851631164551e-01
-1.566680192947387695e+00
8.660965561866760254e-01
-1.302997827529907227e+00
-3.556898534297943115e-01
-1.674779653549194336e-01
1.107842922210693359e+00
8.539759516716003418e-01
1.401074051856994629e+00
-1.103906273841857910e+00
-1.826575756072998047e+00
8.776158094406127930e-02
9.917326569557189941e-01
-7.335543632507324219e-01
-1.298474669456481934e+00
-1.817780852317810059e+00
1.014854907989501953e+00
1.610185384750366211e+00
1.620602250099182129e+00
8.838392496109008789e-01
-1.791258901357650757e-01
-7.117915153503417969e-01
1.811419367790222168e+00
-1.071024894714355469e+00
7.708957791328430176e-01
-1.007849931716918945e+00
-6.854788064956665039e-01
-1.775879144668579102e+00
4.160914123058319092e-01
-9.169117808341979980e-01
5.610904693603515625e-01
-1.454838395118713379e+00
1.886236667633056641e+00
7.699183821678161621e-01
-9.147928357124328613e-01
1.062107324600219727e+00
-1.900820136070251465e+00
6.947638392448425293e-01
-1.946604609489440918e+00
1.158350586891174316e+00
9.907262325286865234e-01
-4.120801389217376709e-01
8.790098876953125000e+02
7.191198730468750000e+02
4.494282226562500000e+02
6.586592102050781250e+01
2.907587585449218750e+02
1.275064697265625000e+02
3.240551147460937500e+02
6.394797973632812500e+02
5.317974243164062500e+02
8.220518188476562500e+02
3.897463989257812500e+02
4.892580871582031250e+02
1.876043243408203125e+02
3.155496215820312500e+02
9.118196411132812500e+02
8.274171752929687500e+02
6.769909667968750000e+02
2.173372650146484375e+02
3.330627441406250000e+02
8.364486083984375000e+02
3.863563232421875000e+02
2.010332183837890625e+02
2.583313903808593750e+02
3.700233764648437500e+02
7.461948852539062500e+02
9.630581054687500000e+02
7.258192443847656250e+01
7.309682006835937500e+02
3.964810180664062500e+01
2.862908630371093750e+02
6.863096313476562500e+02
TLAST
8.101590576171875000e+02
2415853569
-3.326396484375000000e+02
-1.197940521240234375e+02
4.165071105957031250e+02
6.261486816406250000e+02
1.171219024658203125e+02
-5.767587890625000000e+02
7.013257446289062500e+02
-9.281198730468750000e+02
4.952236938476562500e+02
-4.691531677246093750e+02
2.603028869628906250e+02
8.411346435546875000e+01
-6.294521331787109375e+01
7.104914093017578125e+01
-3.729046325683593750e+02
3.301549987792968750e+02
-2.745440979003906250e+02
-3.369743652343750000e+02
5.155020904541015625e+01
2.258903350830078125e+02
8.181666259765625000e+02
9.090113830566406250e+01
-8.270991210937500000e+02
-5.743365478515625000e+02
-9.022927246093750000e+02
7.910436248779296875e+01
-3.382026672363281250e+02
1.712278594970703125e+02
9.607446899414062500e+02
6.977139892578125000e+02
1.710383758544921875e+02
-8.123007812500000000e+02
8.734700317382812500e+02
2.045940017700195312e+01
-9.975159454345703125e+01
-1.412262115478515625e+02
9.646729736328125000e+02
-2.620632934570312500e+02
4.425081176757812500e+02
1.474149322509765625e+02
7.064671020507812500e+02
-4.505119705200195312e+01
9.972830200195312500e+02
9.465677490234375000e+02
-4.360410461425781250e+02
2.819647521972656250e+02
4.252038574218750000e+02
-7.856990966796875000e+02
1.507991485595703125e+02
5.839215087890625000e+02
-6.542299804687500000e+02
-9.469716186523437500e+02
1.633482971191406250e+02
-8.159262084960937500e+02
6.458543090820312500e+02
-7.215748901367187500e+02
1.032675781250000000e+02
-7.226552124023437500e+02
-2.144563140869140625e+02
-1.346820983886718750e+02
-2.830652465820312500e+02
2.087037506103515625e+02
6.865074462890625000e+02
5.411671142578125000e+02
4.083849792480468750e+02
-1.003310089111328125e+02
7.462912597656250000e+02
5.305233764648437500e+02
-4.141323242187500000e+02
-8.759264373779296875e+01
-7.988316040039062500e+02
-6.246263885498046875e+01
-3.276781921386718750e+02
8.829716796875000000e+02
6.080853271484375000e+02
2.567391967773437500e+02
-7.338569335937500000e+02
-6.752280273437500000e+02
8.558863830566406250e+01
8.476149291992187500e+02
6.202510986328125000e+02
8.443908081054687500e+02
-2.714812927246093750e+02
6.494544677734375000e+02
-5.212363052368164062e+01
-7.890780029296875000e+02
-1.848300781250000000e+02
5.223465576171875000e+02
-8.147852172851562500e+02
6.673753662109375000e+02
5.809424438476562500e+02
-1.720602798461914062e+01
-1.346015167236328125e+01
8.679259643554687500e+02
-9.357926635742187500e+02
5.710330810546875000e+02
-1.892176717519760132e-01
1.143680572509765625e+00
-1.516232728958129883e+00
-1.186805129051208496e+00
9.488008022308349609e-01
1.023664951324462891e+00
-1.307798266410827637e+00
9.555544853210449219e-01
-1.103045225143432617e+00
-1.253708958625793457e+00
-1.860513329505920410e+00
-9.527131915092468262e-01
-4.429444670677185059e-02
1.436972022056579590e+00
1.541267991065979004e+00
1.185080170631408691e+00
-1.909939013421535492e-02
6.191698908805847168e-01
-1.199151396751403809e+00
1.613993048667907715e+00
-5.244022011756896973e-01
-4.164982438087463379e-01
1.410418629646301270e+00
1.254606008529663086e+00
-1.039327740669250488e+00
-1.123421192169189453e+00
1.878545284271240234e+00
-1.919887304306030273e+00
-1.632528305053710938e+00
-3.734889328479766846e-01
-5.781587958335876465e-01
2.562179267406463623e-01
-1.369696974754333496e+00
1.553936839103698730e+00
1.351022481918334961e+00
8.325371742248535156e-01
1.198753476142883301e+00
-1.207870364189147949e+00
1.628314733505249023e+00
-6.317391395568847656e-01
2.430556714534759521e-01
1.987041831016540527e+00
8.610020875930786133e-01
1.867595434188842773e+00
-7.074672579765319824e-01
-1.059363245964050293e+00
6.116610486060380936e-03
-1.417224168777465820e+00
8.513982892036437988e-01
-1.956920027732849121e+00
1.505223870277404785e+00
1.605558037757873535e+00
-1.263941287994384766e+00
-2.946440875530242920e-01
7.600580453872680664e-01
1.771004438400268555e+00
-4.249413907527923584e-01
-1.612449169158935547e+00
-8.418595045804977417e-02
-8.495493233203887939e-02
1.601125597953796387e+00
-1.774846792221069336e+00
1.851873755455017090e+00
4.235894978046417236e-01
-9.204455614089965820e-01
-1.119957327842712402e+00
-2.244721055030822754e-01
-1.361531734466552734e+00
4.958335682749748230e-02
-1.551760196685791016e+00
1.759124279022216797e+00
-8.264255523681640625e-01
-5.276659131050109863e-02
-1.327745199203491211e+00
1.172428250312805176e+00
-1.846727490425109863e+00
-7.215502858161926270e-02
1.499642968177795410e+00
1.566403150558471680e+00
-7.798581719398498535e-01
-1.345252990722656250e+00
1.170310378074645996e+00
-1.952673435211181641e+00
-6.805101037025451660e-01
-8.918486237525939941e-01
1.029621720314025879e+00
5.247793793678283691e-01
-1.189684748649597168e+00
-1.738895177841186523e+00
1.246950984001159668e+00
5.172631740570068359e-01
2.184014469385147095e-01
1.858635306358337402e+00
1.708852767944335938e+00
-1.492695212364196777e+00
1.098725318908691406e+00
3.382436218261718750e+02
5.357453613281250000e+02
1.387219390869140625e+02
9.303516845703125000e+02
2.001268005371093750e+02
3.636704101562500000e+02
5.144497680664062500e+02
8.764664916992187500e+02
4.470594482421875000e+02
7.419145202636718750e+01
8.093849487304687500e+02
3.441614151000976562e+01
1.039467010498046875e+02
6.175939331054687500e+02
4.699135437011718750e+02
2.194046020507812500e+02
1.352537536621093750e+02
4.895574340820312500e+02
5.189793090820312500e+02
6.682169189453125000e+02
4.437994995117187500e+02
1.601979370117187500e+02
5.038761291503906250e+02
1.715267944335937500e+02
2.446872901916503906e+01
9.599699707031250000e+02
3.138540649414062500e+02
9.072492065429687500e+02
7.150980224609375000e+02
1.726732444763183594e+01
6.805681762695312500e+02
TLAST
3.455918579101562500e+02
2415853570
-7.817962036132812500e+02
8.379110107421875000e+02
-6.988602905273437500e+02
-3.379176330566406250e+02
1.973683166503906250e+02
-3.591471862792968750e+02
-1.542627258300781250e+02
-7.895976562500000000e+02
8.079204711914062500e+02
6.033879394531250000e+02
6.523513183593750000e+02
-5.878104248046875000e+02
-3.528926696777343750e+02
8.613401489257812500e+02
6.697752685546875000e+02
-5.247896118164062500e+02
-9.253239135742187500e+02
-7.024342041015625000e+02
-9.324259948730468750e+01
-9.574312591552734375e+01
-5.789739379882812500e+02
8.880321655273437500e+02
7.768295898437500000e+02
-7.016862792968750000e+02
1.648342895507812500e+02
4.612747497558593750e+02
-4.641252746582031250e+02
-4.243268737792968750e+02
-3.603880920410156250e+02
9.979664916992187500e+02
6.382830810546875000e+02
-2.031447906494140625e+02
5.075201416015625000e+02
-7.671122436523437500e+02
6.216116943359375000e+02
8.620732116699218750e+01
8.737863159179687500e+02
-5.700892944335937500e+02
9.330685424804687500e+02
2.930269775390625000e+02
-7.578023681640625000e+02
4.881325378417968750e+02
7.405706176757812500e+02
1.995579223632812500e+02
6.572919921875000000e+02
-6.717280883789062500e+02
4.476214904785156250e+02
8.447353515625000000e+02
-4.686541137695312500e+02
7.462426757812500000e+02
-2.818867187500000000e+02
3.872412109375000000e+02
6.037907409667968750e+01
2.247479705810546875e+02
7.778875732421875000e+02
-3.957134094238281250e+02
-8.938822631835937500e+02
7.649180297851562500e+02
-7.873969116210937500e+02
-2.983163642883300781e+01
-1.589203491210937500e+02
9.334838256835937500e+02
5.107250671386718750e+02
9.655709838867187500e+02
5.615283813476562500e+02
-7.092246093750000000e+02
9.260352172851562500e+02
4.073882751464843750e+02
-8.583344116210937500e+02
5.304485473632812500e+02
-8.872272338867187500e+02
8.196130371093750000e+02
-5.647073974609375000e+02
2.299613647460937500e+02
-4.934603271484375000e+02
-4.744558715820312500e+02
-8.265779418945312500e+02
-6.046123046875000000e+02
-3.719325561523437500e+02
5.170588989257812500e+02
-6.934636840820312500e+02
-7.691175537109375000e+02
-6.569802856445312500e+02
-9.619220581054687500e+02
5.706726684570312500e+02
3.999025878906250000e+02
-6.414497680664062500e+02
4.940715942382812500e+02
4.714332885742187500e+02
-8.761539306640625000e+02
1.051760711669921875e+02
-7.292173461914062500e+02
-9.251052246093750000e+02
-4.404092025756835938e+01
7.692084350585937500e+02
8.421311645507812500e+02
-2.524324059486389160e-01
1.648413538932800293e-01
-8.482668995857238770e-01
-1.879442095756530762e+00
-1.009695768356323242e+00
-1.287069201469421387e+00
-1.916451215744018555e+00
7.871848344802856445e-02
1.455130338668823242e+00
-7.087273597717285156e-01
-1.325671002268791199e-02
6.882793903350830078e-01
-2.545075714588165283e-01
-3.030878007411956787e-01
-1.298227190971374512e+00
-1.377697706222534180e+00
-2.629250586032867432e-01
-1.475914716720581055e+00
-1.266066670417785645e+00
-3.287367820739746094e-01
1.157360553741455078e+00
-9.962694048881530762e-01
1.401399731636047363e+00
7.646860480308532715e-01
-8.436961770057678223e-01
-1.356338977813720703e+00
1.113460540771484375e+00
2.891683205962181091e-02
-1.949310183525085449e+00
-4.129129946231842041e-01
1.098139524459838867e+00
6.416455507278442383e-01
1.081257700920104980e+00
-1.017809510231018066e+00
-1.452021241188049316e+00
9.972076416015625000e-01
7.074099779129028320e-01
-8.954414725303649902e-01
-1.029252409934997559e+00
-1.889382481575012207e+00
-6.413252353668212891e-01
9.481083750724792480e-01
-3.774482905864715576e-01
-1.293525218963623047e+00
1.450590491294860840e+00
9.544733166694641113e-01
1.276706933975219727e+00
4.389599338173866272e-02
8.537060618400573730e-01
2.920670509338378906e-01
1.502549529075622559e+00
-2.999852597713470459e-01
-4.266265630722045898e-01
-1.046977996826171875e+00
-1.994086027145385742e+00
5.587364435195922852e-01
-1.331094980239868164e+00
-1.424351334571838379e+00
1.373769998550415039e+00
5.077341198921203613e-01
-2.626738846302032471e-01
7.352921366691589355e-02
1.539429783821105957e+00
-3.925315439701080322e-01
-7.889929413795471191e-01
1.482874870300292969e+00
7.403928637504577637e-01
1.546273589134216309e+00
-1.696794629096984863e+00
4.080277979373931885e-01
4.652467370033264160e-01
1.270829290151596069e-01
1.329145193099975586e+00
9.981520771980285645e-01
-1.972780078649520874e-01
-1.130242228507995605e+00
1.334275722503662109e+00
-1.143346548080444336e+00
-1.344146132469177246e+00
8.454559445381164551e-01
1.230304121971130371e+00
1.497374653816223145e+00
-1.250793814659118652e+00
5.232360959053039551e-01
1.932117640972137451e-01
-1.731901407241821289e+00
1.691575288772583008e+00
7.700496315956115723e-01
-5.996967852115631104e-02
-5.686171650886535645e-01
1.866971850395202637e-01
-1.316133737564086914e+00
1.619698762893676758e+00
1.640810668468475342e-01
1.815639734268188477e+00
1.133383989334106445e+00
6.098319091796875000e+02
9.068136596679687500e+01
2.492422943115234375e+02
9.546380004882812500e+02
9.186127319335937500e+02
3.455883178710937500e+02
4.892424316406250000e+02
5.614755859375000000e+02
9.325009765625000000e+02
4.226606445312500000e+02
5.511578369140625000e+02
7.910325317382812500e+02
5.465447998046875000e+02
7.700201416015625000e+01
1.894113311767578125e+02
5.737260742187500000e+02
4.357562866210937500e+02
1.489823913574218750e+02
3.882425231933593750e+02
9.203296508789062500e+02
8.725986328125000000e+02
7.066585083007812500e+02
3.912120971679687500e+02
9.700010375976562500e+02
8.919559326171875000e+02
5.519729003906250000e+02
1.420428619384765625e+02
7.154962158203125000e+02
5.204423217773437500e+02
8.357046508789062500e+02
9.233768310546875000e+02
TLAST
5.018746643066406250e+02
2415853571
-8.253921508789062500e+02
3.004655761718750000e+02
7.202560424804687500e+01
9.934794921875000000e+02
-9.419733886718750000e+02
-3.067433166503906250e+02
3.048033142089843750e+02
4.829183959960937500e+01
3.542149353027343750e+02
-7.517177124023437500e+02
-8.705181274414062500e+02
3.117239685058593750e+02
3.401212158203125000e+02
4.173234558105468750e+02
-4.900851440429687500e+01
6.322334594726562500e+02
3.321396789550781250e+02
-3.111896667480468750e+02
-5.821386718750000000e+02
-2.259577751159667969e+01
5.193850708007812500e+02
-8.181360473632812500e+02
7.175505981445312500e+02
8.988685302734375000e+02
-8.823693847656250000e+02
-1.030841522216796875e+02
-2.495626983642578125e+02
-9.319108276367187500e+02
4.970510101318359375e+01
-1.459145965576171875e+02
-1.289409179687500000e+02
8.307276611328125000e+02
1.983043975830078125e+02
6.076582641601562500e+02
-8.875426025390625000e+02
9.160687255859375000e+02
8.255708007812500000e+02
1.735460052490234375e+02
-4.585156250000000000e+02
8.631885986328125000e+02
-5.796680908203125000e+02
9.166839599609375000e+02
-3.279394836425781250e+02
-1.096495590209960938e+02
-9.120039672851562500e+02
8.738715362548828125e+01
-6.347684936523437500e+02
1.936063842773437500e+02
6.116860961914062500e+02
-2.166888427734375000e+02
6.839596557617187500e+02
-4.861797790527343750e+02
-5.878297119140625000e+02
-7.821881103515625000e+02
7.375045013427734375e+01
7.665397644042968750e+01
7.254934692382812500e+02
8.525744018554687500e+02
-7.399226684570312500e+02
-3.715248107910156250e+02
8.612924194335937500e+02
4.769408874511718750e+02
-6.710222167968750000e+02
3.216889038085937500e+02
1.314003562927246094e+01
7.564699707031250000e+02
9.740926513671875000e+02
-5.105968627929687500e+02
5.540761108398437500e+02
2.522571716308593750e+02
-3.618491516113281250e+02
-1.582304229736328125e+02
8.276737670898437500e+02
4.529979248046875000e+02
8.467338867187500000e+02
-8.357229003906250000e+02
2.271211547851562500e+02
-4.816554260253906250e+02
5.134423828125000000e+02
4.239167175292968750e+02
3.754224243164062500e+02
1.989852294921875000e+02
9.213187866210937500e+02
7.353665161132812500e+01
-1.042720565795898438e+02
-2.057894439697265625e+02
-2.915780334472656250e+02
-5.057648620605468750e+02
9.593867797851562500e+02
2.782223510742187500e+02
4.970091247558593750e+02
7.189462280273437500e+02
8.753638305664062500e+02
9.221519775390625000e+02
5.443505859375000000e+02
1.900785369873046875e+02
1.740473359823226929e-01
6.130112409591674805e-01
3.900169432163238525e-01
-4.591766893863677979e-01
-7.701338529586791992e-01
1.969663858413696289e+00
8.141875267028808594e-01
-5.564014315605163574e-01
1.840750813484191895e+00
-1.659317761659622192e-01
-1.539089918136596680e+00
-8.852162361145019531e-01
-1.534305453300476074e+00
1.564603447914123535e+00
6.320747137069702148e-01
5.868088603019714355e-01
1.365824699401855469e+00
1.528272747993469238e+00
9.075375199317932129e-01
-1.736462712287902832e+00
3.426573276519775391e-01
6.185616925358772278e-02
-3.149071708321571350e-02
-5.093726143240928650e-02
-8.660327196121215820e-01
4.700396358966827393e-01
1.673415303230285645e+00
-1.283566236495971680e+00
-7.276880741119384766e-01
4.672267138957977295e-01
-5.123218297958374023e-01
-8.871545195579528809e-01
-7.589244842529296875e-01
1.416976451873779297e+00
-1.451114654541015625e+00
1.648148655891418457e+00
-1.481993794441223145e+00
1.230412006378173828e+00
-1.014932394027709961e+00
-5.619179606437683105e-01
-1.135212540626525879e+00
1.163560748100280762e+00
3.363900184631347656e-01
3.693791925907135010e-01
-1.157484292984008789e+00
-1.835442543029785156e+00
1.400447010993957520e+00
8.611499071121215820e-01
2.143721729516983032e-01
8.496245145797729492e-01
-4.424597322940826416e-01
9.234879016876220703e-01
-6.128503680229187012e-01
4.887513816356658936e-01
5.729081034660339355e-01
-7.854841351509094238e-01
-1.253031641244888306e-01
-2.392797917127609253e-01
-1.302209258079528809e+00
-3.912146091461181641e-01
-5.946671366691589355e-01
-1.289070129394531250e+00
-1.373936176300048828e+00
7.120604515075683594e-01
1.960032939910888672e+00
1.775421738624572754e+00
1.784416437149047852e+00
5.972334742546081543e-01
-7.595880627632141113e-01
5.572750791907310486e-02
-1.224352359771728516e+00
8.147256076335906982e-02
-2.806347608566284180e-01
7.472308874130249023e-01
-1.348872900009155273e+00
9.572833776473999023e-01
3.774090111255645752e-01
-1.550305247306823730e+00
-1.517792224884033203e+00
-1.449096441268920898e+00
1.683409325778484344e-02
8.808309435844421387e-01
-1.174869656562805176e+00
-1.011525988578796387e+00
-1.771686375141143799e-01
1.274276375770568848e+00
1.733357608318328857e-01
-9.006842374801635742e-01
-1.166784882545471191e+00
-1.138035416603088379e+00
-1.447664260864257812e+00
1.255743026733398438e+00
1.396398305892944336e+00
-1.392906785011291504e+00
1.564309358596801758e+00
-8.694673180580139160e-01
6.028363647460937500e+02
2.733457946777343750e+02
9.122765502929687500e+02
2.938542175292968750e+02
4.300131225585937500e+02
8.241860351562500000e+02
7.887039184570312500e+02
2.137294464111328125e+02
8.814697265625000000e+02
2.452049407958984375e+02
8.319287719726562500e+02
9.706561279296875000e+02
3.724184875488281250e+02
7.625491333007812500e+02
4.792863464355468750e+01
7.842032470703125000e+02
7.494291992187500000e+02
6.064804687500000000e+02
4.342688293457031250e+02
9.251995239257812500e+02
1.349271240234375000e+02
1.898791961669921875e+02
1.083128662109375000e+02
2.938982543945312500e+02
9.331676635742187500e+02
3.101112976074218750e+02
8.127440795898437500e+02
9.123220214843750000e+02
8.027916259765625000e+02
9.533094482421875000e+02
8.182227172851562500e+02
TLAST
3.878552856445312500e+02
