2415853568
-7.942373046875000000e+02
2.287202758789062500e+02
6.700286865234375000e+02
5.254940032958984375e+01
7.111815185546875000e+02
9.467438354492187500e+02
-7.616276245117187500e+02
9.386396484375000000e+02
-5.629492187500000000e+02
-7.946612548828125000e+01
-6.772009277343750000e+02
-8.323889770507812500e+02
3.244068908691406250e+02
-9.143262329101562500e+02
5.826503906250000000e+02
6.816127319335937500e+02
-2.730856323242187500e+02
1.001742095947265625e+02
2.495426177978515625e+02
5.876271362304687500e+02
-6.237882690429687500e+02
-9.783520507812500000e+02
5.519458618164062500e+02
5.722086181640625000e+02
3.785696105957031250e+02
9.789395904541015625e+01
1.088696289062500000e+02
-3.149258728027343750e+02
-8.327173614501953125e+01
-8.173547363281250000e+02
2.587636756896972656e+01
-7.422889709472656250e+01
-6.743770141601562500e+02
-7.563659057617187500e+02
-4.019606933593750000e+02
3.603803405761718750e+02
9.075013427734375000e+02
-8.856956787109375000e+02
2.512635192871093750e+02
-5.316307373046875000e+02
1.026179885864257812e+02
-5.792565307617187500e+02
-7.621618652343750000e+02
-5.034577941894531250e+02
-9.474664306640625000e+02
1.996611175537109375e+02
2.947650756835937500e+02
-7.389768676757812500e+02
-5.981405029296875000e+02
-4.356150512695312500e+02
8.606969604492187500e+02
-5.615619506835937500e+02
3.083396606445312500e+02
5.835873413085937500e+02
3.562040710449218750e+02
-6.101511840820312500e+02
-2.235112428665161133e+00
-4.979445800781250000e+02
4.246910705566406250e+02
-4.124832763671875000e+02
8.618166351318359375e+01
6.987507629394531250e+01
5.718410034179687500e+02
-5.038639526367187500e+02
1.774649429321289062e+01
-2.753082885742187500e+02
6.725180053710937500e+02
6.793839721679687500e+02
-5.127106323242187500e+02
4.189447021484375000e+02
2.442774353027343750e+02
-3.864360961914062500e+02
-9.511682128906250000e+02
-9.425070800781250000e+02
3.586144256591796875e+01
-3.200609970092773438e+01
7.099940185546875000e+02
-2.966740417480468750e+02
-4.865908432006835938e+01
-7.135720825195312500e+02
-8.718400878906250000e+02
-1.206560287475585938e+02
-9.493467407226562500e+02
4.688410339355468750e+02
-5.751025390625000000e+02
6.918031616210937500e+02
1.331142711639404297e+01
-2.306795043945312500e+02
7.775044555664062500e+02
7.602125854492187500e+02
6.072169799804687500e+02
-5.999129028320312500e+02
7.622725830078125000e+02
-8.813746337890625000e+02
-4.810927429199218750e+02
-3.062322692871093750e+02
1.017693281173706055e+00
6.761016845703125000e-01
-6.720865368843078613e-01
5.374547839164733887e-01
-1.220856189727783203e+00
-5.308666229248046875e-01
-4.935658574104309082e-01
3.432757556438446045e-01
-9.880950450897216797e-01
-1.137796521186828613e+00
-1.783906102180480957e+00
1.888162136077880859e+00
6.363977193832397461e-01
-1.397190093994140625e+00
-1.380445957183837891e+00
-1.058711290359497070e+00
-5.633572340011596680e-01
4.829182326793670654e-01
-1.244195222854614258e+00
4.456710517406463623e-01
-1.385415196418762207e+00
-1.806289196014404297e+00
8.135852217674255371e-01
-2.904547452926635742e-01
-1.141960740089416504e+00
-1.235249161720275879e+00
4.980634450912475586e-01
7.760631442070007324e-01
4.049454033374786377e-01
-1.110636234283447266e+00
1.695304036140441895e+00
1.794126868247985840e+00
-1.176587820053100586e+00
1.345818758010864258e+00
-1.897463917732238770e+00
-1.111933946609497070e+00
2.421718090772628784e-02
9.861565828323364258e-01
-1.900368183851242065e-02
1.096446156501770020e+00
1.053964018821716309e+00
-4.218989014625549316e-01
9.598364830017089844e-01
-1.762100815773010254e+00
8.658839464187622070e-01
-1.636568665504455566e+00
-2.120498418807983398e-01
-1.722877621650695801e+00
-1.981007099151611328e+00
-5.505977869033813477e-01
-4.202912375330924988e-02
-7.094700932502746582e-01
-1.830766916275024414e+00
1.355052828788757324e+00
-6.067090854048728943e-02
1.247176766395568848e+00
-5.443158745765686035e-01
6.496264934539794922e-01
-1.077341735363006592e-01
6.189385652542114258e-01
-1.199486732482910156e+00
-1.276337742805480957e+00
-1.202401995658874512e+00
1.482456207275390625e+00
1.136425614356994629e+00
1.349937200546264648e+00
-7.252259254455566406e-01
-1.327247381210327148e+00
-9.212351441383361816e-01
1.029092818498611450e-01
-8.320131897926330566e-02
-2.560433745384216309e-01
-1.067089438438415527e+00
-1.475852966308593750e+00
3.052426576614379883e-01
-1.067219614982604980e+00
1.489636898040771484e+00
-1.345981836318969727e+00
-1.957360208034515381e-01
-1.050563216209411621e+00
1.878594160079956055e+00
-1.783056855201721191e-01
-1.917381644248962402e+00
-1.970602631568908691e+00
-8.758192658424377441e-01
-9.173507690429687500e-01
1.545925587415695190e-01
1.221529841423034668e+00
5.034224987030029297e-01
-4.367253184318542480e-01
-1.276170015335083008e+00
6.641994118690490723e-01
-1.009812355041503906e+00
-1.875804901123046875e+00
-1.318841814994812012e+00
-5.661513209342956543e-01
9.764068603515625000e+02
2.651760864257812500e+02
8.928171386718750000e+02
4.281112365722656250e+02
2.185784606933593750e+02
3.245220642089843750e+02
8.345004882812500000e+02
4.031257934570312500e+02
2.287322845458984375e+02
3.075754699707031250e+02
2.300791778564453125e+02
9.165725708007812500e+02
4.693021850585937500e+02
9.501106567382812500e+02
8.665404663085937500e+02
5.895718383789062500e+02
6.968858642578125000e+02
3.147445678710937500e+02
4.925170593261718750e+02
1.097521972656250000e+02
5.297115478515625000e+02
5.729631958007812500e+02
4.332436523437500000e+02
8.288188171386718750e+01
8.900513916015625000e+02
3.075935363769531250e+02
9.915056152343750000e+02
2.060229339599609375e+02
5.317893066406250000e+02
8.329955444335937500e+02
5.068442993164062500e+02
TLAST
4.230457763671875000e+02
2415853569
-8.676759643554687500e+02
3.820404357910156250e+02
4.311220703125000000e+02
4.760780639648437500e+02
-2.689990539550781250e+02
-8.264619140625000000e+02
5.589273681640625000e+02
3.650006103515625000e+02
-1.873717346191406250e+02
7.947676391601562500e+02
-2.888541564941406250e+02
-3.644122924804687500e+02
6.787443237304687500e+02
5.304901733398437500e+02
9.587587280273437500e+02
9.604434204101562500e+02
2.701122436523437500e+02
7.893808593750000000e+02
-3.087684631347656250e+02
-4.128407897949218750e+02
8.696011352539062500e+01
-3.866728820800781250e+02
8.811572875976562500e+02
8.995574951171875000e+02
-1.177582855224609375e+02
8.599542236328125000e+02
-7.418690185546875000e+02
2.155904235839843750e+02
-3.855933227539062500e+02
2.871938781738281250e+02
4.160225830078125000e+02
-6.498528442382812500e+02
7.993702392578125000e+02
-6.029250717163085938e+01
-4.265553588867187500e+02
2.855816345214843750e+02
1.456518173217773438e+01
-7.663173828125000000e+02
7.438282470703125000e+02
-2.479562187194824219e+01
8.479045867919921875e+01
-9.056717529296875000e+02
1.731265258789062500e+02
-5.249786987304687500e+02
-8.832160034179687500e+02
-9.602312622070312500e+02
9.886889038085937500e+02
-6.733307495117187500e+02
6.599003295898437500e+02
-4.933840942382812500e+02
-4.409842834472656250e+02
7.145489501953125000e+02
-6.280409545898437500e+02
8.260902709960937500e+02
7.668753051757812500e+02
9.793130493164062500e+02
7.901553344726562500e+02
-3.452398376464843750e+02
-5.942658691406250000e+02
5.539837646484375000e+02
9.742573852539062500e+02
4.309497985839843750e+02
1.127097167968750000e+02
3.570708312988281250e+02
9.628062744140625000e+02
-2.649375610351562500e+02
9.500889282226562500e+02
1.763909606933593750e+02
6.997412872314453125e+01
9.516616821289062500e+02
9.292476806640625000e+02
3.490405578613281250e+02
-3.629088134765625000e+02
7.109983520507812500e+02
-9.871195983886718750e+01
-7.659594726562500000e+02
7.607470092773437500e+02
-3.046962280273437500e+02
8.058649444580078125e+01
5.584160156250000000e+02
8.617924194335937500e+02
2.133003997802734375e+02
-9.792537841796875000e+02
-9.019863281250000000e+02
9.710527954101562500e+02
-3.430123519897460938e+01
9.130933227539062500e+02
-7.944958496093750000e+02
-6.196371841430664062e+01
-6.768277587890625000e+02
8.748853759765625000e+02
-7.743920898437500000e+01
1.543636932373046875e+02
7.865597534179687500e+02
9.066484985351562500e+02
-5.293551635742187500e+02
-1.420948624610900879e+00
6.473682522773742676e-01
8.922922611236572266e-01
-1.323371410369873047e+00
9.325489401817321777e-02
-1.031999468803405762e+00
6.157646179199218750e-01
1.887050867080688477e+00
-3.326009511947631836e-01
1.230885148048400879e+00
1.730382442474365234e+00
-1.067301511764526367e+00
-1.308778285980224609e+00
-1.495099544525146484e+00
-8.475235700607299805e-01
8.285561203956604004e-01
1.925495624542236328e+00
9.299508929252624512e-01
-6.656432747840881348e-01
1.935683250427246094e+00
7.492857575416564941e-01
1.967182040214538574e+00
6.630581617355346680e-02
-9.297584295272827148e-01
7.676177024841308594e-01
-9.454630613327026367e-01
8.102117776870727539e-01
1.218897700309753418e+00
9.790720939636230469e-01
3.646629452705383301e-01
-1.885294198989868164e+00
1.038467645645141602e+00
-4.491028189659118652e-01
-8.754908442497253418e-01
6.026613116264343262e-01
7.150176167488098145e-02
2.422831356525421143e-01
-1.554338216781616211e+00
-8.042125701904296875e-01
-1.891213059425354004e+00
1.073755025863647461e+00
9.058290123939514160e-01
-1.441334128379821777e+00
-1.762291550636291504e+00
-2.823356389999389648e-01
-1.735821485519409180e+00
-1.593503594398498535e+00
6.633401513099670410e-01
-6.484472751617431641e-01
-7.184788584709167480e-01
1.182601928710937500e+00
-7.584901452064514160e-01
1.602341651916503906e+00
9.105969071388244629e-01
1.790185570716857910e+00
1.667114853858947754e+00
-1.403823614120483398e+00
1.682614207267761230e+00
1.172845840454101562e+00
2.733805477619171143e-01
1.407299935817718506e-01
-1.899745941162109375e+00
-1.750124841928482056e-01
-8.311135321855545044e-02
5.035026073455810547e-01
9.115322232246398926e-01
1.042982459068298340e+00
8.719295263290405273e-01
-7.205307483673095703e-02
-8.079294562339782715e-01
1.825344443321228027e+00
1.664909482002258301e+00
-1.311559796333312988e+00
-4.742682278156280518e-01
-1.552663803100585938e+00
1.098457217216491699e+00
1.781302571296691895e+00
-1.748651742935180664e+00
1.923364043235778809e+00
-7.124708294868469238e-01
-6.985346078872680664e-01
-1.513695418834686279e-01
-8.144086003303527832e-01
1.408123254776000977e+00
2.619684636592864990e-01
-1.964740753173828125e+00
-1.393851518630981445e+00
1.161388039588928223e+00
7.256652116775512695e-01
8.191576004028320312e-01
-4.165459573268890381e-01
3.129173517227172852e-01
-8.295036554336547852e-01
-1.732631325721740723e+00
-1.978879928588867188e+00
-7.849273085594177246e-01
2.487609863281250000e+02
8.138972778320312500e+02
9.420318603515625000e+02
2.159849700927734375e+02
1.704918518066406250e+02
7.411124877929687500e+02
4.717086791992187500e+02
5.053532104492187500e+02
4.144932861328125000e+02
3.747080078125000000e+02
3.795226135253906250e+02
3.749238967895507812e+01
9.037695312500000000e+02
7.400108642578125000e+02
9.042456817626953125e+01
4.705482101440429688e+01
3.797936096191406250e+02
3.843524780273437500e+02
9.292636108398437500e+01
2.489630432128906250e+02
2.504562377929687500e+02
5.184841918945312500e+02
2.705853576660156250e+02
3.504616394042968750e+02
4.938589477539062500e+02
9.461172485351562500e+02
8.828591308593750000e+02
7.729042968750000000e+02
1.110370445251464844e+01
3.695860290527343750e+02
3.734744567871093750e+02
TLAST
6.324800415039062500e+02
2415853570
-7.922801513671875000e+02
-2.937615661621093750e+02
9.329638061523437500e+02
-2.698559570312500000e+02
-6.783365631103515625e+01
7.131663818359375000e+02
-8.365039062500000000e+02
-5.914449691772460938e+01
8.542755737304687500e+02
2.329170837402343750e+02
-8.327145385742187500e+02
7.820819091796875000e+02
1.962957305908203125e+02
1.522868499755859375e+02
-4.896297912597656250e+02
3.876863861083984375e+01
-2.506143188476562500e+02
4.812809143066406250e+02
3.993923645019531250e+02
7.653770446777343750e+00
5.392930297851562500e+02
-5.516000366210937500e+02
6.684915161132812500e+02
-9.193383789062500000e+02
7.563115234375000000e+02
9.087778930664062500e+02
2.196546478271484375e+02
2.305692749023437500e+02
5.184395751953125000e+02
7.344428710937500000e+02
-3.586768798828125000e+02
-2.762042236328125000e+02
-6.981654663085937500e+02
4.366953430175781250e+02
8.270025024414062500e+02
-2.616390686035156250e+02
-5.006186523437500000e+02
-1.839346618652343750e+02
-5.824753570556640625e+01
9.247315673828125000e+02
-1.919354248046875000e+02
5.699909667968750000e+02
-8.320867919921875000e+02
5.250991821289062500e+02
3.743889999389648438e+01
5.741130981445312500e+02
8.005549316406250000e+02
5.156571655273437500e+02
-2.583107299804687500e+02
-1.991328277587890625e+02
-1.319873657226562500e+02
-6.275333251953125000e+02
3.589374694824218750e+02
4.807745056152343750e+02
5.017315063476562500e+02
-6.301142578125000000e+02
-5.125964355468750000e+02
-4.233146057128906250e+02
-9.766503295898437500e+02
-3.117975769042968750e+02
-8.702065429687500000e+02
-8.897456054687500000e+02
6.494267578125000000e+02
1.413794097900390625e+02
6.930659179687500000e+02
-8.934861450195312500e+02
-6.385708618164062500e+02
7.730964660644531250e+01
4.992678527832031250e+02
-2.862198181152343750e+02
9.773760375976562500e+02
1.229442443847656250e+02
9.969210205078125000e+02
4.730555534362792969e+00
-1.286680450439453125e+02
4.544505004882812500e+02
-1.822496032714843750e+02
-4.207854614257812500e+02
4.794869384765625000e+02
-2.025944671630859375e+02
-2.691528625488281250e+02
6.835525512695312500e+02
-6.228472137451171875e+01
-6.442795410156250000e+02
-5.429696655273437500e+02
-4.050946350097656250e+02
-6.182630004882812500e+02
-2.994399414062500000e+02
-8.397710571289062500e+02
4.498315429687500000e+02
2.041152038574218750e+02
-8.359509887695312500e+02
2.993391723632812500e+02
9.532472534179687500e+02
5.970113525390625000e+02
6.146095581054687500e+02
7.341316938400268555e-01
-1.825230121612548828e+00
-9.053201675415039062e-01
-1.530023813247680664e+00
-1.874449968338012695e+00
-5.999962091445922852e-01
-2.856321632862091064e-01
-1.884033799171447754e+00
-4.216071665287017822e-01
1.859659701585769653e-01
-2.389601022005081177e-01
-1.358798742294311523e+00
-1.885296702384948730e+00
-2.900865375995635986e-01
-1.427500128746032715e+00
-1.499505162239074707e+00
5.276327133178710938e-01
-9.161375761032104492e-01
7.137528806924819946e-02
1.970587611198425293e+00
1.450827956199645996e+00
1.441118359565734863e+00
-1.378528118133544922e+00
5.109292864799499512e-01
-3.117906451225280762e-01
1.281558275222778320e+00
1.823905229568481445e+00
1.732750654220581055e+00
4.594874978065490723e-01
9.146143794059753418e-01
1.308408737182617188e+00
1.854920148849487305e+00
1.091603755950927734e+00
-1.863576889038085938e+00
4.895015805959701538e-02
-1.262150526046752930e+00
6.232796236872673035e-02
2.785258293151855469e-01
-3.529337644577026367e-01
1.689585924148559570e+00
1.462916493415832520e+00
-9.285127371549606323e-02
-9.733608365058898926e-01
-1.948822885751724243e-01
4.045791923999786377e-01
-8.806132674217224121e-01
-1.249001502990722656e+00
1.920320093631744385e-01
-1.365261197090148926e+00
3.169960081577301025e-01
1.741521358489990234e+00
1.711721062660217285e+00
3.639081120491027832e-01
-3.332490026950836182e-01
1.005911380052566528e-01
-8.271615505218505859e-01
-5.403750538825988770e-01
-1.600455045700073242e+00
-1.314712882041931152e+00
9.110963344573974609e-01
-1.819818258285522461e+00
-1.491760611534118652e+00
1.537334084510803223e+00
-9.832441806793212891e-01
1.876113533973693848e+00
3.592889606952667236e-01
-1.706534385681152344e+00
-2.178865373134613037e-01
-1.244599103927612305e+00
-4.872515797615051270e-01
-6.517612934112548828e-01
-1.477245688438415527e+00
1.077696919441223145e+00
-1.907773971557617188e+00
1.830530643463134766e+00
3.041265904903411865e-01
1.460721254348754883e+00
4.083099663257598877e-01
2.215102314949035645e-01
-1.410168528556823730e+00
3.542854683473706245e-03
-1.372669100761413574e+00
-1.068444013595581055e+00
4.734142720699310303e-01
1.784505724906921387e+00
1.635034084320068359e+00
1.055063605308532715e+00
-1.364184379577636719e+00
1.729564815759658813e-01
-6.658942103385925293e-01
6.225333809852600098e-01
4.824097156524658203e-01
9.197425246238708496e-01
3.254871964454650879e-01
-1.406567454338073730e+00
8.299597501754760742e-01
4.181793212890625000e+01
3.533168029785156250e+01
9.421522827148437500e+02
2.074272766113281250e+02
9.528964843750000000e+02
3.307062530517578125e+01
5.087035217285156250e+02
2.443600311279296875e+02
2.663101577758789062e+01
4.165689392089843750e+02
4.405866088867187500e+02
3.679886474609375000e+02
2.603967895507812500e+02
6.843444824218750000e+02
5.415797729492187500e+02
8.272760620117187500e+02
4.674224853515625000e+02
6.843893432617187500e+02
2.347305755615234375e+02
8.472116088867187500e+02
5.582163085937500000e+02
3.126267700195312500e+02
1.113309631347656250e+02
3.559219360351562500e+02
4.223491287231445312e+01
9.249254760742187500e+02
7.742023315429687500e+02
5.549375000000000000e+02
9.239415283203125000e+02
2.499920196533203125e+02
4.049198303222656250e+02
TLAST
9.831480102539062500e+02
2415853571
-5.336149215698242188e+01
9.839116210937500000e+02
9.432590332031250000e+02
-7.199718627929687500e+02
2.493193511962890625e+02
-5.935059204101562500e+02
9.967538452148437500e+02
1.759737548828125000e+02
7.833120727539062500e+02
9.558020782470703125e+01
-5.274993286132812500e+02
-2.466740112304687500e+02
4.104676437377929688e+01
-3.668817138671875000e+02
1.430603485107421875e+02
8.391870727539062500e+02
8.703368530273437500e+02
-5.865109252929687500e+02
-6.098340454101562500e+02
9.381702880859375000e+02
-7.710814208984375000e+02
1.776701660156250000e+02
2.894197998046875000e+02
9.925344848632812500e+02
-1.108727874755859375e+02
2.919112854003906250e+02
8.106124877929687500e+02
-3.051076965332031250e+02
-9.730922241210937500e+02
4.838386840820312500e+02
2.821118469238281250e+02
-5.358822021484375000e+02
9.591229248046875000e+02
-4.585693969726562500e+02
9.064730224609375000e+02
5.592993164062500000e+02
-5.203144531250000000e+02
-4.700162048339843750e+02
2.731976699829101562e+01
5.317753906250000000e+02
5.526974487304687500e+02
-3.893263244628906250e+02
-7.468867187500000000e+02
8.416127929687500000e+02
2.061118164062500000e+02
4.589536666870117188e+01
5.731555175781250000e+02
-9.604664306640625000e+02
5.175308227539062500e+02
8.900594482421875000e+02
-2.213713836669921875e+02
-5.058175048828125000e+02
-3.001522827148437500e+02
-5.887805175781250000e+02
4.374044494628906250e+02
-8.911827850341796875e+01
-2.645345878601074219e+01
1.513667297363281250e+02
-9.542995605468750000e+02
5.672210311889648438e+01
1.829242134094238281e+01
5.012591171264648438e+01
-1.235208892822265625e+02
1.340684204101562500e+02
1.751826629638671875e+02
-3.871072998046875000e+02
-5.658887329101562500e+02
1.692134399414062500e+02
-1.044215583801269531e+01
5.594674682617187500e+02
5.600733032226562500e+02
-1.945334930419921875e+02
5.555961303710937500e+02
-6.765955200195312500e+02
-7.550575256347656250e+01
-9.433052978515625000e+02
3.487417297363281250e+02
8.282482910156250000e+02
1.478988342285156250e+02
6.863739624023437500e+02
-9.878609008789062500e+02
-5.902649536132812500e+02
-4.451013793945312500e+02
8.336654663085937500e+01
-9.977551879882812500e+02
6.252284545898437500e+02
3.176989440917968750e+02
8.223767700195312500e+02
8.774562072753906250e+01
5.154586181640625000e+02
9.406049804687500000e+02
2.139021606445312500e+02
8.729084777832031250e+01
5.708409500122070312e+01
1.873818817138671875e+02
2.672792968750000000e+02
-1.771577149629592896e-01
-1.594859361648559570e+00
1.956348299980163574e+00
1.506177067756652832e+00
-5.141127109527587891e-01
-9.952211976051330566e-01
-1.797398328781127930e+00
2.358161062002182007e-01
-3.732759952545166016e-01
5.504582524299621582e-01
1.325017333030700684e+00
-1.632181525230407715e+00
4.327288866043090820e-01
-9.903822541236877441e-01
4.249598681926727295e-01
1.360448360443115234e+00
-1.129265546798706055e+00
1.112497091293334961e+00
1.628371119499206543e+00
1.192898631095886230e+00
-1.547704190015792847e-01
-3.416971564292907715e-01
-1.407676696777343750e+00
1.890218257904052734e+00
6.655290126800537109e-01
-5.175120197236537933e-03
7.495421171188354492e-01
-1.591436147689819336e+00
-2.145202010869979858e-01
6.530656218528747559e-01
1.459462285041809082e+00
1.813932061195373535e+00
1.613712191581726074e+00
-7.466115057468414307e-02
7.837560176849365234e-01
1.829269409179687500e+00
-4.469269514083862305e-02
4.130759537220001221e-01
1.674374103546142578e+00
1.537275910377502441e-01
6.732468008995056152e-01
-1.502418220043182373e-01
8.119837641716003418e-01
-1.150429248809814453e+00
-1.212682843208312988e+00
-8.252840638160705566e-01
7.394391298294067383e-01
2.517796158790588379e-01
-1.967731118202209473e+00
1.817930936813354492e+00
1.791481375694274902e+00
1.238530397415161133e+00
-1.306638121604919434e+00
-1.483319044113159180e+00
1.166089653968811035e+00
8.207126259803771973e-01
-1.373242855072021484e+00
1.417501449584960938e+00
-5.340040922164916992e-01
-7.829359769821166992e-01
1.800776839256286621e+00
-9.714440107345581055e-01
1.225852727890014648e+00
1.410122960805892944e-01
6.879490613937377930e-01
-1.967118978500366211e+00
7.399969696998596191e-01
1.564552932977676392e-01
-1.944902777671813965e+00
1.723061203956604004e-01
-1.736016988754272461e+00
-5.680510401725769043e-01
-1.871195137500762939e-01
2.856849506497383118e-02
-1.793542385101318359e+00
9.612942337989807129e-01
1.041449457406997681e-01
-1.447632074356079102e+00
-1.222057580947875977e+00
-5.680904984474182129e-01
5.124679803848266602e-01
1.584044456481933594e+00
4.056385159492492676e-01
7.130916714668273926e-01
-1.879155278205871582e+00
-1.935368180274963379e+00
4.725897312164306641e-01
-1.365987658500671387e+00
-3.939604759216308594e-01
4.811106324195861816e-01
5.844407081604003906e-01
1.963076829910278320e+00
1.283426165580749512e+00
4.177192449569702148e-01
-1.645222544670104980e+00
-1.318033695220947266e+00
4.887040710449218750e+02
5.326403198242187500e+02
4.991560974121093750e+02
6.821127929687500000e+02
1.901986846923828125e+02
4.896450805664062500e+02
8.435823974609375000e+02
4.690246582031250000e+02
9.156761474609375000e+02
8.433065185546875000e+02
6.635838012695312500e+02
9.009087524414062500e+02
1.529093170166015625e+02
2.115273742675781250e+02
9.772620239257812500e+02
5.864417724609375000e+02
8.358626098632812500e+02
6.627460327148437500e+02
2.901751098632812500e+02
2.808197021484375000e+02
1.591521759033203125e+02
7.822398681640625000e+02
2.966356811523437500e+02
8.909631958007812500e+02
2.043268737792968750e+02
9.989552001953125000e+02
7.931936645507812500e+02
2.885572814941406250e+02
7.025355224609375000e+02
3.336105957031250000e+02
5.053104248046875000e+02
TLAST
3.126182556152343750e+02
