2415853568
-1.398150177001953125e+02
2.051424560546875000e+02
-1.587133483886718750e+02
-1.509647827148437500e+02
3.116925964355468750e+02
2.662014770507812500e+01
8.150388183593750000e+02
9.271972045898437500e+02
5.780082397460937500e+02
6.413202514648437500e+02
9.857445526123046875e+01
-7.846591796875000000e+02
1.363736629486083984e+01
1.508937683105468750e+02
5.259813842773437500e+02
4.020161743164062500e+02
7.351828613281250000e+02
4.833750610351562500e+02
2.615598869323730469e+01
-8.548952026367187500e+02
8.025089111328125000e+02
2.241809844970703125e+02
4.817339172363281250e+02
3.063764953613281250e+02
5.492337036132812500e+02
-7.927317504882812500e+02
6.041220092773437500e+02
-3.866503601074218750e+02
-3.040654907226562500e+02
-8.850814208984375000e+02
-2.096378021240234375e+02
-3.696727294921875000e+02
3.960825195312500000e+02
5.407383422851562500e+02
4.587929077148437500e+02
-1.191448440551757812e+02
6.349951171875000000e+02
-2.518861236572265625e+02
-7.074389648437500000e+02
-4.853948059082031250e+02
-4.274906616210937500e+02
4.436336059570312500e+02
2.496827087402343750e+02
-2.826837463378906250e+02
1.794931182861328125e+02
-7.091004028320312500e+02
9.503809814453125000e+02
8.640723876953125000e+02
-8.542620239257812500e+02
9.761520385742187500e+02
3.625048522949218750e+02
5.147428588867187500e+02
-6.478712768554687500e+02
-1.162460422515869141e+01
4.663053283691406250e+02
-2.832553710937500000e+02
2.576178283691406250e+02
8.451665039062500000e+02
-9.801290893554687500e+02
9.855742797851562500e+02
7.006458740234375000e+02
-9.410644531250000000e+02
-8.084586181640625000e+02
8.757555541992187500e+02
9.016184082031250000e+02
-5.016443176269531250e+02
7.513734130859375000e+02
3.125696411132812500e+02
8.911839599609375000e+02
6.747742309570312500e+02
-2.381342163085937500e+02
-2.238209838867187500e+02
-4.824171142578125000e+02
1.172670364379882812e+02
2.607807006835937500e+02
3.256294250488281250e+02
-2.798945312500000000e+02
-6.453272705078125000e+02
-8.800898437500000000e+02
-1.076387176513671875e+02
-8.571008911132812500e+02
-7.498119354248046875e+01
8.406855468750000000e+02
1.919148406982421875e+02
-9.821902465820312500e+02
9.257200317382812500e+02
-3.254744567871093750e+02
4.775864257812500000e+02
8.493419189453125000e+02
9.242765045166015625e+01
-2.096976470947265625e+02
-2.044930419921875000e+02
-4.209552612304687500e+02
3.072828369140625000e+02
-4.190735473632812500e+02
-4.723423767089843750e+02
4.380877614021301270e-01
-8.771078586578369141e-01
5.277265310287475586e-01
1.548883914947509766e+00
-1.413797736167907715e+00
-1.154582977294921875e+00
-6.791345477104187012e-01
9.563524127006530762e-01
-2.145222872495651245e-01
-5.607290863990783691e-01
-1.857790827751159668e+00
-7.872686982154846191e-01
1.411399096250534058e-01
1.387795805931091309e-01
8.470177650451660156e-01
1.807269692420959473e+00
4.832394421100616455e-01
1.622464776039123535e+00
1.439360499382019043e+00
7.165946364402770996e-01
-6.822663545608520508e-01
6.110853552818298340e-01
-1.910147070884704590e+00
6.954985857009887695e-01
-6.536006182432174683e-02
1.489013314247131348e+00
-9.884766340255737305e-01
1.529410719871520996e+00
9.073266386985778809e-01
-1.834672331809997559e+00
-1.094501376152038574e+00
-1.017686009407043457e+00
1.664470195770263672e+00
1.297630906105041504e+00
7.417624592781066895e-01
-7.094077467918395996e-01
6.035133004188537598e-01
-1.641268014907836914e+00
-3.181496858596801758e-01
-1.128630638122558594e+00
-1.421652197837829590e+00
-1.139503836631774902e+00
-1.746870398521423340e+00
3.363156318664550781e-02
1.245349764823913574e+00
-4.920915961265563965e-01
-3.955115973949432373e-01
-4.060016870498657227e-01
9.033679962158203125e-01
1.550024271011352539e+00
1.685314416885375977e+00
1.690969228744506836e+00
1.724961876869201660e+00
1.949488043785095215e+00
-5.605767369270324707e-01
4.541138112545013428e-01
1.793351411819458008e+00
3.742466270923614502e-01
1.562811851501464844e+00
6.707740426063537598e-01
-1.982617616653442383e+00
1.721707582473754883e+00
1.006061136722564697e-01
7.155122160911560059e-01
-5.125039443373680115e-02
-1.083562374114990234e+00
8.088583350181579590e-01
-1.201769351959228516e+00
-1.995864391326904297e+00
6.078433990478515625e-01
9.813863635063171387e-01
1.534698437899351120e-02
-1.861779093742370605e-01
5.051320195198059082e-01
1.291076779365539551e+00
1.334190368652343750e+00
1.887604236602783203e+00
8.065132051706314087e-02
-6.742716431617736816e-01
3.551331460475921631e-01
1.423685073852539062e+00
-9.431240558624267578e-01
1.050830006599426270e+00
-1.970044136047363281e+00
6.323571205139160156e-01
1.409824013710021973e+00
-4.036097228527069092e-01
-1.271016895771026611e-01
-2.597582042217254639e-01
1.075970768928527832e+00
-1.681684255599975586e+00
7.111774086952209473e-01
-9.849653244018554688e-01
7.855403423309326172e-02
2.844057977199554443e-01
-1.684512972831726074e+00
4.950789489746093750e+02
6.532269287109375000e+01
3.805374145507812500e+02
9.168378906250000000e+02
2.320354766845703125e+02
5.837920532226562500e+02
4.013477172851562500e+02
1.749586791992187500e+02
7.290246582031250000e+02
2.535811614990234375e+02
1.491741638183593750e+02
9.915351867675781250e+00
5.062612915039062500e+02
8.371026000976562500e+02
4.559685516357421875e+01
6.888123035430908203e+00
7.291707763671875000e+02
7.392036132812500000e+02
5.375946044921875000e+02
7.140955810546875000e+02
9.483309936523437500e+02
4.008111267089843750e+02
7.181425170898437500e+02
3.860296630859375000e+02
8.859324340820312500e+02
5.816859741210937500e+02
2.179922866821289062e+01
7.202543945312500000e+02
4.389044189453125000e+02
1.851748504638671875e+02
2.379131774902343750e+02
TLAST
3.534457921981811523e+00
2415853569
-7.046496582031250000e+02
-5.852919921875000000e+02
1.224943618774414062e+02
5.761840820312500000e+02
5.965097045898437500e+02
3.511984252929687500e+02
7.313225097656250000e+02
1.693236236572265625e+02
-7.212478637695312500e+02
-8.508423461914062500e+02
2.644045104980468750e+02
-6.599667968750000000e+02
5.875296630859375000e+02
-9.784364013671875000e+02
-6.548813343048095703e+00
9.773916015625000000e+02
6.741899414062500000e+02
-1.164089298248291016e+01
4.326290283203125000e+02
-4.122883911132812500e+02
-2.679894409179687500e+02
-9.319483642578125000e+02
-1.399880123138427734e+01
2.735677185058593750e+02
5.950711669921875000e+02
-7.348550415039062500e+02
9.968244628906250000e+02
9.524739990234375000e+02
6.903618164062500000e+02
6.876182861328125000e+02
9.248594360351562500e+02
6.318678588867187500e+02
-6.775227661132812500e+02
9.640119018554687500e+02
1.769331665039062500e+02
-7.624561767578125000e+02
4.343414783477783203e+00
6.969200439453125000e+02
-5.291420898437500000e+02
3.511882324218750000e+02
-7.383837890625000000e+01
-2.958203125000000000e+02
8.344944458007812500e+02
-5.941165771484375000e+02
-5.815873413085937500e+02
-8.438187255859375000e+02
9.934056396484375000e+02
5.137384033203125000e+02
-7.584310913085937500e+02
-7.058762817382812500e+02
-7.959557495117187500e+02
-6.065709838867187500e+02
9.002627563476562500e+02
-8.788502807617187500e+02
6.606611633300781250e+01
-3.857661132812500000e+02
-2.447394714355468750e+02
-9.512415161132812500e+02
4.214974365234375000e+02
-6.365613555908203125e+01
3.836047973632812500e+02
3.516070556640625000e+02
-9.988246459960937500e+02
4.581088562011718750e+02
3.364949035644531250e+02
6.236853027343750000e+02
-2.588492736816406250e+02
8.798091430664062500e+02
7.841272583007812500e+02
4.645404663085937500e+02
7.962973022460937500e+02
6.120191040039062500e+02
-6.577048950195312500e+02
-8.184288330078125000e+02
-8.420809326171875000e+02
5.160081787109375000e+02
-4.044627685546875000e+02
6.974124755859375000e+02
-3.295090942382812500e+02
4.541840209960937500e+02
-7.006472349166870117e-02
-4.917067871093750000e+02
-7.835689697265625000e+02
9.629680786132812500e+02
9.824690551757812500e+02
5.329607391357421875e+01
-9.600369262695312500e+02
-6.799692382812500000e+02
-8.652391357421875000e+02
-5.126553344726562500e+02
-7.523338012695312500e+02
-6.621003417968750000e+02
-4.794412231445312500e+02
1.437595520019531250e+02
-6.191038208007812500e+02
-3.009545593261718750e+02
3.605310916900634766e-01
1.469005465507507324e+00
-2.930975258350372314e-01
-7.099950313568115234e-01
1.165306687355041504e+00
-7.494463585317134857e-03
1.549340963363647461e+00
-6.916102170944213867e-01
-1.118432760238647461e+00
-1.066763877868652344e+00
1.162710666656494141e+00
4.767650067806243896e-01
8.971585631370544434e-01
-1.257693409919738770e+00
-2.121061831712722778e-01
-4.835044741630554199e-01
1.667285323143005371e+00
-2.853722684085369110e-02
1.501934289932250977e+00
-1.109976530075073242e+00
1.098323822021484375e+00
-2.041614800691604614e-01
3.495290279388427734e-01
2.901880145072937012e-01
-1.908423304557800293e+00
-1.158925771713256836e+00
-5.807815790176391602e-01
6.692860126495361328e-01
-1.895766377449035645e+00
1.186086654663085938e+00
1.101802229881286621e+00
-1.768912911415100098e+00
-1.987941622734069824e+00
-1.613151073455810547e+00
-7.264322638511657715e-01
-8.076603412628173828e-01
-1.907514691352844238e+00
-6.082778573036193848e-01
1.574514150619506836e+00
1.577403664588928223e+00
1.352393865585327148e+00
-1.028217554092407227e+00
-1.928040266036987305e+00
-1.644011139869689941e+00
3.769536316394805908e-01
7.568421773612499237e-03
-2.816337347030639648e-01
2.861801534891128540e-03
-1.838990569114685059e+00
-1.009438514709472656e+00
-1.432088851928710938e+00
-1.932651877403259277e+00
-1.124944448471069336e+00
-1.190761446952819824e+00
2.018350362777709961e-01
1.188058972358703613e+00
-1.445065438747406006e-01
8.763048797845840454e-02
2.857258915901184082e-01
1.660425186157226562e+00
-9.942216873168945312e-01
-1.363016009330749512e+00
-1.038127899169921875e+00
-3.234078586101531982e-01
-1.974374651908874512e+00
-1.400528669357299805e+00
5.791196227073669434e-01
1.522149682044982910e+00
1.424962997436523438e+00
-6.623203158378601074e-01
-1.220719099044799805e+00
-1.664714217185974121e+00
7.561990022659301758e-01
-1.305219173431396484e+00
-4.207161664962768555e-01
2.165758311748504639e-01
2.706569433212280273e-01
-1.015004754066467285e+00
-2.038614153861999512e-01
1.430103302001953125e+00
-1.393000721931457520e+00
-2.827006578445434570e-01
1.717604279518127441e+00
1.567273139953613281e+00
1.983822584152221680e-01
4.821554720401763916e-01
-4.916424155235290527e-01
1.267050266265869141e+00
-1.553371429443359375e+00
-3.356245756149291992e-01
-1.161590576171875000e+00
3.951446413993835449e-01
-1.190249323844909668e+00
3.071605861186981201e-01
-3.136667609214782715e-01
1.710014492273330688e-01
4.587334594726562500e+02
5.765576171875000000e+02
7.517098388671875000e+02
4.344392700195312500e+02
9.525654907226562500e+02
4.688610229492187500e+02
3.071780395507812500e+02
8.708556518554687500e+02
7.192836914062500000e+02
9.276975708007812500e+02
2.024794158935546875e+02
8.534644165039062500e+02
4.134716186523437500e+02
5.008880004882812500e+02
3.492812194824218750e+02
8.276651000976562500e+02
7.627965698242187500e+02
2.504600830078125000e+02
2.776191711425781250e+02
6.530831909179687500e+01
8.405059204101562500e+02
4.263489990234375000e+02
9.659539794921875000e+02
1.280788116455078125e+02
5.318138427734375000e+02
7.384356079101562500e+02
6.456918945312500000e+02
2.861869506835937500e+02
7.400714721679687500e+02
5.408959960937500000e+02
2.122602386474609375e+02
TLAST
2.150768127441406250e+02
2415853570
-2.660096130371093750e+02
3.557085266113281250e+02
-5.638543090820312500e+02
8.053856201171875000e+02
3.276084899902343750e+02
8.750187988281250000e+02
-1.892087936401367188e+01
-5.222788696289062500e+02
1.286567535400390625e+02
8.310293579101562500e+02
5.123858642578125000e+02
3.623522033691406250e+02
-5.831085205078125000e+02
9.950602416992187500e+02
-2.940118103027343750e+02
-4.049126281738281250e+02
7.377804565429687500e+02
-6.420869750976562500e+02
-5.365458374023437500e+02
-1.869637145996093750e+02
6.395436401367187500e+02
-3.675179443359375000e+02
-2.189693298339843750e+02
5.791745605468750000e+02
8.502413177490234375e+01
8.403992309570312500e+02
4.202463378906250000e+02
-8.650452880859375000e+02
-8.129970092773437500e+02
5.566340332031250000e+02
9.277437133789062500e+02
-8.704213256835937500e+02
7.069913940429687500e+02
-7.407546997070312500e+02
-3.756309814453125000e+02
-3.773883361816406250e+02
1.913534851074218750e+02
-5.508250122070312500e+02
2.655769653320312500e+02
-4.090638427734375000e+02
1.569198608398437500e+02
2.468055267333984375e+02
-8.385090942382812500e+02
-4.989064941406250000e+02
-4.915436706542968750e+02
-9.311242065429687500e+02
7.919317626953125000e+02
8.251042480468750000e+02
6.028613281250000000e+02
-2.994767150878906250e+02
2.160018157958984375e+02
8.746329956054687500e+02
1.088925476074218750e+02
6.556040649414062500e+02
4.404605102539062500e+02
-3.079614830017089844e+01
-9.263085937500000000e+02
-5.638412952423095703e+00
7.355398559570312500e+02
5.321355590820312500e+02
-9.690345458984375000e+02
1.935437469482421875e+02
2.131986541748046875e+02
-2.048238372802734375e+02
-2.090929718017578125e+02
-5.233999023437500000e+02
5.981434936523437500e+02
-3.231677551269531250e+02
7.665328979492187500e+02
4.083156738281250000e+02
5.616403198242187500e+02
-6.907113037109375000e+02
6.279091796875000000e+02
-3.395865478515625000e+02
-9.673312988281250000e+02
-4.350694274902343750e+02
-5.926878662109375000e+02
-1.562982082366943359e+01
-3.031253051757812500e+02
8.119137573242187500e+02
6.274319458007812500e+02
6.447698974609375000e+01
-4.906873779296875000e+02
-3.772580566406250000e+02
-8.474073486328125000e+02
5.386917114257812500e+02
2.798314208984375000e+02
-5.726824340820312500e+02
-8.182714843750000000e+02
-8.447666625976562500e+02
-6.484859619140625000e+02
3.666304931640625000e+02
-8.921956176757812500e+02
3.716451416015625000e+02
4.029911193847656250e+02
-4.465775146484375000e+02
-6.120741963386535645e-01
1.580791831016540527e+00
-8.666944503784179688e-02
1.198243379592895508e+00
-9.495183229446411133e-01
-1.225485444068908691e+00
1.128930807113647461e+00
1.115774512290954590e+00
6.302124857902526855e-01
-7.551950216293334961e-02
-5.058322548866271973e-01
1.290760993957519531e+00
-1.061333417892456055e+00
-1.031999826431274414e+00
-1.114390611648559570e+00
9.338257312774658203e-01
-5.065856575965881348e-01
1.198210000991821289e+00
1.985779404640197754e-01
3.596346080303192139e-01
4.619779586791992188e-01
-8.035631179809570312e-01
-7.361004352569580078e-01
-1.515068769454956055e+00
1.146205306053161621e+00
1.918048977851867676e+00
4.783242344856262207e-01
-1.039156079292297363e+00
1.120163798332214355e+00
1.870865345001220703e+00
6.881026029586791992e-01
-8.636540174484252930e-01
1.262205362319946289e+00
3.064084947109222412e-01
-1.726638555526733398e+00
1.627810001373291016e-01
-1.065264344215393066e+00
-1.718681812286376953e+00
-1.318566918373107910e+00
3.842867314815521240e-01
1.957794189453125000e+00
1.569338291883468628e-01
3.259472250938415527e-01
-1.273494601249694824e+00
-1.235212802886962891e+00
1.361896038055419922e+00
-4.052131772041320801e-01
7.558069825172424316e-01
-8.103455305099487305e-01
-1.321868062019348145e+00
-2.116625756025314331e-01
1.447679638862609863e+00
-9.267208725214004517e-02
1.102164506912231445e+00
-1.843479394912719727e+00
5.033525228500366211e-01
-9.687338471412658691e-01
-3.243322670459747314e-01
-1.049332857131958008e+00
-1.262316107749938965e+00
-1.217833757400512695e+00
1.931974411010742188e+00
-2.382556796073913574e-01
1.281753480434417725e-01
1.925737857818603516e+00
7.189344763755798340e-01
-6.532131135463714600e-02
9.579935073852539062e-01
-1.594054341316223145e+00
1.912684082984924316e+00
-3.199338018894195557e-01
1.684177041053771973e+00
1.033948779106140137e+00
1.928605914115905762e+00
-6.898663938045501709e-02
1.147777661681175232e-01
1.587206006050109863e+00
-1.107036948204040527e+00
8.044881224632263184e-01
-5.070276260375976562e-01
7.041075825691223145e-01
-6.691796779632568359e-01
1.967114686965942383e+00
-1.955162167549133301e+00
-1.664888143539428711e+00
6.009574607014656067e-02
-4.151599109172821045e-01
1.411800622940063477e+00
3.664439618587493896e-01
1.003455638885498047e+00
-1.968327164649963379e-01
-2.422560602426528931e-01
-1.651235461235046387e+00
-1.868370532989501953e+00
-1.112283349037170410e+00
-1.870412193238735199e-02
5.235744018554687500e+02
7.358604125976562500e+02
1.770927734375000000e+02
4.953190917968750000e+02
6.589604492187500000e+02
2.270852966308593750e+02
7.863436889648437500e+02
3.106319580078125000e+02
2.298557434082031250e+02
3.993816833496093750e+02
3.553307495117187500e+02
6.020807647705078125e+01
1.114400558471679688e+02
9.107500000000000000e+02
4.276919250488281250e+02
7.951616821289062500e+02
7.063901367187500000e+02
9.276990356445312500e+02
3.049569129943847656e+01
8.199611816406250000e+02
6.143032226562500000e+02
7.162340087890625000e+02
7.968553466796875000e+02
9.974262084960937500e+02
3.285441284179687500e+02
1.913522796630859375e+02
1.082247390747070312e+02
4.050821228027343750e+02
1.709978332519531250e+02
6.987882690429687500e+02
5.790496826171875000e+02
TLAST
6.146619262695312500e+02
2415853571
-3.242022705078125000e+01
7.322712402343750000e+02
6.451483764648437500e+02
-8.991282348632812500e+02
9.248274536132812500e+02
-7.987703857421875000e+02
3.700656738281250000e+02
6.682594604492187500e+02
4.216330261230468750e+02
5.555732421875000000e+02
3.861963806152343750e+02
2.987806091308593750e+02
8.584870605468750000e+02
8.664347534179687500e+02
-2.093273010253906250e+02
-5.071911621093750000e+01
-5.468810424804687500e+02
7.031406860351562500e+02
1.116975784301757812e+02
-1.338146057128906250e+02
-7.833123779296875000e+02
9.736586914062500000e+02
-3.310521545410156250e+02
9.984015502929687500e+02
9.033034057617187500e+02
-1.507103271484375000e+02
2.150097045898437500e+02
-3.035776977539062500e+02
-6.622911376953125000e+02
-5.906718139648437500e+02
-5.000868835449218750e+02
-3.585420227050781250e+02
-4.221179504394531250e+02
6.084502563476562500e+02
9.904911499023437500e+02
3.375794982910156250e+02
5.224856567382812500e+02
8.834368705749511719e+00
-6.814393310546875000e+02
5.577783813476562500e+02
-8.366965332031250000e+02
-5.796145019531250000e+02
1.854710693359375000e+02
7.774137878417968750e+01
-9.269644165039062500e+02
-7.140776367187500000e+02
-9.265026245117187500e+02
4.697910461425781250e+02
9.497918701171875000e+02
-1.875881042480468750e+02
-1.862104034423828125e+02
1.198952102661132812e+02
-7.652515869140625000e+02
2.049324188232421875e+02
7.093549194335937500e+02
-7.954545898437500000e+02
-4.257669677734375000e+02
-5.154668579101562500e+02
2.814964904785156250e+02
5.297005004882812500e+02
-4.874212036132812500e+02
3.755695495605468750e+02
3.495408630371093750e+02
3.391810913085937500e+02
-3.110021667480468750e+02
5.058879394531250000e+02
3.174735412597656250e+02
-3.273428955078125000e+02
8.988872680664062500e+02
1.054214172363281250e+02
-9.480819091796875000e+02
-9.202060546875000000e+02
-8.248109130859375000e+02
7.721958007812500000e+02
-1.595526275634765625e+02
3.548885192871093750e+02
-5.302807006835937500e+02
-7.829975585937500000e+02
1.238412017822265625e+02
-3.177931213378906250e+02
4.461428527832031250e+02
7.499894714355468750e+01
-9.036687622070312500e+02
-4.966638946533203125e+01
-5.228840332031250000e+02
8.482750244140625000e+02
8.346448364257812500e+02
7.547921752929687500e+01
-1.539959106445312500e+02
2.961439514160156250e+02
9.997999572753906250e+01
-7.207759399414062500e+02
-4.610454101562500000e+02
7.465959167480468750e+01
-9.038648681640625000e+02
-3.371374206542968750e+02
1.434504866600036621e+00
-1.261632919311523438e+00
1.160997867584228516e+00
1.755861997604370117e+00
-1.275707125663757324e+00
-1.051993131637573242e+00
2.233314961194992065e-01
-6.894673705101013184e-01
-1.346136927604675293e+00
8.524761795997619629e-01
-8.173968195915222168e-01
-9.539175033569335938e-01
-5.815838575363159180e-01
-1.869251370429992676e+00
1.642477631568908691e+00
-1.206503957509994507e-01
-5.214446187019348145e-01
-2.855791896581649780e-02
-1.791582584381103516e+00
-9.702496528625488281e-01
1.199259996414184570e+00
-6.357157826423645020e-01
-1.526265859603881836e+00
-9.656289219856262207e-01
-8.351994752883911133e-01
-1.063966631889343262e+00
-3.318904936313629150e-01
-6.581308245658874512e-01
-1.817594766616821289e+00
-1.542623400688171387e+00
-3.131946325302124023e-01
-3.390963971614837646e-01
1.170414924621582031e+00
1.488574743270874023e-01
1.198437333106994629e+00
-7.071356177330017090e-01
-1.994140744209289551e+00
5.169512033462524414e-01
2.940591573715209961e-01
1.767154693603515625e+00
6.224856376647949219e-01
-1.245039463043212891e+00
1.775767326354980469e+00
7.103180885314941406e-01
-1.530959010124206543e+00
-2.927947230637073517e-02
-7.747277617454528809e-01
1.971220850944519043e+00
2.528648972511291504e-01
-1.588158249855041504e+00
-3.180190920829772949e-01
1.047301054000854492e+00
-1.559262275695800781e+00
1.138900145888328552e-01
-1.838856697082519531e+00
-4.000933766365051270e-01
1.738456249237060547e+00
-3.453427553176879883e-01
-4.587001800537109375e-01
4.575318694114685059e-01
-1.725633382797241211e+00
-6.985775232315063477e-01
7.034626007080078125e-01
7.172377109527587891e-01
-1.551820635795593262e+00
1.201889395713806152e+00
-6.355964541435241699e-01
3.043965697288513184e-01
-2.461032271385192871e-01
4.596206843852996826e-01
2.412692308425903320e-01
9.911218285560607910e-01
9.254334568977355957e-01
3.090277016162872314e-01
6.607636213302612305e-01
1.533842802047729492e+00
1.923170804977416992e+00
9.680429100990295410e-01
1.555785655975341797e+00
1.664275079965591431e-01
-1.822087407112121582e+00
7.183616161346435547e-01
-1.588219642639160156e+00
-3.172788023948669434e-02
1.148251295089721680e+00
1.849544525146484375e+00
-1.156154751777648926e+00
-1.198768973350524902e+00
1.420398712158203125e+00
2.054463028907775879e-01
-7.510774135589599609e-01
1.215187191963195801e+00
-5.920356139540672302e-02
1.043075084686279297e+00
-8.688449263572692871e-01
1.046835303306579590e+00
2.848324966430664062e+01
4.248927917480468750e+02
1.817213439941406250e+02
8.751386108398437500e+02
9.692150115966796875e+00
2.744594421386718750e+02
7.627993774414062500e+02
3.207214660644531250e+02
8.865244140625000000e+02
8.333419189453125000e+02
1.102892990112304688e+02
3.913356933593750000e+02
4.383081359863281250e+02
8.665831298828125000e+02
7.827597045898437500e+02
9.866723632812500000e+01
1.307207298278808594e+01
1.170791854858398438e+02
5.050011596679687500e+02
4.846185684204101562e+01
3.584612731933593750e+02
2.852659912109375000e+02
8.348649902343750000e+02
6.115800857543945312e+00
1.672204437255859375e+02
5.864982910156250000e+02
7.476705932617187500e+02
2.654253540039062500e+02
7.685846557617187500e+02
2.080997772216796875e+02
7.867512207031250000e+02
TLAST
2.261606140136718750e+02
