2415853568
1110772195
1125851314
-1006144130
-1003978786
-1015631864
1122976966
-1001472681
1146981000
-1003274132
1147991075
1132965484
-1015965256
-1006544216
-1015886746
1138993477
1110842109
-1005355641
1136419713
-1031279151
1117705810
1108878522
1118840378
-1013309063
1136595559
1141812878
-1006535582
-1001925038
-1006500700
1132468673
1136472045
1126839429
1092790986
-1022926385
1133751637
1141854437
1135928072
1142549797
1142951530
1144709767
1134074996
1147490427
1102912540
-999937144
1143350778
-1000450259
1146647968
1123906951
-1003891376
-1001884103
-1001783887
1138674367
1099154397
1148796378
1124779780
1147285264
1100955110
-999749983
-999988407
1143429947
1136952831
1133005795
1146591410
1148773154
-1017157019
-1002004369
1143279171
-1000917502
-1017647531
1145544133
-1006880621
1148196601
-1008791626
-1003221136
-1004774936
-1030899996
-1009597622
-1000144585
-1013271598
-1000444161
1147410583
-1002111605
1140269473
-999079162
-1013098281
1140900698
-1027806518
-1009244297
1144330287
-1012695756
-1023326368
1148476879
1140898382
-1007126270
1141964188
1119384287
-1007651520
-1076130569
1042581788
-1085815171
1066500098
1073174160
-1075250384
1061636382
-1080024275
1053250093
-1083101779
1067584189
-1082047060
-1092998007
1068168701
-1076164223
1070804133
-1094442979
1071102631
-1117019061
1023955678
-1076876721
-1081437393
-1091373086
-1079591907
1065350390
1066344820
-1104446024
-1097837378
-1077250050
1071182042
-1094687155
-1103087935
1072046912
1062513121
-1081706547
1017101719
-1092695767
-1085447130
-1100940534
1052615081
1067353078
1062720400
1060032223
-1075039995
-1080802306
1066511886
-1078390477
1073436234
-1096050839
1069403027
-1084046211
1063569255
-1076783080
-1090272070
1073033500
-1076761546
-1075254710
1060131668
1066705574
-1076951849
1073654642
1067669532
1072221227
1022114126
-1091737803
-1077002432
1059543730
1048425156
1052311111
-1125462755
1064412836
-1077489191
-1076132552
1067074148
-1092488014
1058899392
-1077361819
-1089345583
1012890800
1059020870
1070144190
-1104853817
1069167703
1061454171
1072202000
-1074911574
1050223231
-1117809432
-1079099044
1052982574
-1079381639
1073475957
1070218530
1063892667
1053200016
1066541682
1148167731
1142680380
1130081254
1120838105
1145231243
1143259622
1124721518
1136729249
1142142523
1143461666
1107327938
1134952355
1144176224
1143842705
1140549393
1148414349
1143845742
1135990439
1138764446
1141190646
1147243364
1148382975
1142760494
1144071646
1131078692
1136464267
1131935739
1147407654
1133074361
1110085891
1139220048
TLAST
1139812029
2415853569
-1058069291
-1003648111
-1006969945
1148224707
1146972707
-1012446587
-1018365702
-1000627888
1140471528
1143799204
-1009515735
1126666195
1137631595
-1000238916
1139056558
1146118280
-998785170
1115909595
-1022797242
-1014604314
1148671589
-1015283000
-1014320076
-1008879491
-1019851022
-1021541665
1127197377
1147620564
1141628548
1141974757
1134122060
-1003578265
-1025426616
-1008773779
-1000820005
-1021708149
-1011183105
1131648063
1148161771
-1009296886
1148820003
1128099972
-1003876516
-1024918841
-999962315
1145214044
1146668788
-1003305096
1146959361
1144654960
1142414981
1139840115
-1000464317
-1005439153
-999220043
-1022626887
1133235959
1148175656
-1014149639
-1026117562
-1026682756
-1002437642
1148206853
-1046060024
1133603880
1137339883
-999904051
-1007341753
-1007658006
-1001690389
-1026451700
-1014150318
-1003854442
1147881885
-1005319569
1144565207
-1003692920
-1005948211
1144818246
1141653169
-1005476666
-1036242081
-999848735
-1002987465
1140972491
1141093901
1119707332
1119737827
1141611117
-1022264755
1140770672
-1012409011
-1001738787
1135192946
-1005779655
-999173230
-1089961488
-1083578166
1067222931
1065562882
-1082401516
-1086714334
1071869690
-1078997029
-1086855093
-1083884157
-1078432839
1060196722
-1083094384
1069546117
-1074216996
-1080381399
-1076305428
-1086573982
-1080627222
1046027149
1039144061
1058531168
-1081731298
1039129335
-1090622592
-1074684012
-1086729807
1069059256
1057724330
1072844386
-1093876200
-1076307351
-1082404008
1064208124
-1095519198
1063404002
1044078085
1066348851
-1082059454
1073048884
-1076234884
1064142365
1071625167
-1086920009
1066366653
1073417045
-1079219975
-1075285375
1055985830
-1091674709
-1091882740
-1093796943
1059271746
-1086139710
-1081438029
-1100149782
-1078196124
-1075447093
-1080138203
1062573931
-1074610074
-1090182557
-1089420561
1063912892
1065345107
1064787796
1067054432
-1081803349
1040200392
-1075078425
1039522857
1070147968
1063353720
-1094521558
1071372698
-1088308351
-1080603194
1055924109
-1115629130
1048214477
-1074983566
-1074430811
-1080481182
-1080171570
-1076681759
1057910638
-1087886099
-1086896496
1068959077
-1076341598
-1086747580
1060747019
-1089459392
1060525830
-1106460809
-1074881073
1146373528
1126341428
1119801411
1144675529
1133713979
1141377311
1144175491
1132136255
1099000040
1082158100
1107499095
1146574096
1143043465
1138460196
1139231843
1144126322
1144756120
1135428417
1135533355
1144195498
1108265747
1143560844
1144996811
1134720586
1109777034
1146467935
1127106131
1132043447
1146016844
1136145765
1135348404
TLAST
1140857518
2415853570
-1005896247
1131641442
1086786526
-999532507
-1000519847
-1006452376
1141587451
1129987349
-1001125866
-1002703132
-999010020
1141640380
1146549360
1099290254
1145087467
-1002849306
1134058080
1119022567
-1001923505
-1015240515
-1030042234
-1008916180
1128857721
-1000608933
-1010234115
1145926446
-1001349149
1137905870
-1017050181
-1013129980
-1001123881
1147153326
1146923999
-1022546231
-1040768433
-998941028
-1016962390
1141928684
-1006784613
1141025908
-1007397429
-1007166304
1131850156
1144833057
-1026963443
-1017460063
1128177799
1121134228
1136704940
1135041563
1138096495
-1005067743
1140373224
-1003318143
1130930164
-1006432876
1132339720
-1005542512
-999688927
-1009875387
-1001273217
-1006847416
1140478477
1122003141
1142768639
-1001567437
-1012858247
-1002083797
1145254305
-1001107661
1112981469
-1028850799
-1010992079
-1001815693
1146569880
1138346046
-1003412829
1143069223
-1020160423
1143784962
1143890381
-1031613926
-1006243381
-1004637348
-1006467169
-1003544490
-999208689
-1039449098
1123036033
1145983907
1141318178
-1013832525
-1001565118
-1006562347
1135492568
1142936791
-1088989462
-1075615367
-1096296068
-1096275472
-1074428883
-1074884240
1054534732
1072180289
-1107255035
1067907245
-1090238313
1069615183
-1079944551
-1082670513
-1075241190
1060184103
-1117795455
1069497384
1064434260
-1114630833
1038911290
-1089862912
1069490179
1072401432
-1097403700
-1087432111
-1098385582
-1078225712
-1111078047
1064687524
-1079424120
1059710916
-1078708591
1072938751
-1091991681
1073621375
-1074962949
-1080627898
-1088207295
1057267902
-1089722099
1063931629
1057209474
-1117478866
-1098462102
-1083398466
-1078879494
1058232099
-1081320385
-1073813188
-1080491220
1064391209
-1104183928
1069259899
-1080625191
1054798749
-1107268925
1068717568
1037561502
1068590946
1064667803
1066130766
-1111469486
-1096694510
1068929950
-1086348046
-1090053712
-1080399471
1030677985
-1078676099
-1090463387
-1086449738
1065664776
-1083947715
-1101387910
-1077626960
1063447559
-1086701797
-1102218979
1060692876
1069539103
-1083242183
1073088715
-1079081859
1032555778
1057311577
1069591881
-1078901685
1055984109
-1077222966
1025017571
-1085857392
1066952764
1017678205
-1077654352
1060049828
1144459453
1136434345
1143717685
1145809534
1144073382
1143786350
1140139536
1143716893
1125246353
1135005705
1106066362
1137662091
1138124285
1136690089
1142665962
1137274074
1131201809
1142564499
1144897754
1146057428
1147052384
1146019299
1122406239
1144399757
1142521213
1137879211
1140613948
1107956035
1139328396
1139573135
1147884626
TLAST
1134409540
2415853571
1139629059
1144126565
-1000722941
1144636562
-1019034497
1100113187
1130520295
1102883839
-1006741334
-999015495
1144590237
-1000911893
1146769004
-1001074936
-1046314497
1143851666
-1010856377
1130355890
1111189956
1135235031
1133328363
1115223361
-1001088678
-1018556151
-1004686139
-1006000260
-1000059132
-998673631
1136589580
-1005059760
1148080284
-1004506726
-1000605824
1141640957
-1006569090
-1030033556
-1006976662
-1042825318
1138227455
1125247281
-1032165438
1121480544
-1005101053
-1019932318
-1013656219
-1009361512
-1005100683
-1008735061
-1006085064
-1000677439
1144670879
1133127927
-999868657
-999905970
1148734300
-1003523630
1137298829
-1017532767
1144531537
1132461570
-1001606617
1143082355
-1005179492
-1030567195
1148823392
1137839259
-1062169207
1144695135
1142740464
1128544245
-1006207419
-1003197380
1148513273
1146912284
-1017423358
1147901032
1148115033
-1007882228
-1003868387
1142553946
-1005215476
1116605789
-1001658413
-1005017355
-1004788902
1133755575
1141243531
-1013036809
1143424370
1135948265
-1010961707
-1005282505
1139713873
-1004488286
1135768679
1141476266
1071822642
-1081734212
-1089828147
1034325176
1072904885
1068611017
1071700559
1073487095
1067549721
-1081549785
-1075276165
1069593976
1072735697
-1102699363
-1082844976
1071193673
-1074799142
1068789381
-1076572883
1064508052
1072774375
1066036082
1063423134
1067847564
-1115548620
-1096837798
1066179428
1073512690
1068658271
-1084688152
-1126566659
-1114430532
1034366457
-1080402915
1069246717
-1080980553
-1085849295
1069013585
-1086359881
-1074135057
-1094294350
-1079794579
1066342610
-1076292052
-1079576871
1071286138
-1091985687
1050708305
1072867197
-1086241006
-1081028017
-1090800634
-1092568080
-1080104844
-1085084390
-1088936269
1022119895
-1078252390
1054953380
-1076201969
1069420920
1059932342
-1083349198
-1075648329
1059305385
-1084522450
1072454285
1072167402
1073376729
-1077718009
1065363296
-1081672206
-1082865183
1056502406
1059846223
1070345580
1049219710
-1088250792
1070849875
-1075007537
-1100260407
1045542417
-1079369970
1047892394
1071286066
1053478387
1067556553
-1075099262
-1089093927
-1086582251
1072937598
-1080542350
-1085085795
-1128140794
-1090127935
1062044211
1144865591
1140129085
1127028852
1132125491
1135923446
1143171961
1133328852
1105677771
1129716589
1142373805
1140399740
1132936194
1148711924
1138326030
1145886821
1144024815
1147022927
1144357055
1143040338
1147956710
1132303294
1136362862
1146632772
1147020811
1129521307
1137683347
1140273566
1143190029
1146853697
1129951431
1145944407
TLAST
1147831633
