2415853568
1143798458
1148288067
1142239312
-999909299
1142357136
1146398848
1134593638
-1021626016
-1018438168
-1005948863
-1020032605
-1039937159
-1004068845
-1010081793
1145536355
-1008354314
1136735251
-1026445339
-1005579269
1138180287
-1005821576
1134723402
-1005273337
-1034270496
1146637019
-1011682957
-1018613442
1120004379
-1044093429
-1004693351
-1010441265
-1024835779
1145235794
-998857445
-1006611739
-1000656614
-1007157221
1131153506
-1006335478
1144126143
1135548152
1138495389
1141976408
1138406715
-1000551106
1141677796
1148472502
1148053291
-1007487170
-1030596923
1140452437
1142927123
-1008310998
-998831094
1135925352
-1014810054
1127702827
-1019547048
1142430953
-1008819504
-1005548188
1141775181
-1004553606
1147314782
1141908162
1127781995
-1017816066
1129911370
-1006367480
1143372338
-1015051977
-1014218762
1122265816
-1005263103
-1020079434
-1019873256
-1012939034
1126220076
-1013091615
1136069177
1133162877
-1007342655
1147127600
-1002118011
-1031342461
-1022887078
1122324200
-1006469389
-1001575916
1144557288
1142272529
-1002973593
-1014710340
-1003695478
1124747641
-1013958973
1059905226
-1124676852
1060093370
-1086606006
1069557277
1071868777
-1090177409
1069008816
-1076048329
-1078909272
-1081558117
-1074500255
1061395292
-1081555972
1049762249
-1085398448
1073100796
-1091377132
1058986416
-1078696931
-1084474963
1070017784
1061192323
-1076655869
1072200055
1052844807
-1079978532
-1113525316
1070010034
-1078210605
1046164493
-1085868424
1072170678
1071739160
1048601415
-1094696582
1046815726
1058119813
-1099941432
1068482783
-1091467296
-1074428507
-1076072648
1067385755
1062475391
1062244068
1070161398
1062346014
1070136127
-1081201163
1069242837
1063729650
1066214326
-1104896797
-1078528075
-1081673439
-1079209501
1067188253
-1081430310
-1082724173
-1098280698
1036642149
-1076529824
1038794663
1046800911
-1080038629
1068981306
1061793318
-1077426479
1065429596
1029677953
1057306230
1047114625
1042120313
1067628063
1056646092
-1099998326
1037508107
1072278098
-1075527802
-1103585028
-1081626097
-1114978806
-1081093256
1071458199
-1115373981
-1084010216
1067148265
-1086003829
-1076001132
1049819970
1061478363
-1087060432
1065518615
1071876266
1071587574
1142458281
1141167704
1146247546
1138373012
1142483512
1114536773
1144672013
1143852367
1145764577
1120956222
1139211806
1143181144
1090838567
1146407995
1145908724
1140866743
1135410778
1144406819
1147038285
1140276099
1146965579
1125368952
1134913192
1144223235
1135867777
1141021259
1143190109
1142116045
1138104568
1124894008
1137551433
TLAST
1130518447
2415853569
-1018762476
-1006491356
1114856728
1133582519
-1008759041
-1003945055
-1021326770
1143498782
-1021563652
1142348725
1136811999
-1009807192
-1019426556
-1005009194
1147737904
1145874223
-1026703446
1139146885
-1003326381
1131366686
1145846535
-999322725
-1028926063
-1006200395
1144374835
1128753656
1141572598
1138889316
1140497774
-1011594824
1142260042
-1004208587
-1012076991
-999463915
-1005453940
-1014840870
-1014853651
-1009444055
1134765862
-1010790416
1095452231
1146565935
1131346245
-1005145025
-1009753918
-1019612456
-1019105726
-1014518023
1146671056
1146658070
1145135619
-1000778270
-1014476525
1135243040
-1036474170
1143040001
1124585069
1136572453
-1002134171
-1022374571
1145152748
-1043609709
-1002433816
-1002994652
-1000231779
1142160505
1136114261
1142555046
-1043629148
1125031273
1135219353
1116264606
1134805071
-1007083877
-1014399376
1148404043
-998807660
-1003462433
-998749666
-999016936
1139658932
-1003556155
1127144059
1144687683
-1019746670
-1012700925
1086879368
-1000068384
1146338772
1135470503
-1030324981
1147901941
1147532708
1106385445
-1013877225
-1000819915
1068520404
1064782289
-1076127097
-1082111841
-1085723672
1062062855
-1082806780
-1098172293
-1077782695
1073728856
-1075194763
1066066956
1058805822
-1078317758
1070526641
-1074297792
-1075704010
-1078656870
1059853211
-1131993159
-1106673416
-1073909615
-1076721958
1066309304
1069451472
-1086440069
-1085330381
1071339199
1067722758
-1076972568
-1079375984
1067845378
1069412767
1056340913
-1079810840
1067640357
1069849297
-1089493548
-1074328705
-1146344966
1071330733
-1080496830
1052485990
1064099455
1072504518
1071114639
1069245171
-1082989429
1069742127
1064178973
1072240335
-1077673315
1054939969
1055865454
1067170259
1073468134
-1084264121
1048549613
1042311973
1041877634
-1098301526
-1097613474
-1086054843
-1084051058
-1074184085
-1079812838
1071482571
1061353056
-1119830406
1047352123
-1075015551
-1078177430
-1088191062
-1075776472
-1074754345
1066767282
-1085029974
-1080767039
-1091362119
-1076344753
-1080565983
1073091191
1050945868
1072562420
-1079007105
-1089278591
1071410954
-1090467591
-1103708689
1071576365
-1091934443
-1075140884
-1080393009
-1088612836
1067735334
-1089164919
1145774586
1145406073
1129804960
1142015190
1143275055
1138093612
1118555858
1144353265
1118480352
1143623501
1117829528
1142145786
1133157659
1137316056
1148615063
1148031498
1141924095
1143746420
1145649984
1144242919
1124218598
1139071615
1146119212
1144713437
1131263375
1146600022
1142502650
1133440084
1113932456
1144620154
1138317355
TLAST
1148425843
2415853570
-1036982613
1127906757
-1021670922
-1050888117
1141250127
-1001402683
-1012343336
1141724819
1136669233
1128309063
-1017576084
-1008311903
-1003635577
1140962097
1136958626
-1010548421
1141783671
-1048389950
-1005345256
1134517119
1072868478
1146273934
-1014540285
-1023332937
1140997478
1110249702
-1054467620
-1003313185
-998682590
1130265661
1136439269
-1044869276
1129932763
1139353712
-1001010998
1119291736
1124176540
1146393825
1148697169
-1009580313
-1017469985
1091357929
-1003919994
-1004970414
1140428767
1139538809
1128076786
-1060488273
1134711776
-1004440707
1138229881
-1001906432
-1002417665
1135541667
1146345959
1132508749
-1009214073
-1002765974
1118088798
-1004750148
-1007942529
-999712120
-1004341015
1146690524
1141541166
1121369003
-1013693206
1146108910
-1026280509
-1005907937
-999206091
1140898346
1133884154
1146349722
-1001051549
1145691343
-998756544
1141185189
-1037870218
1120522452
1086326699
-1003919000
1135719142
1131719477
1143593794
-1013606285
1145508992
-1001699509
1145108654
-1008800975
-1003404238
-1003921223
-1023337258
1139215432
-1000758992
1148183782
1067644120
-1078658277
-1084622763
1071199703
1040255030
1072482946
-1097383603
-1078970592
1070303993
1061168096
-1096008431
-1081908793
1054408065
-1090354100
1064469706
1063672063
-1095261915
-1079136029
1059645074
-1084642949
1054255197
-1082996836
-1077288909
-1074400680
1062192870
1064423280
1060357958
-1077780975
1072698764
-1073969483
1030059064
1058211659
-1108684530
1005944593
-1090494459
-1079705861
-1074287097
-1105315056
1062553980
1040963085
-1092576269
1071357819
1050537751
1052440581
1058551638
1066574100
-1079138256
-1088574875
1064904958
1072766642
1067358205
-1076196856
-1075385541
-1081499184
-1077418411
1066223047
-1081270474
1060058279
-1076905802
-1074968857
1053060277
1066190564
-1078055921
1069466287
1068152770
1059283126
-1093611030
1054990628
1060826038
-1082861888
-1082288628
1047695685
-1087169017
1053309383
1073603070
1069717568
-1077437869
-1107781653
-1090460299
1069370638
1047490243
1066105948
-1076038040
-1074632225
1070930299
-1078252719
1055544411
-1082087249
-1095710392
1066310081
-1074147721
1053216379
1068717009
-1122438499
1061053158
-1121050799
1132747265
1116288909
1131917684
1137312208
1108624804
1136788998
1131631817
1148686407
1126923712
1146296017
1126690452
1141955247
1143261201
1141226132
1147968826
1138232616
1143124809
1146714492
1131018399
1141341670
1148586937
1144935775
1144037057
1136904520
1146408484
1146227446
1138425340
1141811245
1143590397
1145386436
1138672848
TLAST
1134942374
2415853571
1125771646
1108795069
1139510336
1147029395
1138449108
1143660880
1145210766
-1001450611
-1001662232
-1011692360
-1019641061
-1006614553
1135554789
-1020119993
1148091493
1147152086
-1010981243
1136090249
-1016492696
-1008596909
-1003815711
-1025442238
1116230643
1108810694
-1022443533
1145292147
-1015925613
-1009110989
-1005216677
1111048233
-1021886747
1142733000
1147224768
1104252514
-1013518049
1143686140
-1005714580
1134106920
1115574040
1148330700
-1011873695
1142179148
1103447592
-1015154374
1141865951
-1000165142
-1006261337
1144989324
-998650967
1141889591
1143706005
1146952372
-1024851381
-1002990338
1142010076
1142190052
-1013880596
-999468115
-1008999254
1126799722
1137557198
1130851429
-1003473889
-1014248415
-1000153161
1138612502
-1012044095
1128093096
1121860400
-1007513439
-1004906023
1135197143
-1001796805
-1007072449
-1006402499
1146512661
-1020221446
-999386598
1139243852
-1020307468
-1002830204
-1007256111
-1000809779
-998717222
-998948633
-1005642048
-1010334309
-1002390065
-1024131639
1145505511
1148771394
-1014155140
1132715204
-1044897459
1146305746
1146215010
-1081630091
1064243029
1058158307
-1083636591
1067898338
-1078635001
-1096983817
1068537932
1056888730
1057370482
1050320247
-1080491359
1067676753
1071732188
-1102220360
-1089231178
-1083921177
1067631579
1067072099
1073168745
1068350439
1061714572
-1075893315
1073700752
-1087378679
-1084997041
1058274863
1071276848
-1078016010
1051776455
-1091506934
1069591980
-1076248639
-1075871557
1058536805
-1092941657
1059535330
1039488240
1066030268
1067532097
1054325625
1051606212
1060436997
1071289970
-1075384415
-1085728871
-1075231779
1067971390
1073042053
1068461833
-1073767347
-1080158431
-1080487171
1066733263
1072308116
-1078879848
1066627484
-1074420134
-1137913009
-1087546793
-1106487550
1065086184
1071375726
1061107697
-1088939922
-1080661083
1070520680
-1081015895
-1091303962
-1078847510
1062283660
1072898706
1062844902
-1077591138
1067402638
1059385345
1067373587
1065967280
1070166834
1055811985
1068231138
-1078435207
-1088520236
1066101735
-1074770234
-1077053304
1072300859
1060372909
-1086997190
-1075045171
-1079376469
-1076992921
1047655069
-1090358521
1071947017
-1081238355
1124853359
1144286154
1144703031
1128309509
1146507164
1126363158
1146011298
1124136820
1142983247
1140977406
1124454277
1144181412
1145031971
1147056702
1140205521
1140948436
1143185982
1147319569
1136578385
1143584049
1142173840
1127525182
1143703542
1146430706
1139500082
1148037850
1141480507
1146928797
1144895680
1137575261
1134121513
TLAST
1137055363
