2415853568
-1003591554
1115498974
1124147921
1133288035
1133741244
-1002438112
-1007102645
1101793721
-1004903042
-1000034231
-1011673005
-1012600500
-1004552088
1145105490
1133864992
-1000002435
-1010612191
-1007393423
-1006100453
1142573573
-1009942983
1112774512
-999878726
-1021304386
1124723004
1140047742
1116417969
1138369946
1145741556
1144129867
1133535953
1147455706
-1014279625
1142400109
1145244541
1146994026
-1002410905
-1032612363
1140354962
1142485935
1148524808
-1008087102
1144846193
-1005517832
1144872279
1142257797
-1025081873
1145311155
-1009644141
1126695179
-1015288969
-1006273549
1142122398
1132488784
-998924254
-998658399
-999257639
1130393144
1146580428
-1008190563
1143773130
-1031439826
1137793679
-1008194572
1148329145
-1012351744
-1003538006
1112464244
1134445149
-1010071911
-1000569920
-1014532683
-998909921
1141121126
-1005155800
1135976439
-999095677
-1002367068
-1006328527
-1027253404
-1014835796
-1030813537
-998742205
1143658089
-1007399451
-1010868851
-1008672977
1139246814
1133999084
-1022581677
1143484110
1112457708
1135650437
-1006042858
1146943692
-1020594826
-1077929202
1057041397
-1080006683
1065839065
1067756617
-1075766609
1062476703
-1075958567
-1080293341
-1106640391
-1097150106
1068091446
-1081303186
1068703221
-1108185963
-1077481799
-1091246792
1069059025
1065280034
-1083055053
1063853398
1066426487
-1081334523
1050023702
1070136455
-1092819421
-1075626415
-1079387085
1065575505
-1075563103
-1077515447
-1080050811
1066472287
1056924816
-1077820296
-1078968524
1070242074
-1076344225
-1079304137
1061291360
-1077247856
-1074173706
1065077091
-1085451739
-1074652386
1022920237
-1076219749
1065432032
1073281912
-1074695309
1057170539
1073384760
1057391857
1064915228
-1075982657
-1093754077
1064326919
1036397030
-1075394791
-1074208707
-1078983568
1052141358
1065210786
-1080886898
1067930589
-1089444678
-1087700373
-1073907727
1060561637
-1096591415
1060967980
-1088331421
1067734544
1071669899
-1076707079
1069326991
-1077535841
-1094002868
-1075966113
-1087593411
-1081027154
1063457190
-1115793442
1068165150
-1104279885
1065411047
1068693681
-1098391317
1070475437
-1075442437
1069689112
-1075584481
-1103669971
-1085713730
-1080112550
1066849323
1147568255
1134041951
1133183314
1147285257
1133614432
1130240113
1134209781
1143496129
1101853337
1125765375
1121836223
1141036240
1112352083
1147545992
1139419117
1142541747
1128836353
1143862959
1103090985
1117586920
1147414542
1129778353
1140140403
1141032778
1127833199
1142120402
1132635085
1143205478
1132502602
1138245699
1140482367
TLAST
1100682930
2415853569
-999259778
1144943045
-1009263380
-1013450559
1136355647
1135735648
-1008078618
-1070198204
1111573274
1143158892
-1001767111
-1024924472
-1013438559
1114555437
1147801983
-999221346
-1035388669
1148254052
-999135064
1145825215
-1000597693
1141997959
1133500838
-1014024490
-1012671434
-1026491882
-1002187387
1126244454
1111997114
1121244698
1145014317
1147919062
-1048287630
-1006885025
1086762570
-1030348733
-1017131620
1145862782
1123026907
-1007307955
-1000418266
1137692925
-1010099461
1142812300
1145214470
1140236647
1143593946
-998854510
1142690610
1142857531
1077203993
-1006141796
-1022064814
-1012545269
1147671617
1141284480
1132695593
1136482158
-1011558797
1143685666
-1014779848
1127821739
-1017026547
1147787013
1147080279
-1007231863
1129690769
1144572459
-1004358579
1115759768
1147992464
1142854357
1132471197
1143804200
1128961313
-1004825215
1095082998
-1028271339
1123561671
-999936498
-1006481943
-1001628071
1143994178
-1017217392
-1007867342
1135001630
-1012948261
-1007330818
-1001092095
1117575418
1133507676
-1002624002
-1001432034
-1000552635
1136221316
-1012623469
1059933457
1058196932
1056164328
1061167922
-1094120855
-1096036452
-1076491925
1058789731
1049286307
-1090081145
1067455211
-1078710500
-1080057798
-1078179102
1071127831
1070339397
1072658988
1059291360
-1082765118
1050248001
-1090520107
-1087579976
-1097511773
-1085913924
-1088395349
-1077306868
1065732143
1064009689
-1086616360
1050607150
1039122016
1028563744
1065983027
1062799938
-1078477454
-1079413375
1072120977
1029273012
-1077022844
1067484768
-1077809964
-1080695452
-1086192204
-1075595759
-1095486601
1061618270
-1102773783
1051802300
1050952096
1048725211
1058029946
1061511292
1067968719
-1079968948
1055060360
-1081137739
-1074478821
-1083517199
1068393873
1034198219
1069613480
1066042027
1068914308
1071571125
1070112463
1061136779
1070705760
1048729114
-1104362317
1055720212
1067117346
1058011634
-1114459644
-1089525478
1059130428
-1109843222
1043010321
-1081856808
-1104534361
1038840184
1059026307
-1080123990
-1080497694
-1080383092
1052710945
-1093084765
1073173612
1054465944
-1086347016
1054276923
-1075359665
1070998391
1063913846
-1077694441
-1097412745
-1077806984
1121537667
1118888522
1138831192
1141268860
1148465533
1135376641
1127406328
1148308567
1141237373
1148234241
1135598277
1117056293
1138950432
1148500479
1116673407
1139665189
1146368786
1129512088
1145440829
1115770148
1134386154
1126870121
1148425847
1142404763
1133213124
1147576011
1141536734
1135741119
1144073736
1143521103
1148227461
TLAST
1114955797
2415853570
-1017832871
1120009894
-1013541803
-1005354372
1106029378
-1019433288
-1023389492
-1004555940
-1037270340
1137358758
1136045890
-1003744292
-1019090613
-1010994536
-1006456616
-1003171864
-1021559267
-1000001623
-1006216539
-1014275227
-1001251976
-1013254346
-1005942066
-1030226369
-1013874372
1139574425
1139479854
-1027293404
1144285877
-1014771991
-1013616829
-1006433440
-1002027758
1110258769
1142276809
-1003751222
-999291502
-1002380998
1139264324
-1018900804
1145423308
1133637823
-1007761408
1140281830
1148065774
-1005452384
-1003193852
1143648227
1140367054
1143210283
1141077804
1130904566
1143558161
-1002667084
-1002107184
-1030932908
1139801153
-1003198845
1091823375
-1008625955
1127009588
1134840559
-999070574
-1003696865
-1005227939
-1016697774
1138641555
-999531786
-1001771619
-1014284280
1142183849
1114561765
-1021582986
1133753846
-1014382596
1148437423
-1009447278
1146328634
-1004676018
1139856836
-1012587207
-1003365829
1141806383
-1010825335
1112376562
1126317179
-1016204943
1140505425
-1005137516
1140814078
-1005224332
1110281031
1147571871
1137592546
1135025902
-1009517786
-1096570831
1061398505
-1074641717
1055499180
-1076018853
-1098612745
1067510013
-1081983511
-1090213014
-1087329724
1048002251
-1106493545
1073499855
-1083379560
-1074141447
-1078522472
-1091074853
1070105250
-1080590943
1072097128
1072766936
-1082364203
-1094072896
-1102915228
-1106372814
-1095901565
1067703186
-1121294102
1035321609
1066467951
1053443689
1058083462
-1107104555
1045646368
1067215761
1065704409
-1076483194
1007871942
1067570719
-1073977796
-1075960949
1052711269
1063887218
1060702872
1062112746
-1098461343
-1076713500
-1080763219
1066499145
-1088036840
1069450982
-1112799827
-1086937747
1066082379
-1073935526
-1122778993
-1075916265
1057548543
-1078463857
1054312395
1027232603
1067793850
1053167837
-1074046455
-1081088728
1063679572
1073038781
1071658653
-1084009007
-1106416286
-1080723882
-1123531170
1056397482
1064448503
1054137704
1064456668
1056847882
-1080343833
1065402929
1052143617
1072615444
1072138705
-1092844195
-1076782435
1036332896
-1081051476
-1079057227
-1081642501
-1076490214
1062047572
-1077001199
1048954734
-1081792089
1069224639
1040335481
1069577506
1146834896
1143141815
1125747576
1137429845
1113816528
1146724526
1120431975
1130055478
1144073089
1144929660
1129908366
1125860558
1103717690
1117767043
1146918543
1127423804
1137297949
1145078340
1148568832
1146757318
1147580913
1146093467
1135504742
1142901492
1144050333
1137600011
1142347624
1148368742
1134776145
1147543962
1148638564
TLAST
1142078664
2415853571
1132993812
-1006939525
1105772885
1130396951
-1012872420
-1003499223
-1018325094
1125167079
1146276564
-1006337546
-1023321599
-1016695726
1145187072
1127246779
-1000948727
1126479733
1147505854
-1025686439
1134275096
1144634822
1130531188
1144920200
-1001302136
-1023048790
1142359443
-1002946984
-1000825895
1107022936
-1040746127
-1012751562
1137006911
-1011576241
1131868228
-1003325652
-1017759236
-1033949458
1145317248
1143444727
-1004171772
-1001199917
-999338790
1133674538
1145275210
-1001298096
-1010040324
-1009354842
1147611736
-1003886565
1144145707
1109782099
1126281377
-998682165
1141742374
-1008436724
-1014411360
1140933632
1146087860
1144608932
1145288545
1125448924
1136830995
-1008622976
1137066842
-1027137005
1143202801
1124752996
1145425830
1146818168
1141996073
-999930651
1144499888
-1008081201
-1003948703
1130317922
-1005475914
1144168108
-1022595275
-1012422518
1144011700
-1009930787
-1013196434
1137641744
-1020394413
-999278277
-1008214000
1147892448
1145990029
-1001248184
1146869286
-1024463656
1141387973
-1009897515
-1004889519
-1037287818
1146098835
1141971371
-1077473367
1063363970
-1076213138
-1084686571
-1075311505
-1077616538
1061203579
1060840113
1065300592
-1076279370
-1079856030
1061079088
-1090350785
-1077560317
1073103139
-1076432930
1037005846
1060001650
-1103351397
1066799609
1072087786
-1082491718
1056985484
1062268646
1071010381
-1074770870
1053328193
1062070670
-1089024012
-1076240621
1051929226
-1100552756
1069113141
1070982750
1069962605
1066717919
1068582170
1047711648
-1089380267
-1076455972
-1090157916
1071615655
-1077378052
1056238362
1072521421
-1076338075
-1075072501
-1076736126
-1076330530
1071455078
1046566678
1067683002
1065105329
-1106082112
-1074226507
1065880120
1062011115
1064236289
1065435104
1069133937
1068922461
1058843332
1070843796
1057568677
1046264237
1035155383
-1094675597
1055789523
-1097502218
1067729459
-1081054147
-1082801726
-1074655583
-1078492901
-1080681749
1071269410
1057098493
1067970053
1029024124
1061728788
-1084023386
-1078641744
-1078544754
1073314647
-1078062594
-1090860998
-1074670654
1046533092
-1086727470
-1085661032
-1080156657
-1113981031
-1076706828
1068976324
-1078711165
-1095999508
1147454234
1144646318
1144237943
1122126369
1144689140
1127412926
1144864829
1114578599
1146814868
1127933862
1146522066
1147134343
1120722874
1122478184
1148438232
1148587482
1119917372
1142882453
1136174451
1114367092
1146417530
1143334217
1114779726
1138927655
1137403476
1148600206
1148756809
1130535770
1144964371
1143320352
1138305385
TLAST
1141895557
