2415853568
1141894442
1138123943
-1000834397
-1012393369
1142166211
-1000986688
-1004197224
-1010688907
-1016158644
-1002918070
1147861913
-1005941431
1141646095
1146959187
-1003426430
-1010976502
-1038057445
-1002895790
1146587019
-1001819262
-1014106476
-1002167714
-1004803650
1124731030
-1026815084
-1011888725
-1006171519
1147325847
1130476289
1145374465
-999407896
1136322475
-999007188
-1023417887
1141929217
1146574477
1138152478
-1008024022
1117969149
-1002487978
1139423910
1147873785
-1005191190
-1009453230
-1008157031
1138813199
1137760289
-1000940931
-1003229409
-1003481355
-999912543
-999668618
-1016412973
1148559006
1134213623
1128947163
1142327060
-1005437986
-1029090547
-1013684940
-1000280961
-1007021938
1146196172
1148583417
-1005216870
-1021853380
1134813794
-1048735744
1103114856
-1004625472
-1003602725
1133776100
1147884916
-1001500593
-1002528145
1125318459
1122409460
-1004854503
-1003236342
-1001747764
1144490050
-1029317639
1111180825
-1004389390
-1021691770
-998893473
-1020427078
-1012440378
1129735977
1144355759
-1008829997
1126358848
-1015579269
1144103923
-1000872297
1143793225
-1083040778
1069223211
1069119602
-1089923826
1054721959
1070800645
1072164669
1070281884
1031803242
-1077303325
1061111959
-1093035398
1073299005
-1076086780
-1080060171
1065854549
-1087157396
-1101975848
1053049790
-1104464605
-1084015446
-1084803853
-1081448277
-1078409360
-1074273011
1065275885
1071959190
-1077763080
1044831462
-1080146216
-1074733908
1064440810
1057293673
-1081014918
1059809319
1068108667
-1084326586
1060263196
-1080913906
1057694953
1072543729
-1083306571
-1084775076
-1080407335
1061493715
1073035985
-1106042170
1051106243
-1075762318
-1075927035
1069138464
1046632035
-1086787475
1044073453
1042157951
1057565217
-1095212515
-1095614274
1066625911
-1104817552
-1090264806
-1076984916
-1097330176
1073470561
1062990428
1065201888
1073680755
1066959604
1071729174
-1107520146
-1076002522
1071857380
-1149160460
-1083762151
-1073996133
-1077142156
-1080654894
1066824451
-1081549180
1071734021
1068670848
-1075660071
-1082241648
-1128208158
-1085256733
-1086779665
-1148643221
-1075366159
-1091351035
1069104213
-1106031037
1066905314
1068068547
-1086956382
1063465317
-1087249402
1137514779
1109191375
1144829937
1145498589
1147783037
1140999507
1116024599
1147644499
1132138287
1124324863
1125204651
1142147715
1136877962
1144062595
1118223466
1099150723
1148195047
1119196742
1135399181
1100368650
1146936765
1146336736
1142104880
1126080729
1145594137
1116162210
1139052116
1134422525
1148799146
1148481393
1146078482
TLAST
1138853768
2415853569
1126451867
-1055799124
-1001874377
-999211449
1147055764
-1009402534
1141874810
-1029327572
-1030929120
-1002714233
1147679602
1144873526
1142424800
1145301144
1144418416
1136784775
-1000752275
1139826001
1148186948
-1004388523
1146399768
1143230383
-1001214379
1142035116
1144555858
1145104774
1142531541
-1014308492
1132676079
-1001566745
-998852093
1067495938
1133179084
1130460154
-1008757135
-1005446570
1130726933
-1017861388
1131008780
1143361553
-999526195
-1015023420
1144833334
-1002230398
1112248526
-1002336736
-1004977154
-1003618388
-1015475906
1137603159
-1005415276
1131916108
1112885114
-1036686546
-1007956152
1144433135
-999292427
-1011894071
1136635295
-1005342578
1142147499
-1036827542
-1031614745
-1004303548
1115933524
-999542903
-1036807240
-1025981210
-1000085800
1148644886
-1012920301
-1005997161
1142627556
-1003403006
1114308773
1142132438
-1004459732
-1000675911
-1000744627
1144083528
-1004494183
1134183002
-1014967202
1145662746
1145344868
1133593457
1141419727
-998703706
1136146884
1143268103
1135847534
1147651965
1148600347
1139083536
1146551323
-999899498
-1089609832
1043526281
1072233453
-1074471381
1045154702
1071691526
-1100153640
-1079645118
1059979559
1068750588
1061631650
1061314415
-1084820884
-1083123385
-1079537389
-1081908327
1064906267
-1078683783
-1077283687
-1081192350
-1079722190
-1081786100
1057321981
-1082763671
1058886520
1066651512
-1091621001
1066492454
-1076206313
1064405334
1061184761
1051635624
-1081963698
1068723455
-1087571914
1059282752
1073647517
1054679104
-1081641645
-1126625025
1072405973
1053573480
-1075015987
-1098154518
-1080503789
-1107916465
1058922833
1067838605
1065926879
1073466387
-1082124644
1054021839
1043508925
1063674689
1062395101
1072013120
-1079801717
1067908843
1066818867
-1075827239
-1119219544
1016885522
1020535744
1069684597
1069429644
1034402246
1068064208
1064301138
-1089302601
-1084288930
1066127901
1053529906
1068188807
-1079282075
1058795689
1073451459
-1087000936
-1080996940
1065647971
1069238791
1072228655
1070390615
-1076530370
-1106197629
-1084188722
1070577080
-1081827071
-1102787343
1051002003
1067066669
-1086314201
1072191187
-1080930121
1071874594
-1076039888
-1086601832
1140542665
1141499410
1141621154
1127618022
1128876077
1144031453
1146325606
1148182706
1144927770
1141552492
1118513011
1118507458
1125684172
1144032183
1133188320
1137942583
1125673901
1131205166
1136225636
1142512542
1148480837
1123966877
1133683534
1148790453
1146931271
1148117351
1141131587
1131136407
1128887990
1145632791
1147722384
TLAST
1142569369
2415853570
-1006205404
-1020655182
-1042963647
1129547995
1147509571
-1039794736
1143128819
-1005465169
-1008805906
1143889696
1125038939
-1004448939
1145882835
1132090094
-1007722761
1125427612
1144592500
1146764549
1124730136
1141078353
1127343980
-1003404383
1147766483
-1003844484
1126681269
1125122231
-999982283
-1001480285
-1003710098
1135824121
1142045638
-1012766405
1141440290
1144063012
1140867673
1122028724
-1013768009
1085386182
1146439165
1057295545
-1001599732
-1020012557
-1021255241
1140798490
-1010778047
-1006069641
1137905041
1134228744
-1006664917
1146218440
-1012779683
1143453414
-1000079918
1143417104
-999602721
1140990851
-1004860728
1135648515
1147115978
1145408550
1141741959
1144804400
-1017656288
-999379617
-1000159930
-1014730999
-999407501
-1029125336
-1016686342
-1023094840
1148150638
-1007642433
1137939250
-999470789
-998812345
-1019062689
1126486094
-1002554230
-1009568705
1136277332
-1028280014
-1004253293
-1023229783
-1004494041
-1003810723
-1008933604
-1005244584
1136088273
-1006004653
-1011179594
-1028997864
1129262427
-1005718670
-1005154599
1132959999
-1045883413
-1074447667
1065672295
1054067896
-1076839120
1071953401
-1081231615
-1115207212
-1080343568
-1083692595
1065620310
-1089631641
1062246482
1068952213
1051866120
-1094196755
-1088188733
-1080133934
1055260487
1061447407
1066715607
1058965344
1064216593
1054673205
-1086873791
1057314097
1061944783
-1076602330
-1113752472
1070399969
1069628744
-1084404810
1026652677
1060648793
-1076698488
-1079059365
-1078511264
1048584562
-1080136049
-1079821421
-1074041339
1063274466
1056739667
-1074261098
1071558326
1065277132
-1083798820
1071085897
1055166502
-1075012686
-1079045342
1073549117
-1083923328
-1080453331
1041218491
1029832846
-1076978176
1069996343
1065195615
-1088707043
-1080610720
1039739627
1061531201
-1075225776
1041810519
-1077610525
1065689596
1065996059
-1074681457
-1081202291
-1082286617
1053625131
-1118459643
-1077915733
-1095743411
1057581475
-1089736252
1066093629
-1110872480
-1097551785
-1074959925
1068050212
-1084045786
1070320006
1068764358
1070849125
1061223328
1069695234
1071719622
1066929652
1069101200
-1080334029
-1082918376
1063140403
1069546458
-1080614335
1060867371
1143708226
1146940564
1132506602
1141988969
1141746147
1147582711
1134682549
1124729002
1120898105
1133350292
1115814094
1134111781
1141940311
1138686338
1143033736
1141048382
1144861979
1138903224
1145139250
1139601217
1144360353
1145159622
1146459615
1126241682
1144312685
1093644258
1137178390
1141729009
1105989987
1108971567
1131365623
TLAST
1135710550
2415853571
-1014356805
1136747082
1148044091
-998984806
-1002105386
1137838013
-1040936176
1134746976
-999763436
1141321007
1138905868
-1011431894
1143431906
1118906875
-1008427993
-1001640419
1146902314
1143249419
1147807717
1140617438
-1006040616
1140471012
1035349937
-1007727343
-1059896285
1135974814
-1022322164
-1003235888
-1005555950
-1001571925
1146610456
-1008950162
-1004303433
1127129878
-1022417262
-1022690920
1141556069
1117777706
-1002789056
1141613436
-1016466131
-1031411811
1109467654
-1013459721
-1008005180
-1006323599
1139051654
1147583092
-1008112751
-1005757188
-1033622748
-999058007
-1003915654
1125559450
-1009426610
1139417214
1148081782
-1000434260
-1007873109
1127413705
-1024216447
-1016988773
-1002552604
1147988066
-1022632854
-1001694625
-999275980
1142290926
1148658669
-1007698270
1141857893
-1011992764
1117368588
-1023285441
-1006092601
1130262997
1099982802
1129508688
1142697945
-998723142
1136512416
1145910608
1142729430
-1005001695
1142216682
-1008589251
1143496895
1147124691
1116442701
1127989580
1144998812
-1002139167
1142701586
1100773913
1144169033
-1010511712
-1085050290
1065378365
-1093462874
-1081872164
1054070223
1066068950
1067097570
1073188060
-1086555390
-1121730596
-1073983482
-1080162805
-1080542956
-1085910521
1070845739
1062347243
-1088179720
-1110665398
-1081123308
-1082999638
-1086248136
-1092714824
1059174145
-1086805639
1063565167
1065815952
-1090161086
1065679436
-1104368511
1070651658
-1085432999
-1073787714
1061853703
-1083462283
1053084826
-1077526280
1071235165
1042785944
-1076363881
1045366274
1068297951
-1079334697
-1078065522
1036183414
1069976362
1067698271
-1074945071
-1082825870
1065954321
1071295488
-1076831909
1067218797
-1119559694
-1076335510
-1075916621
-1075421381
1068962993
-1077787362
1059437160
-1127382671
1054722898
-1084611498
-1078857748
-1080893868
-1078697013
1041355528
1062748909
1061856033
1057521371
1061601755
1073277068
-1074308907
1066065909
-1095005759
1066533560
-1102598937
1062529762
-1076101418
1065902382
1067849495
-1089589534
1033539396
1058457205
-1079955077
1060782198
-1084182318
1035993311
-1080597393
-1075437174
-1083580332
-1085467809
1030943382
-1084081558
-1074398311
1062251515
-1079263485
1143938207
1128176034
1137057325
1147294926
1134645725
1145006910
1142056381
1112880191
1148399633
1121752662
1135271432
1148058107
1131626767
1148015845
1143283779
1128283028
1124941768
1148551987
1138763583
1144430548
1124384978
1140679677
1119689960
1140330929
1092430794
1109862064
1147438016
1147036990
1145119890
1141138096
1126586897
TLAST
1144556861
