2415853568
3.684931945800781250e+02
-9.337450561523437500e+02
-8.722018432617187500e+02
-2.161341400146484375e+02
5.627408027648925781e+00
-6.111609497070312500e+02
9.475502777099609375e+01
-2.837333068847656250e+02
5.097141113281250000e+02
6.074364624023437500e+02
4.683898162841796875e+01
-2.021404113769531250e+02
7.833382568359375000e+02
-5.255328369140625000e+02
7.132285766601562500e+02
6.719797363281250000e+02
-2.815949707031250000e+02
9.551170043945312500e+02
6.899320068359375000e+02
-6.241342773437500000e+02
7.572232666015625000e+02
-4.488660583496093750e+02
7.490343017578125000e+02
-4.604454650878906250e+02
2.164092407226562500e+02
7.984311523437500000e+02
-1.060812606811523438e+02
-1.558531646728515625e+02
-7.670306396484375000e+01
-1.117845001220703125e+02
7.611808471679687500e+02
-3.079296875000000000e+02
-2.500397644042968750e+02
9.395684204101562500e+02
3.175679931640625000e+02
-3.185202026367187500e+02
2.461168518066406250e+02
-6.537205200195312500e+02
-9.325496215820312500e+02
-7.219880981445312500e+02
-7.047795410156250000e+02
-5.733076782226562500e+02
-3.661804809570312500e+02
-1.353296966552734375e+02
2.017317199707031250e+01
3.897944641113281250e+02
-1.353482055664062500e+02
-1.294756774902343750e+02
-7.743376464843750000e+02
5.517113647460937500e+02
-6.621978149414062500e+02
7.947239379882812500e+02
-2.789147949218750000e+02
-2.537898712158203125e+02
-4.127859497070312500e+01
9.130757446289062500e+02
2.280094757080078125e+02
-3.149816284179687500e+02
8.991032104492187500e+02
-7.084647369384765625e+01
7.554992065429687500e+02
4.392571716308593750e+02
-2.823336486816406250e+02
-8.923153076171875000e+02
-5.083164062500000000e+02
-2.755659790039062500e+02
-4.183387145996093750e+02
-9.418546752929687500e+02
8.179075927734375000e+02
8.584342041015625000e+02
2.046299362182617188e+01
8.963468627929687500e+02
-2.174076080322265625e+02
3.435709533691406250e+02
-8.940783691406250000e+02
-8.362048950195312500e+02
-8.128117675781250000e+02
-6.306509399414062500e+02
-1.835635681152343750e+02
-9.634114990234375000e+02
-6.331008300781250000e+02
4.099880676269531250e+02
9.351021118164062500e+02
1.678131866455078125e+01
-8.267250976562500000e+02
-2.970554504394531250e+02
-4.522374572753906250e+02
7.704407348632812500e+02
-3.663343505859375000e+02
-6.236187744140625000e+02
-4.057225952148437500e+02
5.714529418945312500e+02
2.367239532470703125e+02
7.683601074218750000e+02
9.117620849609375000e+02
8.426821289062500000e+02
-7.760151624679565430e-01
5.904852151870727539e-01
-1.759462475776672363e+00
1.564084768295288086e+00
-7.152140140533447266e-01
-6.539881825447082520e-01
-6.432135105133056641e-01
5.894815325736999512e-01
4.615413844585418701e-01
1.267766237258911133e+00
-4.838525652885437012e-01
-1.950739145278930664e+00
-5.807056427001953125e-01
-1.711579442024230957e+00
-4.119557738304138184e-01
-6.324902772903442383e-01
-1.334250211715698242e+00
-1.919426321983337402e+00
1.727053046226501465e+00
1.180948376655578613e+00
-8.424364924430847168e-01
1.861545920372009277e+00
1.348435521125793457e+00
-1.190715789794921875e+00
1.412932157516479492e+00
8.161156177520751953e-01
1.372283220291137695e+00
1.767404675483703613e+00
-1.611614674329757690e-01
-3.202821910381317139e-01
-1.266915917396545410e+00
9.233340620994567871e-01
4.863392412662506104e-01
-3.687587678432464600e-01
-7.554716467857360840e-01
1.382194638252258301e+00
-1.596341729164123535e-01
1.211862325668334961e+00
-1.429696679115295410e+00
1.954049587249755859e+00
2.726938128471374512e-01
-1.568967252969741821e-01
-5.515779256820678711e-01
8.940863609313964844e-01
1.486451268196105957e+00
1.283179819583892822e-01
1.019293785095214844e+00
1.637702465057373047e+00
-6.372838020324707031e-01
-1.967723250389099121e+00
4.456164538860321045e-01
1.470764040946960449e+00
-1.792675733566284180e+00
2.097059637308120728e-01
-8.170088529586791992e-01
7.384573221206665039e-01
1.009522438049316406e+00
-2.353029102087020874e-01
-1.599182635545730591e-01
1.286393761634826660e+00
1.783482670783996582e+00
1.364607691764831543e+00
-1.806258678436279297e+00
-4.049503505229949951e-01
-4.795728623867034912e-01
-1.226877689361572266e+00
-9.616396576166152954e-02
-1.651478171348571777e+00
2.038554847240447998e-01
-1.665276408195495605e+00
-4.133476614952087402e-01
-1.478526592254638672e+00
-4.940866827964782715e-01
1.797461509704589844e+00
4.468649327754974365e-01
-1.038117289543151855e+00
4.037839770317077637e-01
1.308481931686401367e+00
1.091861724853515625e+00
1.668868303298950195e+00
-1.747282981872558594e+00
-2.579624652862548828e-01
5.087037682533264160e-01
-3.266015052795410156e-01
2.231215238571166992e-01
4.189953673630952835e-03
1.098353862762451172e+00
-1.229279637336730957e+00
-1.915267586708068848e+00
-8.214029073715209961e-01
-3.700607717037200928e-01
8.917574584484100342e-02
1.979629993438720703e+00
3.057107031345367432e-01
1.344086766242980957e+00
1.199050903320312500e+00
2.204718627929687500e+02
5.983095703125000000e+02
5.075588607788085938e+01
1.117046585083007812e+02
7.515391845703125000e+02
1.064576187133789062e+02
7.290202026367187500e+02
8.806096801757812500e+02
3.608862609863281250e+02
2.239629974365234375e+02
5.834768676757812500e+02
9.704865112304687500e+02
4.015951156616210938e+01
8.793270874023437500e+02
9.855403442382812500e+02
7.485209960937500000e+02
9.010592651367187500e+02
5.093132629394531250e+02
3.402829589843750000e+02
5.975978393554687500e+02
6.358758544921875000e+02
9.378580932617187500e+02
1.130841522216796875e+02
9.474385375976562500e+02
1.467321166992187500e+02
8.679125366210937500e+02
3.716211853027343750e+02
6.768350830078125000e+02
2.824752502441406250e+02
8.969611206054687500e+02
9.948085021972656250e+01
TLAST
5.311076049804687500e+02
2415853569
5.210402221679687500e+02
-8.048092651367187500e+02
1.943868408203125000e+02
9.923389282226562500e+02
-4.512127685546875000e+02
-9.705069580078125000e+02
-5.701952514648437500e+02
-2.877619934082031250e+02
-4.840292968750000000e+02
-7.285426025390625000e+02
7.537376098632812500e+02
9.590286254882812500e+01
-7.854288330078125000e+02
8.619761962890625000e+02
-9.174591064453125000e+02
-4.336802062988281250e+02
9.491560058593750000e+02
-9.490718994140625000e+02
-8.517598876953125000e+02
-5.372568969726562500e+02
5.039016723632812500e+02
-5.263012084960937500e+02
7.696131134033203125e+01
2.132964019775390625e+02
4.438171768188476562e+01
-8.203464355468750000e+02
-1.066380233764648438e+02
3.526787719726562500e+02
-7.056740722656250000e+02
-1.912525177001953125e+02
5.144781494140625000e+02
7.609139404296875000e+02
-7.388685302734375000e+02
2.376255035400390625e+02
-3.495295104980468750e+02
-1.096696701049804688e+02
-8.206795692443847656e+00
-3.550203247070312500e+02
4.720943298339843750e+02
5.714136962890625000e+02
6.136684570312500000e+02
-4.882387084960937500e+02
2.507706756591796875e+02
-7.893396606445312500e+02
6.060648803710937500e+02
-2.006945953369140625e+02
-8.490592956542968750e+01
-4.665382385253906250e+02
1.744052124023437500e+02
9.227949218750000000e+02
-5.586402511596679688e+01
-3.473973083496093750e+01
-6.984079589843750000e+02
6.314291381835937500e+01
-9.333504028320312500e+02
9.155297241210937500e+02
-8.454763183593750000e+02
3.104970703125000000e+02
-8.699074096679687500e+02
-1.936542968750000000e+02
-8.617699584960937500e+02
-2.661421508789062500e+02
-5.522356796264648438e+01
-9.046557426452636719e+00
-8.698411865234375000e+02
-7.145807495117187500e+02
-6.797177124023437500e+02
-7.565268554687500000e+02
-7.556876220703125000e+02
7.762141723632812500e+02
3.978133544921875000e+02
1.711609954833984375e+02
-8.971693725585937500e+02
8.374233398437500000e+02
2.261864624023437500e+02
-1.081701736450195312e+02
6.344542846679687500e+02
-7.707946166992187500e+02
-9.862919921875000000e+02
-3.875385131835937500e+02
-6.545175170898437500e+01
2.395923614501953125e+02
8.177025318145751953e-01
7.946981430053710938e+00
-7.907152709960937500e+02
-7.268045043945312500e+02
-4.503088378906250000e+02
-7.244273681640625000e+02
-4.500146179199218750e+02
7.874903564453125000e+02
9.231223144531250000e+02
-6.118137207031250000e+02
-1.228370513916015625e+02
-2.155100402832031250e+02
-3.316505737304687500e+02
-8.052559814453125000e+02
1.173676013946533203e+00
1.964026927947998047e+00
1.197217226028442383e+00
1.020179152488708496e+00
-8.455018401145935059e-01
1.024595499038696289e+00
9.141615778207778931e-02
1.218134045600891113e+00
-1.004508137702941895e+00
-7.002015709877014160e-01
1.573428630828857422e+00
-1.107815265655517578e+00
-1.637611389160156250e+00
4.856995046138763428e-01
6.134653687477111816e-01
-1.513327598571777344e+00
-1.240802526473999023e+00
-1.714814186096191406e+00
1.253802895545959473e+00
1.133551597595214844e+00
1.840010762214660645e+00
-1.767354607582092285e+00
-8.618282079696655273e-01
-1.409680485725402832e+00
-1.260156631469726562e+00
-6.700640916824340820e-01
1.413941621780395508e+00
-8.839559555053710938e-01
-6.548369526863098145e-01
1.718773603439331055e+00
-1.301284790039062500e+00
1.929123401641845703e-01
-7.573549449443817139e-02
2.293919920921325684e-01
1.537996292114257812e+00
-6.499463319778442383e-01
-7.607439756393432617e-01
1.103194952011108398e+00
-1.129942059516906738e+00
1.279400825500488281e+00
-8.653134107589721680e-01
-1.836019277572631836e+00
1.607757449150085449e+00
7.776165604591369629e-01
-3.360029160976409912e-01
-1.570595741271972656e+00
4.132579267024993896e-01
-1.386858075857162476e-01
1.509419798851013184e+00
-1.821592211723327637e+00
8.523719310760498047e-01
-2.099014669656753540e-01
3.275644183158874512e-01
1.602372765541076660e+00
9.540404677391052246e-01
7.233883142471313477e-01
-1.550170779228210449e+00
-1.259376049041748047e+00
1.916501760482788086e+00
1.580151200294494629e+00
6.915748585015535355e-03
-1.446689218282699585e-01
1.401192426681518555e+00
1.111255764961242676e+00
5.312744975090026855e-01
-4.049030244350433350e-01
4.461736679077148438e-01
1.396415978670120239e-01
-4.102740585803985596e-01
1.044689297676086426e+00
1.909732073545455933e-01
-1.328601360321044922e+00
-5.834655836224555969e-03
3.020460605621337891e-01
1.391722202301025391e+00
7.776051759719848633e-02
8.768287897109985352e-01
1.902300119400024414e+00
-6.286041140556335449e-01
3.078841567039489746e-01
-3.897747397422790527e-01
-1.599418997764587402e+00
-1.823679804801940918e+00
9.617045521736145020e-03
-5.399528145790100098e-01
1.872134089469909668e+00
-1.229617595672607422e+00
1.239695072174072266e+00
1.007375597953796387e+00
2.183285504579544067e-01
9.169949889183044434e-01
3.017461597919464111e-01
3.774735331535339355e-01
-1.955125570297241211e+00
1.802223086357116699e+00
-1.463750153779983521e-01
4.984184570312500000e+02
2.746569213867187500e+02
4.094948120117187500e+02
8.329782714843750000e+02
7.452208862304687500e+02
7.979106445312500000e+02
4.738650512695312500e+02
7.935150146484375000e+01
6.809667358398437500e+02
6.120568847656250000e+02
9.765045776367187500e+02
7.400587768554687500e+02
8.038215332031250000e+02
6.196985473632812500e+02
3.281930541992187500e+02
8.860902404785156250e+01
9.172260131835937500e+02
5.201667785644531250e+01
1.369037628173828125e+02
5.083328552246093750e+02
4.911963806152343750e+02
1.380515441894531250e+02
8.927292480468750000e+02
3.685080566406250000e+02
5.641607666015625000e+02
4.135209274291992188e+01
3.812814025878906250e+02
9.089615478515625000e+02
1.265077819824218750e+02
8.150713348388671875e+01
7.743220825195312500e+02
TLAST
2.724339904785156250e+02
2415853570
1.590464935302734375e+02
-9.830522460937500000e+02
-2.788535461425781250e+02
-7.843264770507812500e+02
7.118910522460937500e+02
-6.220142822265625000e+02
9.390953369140625000e+02
3.647626647949218750e+02
-5.132921752929687500e+02
-5.118939514160156250e+02
8.670199584960937500e+02
-5.796522216796875000e+02
-5.917539672851562500e+02
9.893836059570312500e+02
4.760176696777343750e+02
3.371127319335937500e+02
-7.387639770507812500e+02
-8.592644653320312500e+02
5.764287719726562500e+02
8.862537231445312500e+02
3.510556945800781250e+02
9.112032470703125000e+02
1.399566192626953125e+02
-9.039897918701171875e+00
-9.024555053710937500e+02
4.592979431152343750e+02
-8.496651611328125000e+02
7.207089233398437500e+02
6.286985397338867188e+01
2.452577781677246094e+01
6.073041992187500000e+02
7.022860107421875000e+02
-2.239436340332031250e+02
-2.724111938476562500e+02
6.613005065917968750e+01
-8.264991455078125000e+02
-9.260379638671875000e+02
-4.906643676757812500e+02
3.813743591308593750e+02
7.254141845703125000e+02
-5.631414794921875000e+02
-4.401647644042968750e+02
3.962368469238281250e+02
-2.552781066894531250e+02
6.790991821289062500e+02
2.870760803222656250e+02
-4.869881896972656250e+02
-4.909525451660156250e+02
-5.627986450195312500e+02
-6.330963745117187500e+02
-3.160075378417968750e+02
-4.971895141601562500e+02
2.055671844482421875e+02
1.692778167724609375e+02
-3.403799743652343750e+02
-6.724807739257812500e+01
8.467880249023437500e+02
-7.426078319549560547e+00
-9.350585327148437500e+02
3.380994262695312500e+02
6.223250122070312500e+02
5.805056762695312500e+02
4.475152282714843750e+02
-9.971337280273437500e+02
3.588355712890625000e+02
-7.650600585937500000e+02
9.540450439453125000e+02
5.290551757812500000e+02
-1.661937255859375000e+02
1.447804870605468750e+02
-8.882309570312500000e+02
-3.509654617309570312e+01
9.113071899414062500e+02
9.749470214843750000e+02
-1.316496429443359375e+02
-7.734459228515625000e+02
-9.342769775390625000e+02
1.561445159912109375e+02
2.830118408203125000e+02
7.795424804687500000e+02
1.326491546630859375e+02
5.584064941406250000e+02
-4.020646972656250000e+02
-1.222123947143554688e+02
6.066862792968750000e+02
3.739444580078125000e+02
-2.420473632812500000e+02
-1.959249420166015625e+02
2.219360198974609375e+02
5.400711669921875000e+02
1.942710723876953125e+02
9.214225463867187500e+02
-3.708968734741210938e+01
-4.592190246582031250e+02
-2.035349884033203125e+02
3.926016845703125000e+02
-8.579124212265014648e-01
5.365553498268127441e-01
-3.978585898876190186e-01
8.775203227996826172e-01
-5.297565460205078125e-01
9.455456137657165527e-01
1.498649001121520996e+00
5.343270301818847656e-01
-1.860474646091461182e-01
-3.067480623722076416e-01
-1.863732188940048218e-01
-2.693109810352325439e-01
-3.396620154380798340e-01
4.983345866203308105e-01
7.789274454116821289e-01
-5.314483046531677246e-01
-1.246875524520874023e+00
1.449781179428100586e+00
1.014542341232299805e+00
-2.555097825825214386e-02
7.951554059982299805e-01
1.450519442558288574e+00
-8.598051071166992188e-01
-6.083820462226867676e-01
1.643751263618469238e+00
-8.070309460163116455e-02
-1.048917174339294434e+00
-8.716154098510742188e-02
2.205528765916824341e-01
3.026816248893737793e-01
1.773301362991333008e+00
3.970938920974731445e-01
-1.442040950059890747e-01
-3.520837128162384033e-01
-7.789851427078247070e-01
1.398913860321044922e+00
9.530262947082519531e-01
1.214110970497131348e+00
-1.567612767219543457e+00
1.169509410858154297e+00
1.219129204750061035e+00
-2.948217093944549561e-01
9.182127118110656738e-01
1.599959373474121094e+00
1.373385548591613770e+00
-1.855548977851867676e+00
1.285537362098693848e+00
-1.263304233551025391e+00
6.289051175117492676e-01
-9.199429154396057129e-01
-1.289602637290954590e+00
-1.730003237724304199e+00
-1.024243459105491638e-01
-1.355790376663208008e+00
-8.133158087730407715e-01
3.449927866458892822e-01
-4.424343109130859375e-01
1.337255388498306274e-01
1.648478388786315918e+00
1.819618821144104004e+00
1.494969248771667480e+00
-2.972635626792907715e-01
-7.473312020301818848e-01
-6.245743036270141602e-01
1.091418385505676270e+00
1.395150184631347656e+00
-5.264739394187927246e-01
1.102118015289306641e+00
-3.153401911258697510e-01
-1.448167860507965088e-02
1.737093478441238403e-01
-5.528875160962343216e-03
-2.647818028926849365e-01
1.773001790046691895e+00
-5.035480260848999023e-01
-1.142635107040405273e+00
3.359797000885009766e-01
4.617031216621398926e-01
2.678064703941345215e-01
1.468410491943359375e+00
-7.312815785408020020e-01
1.061304211616516113e+00
1.977109432220458984e+00
3.092457056045532227e-01
-7.735279798507690430e-01
-3.944538831710815430e-01
-8.827270269393920898e-01
2.008913606405258179e-01
1.806809902191162109e-01
1.591731429100036621e+00
1.997554183006286621e+00
1.021165922284126282e-01
-7.487902045249938965e-01
7.229898571968078613e-01
8.516640663146972656e-01
3.734729439020156860e-02
9.825335693359375000e+02
8.146837158203125000e+02
2.641277694702148438e+01
5.251347045898437500e+02
9.156687622070312500e+02
3.008889770507812500e+02
1.661685485839843750e+02
2.915235595703125000e+02
1.225703811645507812e+02
3.262062377929687500e+02
6.404765625000000000e+02
3.768365783691406250e+02
2.069577331542968750e+02
4.499541320800781250e+02
3.890005798339843750e+02
3.494484558105468750e+02
2.964670410156250000e+02
4.290363464355468750e+02
2.100628967285156250e+02
9.120423583984375000e+02
2.948169860839843750e+02
7.342720336914062500e+02
8.293755493164062500e+02
5.686901855468750000e+02
1.711312103271484375e+01
9.807939453125000000e+02
5.703557128906250000e+02
3.974223937988281250e+02
5.520169138908386230e-01
4.702129821777343750e+02
2.401190490722656250e+02
TLAST
9.618343505859375000e+02
2415853571
5.679187011718750000e+02
5.058039855957031250e+02
-8.295922241210937500e+02
4.963051757812500000e+02
3.364897155761718750e+02
5.118386535644531250e+02
3.316690063476562500e+02
-8.787130737304687500e+02
-3.299074172973632812e+01
9.390200195312500000e+02
9.495440063476562500e+02
1.769252624511718750e+02
-6.935057373046875000e+02
-8.352663574218750000e+02
-9.140480346679687500e+02
3.772662353515625000e+02
-7.815448608398437500e+02
-7.250434875488281250e+01
-1.569335937500000000e+02
1.669451713562011719e+01
-3.672695312500000000e+02
2.024002685546875000e+02
7.838252563476562500e+02
7.347030639648437500e+02
2.617384643554687500e+02
-1.436931304931640625e+02
2.804023742675781250e+02
-4.978818359375000000e+02
-8.548759460449218750e+01
-4.247283935546875000e+02
5.427751541137695312e+01
5.520836791992187500e+02
6.540628051757812500e+02
-4.185215148925781250e+02
-7.658377075195312500e+01
3.250024414062500000e+02
7.260670166015625000e+02
1.730508117675781250e+02
-1.695269775390625000e+02
2.078874206542968750e+02
-1.841481018066406250e+02
-5.976287841796875000e+02
-2.433223876953125000e+02
-3.328451232910156250e+02
-5.775641479492187500e+02
5.669116821289062500e+02
-5.182985687255859375e+01
-3.227268457412719727e+00
7.270473022460937500e+02
4.978180541992187500e+02
6.000148925781250000e+02
-5.581088867187500000e+02
-6.091240234375000000e+02
7.067219848632812500e+02
-8.772283325195312500e+02
-9.604285888671875000e+02
4.529456481933593750e+02
-7.612656860351562500e+02
-8.841624755859375000e+02
6.089258422851562500e+02
7.862991333007812500e+02
-8.957592163085937500e+02
-3.208101654052734375e+01
9.511041870117187500e+02
2.334347686767578125e+02
4.316168518066406250e+02
-1.858939971923828125e+02
-5.631547241210937500e+02
7.391900024414062500e+02
8.394473876953125000e+02
2.276966247558593750e+02
9.275496826171875000e+02
-8.684730834960937500e+02
-8.987573242187500000e+02
-4.443014831542968750e+02
-5.794978637695312500e+02
-2.700499572753906250e+02
3.124329833984375000e+02
1.609148254394531250e+02
-6.041385498046875000e+02
-6.363300170898437500e+02
3.451844177246093750e+02
-2.489035339355468750e+02
-4.763899230957031250e+02
6.491053466796875000e+02
2.900561218261718750e+02
7.677567749023437500e+02
7.027068481445312500e+02
5.668634033203125000e+02
-7.331101074218750000e+02
7.886965942382812500e+02
-8.456510620117187500e+02
9.631918945312500000e+02
9.459540557861328125e+01
-6.619118041992187500e+02
-8.631901245117187500e+02
-1.193226814270019531e+00
3.371490538120269775e-01
1.486847162246704102e+00
1.918837130069732666e-01
-1.343147039413452148e+00
6.225321292877197266e-01
-9.905517101287841797e-01
-1.146120786666870117e+00
-3.262233138084411621e-01
-7.734929919242858887e-01
-8.656986951828002930e-01
1.460288643836975098e+00
1.048117756843566895e+00
-1.891027808189392090e+00
-1.013061761856079102e+00
-4.611789286136627197e-01
-1.262925028800964355e+00
-1.310730814933776855e+00
1.572199463844299316e+00
7.236375808715820312e-01
-1.612955451011657715e+00
-1.528735505416989326e-03
5.479315519332885742e-01
-5.086789727210998535e-01
-1.294301271438598633e+00
1.182243585586547852e+00
-8.585431575775146484e-01
2.930283080786466599e-03
-1.657387137413024902e+00
-1.663494467735290527e+00
-1.195511221885681152e+00
-2.905348837375640869e-01
6.049611568450927734e-01
1.216659307479858398e+00
-9.585539698600769043e-01
-3.158299922943115234e-01
-7.032546997070312500e-01
-7.742351293563842773e-01
-3.875112235546112061e-01
-1.603622794151306152e+00
-1.954444050788879395e+00
1.421520113945007324e+00
-1.754082441329956055e+00
9.003086686134338379e-01
1.866424560546875000e+00
-6.444113850593566895e-01
-9.761644005775451660e-01
-1.739418625831604004e+00
1.699685931205749512e+00
-1.466282963752746582e+00
7.085113525390625000e-01
-1.627605259418487549e-01
-1.672618985176086426e+00
-1.375713467597961426e+00
5.630963444709777832e-01
-3.411538600921630859e-01
1.140527844429016113e+00
1.471982598304748535e+00
-4.409707784652709961e-01
-2.383779436349868774e-01
2.736556828022003174e-01
4.214754402637481689e-01
9.224393963813781738e-01
-3.768739402294158936e-01
-5.520038008689880371e-01
-6.230345368385314941e-01
-7.720197439193725586e-01
-5.062093138694763184e-01
1.792337417602539062e+00
-6.149291992187500000e-01
-1.638955831527709961e+00
-6.354380846023559570e-01
3.456579148769378662e-01
1.226950526237487793e+00
7.596334815025329590e-01
5.747650265693664551e-01
-4.601842164993286133e-01
-1.641730904579162598e+00
8.106821179389953613e-01
1.372329831123352051e+00
-1.995206594467163086e+00
1.119497895240783691e+00
-1.029246211051940918e+00
1.008096337318420410e+00
-1.097782254219055176e+00
9.858753085136413574e-01
1.716073274612426758e+00
-3.224353194236755371e-01
-1.654902696609497070e+00
-9.904465675354003906e-01
-1.074311852455139160e+00
-6.817703843116760254e-01
-1.667759418487548828e+00
-1.418058991432189941e+00
5.167191624641418457e-01
-8.523541092872619629e-01
4.090594177246093750e+02
9.191097412109375000e+02
3.307011032104492188e+01
3.449429702758789062e+01
8.037227783203125000e+02
1.766639404296875000e+02
6.241021728515625000e+02
4.562236633300781250e+02
8.822705688476562500e+02
2.084724426269531250e+02
5.123649291992187500e+02
9.163993530273437500e+02
8.249230957031250000e+02
2.806632995605468750e+01
6.847889404296875000e+02
8.047066497802734375e+01
6.068296508789062500e+02
2.285218811035156250e+01
9.974244995117187500e+02
8.801310424804687500e+02
6.461814117431640625e+01
4.886333618164062500e+02
1.732875823974609375e+02
3.962783203125000000e+02
1.761982879638671875e+02
5.880920028686523438e+01
8.846939697265625000e+02
2.974888801574707031e+01
9.211260986328125000e+02
1.857916870117187500e+02
4.233700866699218750e+02
TLAST
3.926000671386718750e+02
