2415853568
1138443364
1143506457
1139027403
-1027423727
1137369543
-1058169247
-1001283515
-1002240622
-999420930
1126883692
1136901962
-1007332773
-1032442678
-1005791532
-999063832
-1005897445
-1005597757
-1001369722
-1010582228
1131897536
1114746959
-1011194749
-1004179092
1146883186
-1017117471
1143914221
-1008830477
-1011362375
1136163784
1120113517
1123771011
-1005514275
-1011519495
-1001731199
1140031751
1146764816
-1000071483
1145474624
1147070914
-1016661853
1146915600
1142771882
1126724559
-1033243450
-1006798768
-1000367625
-1006377266
1133785544
-1003821671
1124309216
-1006650540
1134821578
1148096283
1147279622
-1016598771
1134895077
-1019695445
-1008260569
1142641550
1147337135
-1011375292
1146477690
1144420507
1126598496
1095426136
1141449995
-1024030741
1138970850
1134282199
1142815227
-1005027246
1146941212
1143802147
-1012686250
-1010920576
1132825138
-1022982995
-1044193289
1134310908
1146730996
-1006485293
-998869859
1146795381
1140812019
-1003826896
1132608696
1147693321
-1033647803
-1022891610
1135109346
-1016418223
-1006286293
-1000097651
1146433832
1135255697
1145114448
1058872493
-1077866901
-1081661906
-1077966675
1073574217
-1095850529
1050155054
-1074088788
-1090094805
1048916617
-1083657436
-1083770654
1065354673
-1077999648
1060583730
-1089211544
-1094477368
1064178851
1064876267
1069327078
-1082181669
-1082078638
-1091251261
1068593330
1072007020
1069277085
1064263760
-1077295119
-1086581654
1055388970
-1123750307
1066497360
-1085552224
-1075144665
-1091444241
1058952915
1068783921
-1084864635
-1080885673
-1080541785
-1114525535
-1087046570
-1097439884
-1110046994
1072893552
-1083860986
-1074030371
-1085549819
-1083951325
-1082425938
1064470874
1073571618
1056393377
1071137605
1069802408
1070721661
1065448456
1072684997
1070478020
1071291473
-1080593644
1057559684
-1076228954
1065222952
-1079548075
-1088797395
-1073817582
1049845297
-1136339044
-1074032728
-1081775930
-1077034034
1072936527
1032600551
1060888958
-1080928109
1061282017
-1075662455
-1073984685
-1093035897
1064432428
-1083784033
1053011972
-1088298137
-1089101345
-1090560074
1029577523
1068967938
1070705893
-1076996746
1066029534
-1091141943
-1076369137
1071157720
-1075275766
1072854711
1145215832
1135793905
1140948558
1136129526
1141033151
1142313672
1140907709
1146552265
1145606976
1144151060
1145112567
1133741187
1146429439
1106071693
1147844682
1129488244
1145295282
1146873398
1131154539
1108665126
1111646636
1148071889
1109482372
1141730937
1145226608
1148044590
1144572502
1141451759
1136611442
1139605087
1137192815
TLAST
1130620898
2415853569
1139972706
-1000745789
1146641975
1142222654
1127260497
-1001786791
-998989258
-1024716505
-1009801520
-1006493915
1144165649
-1021825365
1133781203
-1008526681
1133712641
1111688597
1145911825
1148061463
-1014092985
-999820148
1124787472
-1029539614
1104329030
-1000858070
1124762056
1136267264
1136735304
-1001202158
-1001270166
1132873294
-1002838672
-1008941788
-1015422553
-1003747130
-1005159284
1131180259
-1004304222
-1007742782
1145762051
-1003411238
1148562034
1142719184
-999655282
1143518942
1118473597
-1022861612
-1000810139
-1043318197
-1003050495
1148395145
-1012366044
1129681892
1142106646
1127800647
1089867868
1130581687
1145292696
1146381139
1145848822
-1013463996
1127245056
1143231412
1140353397
-1018312020
-1013983581
-1011975689
1101504979
-1007191203
1142438777
1146082960
-1014886530
1138121404
1146001439
-1011205144
1105509419
1138742596
-1010532905
-1001648085
1144522448
1142395265
-1014777236
1134405184
1123074920
1138910825
-1007328614
-1009352904
1133829770
-998704145
-999588230
-1028704945
1127285617
1143222239
1135199928
1145366135
-1005489749
1120622392
-1081416775
-1080165679
-1077385230
-1077042956
-1080881758
1041042112
1069874681
1072418810
1066254840
-1079925334
1060370131
-1075738425
1067363699
1064636786
-1082685132
1042185306
1072267244
1063953121
1057679831
-1075178316
-1106705992
1067705675
1071250442
1060276775
-1075356938
1072780191
1059168947
-1077390923
-1088524345
-1085896516
-1079076787
1072558223
1030091571
-1126209536
1057960554
1058057467
1062414122
-1076634765
1066445472
-1092956654
1055304239
1063027499
-1079075292
1069610416
1067621796
-1074099314
1069285393
-1085146175
1062419761
1070262836
-1081913049
1071700541
-1084930696
-1074117957
1069919839
1041439579
1052807756
-1088924545
1034012206
1068439010
-1075338450
-1077053068
1066120501
-1083644984
1065650213
-1091829319
-1084106426
1062730085
1063189139
1070116812
1066798579
-1080604380
-1076685604
1072944122
1067203583
1061089033
-1079378706
-1079642248
-1094597805
1071926414
-1082955495
1071990814
-1085823766
1066069430
-1082837803
-1078416953
-1093610415
1065407754
1059278517
-1131257141
-1078188086
-1106571241
-1096335033
-1083108864
-1078062240
1067965579
1134819781
1115192445
1133960650
1136248666
1145295351
1145617632
1146175644
1145151787
1118944892
1139090429
1137395950
1119550310
1140094014
1143790781
1142161234
1138647885
1140274599
1140859328
1128987259
1118499742
1122204830
1141356206
1110183184
1144010826
1147654762
1140141909
1138478330
1132719770
1144259071
1141047745
1134243231
TLAST
1142747156
2415853570
1119148581
1146184923
-1004570766
1145682549
1148619855
1110098259
-1012002327
-998899490
1141470510
-1022496873
1139666982
1135468631
-1006468969
1145583957
1133123174
-1004036099
1116367108
1144598254
1126890879
1142374924
-1007559745
1141412033
-1003862107
-1010185250
-1024078715
1127353812
1137279628
1141996020
1124012800
-1020485646
-1015508546
1142843511
1142430106
1145006077
1104186951
1147407095
1142871968
-999626924
1138459736
1134520467
-1018886351
-1001688794
-1001649485
-1004917778
-1016139975
1143922833
1137098182
1143342319
-1006544543
-1016247825
1143444307
-1018200409
1148690306
-1005198706
-1008743189
1133730451
-999396356
-1008980772
1099101189
1145480216
1142473066
-1002237058
-1003692156
1137063604
1139233714
-1000678463
1094781737
1144382246
1144574429
-1015943536
1133445274
1132777623
-1000929307
-1029081942
1143346590
1144102456
-1004445987
1144710296
1139892316
1131269704
-1013072256
-999482199
-1000582261
1148768467
-1018724732
-1006376704
1147281054
-1029444777
-1029494079
1147014249
1097870995
1141445283
1137602845
-1022674572
1137055213
1148485656
-1081524276
-1078502911
-1093604318
-1077429714
-1079249807
-1079990666
-1079002746
1060464533
1041866208
1057447668
1061876264
-1073773123
-1081229713
1067865418
-1079989957
-1109480563
1043961947
1049456328
-1097701337
1052947010
1057018472
-1074886414
-1079272249
1060781391
-1082214296
1068345724
1055726934
-1090506098
-1083507502
-1089646810
1073190017
1071484496
-1078467967
-1075644059
1069849740
1066986209
1059413597
1069439136
1066080740
-1075152876
1055800147
-1097328626
-1076541865
-1078557474
1071761057
-1103793304
1066478489
1057246046
1055813799
-1097032641
1061441533
1070734509
1069337991
1065810035
-1073939771
-1098274833
-1103770542
1054371788
-1086308648
1063531475
1032611258
1027325928
1066145092
1060213710
1064365630
-1097638852
-1089034521
-1087813756
1059559520
1042315153
-1081891125
1041542080
1069617111
-1079876320
1068231474
1061129311
1059068468
-1084698454
1057019498
1059767244
-1081193702
-1080445734
-1076957217
-1100843491
1059915126
-1074072702
-1089453752
-1073981126
-1094621952
-1089625342
-1077186208
-1075504651
-1076050893
-1076202000
1017495567
-1082953091
1135645867
1128798693
1145277504
1117912092
1132558749
1138414663
1148330484
1133061398
1137319451
1136529693
1148453831
1148377110
1139549869
1147610176
1148450235
1145373389
1139491646
1142077496
1142588827
1143515121
1134811133
1125040992
1145432588
1148746331
1143164260
1137711019
1134318009
1131998376
1147674687
1135536422
1148042807
TLAST
1141951906
2415853571
-1000017727
-1001151614
1144680124
1129813326
1145750375
-999948229
-1006534972
1144729551
-1000547131
-1003574583
1133512498
-1019388225
-1002166282
-1005279077
1144834356
1124892716
1141668428
-1002618155
1143349755
-998668625
1125897064
1135644007
1132342149
1141391936
1108825125
-1006713870
-1000929622
-1008124790
1144566152
1112961126
1138379914
1137026365
1144539181
1148243429
1139031609
1117337810
1146961197
1128864121
-1000249247
1138650598
-1031285517
-1014883682
-1027004011
1145620898
-1005548960
-1031207358
1142362410
-1003587534
1128894400
1115535730
1132924072
-1022995641
1143327635
-1004475366
1146398764
1145340500
1132895808
1147808253
1107685327
-1005648347
-1003582786
-1004532626
-1002088529
1146971557
1135687674
1111888223
1147502126
1141326172
-1005997820
1143374648
1148667748
-1006447084
-1017550414
-1009156999
1128097252
1129750296
-1007125365
-1041789515
-1003666644
-1002117830
-1010023438
-1003966429
1109541127
-1001804579
-1011281882
1145355644
1128452525
-1004332810
1144545191
-1004521758
1141239325
1137644192
1119254614
1142645284
1130072709
-1022737035
1053628529
-1074845963
1060397473
-1092271577
1069418769
-1087628716
1070033736
1069898744
-1077384875
-1098222375
1066042317
-1074531944
-1084613574
-1078638913
1062278469
-1081600594
1048503704
-1103749169
1066233977
-1107926072
-1100573228
1064262657
1072432740
1067345108
-1088653729
1066190698
1065707945
-1100723053
1069059203
-1085173137
1070477908
1066289939
-1076316045
1062872934
1029356084
-1081992933
-1074927284
-1079321199
-1077658560
1073601724
-1076482061
1068392709
-1105306264
-1081819805
-1089901163
-1075382765
-1076170002
1058220206
1015343795
1065254140
1072439588
-1076165404
1054291923
-1092191565
1070017110
1066875282
1069690928
1071109711
1022972726
1072300911
1067926290
1062761395
-1080824591
1049926702
1064979578
1065560991
1066256789
-1083780179
1062152892
-1075126290
1066077790
-1079750766
1065570714
1065828487
-1082528827
1053905876
1055374546
1064744561
-1089799868
1049641027
-1090453471
1072010905
-1074796426
-1083369684
1041639341
1052137903
1067293846
-1084021893
1047711976
-1092054169
1070546874
-1077915894
1069118537
1073139654
-1081413078
-1121746525
1132975537
1147816813
1141468140
1146889238
1138047216
1142347094
1126054329
1140967861
1143596390
1147972343
1141666278
1143812098
1138629471
1134724071
1137486613
1142672016
1140816841
1137099608
1130102292
1141284499
1131768370
1146950004
1147301261
1127054902
1120140427
1145897661
1147955972
1138261244
1125602805
1141526980
1137036929
TLAST
1136501647
