2415853568
-1000648720
-1009948848
1135371823
-1004742802
-999806468
-1006568237
1147487167
-1000826603
-1027106970
-1011121272
1127631897
-1003425516
-1005042955
1140941093
-1001935532
1137993810
-1009265469
-1005764831
-1009779757
-1003277203
1143655885
-1016901876
-999182909
1120145762
1122318741
1137900473
1093041339
1134855100
-1009462549
1142239233
1125808096
1133829693
1142565927
-1018512837
1141177472
-999613614
-1002339371
1144895849
-999028549
1140396447
1117812285
1148146237
1146160904
-1031920143
1139578041
-1021456041
1138547943
1142395836
-1007942678
1132648708
1148800250
-1003938305
1136664087
1141560475
1142398757
1144580549
1146031997
-1000472690
1146877146
-1023277327
-1039230364
1132231996
1143306916
1139708838
1144131928
1146083191
1144368341
1147839366
-1000277420
-1003205144
1138633386
-1008675657
-1026893436
1138729583
1134523646
-1006645077
-1016092007
-1009029061
-1002409009
1135051271
1137144791
-1031562168
1144392564
-1004706021
-1006392102
-1013194003
-1002331627
-1012450107
-1001752202
-1002342820
1146581565
1143511155
-1015214819
1128074287
-1010367389
-1009264753
-1078829428
1063887658
-1131922354
1068327870
-1075486255
1068635712
-1088384448
1069699000
1061259865
-1107317602
1072874818
1057747596
-1074170873
-1094591043
1070672410
1065495641
-1075650511
1071846132
-1093961483
-1085961424
-1080807770
-1095347330
-1088883918
1069765380
-1098317025
-1091263936
-1089608645
1071100221
1072452015
-1095070980
1065744203
-1074749594
1069242781
1068747149
-1080176349
-1105138941
1067565686
1048763920
1068473741
-1086459329
-1094596918
-1078704560
1070445595
-1100505169
-1077199918
-1080212417
1043083151
-1111418609
-1082182318
1064805674
1072389443
-1088441567
1060666468
-1077183937
-1078186431
1067501652
1040224414
1054577250
1069949306
-1082627144
1065861181
-1085169914
1073373324
-1087098291
-1084365324
-1076672263
1070913104
-1087591974
-1075234210
-1092902503
1066537255
1071625205
1059203299
-1079671206
-1078150411
-1079295710
1071005367
1071580534
1072222665
-1082043833
1073190699
-1087729027
1067731723
-1093128718
-1082379401
1071472267
-1077715182
1024080988
-1089187047
-1075438529
-1074968148
-1096213750
1062684784
-1074416808
-1081754972
1058869443
1118255722
1145433893
1141661443
1139750482
1124847770
1133062194
1145210049
1146596387
1134994044
1121624297
1131602317
1131503672
1124815127
1145909063
1145177410
1127960106
1141330523
1105152359
1144780118
1090562423
1133652701
1141462641
1126608535
1141197079
1148163038
1139356424
1131840017
1128736491
1144895975
1142361581
1138681197
TLAST
1140995467
2415853569
1134780312
1145288834
1142187137
1146766455
1139452671
1138665195
1109700143
1135493096
1100103765
-1005585803
-999445502
-1007460038
-1008955339
1146342598
1129906181
-1014160394
-1004932898
1132209250
1106860216
1144073216
-1004058230
-1007208699
1144885449
-1004923090
1145557812
-1027743198
-1009833553
-999311449
-1020287168
-1008138113
-1001625079
1121288024
1125114780
1139947826
1126156823
1146176229
-1020430541
-1022157122
-999210928
1134754132
-1007016132
-1003200526
1141257932
1143280147
-1009073855
-1047558183
1148333992
-1021772202
-1003667317
1143326388
-999462332
1139408490
-999145101
-1013211590
-1023065738
-1024000878
1146637889
-1009094663
1144418516
1145609727
1130596531
-1014805126
1143713883
1133773637
-1014633470
1132234392
-1005706075
1142883397
-1036132257
1140294359
1140168244
1146790742
-1008239999
1146843942
1136251074
1124552055
-1008843152
-1009697891
1144098422
-1006229301
1105013819
1125419392
-1039569337
-1005605779
-1014778273
-1006744626
-1021925844
1124118276
1146743742
1147006742
1144681981
-1007778163
-999231529
-1007738646
1148330378
1134643877
-1124380960
-1078419120
1066436928
1067541955
-1089682840
1072608358
1064224148
1067129338
1048951419
-1098203905
1073628232
1072681900
-1092580608
-1090055893
1058087988
1063505401
1071862784
1051045485
1073034632
1057954130
1070999858
1061500590
-1086031209
-1080642138
-1084767370
1057849961
1062761913
1059471221
1072136611
1042351859
-1078529179
-1114797232
1057781696
1052244904
1070717299
-1079842383
-1082700348
1058387601
-1107475765
-1094908561
1066915751
-1083637937
1055174399
-1083611809
1066023513
1041372930
1061368213
1068038564
-1099091990
1069203003
-1080749948
-1083918646
-1076030659
1059166494
-1101687050
1072050761
1066263068
-1078839611
-1078597224
1029043183
1065375716
-1076011795
-1086588881
1058173321
-1100003608
1052131867
1073535476
1067406831
1070476277
-1097308391
1072061031
-1075365855
-1081806078
1049241723
-1074533178
-1078575130
1038461227
1073675210
-1078816565
1028175280
-1089880554
1072761588
1061525850
-1140827918
-1090514619
-1081354235
1062581126
1049538841
1067976112
1070631958
-1080760488
1072435118
1033683352
1059282653
-1097236907
1045150151
1146746890
1147852714
1132745145
1140678577
1144812679
1143178087
1137663533
1145519476
1097782942
1146094452
1143110824
1145376236
1145125680
1128139479
1127620674
1111337963
1143892291
1109471888
1110601416
1104184993
1135447125
1141868729
1143320156
1147586219
1102464007
1127427394
1145252112
1145550293
1138479853
1137136584
1148673906
TLAST
1140568472
2415853570
-1004281410
1142138477
1148702162
1141842720
-1019109184
-1017399574
-1034855661
-1004367960
-998696181
-1000835276
1121277719
-999821763
-1000416631
-1005952804
1144284813
1118753374
1148233926
-1014569432
-1028558558
1147166539
1128379140
-1011286546
1137788962
1143271148
1146519304
1138688410
-1001928251
1109400908
1118738876
-1049247415
-1004816062
1136536349
-1000076098
-998665847
-1006146882
1144448101
1142924297
1145390881
-1023140504
1108684177
1137852821
1136359792
1146611949
1147482447
-1004218437
1136426740
-1028903516
1128262624
1145082189
-1035887541
1141779961
-1006276171
-1029776879
1144274147
-1021888513
-1011541944
1144164018
-1010959218
-1000481977
1144380424
1145727143
-1002548555
-1012534790
-1009800422
-1018492837
1147976480
-1022466723
1129026690
1144852931
1143195416
-1012105452
-1019330798
1142957817
-1006819100
1136523963
1142633079
1134892723
-1006393282
1146532992
1135589873
1140966242
-1001482995
-1012988924
1127356153
1132794854
1132901388
1142339606
-1006715953
1141382846
1140942362
-1018990953
-1017355716
-1004364959
-1048376410
-1001964501
-1015017415
1058748900
-1088563839
1073333650
-1074708109
1072385681
-1098849721
1057282004
1067288953
-1088628370
-1080921737
1062711575
-1089456175
-1075310870
-1077773137
-1087606398
-1079717680
-1096017451
-1095187712
-1104547665
-1090354279
-1073779824
1065917604
-1087209369
-1081058367
-1096566251
1061945692
1044519742
-1091763217
-1085911046
1073400113
1068367227
1061179457
1073125973
1073325377
-1083089538
-1077353577
-1077980146
-1084825073
-1081203667
-1076444522
1041250434
-1077494128
1062044602
1051921169
-1087339265
-1090485634
-1077835548
1069779794
1066862449
-1081267018
-1074370258
1071046656
-1103612481
1059223752
-1076881530
-1097556521
-1077855861
-1080189492
-1085148700
-1077710040
1068171286
1058650366
-1091563889
1057961884
-1077728245
1073010938
1055124928
-1087756607
-1097293284
1066107904
1065106170
1058200484
1045977630
-1073853214
-1090653366
1044898017
-1082054928
-1075688604
-1075796509
1033008507
1070853827
1070920182
1056026142
1040567462
-1076653755
1070259341
1072727967
1045602712
1071371816
1035885736
1062133401
1070417530
-1075993362
1073715531
-1085673948
1066598637
1138695707
1141065165
1128390581
1137427772
1144387657
1134639709
1143909418
1144931105
1142265296
1146127747
1147625268
1121117802
1127565554
1125735804
1147446436
1139452843
1142081044
1147408860
1131421190
1131855689
1121800376
1138882715
1129319788
1123507430
1145065366
1147610246
1127115307
1134314178
1144354966
1140876480
1121348282
TLAST
1135869045
2415853571
-1006474590
-998872017
-1002120345
1128911471
-1000611883
-1005272200
-1009565187
-999907040
-1006563616
-1014957662
-1006491223
1095723286
-1014621470
-1001688514
1136460291
1144409927
1123724032
-1007797021
1134356621
-1021893816
-1009912153
1134336152
-999068880
1124887183
-1004820072
1126605545
1138910171
1142075244
1147330764
-1011347716
1147855320
-1001900378
1141691121
-1012123485
1134027440
-1028672268
-1029804127
1124548901
-1010876361
1145731926
1139833518
-1002850021
1127596958
-999345162
-1018346189
-1002452680
1132660032
1136629378
1124626151
1140422658
1135641552
1116654626
1117583772
1142646456
-1007421798
-1009761949
-1000845205
1141366539
-1010282529
1144190193
1146365789
-1008886379
-1000952580
-1004176511
1148289969
-1011120400
-1010360368
1129707725
-1031781739
-1005040754
1147855412
1119788168
1147837864
1146967036
-1013820301
-1001156517
1140621265
1139974650
1141861094
-1015033244
1113681476
-1004174496
1148056182
1140103525
1139365602
-998708248
-1002206155
1143560102
-1002206675
1134441633
1141835952
1136842346
-1048216659
-1021089230
-1001982811
1147236856
1071316874
1067049450
-1075096004
-1081017692
1070273942
-1074918224
1025161556
-1079461026
1065709228
-1086365798
1071065662
1068913903
-1081035962
1058537142
-1081389672
-1080540056
-1079844099
1073674255
-1077257764
-1110960139
1071684536
1070754232
-1098265171
-1088826481
1065836183
1067790006
1068905954
-1076683367
-1080589303
-1083220876
1011701146
-1077856987
-1075926213
-1103958712
1072177922
1073176844
1070066810
-1089203450
-1090720972
-1102029909
1057568262
1072287770
-1080079349
1069901474
1027326982
-1080868430
-1089410432
1057543010
-1097483061
-1077926856
-1109475462
1061063303
1058382711
-1111920389
1054121683
1044345215
-1097106547
-1086505834
-1079756601
-1076760334
1069019666
1068742414
1043582249
-1089941525
-1088908897
-1107677246
1056002960
-1113108864
1066692390
-1083653628
-1080382381
-1082022902
-1077600578
-1086287108
1067285165
-1078016374
1072152577
1063585365
1040916400
-1079039911
1058356368
1069974992
-1080837488
1072140450
1069031422
-1116181483
-1102286417
-1077801027
1062194500
1055106393
1061892697
-1086638529
1063635694
-1075227620
1058396719
-1076081252
1143450571
1125970013
1126383189
1073689194
1143487190
1126095219
1115104735
1146549301
1142546638
1138759787
1144623322
1143574853
1135442896
1139119504
1142792176
1145656090
1148521758
1125241108
1116558113
1120168656
1126430935
1110911732
1137828873
1137786570
1146694174
1124796734
1122505213
1146292401
1117220115
1112573363
1133307688
TLAST
1139618316
