2415853568
1133178446
-999578676
1130889454
-1017848645
-1052875426
1144125568
1129086703
1136627860
-1043788355
-1005084405
1125163779
1147119521
-1020658412
1141005734
1111429000
1123436473
-1004559812
-1013091288
-1041695609
-1004428367
-1002598597
1127671532
-1002008272
1142622049
-999127511
1144883477
-1009940651
-1020659110
-1004827305
1140075970
1145853692
-1000626504
-1011750430
1133456175
1119641539
1071514736
-1012058877
-1025272205
1135603661
1119572385
-1004140673
-1000247139
1146804379
-1006887326
-1014477527
1130101213
-1025839016
-1012084442
-1001228186
1146001211
1127157774
-1017360973
-999152323
-1002540613
1128884859
-1001933129
1116717578
1147491536
1146683639
1142625282
-1000866002
-1014980493
1147041812
-1036523504
-1044864250
1124768166
1147503299
1147201638
1140967018
-1000147736
-1001242205
1135498015
1144272803
-1011628221
-1025161460
1142123896
-1016193522
1143444990
-1013378531
-1004573272
1141309417
-1003819984
1134893413
-1013048524
-1000686352
1140207191
1148290096
-1001369834
1104028269
1124072402
1139623336
1100159089
-1010316458
1141672756
1147853759
1136440412
-1087503005
-1079399982
-1074243351
1061390058
-1092241001
1043674379
1071378624
-1105553643
1048663649
-1077430287
1068802047
1071020543
-1079235631
-1080689036
1071860665
1062618231
1053696510
1064405778
-1077061257
1071983229
-1104305890
-1097554484
-1078403950
-1081056672
-1078692846
-1073835047
-1074002630
-1074852179
1069620979
1061285592
-1116635450
1068740756
-1074348472
1045610444
-1088236249
1037729974
-1076166936
1051051685
-1077454977
1071323193
1072058741
1068506963
-1108877499
1067808976
-1090122454
1041828046
1066928309
-1081016963
-1075812644
1059364306
1051695585
1044615356
-1074657965
1042147847
1069875982
-1102658279
-1081851375
1046413366
1069999255
-1091698784
-1078681662
1046688978
-1079557768
1066843726
1073338295
-1088891770
1071728983
-1075310921
1065653099
1061864899
1061304228
-1090563172
1056888947
-1073834301
1053302973
1050879721
-1085836007
1057758233
-1090173058
1058321599
1062797749
1063613546
-1081597911
1072739137
1067594693
1068660647
-1079710465
-1079288123
1041914239
-1139140581
1064203029
-1078911055
1058721978
1041964357
-1097940400
-1080771240
1146208878
1129052097
1106435703
1127240955
1143616017
1145789963
1126111102
1141907630
1112999129
1146014012
1119097722
1127210467
1143119194
1139468878
1133066684
1147908589
1141648271
1126206626
1137912497
1144055828
1139061557
1121161707
1127058466
1132043531
1141416028
1142871888
1139679278
1129590768
1135328521
1146729429
1131556793
TLAST
1143280074
2415853569
-1002864963
-1000824768
1134429430
-1009635725
-1000984421
1120779765
1142043366
1145789762
-1006283562
1147583075
1113764241
1116570445
-1047475987
1139646051
-1017695908
1147273946
-1000662060
1145418848
-1026668596
-1009123548
1136760126
1146528017
-1010402620
1130001820
1132855708
1132310305
-1000808254
1134666697
1090659077
-1000680856
1139220888
-1012089516
1143408254
1144983816
-1005998148
-1030277633
-1005599755
1140836859
1147406431
1132071488
1128303028
1145087465
1136663724
-1012544642
1138355499
1142141227
1147326168
1126856468
1142689187
-999394485
-1019233165
1146101039
1142327119
1147002986
1133771537
1136347069
-1007744018
1139098490
-1039339793
-1038817909
-1000212006
1145619476
1131575563
1141232869
1109345561
-1018158392
-1001467903
-999348953
1136023382
-1010016029
1115866718
1148556050
-1019374925
1134288868
1147023903
-1020535167
-1027702064
1139463898
-1024427080
-1043257378
-1001462362
1145731519
1140859988
-1025089423
1134707615
-1002044689
-1006853692
-1037442298
1140986394
-1013701139
1143176571
1148104269
1140272203
-1014696168
-1009416292
-1006253184
-1084344375
1058051552
1057600515
1072635041
1049181091
1067537427
-1075619395
1046453284
-1076057507
1068073192
1068083177
1058812010
-1084811456
1073282476
1060348715
1066786342
1056077655
1038493805
1066858995
-1081250863
1061535672
-1094405792
1033509070
-1083251611
-1080070912
1040496208
1047548629
-1089462383
1049894234
1070628339
1066797314
1045018063
1056121347
1059721329
-1075753758
-1078309594
-1077474231
1048374483
1062051040
-1076929252
-1088826644
1072226377
-1080836832
-1077122769
-1094638667
1041522580
1007390881
-1075141062
1067751410
1049086405
-1080396860
-1081416998
1055475706
1056250681
1065399499
1061042986
1061874312
-1079656100
1072528389
1068344458
1071812479
-1087980168
1036913653
1072184226
1060683057
1072226845
-1076473902
1071600225
1062631197
-1111873716
1061388392
1059487597
1066546694
1002172981
1067018981
-1076999640
-1084327156
-1077920161
1052400818
1068088803
-1078849882
1060535804
-1091259258
-1079304771
-1092096742
-1120487568
-1080078568
-1078329115
1061471996
-1123574287
1066287541
-1081876391
1061315967
-1074295476
-1094402468
1048847286
1136664789
1148170978
1090679932
1134399475
1144887927
1105209054
1136688528
1148089136
1143523837
1121830389
1119501036
1147897832
1147565116
1126796288
1146655760
1144720864
1137123311
1131634355
1124607567
1128504919
1140969519
1102971025
1142820252
1142344515
1142944272
1145927021
1114109523
1148276448
1140265756
1139574155
1126464346
TLAST
1143253998
2415853570
1145187277
-1029149773
1129389811
1136987229
1142193285
-1000315973
-1002595691
-1002516700
1126322360
1141169214
1124720998
1142380588
1137064412
-1011817977
-1019962307
1131626366
-1014780028
1143754216
-1006380531
-1004683609
-998939542
1106580775
1148555121
-1012936322
1147201429
1131267550
1143584191
-1018922560
1142838483
1143388111
1146228665
1132438268
-999844742
-1004623678
-1034253695
-999430223
-1022215226
1125544795
1143782508
-1004147551
-1002651766
-1037592419
-1011577557
-1003471956
1143570076
1134534302
1136678734
1145653706
1147173601
1148039430
1141636121
-1001769588
-1003354303
1141686238
1106881681
-1005135917
1133377673
1140150166
-1003104850
1144563365
1134998582
1134974123
-1001265144
1147637792
-1004088145
1145178372
-999074114
-1002119715
1124430487
-1006725119
1145283804
-1018203340
-1008696169
-1007447180
1148137715
-1049921888
-1011281507
1130571265
-1001854162
1148419820
1140478463
1105466908
1141006297
1133328313
1145995729
1120281895
-1033744099
-1003842421
-999778376
1145038783
1143503998
-1008289793
1136969819
-1011845749
-1002566003
1146763925
-1080480202
1067269926
-1079937172
-1092055866
1069689267
1069621754
-1101673601
1068246147
-1077436880
-1089530415
1065785083
1058243562
-1080870904
1070004665
-1083901732
-1075708213
-1113434278
-1089532826
-1074170758
1073416218
1068433801
-1078967382
1033966139
-1104863095
-1094646336
-1095258130
-1084011752
-1140773481
-1087982960
1071235022
-1078806599
1062293600
1072548490
-1080154613
1052893975
-1084000972
-1078190159
-1090195140
-1079371949
-1085157013
-1074540713
1058292898
1056861849
1035517088
-1108011732
1062372989
-1075806413
-1076940333
-1086846476
1071602342
1051646985
-1077117343
-1084217442
-1076650054
-1079893600
1016812886
1071310427
1070772142
-1115200831
1033884583
-1086336188
1056171810
1033691380
-1080994693
1065300723
-1103609098
-1094516569
1062578761
1067810279
1049162285
1033925620
1061445908
1062246167
1053939723
1052835246
-1074913210
-1075324790
-1079871441
1066882280
1064570085
1067382374
-1086290294
-1074791179
1050804408
-1079934502
-1104449081
-1075495551
1059558265
-1081163248
1073337829
-1104583043
1071428341
1072818174
-1077308818
-1084071070
-1075143418
1146746502
1117335950
1134230831
1145110341
1109039059
1141964888
1130211187
1141246534
1124772158
1135642593
1135790388
1137264259
1148401628
1124532907
1133010045
1143518384
1135737591
1147565328
1136300390
1148260860
1127924931
1139394943
1141101171
1141862219
1137153218
1141288574
1131262594
1132284509
1117208809
1141324671
1140091737
TLAST
1148319962
2415853571
-1003292869
1142947168
-1017964684
1146677208
-1030490143
1125896362
1142413256
1125812366
1140034003
1146281877
-1035280259
1144530936
1137266912
-1003901119
-1004041294
1132951239
1140868904
1127306752
1140935589
1143612158
-1026363399
-1000046146
1143443774
1141019261
1145902203
-1013939847
-1000042612
-1010828229
1134518465
-1000553259
1141266874
1147824110
1148716843
-1001996169
-1022764565
-1011277768
1140695184
1148710475
1143883135
-1001256678
1146751026
-1013938385
1137433980
-1010097023
1112760819
-1013738518
-1048680455
-1000607665
1100712541
-1009738669
1133983564
-1008986071
1141368590
1141517687
1147151623
-1059862890
1124812666
1144976461
1146417615
1145638081
1140280432
-1001109519
-1021664262
-1004670089
-1042605494
-1007711522
1146022988
-999939027
-1044416911
-999127143
-1003488107
-1020535508
1127171604
-1000334935
-1022498736
-1000656908
-999633815
-1012185195
1135847565
-1000288171
1132187529
-1009141782
-1011965365
-1016571843
1130682514
1123707570
1130295675
-1001122939
-1018243157
1138766092
1141770584
-1021435240
-1004103107
-999624063
1125510269
1147721096
-1105612380
1069305646
1037565126
1072353452
-1098823487
1072801212
1045686612
-1089489053
-1087265980
-1096527421
-1087011304
1057866624
1043246219
-1084028965
-1082064461
-1080838377
1061597044
1066389912
-1105084668
1073412646
-1093707992
-1079936007
-1076758349
1073604342
-1087289650
-1118583968
1068813543
1064289349
1072360578
-1081721092
1061319784
-1078628714
1041398108
1070302533
1072690771
-1081763042
-1077285266
1063882244
1072338691
1063375712
-1079585037
-1075315769
1063954609
-1090735795
1050600382
-1077298182
-1078321421
-1074814891
-1076798618
-1079801124
-1129558412
-1093438150
-1085211548
-1133108941
1046547455
1067069219
-1083278400
-1078563666
1068587199
1069586533
1058513949
-1087725424
-1095658617
1056619335
1050305768
-1092416107
1069559112
-1084724370
-1080480230
1048080451
-1081473035
-1079462567
1073703732
1008101824
-1082821205
1064910002
1073202278
-1096586636
-1076720762
1048938899
1072326120
1052175518
1037690029
1053174546
1057076287
-1102033552
1055860458
1068939819
-1079915387
1054561049
-1095253712
-1077178957
-1078538086
-1074733655
-1078797101
-1098585431
1145342114
1143828848
1133409540
1130347685
1143775917
1130207243
1117047735
1134971718
1141487820
1128805155
1121948454
1146634652
1139096618
1082657488
1131933696
1110742985
1132383254
1137990386
1125097655
1147813512
1139227373
1146555245
1145957299
1122594721
1119212420
1141682061
1106747626
1145400070
1134859708
1144240361
1128284066
TLAST
1134546545
