2415853568
-1003573456
1134448986
-999058369
-1004378325
-1014216020
-1002604904
-1004702371
1143926190
-1012374233
1144999943
-1008893132
-1014550954
-1021237915
-1012561251
-1030039806
-1001931548
1089324500
1144581706
1114025191
1125968064
1139716520
1146698054
-1000355296
-1010700626
1125001612
1116676453
1132664662
-1027575931
1121792478
1123511435
1136690323
1119726287
-1020334795
1140142482
1147741386
-998823772
1121005608
-1003116410
1115274807
1143517143
-1015252702
1140453014
-1021399796
1144706252
-1004396198
-1001341533
-1008207881
-1021350282
-1002157903
-1000242013
-1001987026
-1003451143
1145527657
-1014030804
-1018039391
1141584447
1147869424
1143401612
-1010400791
-1002173611
1147437713
-1006383330
1136960829
1141698959
-998881459
1122882722
1139107947
1143120379
1148549993
1139809846
-1010690744
1145098808
1144659984
1140495041
-1020084611
-1012002139
-1010192153
-1003807574
-1000828599
-1006557438
-1008781451
1134532622
-1028602325
-1020528700
1146839735
-1003186576
1119349428
1147388461
1137650994
-1013287638
1135517923
1139845289
1145388399
-1003822369
-1014522352
-1000100891
1067620012
-1086206123
1062886225
-1079840204
1072132197
1068846296
-1097653062
1069436770
1073090343
1060477235
-1077041802
-1088041674
-1099161324
-1093230131
1042656641
-1091712996
1054204981
1050638498
1068740100
1071212870
1056044623
1067560285
1069942326
1070016580
-1096937987
-1077109063
-1088601579
1069008281
-1081963384
-1132022564
1071847415
-1091804132
1045771761
-1081116945
-1076778416
1073436380
-1075447265
1038587725
-1077028162
1045299214
-1081041348
-1094060738
-1089564698
-1076658841
-1119532828
-1079133907
1056129841
-1086684206
1069544947
1066605855
1068889126
1020247774
1068795274
-1092002271
-1104939585
-1075222169
1050425922
-1078384594
1056898663
-1091783994
1041260740
-1097549578
1069214994
-1079385884
-1078312064
-1078575774
-1082112150
1057426619
1068786925
-1078066111
1070164239
1066885890
-1074801373
-1130498681
-1075820250
-1080292548
1062074474
-1079648932
-1083176466
1070904768
-1113606010
1059256016
1058299415
1042831151
-1105616072
-1101915887
-1106755478
-1076835911
-1097619496
-1079401492
-1085479133
-1082065254
1058599567
-1090570895
1042121575
-1086589486
1142709357
1133098014
1125503358
1147804839
1143698430
1134361587
1133702728
1128823495
1140115416
1144608825
1143083394
1124601718
1144253860
1140369150
1142772455
1121423592
1142868989
1144291664
1110719679
1142928578
1144326569
1137954775
1145438540
1139020600
1139160286
1145266741
1121487063
1121718528
1139964537
1136235825
1140763512
TLAST
1121700425
2415853569
1120509633
1144869710
1136780979
-1000283030
1146277358
-1009184287
-1038182359
1134228183
-1058125748
1139632669
-1011001569
1137540151
1118535008
1148481658
1092584723
-1004362126
1130601757
1115425288
-1022520433
1143163670
1131184363
-1003778154
1141941431
-1018312963
-1002630187
1137706776
-1013231907
1143213565
-1003552242
-1003084911
1115153378
-1012119096
1136942255
1135158515
1143951392
-1014371974
-1005202108
1126721832
1144488901
-1008377271
1133541388
1135259173
1112387538
1142788477
1119063824
-1010552638
-1004440506
1144398794
1141707857
-1003370768
1146480633
1138796312
1105788480
-999820599
1143982561
-1040170237
1112144128
-1019647763
1142133324
1106071454
-1014503675
1142229664
-1021164628
1142876394
1147224665
-1004816267
1125485384
1116891997
-1013005738
1132897023
1133127894
1130021631
1136923271
-1024372079
1145296566
1148358726
1148709210
1141285611
-1013345564
-1002287066
-1002871700
1141582229
-1020489004
1144711570
1145042473
-1004880929
1143573032
-1002372333
-1013075273
-1006322828
1138845549
1140988106
-1005457270
-1005337938
-1031415920
1116343956
1072799271
1069735891
-1084964548
1057332298
-1074381420
1058771122
1062841258
1065566555
1066629200
1071514522
1068853039
1073028211
-1074432078
-1086656511
1073026401
1030110745
1069367120
-1085828102
1057393345
-1080721697
-1115825240
1036730347
1071770115
-1081324013
-1074982890
-1080050146
1066151374
-1080793736
1072921162
-1077430866
-1097998859
-1099639986
-1080053454
1064313126
1066526603
1043292809
-1079770370
-1079632024
1067853764
1065572900
1061199822
1009062730
-1077439322
1071466512
-1074839167
-1121413202
1065803069
-1076059848
-1076345754
-1083441407
-1076026078
-1089900545
1072834873
-1095954412
1072852689
1070045680
1068673806
1049445489
1066319869
-1089850296
1041566528
-1083586031
-1097413551
1040062746
-1114733895
1055709747
-1074088431
1069808342
-1096101980
-1077835668
1067739841
1066726956
1049678246
1073089618
1063033424
-1084292504
-1077913184
-1079288584
-1075490420
-1083315991
1069677506
-1085590113
-1100141340
-1078844712
-1083691467
-1074049549
-1100840784
1034924863
1063747725
1052655101
1073386698
1018603566
-1078130519
1044785550
1063266703
1065101193
1101888490
1107488317
1140857421
1111719166
1142631270
1143935760
1141187628
1125576059
1147923158
1127437041
1148160412
1145078248
1142209037
1138893510
1134387797
1069132129
1134307881
1143715215
1126658318
1142553655
1144263522
1138224657
1135229259
1148504159
1145843950
1145420283
1145763185
1144112184
1135259582
1064459689
1147632464
TLAST
1132199173
2415853570
-1003985599
1146153198
-1005538365
1134754723
-1013982726
1136216388
1139664362
-1005947803
1129450321
-1002259567
-1003981804
-1001396044
1146858520
-1013663082
-1000988765
1135061043
1134450661
-1013497579
1134698047
-1009515119
-999045724
-1008631991
-1013850776
1145835345
1124344036
1138854466
1137601279
1118241517
1145114417
1144885140
-1005683262
-1007520370
-1026303133
1139477502
-1000363822
-1010638557
-1007404914
-1003665500
-1000161852
1126670516
-1000184142
-1001614274
-999641513
-1008158863
-1004962031
-1036024035
1145811141
1145409517
1133972088
-1010939319
1147842314
-998949450
-1002372845
1143545788
-1000413315
-1001974552
-999907983
-1044486670
1109772482
-1001924430
-1005412582
-1008587717
1110480576
1137370578
1143291316
1128048068
-1000612462
1127558208
1138388055
-1007669276
-1001120043
1147651531
-1000805585
-1012166103
1129315140
1148744474
1130081221
-1004769223
1138393662
1120505738
-1011274443
-1000576963
-1004707979
1143469216
1119030727
1121107505
1148561683
-1022175063
-1010675492
-1002732642
1147918933
-1014685319
-1015390183
-1024152555
-1054117489
1109811868
-1081455619
1063611995
1051856592
1065470570
-1093286603
1068757740
1067755092
1049349270
1057367565
-1075298192
1072345502
-1079986597
1068852172
-1081595300
-1087292926
1057109090
-1109212384
1061631714
-1107344418
-1075563122
-1078156443
-1078889797
1071859533
-1131534372
-1089726256
1068165430
1066647156
1073243269
1053822363
1060565590
1059460975
1060595957
1071263551
1065578001
1037615432
1067569663
1071799047
-1077615098
1068947885
-1078959992
-1077722723
1072983404
-1095032591
-1087173826
-1076145535
1057868560
-1077836428
1057468248
-1083889391
-1089907298
1071876380
-1081008257
1070903819
-1083246627
1048414001
1068268110
-1082342121
-1079517169
-1112550911
1059087601
1060423745
-1076422763
1069531525
-1080652831
1066101968
-1084088182
-1085957966
1067679920
1024947464
-1119203971
1064753426
-1075021453
-1085657865
1072306447
1058685403
1061931995
-1076353103
-1075000963
-1094726022
1072734647
-1077832128
1069501317
1061183900
-1120529067
-1079762838
1072012316
-1078698655
1070237274
1069858796
1059946242
-1075379565
-1079389799
1067456141
1054568201
1067250427
1067741674
1122897473
1137775169
1143697151
1136442368
1142467514
1122197315
1146724194
1130441062
1122067897
1126719038
1138951821
1141817891
1145596183
1130563558
1136107977
1139785085
1144556026
1136644562
1144239527
1148026056
1145013993
1135192781
1129410027
1128728539
1143625354
1145689890
1140954742
1134685418
1140785779
1124823943
1134740148
TLAST
1142670363
2415853571
1100750522
-1005471719
1122546117
-1036125815
-1001606801
-1017501700
-1009111570
1139603464
1146111950
-1010219732
1133233420
1140897501
1146550271
-1001431505
-1033988181
-1011156958
1132484277
-1004304739
1142983779
-1005854825
1133090062
-1000280004
-1002322411
1147776581
1142333401
1135873725
-1005237928
-1001805682
1133045367
-1025771914
-1122779402
-1004422878
1145527863
1144222891
1129815728
-1001193107
-1013246465
1121640562
-1017607262
-1009820577
1148699892
-1004281772
-1033569156
1126409029
-1036361522
-1001975389
1117083530
-1006605948
-999247571
-1007957446
-1002490498
-1004231653
1132314455
-1031492806
-1007892839
-1015169606
-1007657225
1146184060
-1003514017
1148004362
1145904613
-1012841849
1138874408
-1031283111
-1006458755
-1004715693
-1025392982
1146014085
1147485027
-1014931671
1141091936
-1012322145
-1005723324
1107520971
-1011060631
-1004303917
-1019133028
1141787766
1146691855
-1003055452
-1007834704
-1014082439
1145416549
1142329383
1137812530
1145511988
-1015101238
1141325201
-1014512321
1145513651
1138344548
1143989013
-1004470339
1111322817
-1001469182
-1016636389
1036199122
1043005206
-1077642873
1063493048
-1074346129
-1078581091
1050289335
-1096397630
1071699023
-1075945311
1069606783
-1077566715
1071321684
-1076176111
1070833433
1067441239
1060681626
-1084110562
1027329019
1057908517
-1075503761
-1090735672
-1086813947
-1118712834
-1074226018
1059043618
-1106171476
-1078980035
1055021683
-1094954531
-1076049294
1061340678
1061609998
1037385527
-1074628167
1050639077
-1092644984
-1089076132
-1089439498
1053932869
1021406986
1053879847
-1085959002
1053632400
-1108987318
-1082660023
-1088525512
1059731691
-1081217262
1057306026
-1080713742
1061322360
1053462917
-1120255699
-1082654462
1071721485
1058206889
-1092464190
-1086710797
1067412814
1063288716
1066042249
-1080281801
-1077840293
1058771415
1067653962
1069762926
-1091227932
1066409091
-1089009239
-1083422899
1058815133
1063781887
1056999983
1062959046
1061011041
1072189816
-1080067934
-1089191974
-1074146574
-1086271040
-1078456791
-1090105210
1070011496
-1078417112
1066592272
1044601451
1067745415
1063707527
1071149417
-1081034400
1073551633
1064305352
1065431518
-1083792175
-1099971448
1144728426
1138740612
1132748138
1108277445
1133695876
1132491372
1148252387
1146442990
1143587563
1147171482
1148627873
1133837058
1146644074
1145115321
1139637413
1142453321
1148506365
1125951967
1139893121
1125059333
1145957022
1126370059
1141244120
1139966076
1134614361
1132855662
1144193301
1139668627
1146773825
1141470535
1141599686
TLAST
1140544668
