2415853568
4.958335266113281250e+02
2.001848754882812500e+02
-9.733438110351562500e+02
-5.901791381835937500e+02
5.465241088867187500e+02
3.847001953125000000e+02
-7.375802001953125000e+02
-7.607221069335937500e+02
-7.669241943359375000e+02
-2.262528533935546875e+02
-8.402279052734375000e+02
-1.021346378326416016e+01
-3.249035339355468750e+02
2.384611816406250000e+02
5.488391113281250000e+02
2.418664245605468750e+02
7.603728027343750000e+02
3.606251525878906250e+02
-4.479495849609375000e+02
9.406792602539062500e+02
8.767907714843750000e+01
-9.101304931640625000e+02
-7.482337646484375000e+02
8.942894897460937500e+02
2.001218566894531250e+02
-6.960314178466796875e+01
-2.366919555664062500e+02
8.016491088867187500e+02
-6.186404037475585938e+01
4.308463745117187500e+02
5.992005615234375000e+02
4.571052246093750000e+02
2.045506591796875000e+02
-6.278522338867187500e+02
-4.247401733398437500e+02
-7.342546997070312500e+02
7.930610351562500000e+02
-5.578961181640625000e+02
-9.570032958984375000e+02
3.645227661132812500e+02
7.245430908203125000e+02
7.634476318359375000e+02
9.322938232421875000e+02
3.734880371093750000e+02
7.732208251953125000e+02
-3.424941711425781250e+02
-1.070027999877929688e+02
-6.708325805664062500e+02
1.518538055419921875e+02
6.603704833984375000e+02
5.249935913085937500e+02
-4.558571777343750000e+02
9.275195922851562500e+02
-9.684405517578125000e+01
-5.991844482421875000e+02
-5.902174682617187500e+02
-2.068113861083984375e+02
-5.426358032226562500e+02
-5.752005004882812500e+02
-2.922212219238281250e+02
-4.746507873535156250e+02
7.169358520507812500e+02
-1.831563758850097656e+01
1.117034912109375000e+02
-5.648379516601562500e+02
-5.899512329101562500e+02
-9.384958496093750000e+02
5.017695617675781250e+02
2.700409545898437500e+02
-9.936283569335937500e+02
-5.533190307617187500e+02
5.962198486328125000e+02
1.563728942871093750e+02
3.972873535156250000e+02
1.299901885986328125e+02
5.632633666992187500e+02
-4.765700073242187500e+02
-2.484751281738281250e+02
-7.577667236328125000e+02
-4.021589660644531250e+01
3.355667114257812500e+02
8.880698242187500000e+02
8.961057128906250000e+02
3.511513977050781250e+02
7.748299560546875000e+02
2.140890197753906250e+02
-2.699163208007812500e+02
-5.892379760742187500e+02
-7.711131591796875000e+02
-5.570848388671875000e+02
1.834525451660156250e+02
2.288297424316406250e+02
8.217769165039062500e+02
-9.588504028320312500e+02
3.852625427246093750e+02
5.834933471679687500e+02
-1.992727160453796387e+00
1.736817598342895508e+00
-7.021562457084655762e-01
-1.143281579017639160e+00
1.479574739933013916e-01
-1.927971363067626953e+00
1.656834483146667480e+00
5.902764201164245605e-02
1.226676583290100098e+00
1.631755471229553223e+00
-1.564207673072814941e+00
5.586102008819580078e-01
-4.252693653106689453e-01
1.395278930664062500e+00
-1.623017907142639160e+00
1.143816471099853516e+00
-8.317404389381408691e-01
1.283800721168518066e+00
4.438056051731109619e-01
1.423817038536071777e+00
1.156554937362670898e+00
-1.350123763084411621e+00
1.045415639877319336e+00
1.215329647064208984e+00
7.992633618414402008e-03
2.637848556041717529e-01
1.341129183769226074e+00
-6.144481301307678223e-01
-2.761134505271911621e-01
-1.693743824958801270e+00
3.668196499347686768e-02
-3.401356041431427002e-01
-1.129659533500671387e+00
5.301124453544616699e-01
8.519783616065979004e-01
1.893550276756286621e+00
-1.582010865211486816e+00
-1.540917277336120605e+00
-1.772009134292602539e+00
-1.379529476165771484e+00
-1.605100780725479126e-01
-1.542142629623413086e+00
-1.537762165069580078e+00
-1.937507629394531250e+00
-4.601537715643644333e-03
-1.138276815414428711e+00
-1.240286827087402344e+00
7.876988649368286133e-01
1.213294267654418945e+00
-7.669975608587265015e-02
7.524944543838500977e-01
6.883950233459472656e-01
9.987793564796447754e-01
1.217501144856214523e-02
-1.587141513824462891e+00
-1.868360757827758789e+00
1.259809374809265137e+00
1.855261683464050293e+00
-2.124085277318954468e-01
-1.218840003013610840e+00
-6.066148281097412109e-01
-6.694570183753967285e-01
-8.296465873718261719e-01
1.914965510368347168e+00
1.907622337341308594e+00
-1.335471987724304199e+00
3.608229756355285645e-01
1.476875185966491699e+00
-1.768026232719421387e+00
-1.472879409790039062e+00
-1.945371270179748535e+00
-1.123158693313598633e+00
-1.627748012542724609e+00
-1.544739723205566406e+00
-1.706597685813903809e+00
6.141403317451477051e-01
1.189163625240325928e-01
-1.414992332458496094e+00
-1.653711676597595215e+00
-8.111140131950378418e-01
1.852961331605911255e-01
-1.685490727424621582e+00
-1.164204835891723633e+00
-1.990680813789367676e+00
-1.719421744346618652e+00
-1.554255932569503784e-01
-1.765353202819824219e+00
-1.707662701606750488e+00
3.643085360527038574e-01
-4.065104126930236816e-01
-1.778512477874755859e+00
1.718225359916687012e+00
1.651239752769470215e+00
2.116585820913314819e-01
-1.656570434570312500e-01
2.874972820281982422e-01
1.757241973876953125e+02
7.923817443847656250e+01
1.988990936279296875e+02
4.295886230468750000e+02
6.418117675781250000e+02
8.737918090820312500e+01
7.157305908203125000e+02
1.017448120117187500e+02
1.755990753173828125e+02
7.133215332031250000e+02
8.852636718750000000e+02
9.831383666992187500e+02
6.529069213867187500e+02
4.777363586425781250e+02
8.778755187988281250e+01
5.589508056640625000e+02
1.811502227783203125e+02
5.144020385742187500e+02
6.089301757812500000e+02
8.332124633789062500e+02
3.237505798339843750e+02
9.888621215820312500e+02
9.949502563476562500e+02
8.261508178710937500e+02
6.941525268554687500e+02
7.336697998046875000e+02
8.752687988281250000e+02
9.515101318359375000e+02
8.522629394531250000e+02
6.409386596679687500e+02
7.349838256835937500e+01
TLAST
6.233847045898437500e+02
2415853569
1.140032577514648438e+02
3.726009216308593750e+02
-7.291539916992187500e+02
2.930807876586914062e+01
2.025337066650390625e+02
1.703781738281250000e+02
-9.536448364257812500e+02
8.732836914062500000e+02
-8.195169677734375000e+02
6.795634155273437500e+02
-3.090754699707031250e+02
-2.121482696533203125e+02
-9.596194458007812500e+02
5.313800048828125000e+02
-7.606004638671875000e+02
-8.796218872070312500e+02
-8.890216064453125000e+01
1.003865966796875000e+02
-2.581496582031250000e+02
-8.362650146484375000e+02
3.656634216308593750e+02
3.571181945800781250e+02
5.523087310791015625e+01
-3.471542739868164062e+01
-7.895518188476562500e+02
9.483478393554687500e+02
-4.279322509765625000e+02
8.017934417724609375e+01
-2.101780395507812500e+02
-4.091511840820312500e+02
7.573554077148437500e+02
9.065377235412597656e+00
7.788676757812500000e+02
9.004884719848632812e+00
3.491252136230468750e+02
-5.667836914062500000e+02
8.183994140625000000e+02
6.929883422851562500e+02
3.299677276611328125e+01
-1.876314239501953125e+02
-2.433157043457031250e+02
-5.407534179687500000e+02
3.627316894531250000e+02
4.199699096679687500e+02
-3.983291320800781250e+02
-1.907908172607421875e+02
-5.883049926757812500e+02
8.988433837890625000e+02
-4.531408691406250000e+02
-1.670561676025390625e+02
-1.248738555908203125e+02
-4.267705688476562500e+02
6.817315063476562500e+02
-7.994340209960937500e+02
-7.662029418945312500e+02
-9.644467163085937500e+02
4.861398925781250000e+02
9.217769165039062500e+02
-3.303848876953125000e+02
-7.049491577148437500e+02
-1.413301849365234375e+02
3.223798751831054688e+01
-2.318181457519531250e+02
3.234260864257812500e+02
1.782436828613281250e+02
8.486128234863281250e+01
8.655289306640625000e+02
8.366401367187500000e+02
4.045814514160156250e+02
-4.224856567382812500e+02
-8.541734619140625000e+02
4.193283081054687500e+02
-2.617030715942382812e+01
-1.109046173095703125e+02
-6.464557495117187500e+02
8.760288085937500000e+02
9.617733154296875000e+02
-3.070960998535156250e+02
-2.171182403564453125e+02
-3.086413269042968750e+02
-7.431373901367187500e+02
-4.084464111328125000e+02
8.798381347656250000e+02
-9.583488769531250000e+02
-1.780280303955078125e+02
-9.102328491210937500e+01
-9.388070678710937500e+02
8.017787475585937500e+02
7.987162590026855469e+00
-5.639021606445312500e+02
6.855929565429687500e+02
9.841602783203125000e+02
7.690988769531250000e+02
-2.487325286865234375e+02
-2.067250823974609375e+02
1.191535263061523438e+02
1.343002319335937500e+00
-6.835232377052307129e-01
9.791530370712280273e-01
-4.626598656177520752e-01
-5.036796927452087402e-01
7.423825860023498535e-01
5.498427152633666992e-01
-9.935052394866943359e-01
-1.385086655616760254e+00
7.113845944404602051e-01
-1.959022998809814453e+00
-3.387472629547119141e-01
1.456479430198669434e+00
-1.702567934989929199e+00
-1.060426160693168640e-01
-1.847874999046325684e+00
-7.698200941085815430e-01
9.303495883941650391e-01
5.010120868682861328e-01
-8.923521637916564941e-01
-1.018216490745544434e+00
-6.131348609924316406e-01
-1.163964390754699707e+00
8.739041090011596680e-01
-6.532421112060546875e-01
1.841482758522033691e+00
-1.810280323028564453e+00
-8.440274596214294434e-01
-1.366024762392044067e-01
-9.862672686576843262e-01
-1.929186463356018066e+00
-5.471001267433166504e-01
-4.724327325820922852e-01
4.972490072250366211e-01
4.739984869956970215e-01
-2.074117511510848999e-01
-1.566988229751586914e+00
-9.010613560676574707e-01
2.043563723564147949e-01
-6.201599836349487305e-01
-1.543421983718872070e+00
4.395040869712829590e-01
-1.068689301609992981e-01
-1.556314229965209961e+00
1.715689539909362793e+00
1.911494493484497070e+00
-5.996581315994262695e-01
-1.588577985763549805e+00
7.012919187545776367e-01
1.271407604217529297e+00
-1.454330086708068848e-01
-1.959421873092651367e+00
-1.587974429130554199e+00
5.295458436012268066e-01
6.674957275390625000e-01
-1.341097116470336914e+00
2.353623658418655396e-01
-1.114421486854553223e+00
-1.180838942527770996e+00
6.032367348670959473e-01
-1.955427885055541992e+00
-1.272797584533691406e+00
-6.703739762306213379e-01
-1.472226530313491821e-01
-4.109080731868743896e-01
1.303916215896606445e+00
-5.680681467056274414e-01
3.364307284355163574e-01
1.903094530105590820e+00
-1.987573385238647461e+00
-1.183507442474365234e+00
1.335347909480333328e-02
1.954961538314819336e+00
-1.370061874389648438e+00
8.745289593935012817e-02
-1.602886319160461426e+00
-4.884061515331268311e-01
-1.194897532463073730e+00
6.910119056701660156e-01
-9.653263092041015625e-01
-7.669325470924377441e-01
1.598894357681274414e+00
1.436813473701477051e+00
4.635486006736755371e-01
-1.622118949890136719e+00
-1.674455523490905762e+00
-4.438354074954986572e-01
1.975116968154907227e+00
-9.431180357933044434e-01
-5.987476110458374023e-01
1.770103275775909424e-01
4.248867332935333252e-01
-5.018395185470581055e-02
-8.104894757270812988e-01
-8.563404083251953125e-01
6.744131445884704590e-01
3.532138977050781250e+02
1.647786254882812500e+02
8.931661987304687500e+02
8.248905029296875000e+02
5.266384277343750000e+02
4.634492492675781250e+02
4.893013000488281250e+02
2.607200317382812500e+02
4.026379089355468750e+02
4.366698913574218750e+02
1.505613422393798828e+01
8.929058837890625000e+02
2.914931869506835938e+01
3.728928833007812500e+02
9.587331390380859375e+01
1.969643249511718750e+02
9.424205932617187500e+02
3.712711791992187500e+02
7.290007934570312500e+02
1.261601104736328125e+02
2.512829284667968750e+02
8.812352905273437500e+02
9.032961425781250000e+02
2.876352539062500000e+02
9.671131591796875000e+02
6.680993652343750000e+02
5.030067749023437500e+02
3.780024108886718750e+02
3.373682861328125000e+02
9.520106811523437500e+02
6.933338012695312500e+02
TLAST
5.341016845703125000e+02
2415853570
5.656643676757812500e+02
2.198306427001953125e+02
7.112429199218750000e+02
-5.197285766601562500e+02
-2.323105010986328125e+02
6.446760864257812500e+02
-5.008987731933593750e+02
-7.304129028320312500e+02
-9.785838623046875000e+02
-7.107659301757812500e+02
9.622737884521484375e+01
-1.948542480468750000e+02
6.632219238281250000e+02
-9.861364135742187500e+02
7.146005249023437500e+02
-4.595475158691406250e+02
-3.806804504394531250e+02
5.935162353515625000e+02
3.607066040039062500e+02
-3.594042663574218750e+02
4.925266647338867188e+01
-3.326971435546875000e+02
-2.005568542480468750e+02
-5.525944213867187500e+02
-4.014497375488281250e+02
-4.966882324218750000e+02
6.893375244140625000e+02
-8.303386230468750000e+02
9.331828613281250000e+02
5.793760681152343750e+01
-8.060910644531250000e+02
-5.659298095703125000e+02
-2.425708923339843750e+02
5.344354248046875000e+02
7.611499633789062500e+02
-8.792458496093750000e+02
-8.260062866210937500e+02
-3.928625793457031250e+02
2.814167785644531250e+01
-8.115919799804687500e+02
-3.834768676757812500e+02
-6.205172729492187500e+02
-3.400453796386718750e+02
-4.412508544921875000e+02
-2.125356445312500000e+02
-5.843170776367187500e+02
-3.582932739257812500e+02
8.731457519531250000e+02
-7.278705444335937500e+02
-6.830691528320312500e+02
3.226441345214843750e+02
9.928037719726562500e+02
-6.978286743164062500e+02
-3.351575622558593750e+02
-3.805677795410156250e+02
-5.842341918945312500e+02
5.544487304687500000e+02
-1.152618331909179688e+02
2.651914367675781250e+02
-7.138429565429687500e+02
8.525569458007812500e+02
7.780570068359375000e+02
6.189771118164062500e+02
-5.897204589843750000e+02
-2.172206573486328125e+02
-3.435644912719726562e+01
6.975719604492187500e+02
-8.824004516601562500e+02
9.772351074218750000e+02
9.490774536132812500e+02
2.531423377990722656e+01
-4.708904113769531250e+02
2.321877746582031250e+02
9.506809692382812500e+02
5.008947753906250000e+02
1.237561950683593750e+02
-5.001191101074218750e+02
1.645806274414062500e+02
1.505348968505859375e+02
9.136810302734375000e+02
-5.885588989257812500e+02
6.126268310546875000e+02
-4.572528381347656250e+02
8.708968505859375000e+02
-2.754536151885986328e+00
9.054580078125000000e+02
3.973854675292968750e+02
-3.898753662109375000e+02
-3.383573913574218750e+02
8.802759399414062500e+02
9.581721191406250000e+02
-2.891635437011718750e+02
-9.735599365234375000e+02
4.131217041015625000e+02
-4.802869873046875000e+02
-4.678385620117187500e+02
3.214336037635803223e-01
9.910658746957778931e-02
1.177525639533996582e+00
4.106969833374023438e-01
-2.408987879753112793e-01
-1.759631633758544922e+00
-2.335698306560516357e-01
-1.677931785583496094e+00
-1.950877428054809570e+00
9.109259843826293945e-01
3.148458153009414673e-02
-1.480410099029541016e-01
1.479518771171569824e+00
1.620248913764953613e+00
3.249931037425994873e-01
1.955424070358276367e+00
-1.341061592102050781e+00
-1.194323897361755371e+00
-1.362875103950500488e+00
1.959466934204101562e+00
1.006989598274230957e+00
1.222403645515441895e+00
1.686162710189819336e+00
1.311706662178039551e+00
-9.497816562652587891e-01
1.858532190322875977e+00
-1.529539346694946289e+00
-7.246463745832443237e-02
-1.613347291946411133e+00
-1.403091430664062500e+00
1.305485129356384277e+00
9.698596596717834473e-01
-9.584416747093200684e-01
-1.712253242731094360e-01
-1.682726144790649414e+00
-7.467457652091979980e-02
-1.011205077171325684e+00
-1.141555786132812500e+00
-4.730810225009918213e-01
-1.607524514198303223e+00
6.348050236701965332e-01
-1.621761202812194824e+00
-5.557495355606079102e-01
-4.484783113002777100e-01
1.461173057556152344e+00
1.781798839569091797e+00
-1.245648384094238281e+00
-2.993265092372894287e-01
-9.334574341773986816e-01
6.336197257041931152e-01
6.484129428863525391e-01
-6.969372928142547607e-02
-1.657715439796447754e-01
1.693608999252319336e+00
1.729587018489837646e-01
-1.607823252677917480e+00
-1.390170216560363770e+00
8.212400078773498535e-01
-4.229025244712829590e-01
5.069832801818847656e-01
-1.464956045150756836e+00
1.774258852005004883e+00
3.395926058292388916e-01
-5.508812069892883301e-01
1.424927234649658203e+00
-1.000733971595764160e+00
-1.301558136940002441e+00
-1.845813870429992676e+00
-3.096029460430145264e-01
3.174160122871398926e-01
1.723027467727661133e+00
6.297445297241210938e-01
-1.857481598854064941e-01
1.899448513984680176e+00
1.371578812599182129e+00
3.898391127586364746e-01
1.007281184196472168e+00
-1.099492907524108887e+00
-7.744263410568237305e-01
1.775123000144958496e+00
1.482460975646972656e+00
-9.473873376846313477e-01
1.942760705947875977e+00
-1.816207051277160645e+00
-1.241300463676452637e+00
-1.058245226740837097e-01
-1.975210547447204590e+00
1.169216167181730270e-02
1.613859057426452637e+00
-1.013897657394409180e+00
-8.311913609504699707e-01
9.452875256538391113e-01
1.779203057289123535e+00
-1.348131179809570312e+00
-4.192163348197937012e-01
-3.124697208404541016e-01
4.348969650268554688e+01
2.475508728027343750e+02
9.431707153320312500e+02
5.568601684570312500e+02
3.575182189941406250e+02
9.450374603271484375e+00
2.535482635498046875e+02
2.542266845703125000e+02
1.706855316162109375e+02
3.449799499511718750e+02
2.026490478515625000e+02
6.290153884887695312e+01
9.796039581298828125e+01
4.967275085449218750e+02
6.966059112548828125e+01
9.351535644531250000e+02
2.060976409912109375e+02
4.642123413085937500e+02
4.146682434082031250e+02
2.913377075195312500e+02
3.235285034179687500e+02
2.115975799560546875e+02
2.802682800292968750e+02
1.171050338745117188e+02
6.892518920898437500e+02
6.445261840820312500e+02
3.115293884277343750e+02
8.802989501953125000e+02
3.863757324218750000e+02
6.110892944335937500e+02
5.231693115234375000e+02
TLAST
3.250567932128906250e+02
2415853571
5.199394531250000000e+02
-8.532904052734375000e+02
2.729359741210937500e+02
6.461312866210937500e+02
3.068106994628906250e+02
6.246481323242187500e+02
5.040395812988281250e+02
2.913882446289062500e+02
-7.897810058593750000e+02
2.228228607177734375e+02
9.679628906250000000e+02
-7.158293457031250000e+02
9.720632324218750000e+02
-8.272911987304687500e+02
3.541279296875000000e+02
8.117290039062500000e+02
4.062133178710937500e+02
3.205262756347656250e+02
-2.167294311523437500e+02
-7.043044433593750000e+02
-1.636522064208984375e+02
-9.491778564453125000e+02
-8.384060058593750000e+02
-9.179601287841796875e+01
2.594557495117187500e+02
6.494534301757812500e+02
6.439291992187500000e+02
2.730473327636718750e+02
-8.958789825439453125e+01
8.731500244140625000e+02
6.451445312500000000e+02
6.755941772460937500e+02
-6.384407348632812500e+02
2.745621948242187500e+02
2.056924743652343750e+02
-3.013495788574218750e+02
-8.832284545898437500e+02
1.539244842529296875e+02
-4.325179748535156250e+02
7.596162719726562500e+02
-7.802963867187500000e+02
9.582065429687500000e+02
-3.137006835937500000e+02
5.542964477539062500e+02
9.471141357421875000e+02
-9.626709594726562500e+02
8.171726074218750000e+02
9.735168457031250000e+02
-3.585795211791992188e+01
-7.897982788085937500e+02
2.041208801269531250e+02
4.726228942871093750e+02
4.442699279785156250e+02
6.191035766601562500e+02
4.662937545776367188e+01
-8.392390747070312500e+02
9.093225708007812500e+02
8.139014892578125000e+02
4.291699600219726562e+01
-9.338651123046875000e+02
8.722067871093750000e+02
-4.541840209960937500e+02
-5.987485961914062500e+02
-7.436209106445312500e+02
1.325359725952148438e+01
9.187262573242187500e+02
1.005992050170898438e+02
-9.347189331054687500e+02
2.290503234863281250e+02
7.386124267578125000e+02
3.002487487792968750e+02
3.537514648437500000e+02
-7.520756225585937500e+02
5.338694381713867188e+01
-7.221334075927734375e+01
8.806857299804687500e+02
7.592451782226562500e+02
9.140328369140625000e+02
-3.765366210937500000e+02
5.363047485351562500e+02
-8.832036743164062500e+02
-5.862388229370117188e+01
-4.456711120605468750e+02
-9.748354339599609375e+01
2.658980102539062500e+02
6.077109375000000000e+02
5.324553833007812500e+02
-2.814493103027343750e+02
3.148070678710937500e+02
-6.380749511718750000e+01
-4.562430725097656250e+02
3.054442443847656250e+02
-9.010607910156250000e+02
5.037397460937500000e+02
5.631370849609375000e+02
-3.904680175781250000e+02
-4.317143559455871582e-01
-4.750963151454925537e-01
1.983573079109191895e+00
1.088815093040466309e+00
1.691740393638610840e+00
4.651487618684768677e-02
-6.808156371116638184e-01
1.195459604263305664e+00
1.118876814842224121e+00
1.959140412509441376e-02
9.536829590797424316e-01
-1.792250037193298340e+00
-6.037014722824096680e-01
-8.948146104812622070e-01
1.840612173080444336e+00
1.267311215400695801e+00
-1.783638477325439453e+00
-1.747505545616149902e+00
1.056123495101928711e+00
-8.516966551542282104e-02
1.817795485258102417e-01
1.398117423057556152e+00
9.835908412933349609e-01
2.485236078500747681e-01
-9.340793490409851074e-01
-5.739760398864746094e-01
-1.543101191520690918e+00
8.305870890617370605e-01
5.449855923652648926e-01
8.897429108619689941e-01
8.643429279327392578e-01
7.699539065361022949e-01
-7.364261150360107422e-01
1.819933414459228516e+00
-6.044282913208007812e-01
-1.906137704849243164e+00
1.203991055488586426e+00
-4.916594922542572021e-01
-2.620250880718231201e-01
7.753594517707824707e-01
-8.752473592758178711e-01
-1.992320537567138672e+00
-1.952198982238769531e+00
-2.703861594200134277e-01
-4.510942995548248291e-01
-1.336850762367248535e+00
6.679123640060424805e-02
-1.704310655593872070e+00
2.371616661548614502e-02
1.079650878906250000e+00
2.824859321117401123e-01
-1.044246673583984375e+00
-1.778571248054504395e+00
-7.229337096214294434e-02
4.319000542163848877e-01
-1.502095937728881836e+00
1.674989342689514160e+00
1.960983276367187500e+00
-4.189503788948059082e-01
-2.032449543476104736e-01
1.616168141365051270e+00
-1.383759379386901855e+00
5.272845625877380371e-01
-1.991479516029357910e+00
-1.018309235572814941e+00
-1.658262491226196289e+00
1.314278990030288696e-01
-8.271729350090026855e-01
1.672646164894104004e+00
3.276161253452301025e-01
-7.315987348556518555e-01
-1.258980274200439453e+00
3.107116557657718658e-02
8.840641379356384277e-01
-1.760440826416015625e+00
-5.111945420503616333e-02
7.733782529830932617e-01
-1.927619457244873047e+00
1.312917590141296387e+00
-7.699385285377502441e-01
1.612762093544006348e+00
7.379784584045410156e-01
-9.670323729515075684e-01
1.597635269165039062e+00
1.448298335075378418e+00
-5.231176614761352539e-01
1.616027474403381348e+00
6.046091318130493164e-01
1.675416588783264160e+00
4.759545326232910156e-01
1.086982116103172302e-01
1.870982766151428223e+00
3.790694177150726318e-01
6.371796727180480957e-01
-5.276374816894531250e-01
-6.862884163856506348e-01
9.297904052734375000e+02
8.482014160156250000e+02
8.411229248046875000e+02
9.542886352539062500e+02
2.482426166534423828e+00
4.921191101074218750e+02
9.379131469726562500e+02
1.344267578125000000e+02
2.449941406250000000e+02
5.050619201660156250e+02
6.784215087890625000e+02
3.327599487304687500e+02
3.063646850585937500e+02
7.757979125976562500e+02
3.285393905639648438e+01
7.857978515625000000e+02
4.285402832031250000e+02
6.290094604492187500e+02
7.055030517578125000e+02
9.846862792968750000e+01
9.038461914062500000e+02
8.223124389648437500e+02
3.753814392089843750e+02
1.947943267822265625e+02
6.280543899536132812e+01
3.086089172363281250e+02
7.131919555664062500e+02
8.131817016601562500e+02
3.265882873535156250e+02
2.202898864746093750e+02
3.273941955566406250e+02
TLAST
9.643668212890625000e+02
