2415853568
1135088809
-1019151987
-1004465846
-1028026540
1139207491
-1011416960
1144102188
-1004895207
1141589387
-1017472286
-1003051763
-1016014271
-1003658319
-1030448074
1138173331
-999617462
1145249439
1125911474
1145431287
-1000666191
1147499623
1125411351
-1003562187
1148201329
-1004073487
1076643915
1135185634
-1003928993
-1003639545
-998905240
1144614426
-999915221
-1023418963
-999759306
1145179167
1140153739
1142866761
1143402761
-1002756754
1127311777
-999483101
1148090394
-1000152205
1144557631
-1019133337
1140747401
1145055093
1146963306
1144035922
1141867843
1087854062
-1004406148
-1005516159
1145522770
1139182172
1145712092
1127003548
1146538369
-1007536590
-1038790540
-1014531303
-1004232107
-1004169840
1126505832
-1013183432
-1000367271
-1001735916
1147418328
-1004970945
-1004447639
-1012442725
-1009463866
1110306089
1147412799
1135401331
1133194556
1141585641
1143699206
-1007189095
-998892580
-1003729961
1131629282
1142319463
-1004297372
1134134053
1142119930
-1017363465
-1011803834
-1008004171
1134535694
1146610355
1143041092
1135737319
1144259279
-1001102559
1143954537
1056321199
-1094113280
-1079857750
1064088924
1065734930
-1092883807
-1104851062
-1080840855
-1078549382
1071480794
1063530803
-1078723063
-1073782082
1059629090
-1125889507
-1098803570
-1105207763
1069975909
1061929650
-1090112910
1058255277
1070168263
1069159507
1056439566
-1074583524
1065444023
-1080170745
-1090916635
1049480885
1051814569
-1075933860
1072028086
-1078779045
1066182326
-1075855055
-1081331412
1059154989
-1077440563
1062495069
1068744694
1067029252
-1080827314
-1079209097
-1096344175
1065031074
1070308003
1072858399
1055889876
-1078687381
1069647130
-1097658218
1070343404
-1084888891
-1086543466
1069579342
1068914615
-1103349295
1053262362
1051384235
1048863084
-1088710615
1071404923
1068034650
1064490780
1067928471
1051333626
1066505538
1048130125
1070062396
1069429147
1063865277
-1100142680
1066313684
-1074045188
1025116293
-1082693648
-1103145421
1067637067
-1080688621
-1095741384
-1089675784
-1075653215
-1096190494
-1111420065
-1074966987
-1081418229
1059686513
-1086097841
1071996382
-1077421639
-1074545815
1071348169
1071647694
1059350132
1070079723
-1079843668
1142947426
1137700330
1144002857
1137465961
1148178651
1147841922
1147299034
1128094411
1133231266
1143126548
1101041265
1134356425
1143253554
1124931527
1126417945
1145493067
1135301983
1146632361
1136948012
1146388918
1125809563
1138122308
1126203230
1141999404
1126936314
1133585099
1146300500
1121841759
1118397920
1144025553
1135117955
TLAST
1123070606
2415853569
1146489985
1144519030
1143134333
-1007022062
-1005997470
-1018558057
1141123634
-1015306470
1115780606
-1036029973
-1012179115
1127021631
1148534711
-1027234208
-1003859073
1141208853
-1005698619
1139285301
-1007327257
1129663590
-1019183706
-1001888190
-1013910521
1148772633
-1005246944
-1000420512
1143301004
-1002868112
-1014263265
-999922171
-1055553355
-1034690003
-1003010437
1145426945
-999375108
1135143463
1139759496
1146631971
1131315824
-1001954235
-1010830414
1133989779
-1017784541
1140936515
-1009481294
-1041836535
1132556676
-998652014
-1010790632
-1020188914
1143860722
-1002905065
-1024966983
1110859525
1146294206
1126307758
1143079102
1136395403
1144733521
-999844339
-999265155
1080948705
1113651134
1139796397
-1002979721
-1006624645
-1005118384
1139845930
-1008924011
-1011915495
1133198784
-1005059472
1121086122
-1007614215
-1012532217
1139921951
-1021375246
-1008687093
-1023350102
-1011070760
-1030620755
1144155937
1143692354
-1007306586
-1005768528
1144877423
-1004909707
1129219438
-1064386540
1136562895
1133149741
1129416877
-1005090890
-1001179512
1132766386
-1004359326
1052616548
-1081483178
1062563632
1066409000
-1074653841
1047402799
1064017632
1066970319
1073182529
1051325683
-1075716876
-1078192922
-1097795661
-1093802054
-1080130978
-1089353550
1071964935
1070632866
1070171542
1060924531
1065584115
-1075672561
-1074890220
1067101906
-1089100616
1060456303
1056536356
-1074640004
-1084178654
-1075891499
-1080041274
-1093738446
1072989664
1066314376
1062915918
-1080711780
1059817118
-1087425791
1058849906
1072046706
1060915464
-1083477336
1065549319
1057151002
1043362585
-1078417919
1060253098
1070642242
1063493271
-1076824786
-1091928066
-1101973389
-1095998731
-1087328519
-1087045725
1070319506
-1089926602
1069964611
-1098193928
1057376464
1065375536
1070101203
-1073924585
1073446107
1072768413
-1074919307
-1073822763
-1102020805
1057672760
1052051804
1072991942
1058273303
1054647437
-1078501830
1069041702
-1092051000
-1122428134
1065709197
-1077891770
-1078333999
1062882313
-1086457353
-1078664828
1066333910
1058558526
-1089746280
-1081073886
1063808265
1063672018
-1089122929
1024555221
1070625155
-1090283440
1068054342
-1092314704
1018967135
1142305282
1120611275
1116534863
1144018683
1121191396
1145828877
1113021045
1143187007
1147309126
1127864660
1148038918
1139141405
1107746105
1098456488
1139580518
1140643487
1139901562
1128889250
1148001589
1148303804
1144865768
1133866216
1131962671
1124819764
1134560236
1140721598
1146404773
1135740438
1147324755
1125413707
1142436223
TLAST
1140620696
2415853570
-1013267560
-1013796056
1148041443
1147423246
-1000169646
1145686024
-1039437475
-1024501203
1131809849
1138949145
1140933647
-1013829169
-1001344286
1143563590
1140024900
1147842610
1141039953
-1009862946
1144331777
1136756370
-1002369285
1124808482
-1000803315
1137103278
-1001097977
1145213138
1138784190
-1008435461
1147507177
-1005000771
1143830580
1117206132
1133357725
1129293206
-1002430269
1147374414
-1002377383
-1014714352
1148344801
1129066465
-1005432514
1142458980
1145086496
1143185052
-1019866024
-1004843348
-1006766161
1147087226
-1004415799
-1001958805
1129544478
-1012853979
-1011279616
-1003324640
1140026310
-1019791808
1148037978
1146289665
-1027710021
-1008328582
-1012474183
1146252766
-1010769419
1147366011
1140406730
1143525425
-1000991270
-1033593418
1129778109
1145958120
1139159477
1129070758
1147725807
-1003675087
-1010768880
-1004410767
1137063566
1145231255
-1039150297
-1032624764
1122008886
1147205931
-1017016782
-1017221355
1142981837
-1013685156
-1002675422
-1003172797
-1001999838
1140513123
-1014487126
1143856251
-1021487429
-1025964521
-1007164119
-1003905021
-1101261092
-1092657591
-1078137586
1071572912
1064055182
1066593298
1044240535
1059648713
1059921583
-1093725414
-1083097073
961906704
1067706567
1068283765
-1078685202
-1078927502
-1076559806
1071161466
1071753076
1071014516
1058124627
-1088617074
1019770128
1066690241
-1078024688
1066077491
1060510790
1070422415
1055832760
-1076540207
1061041693
1062083294
1068078852
-1079265204
1063840515
-1081104300
-1086356762
-1106902246
-1078812308
-1079804903
1052009435
-1092454029
1067393435
-1083177830
-1086348341
-1075119934
-1076074657
-1091765001
-1088577131
-1073915996
1052498432
-1079952140
-1088869718
1062572479
-1101348975
-1079026447
1073170067
-1078287273
1057469296
-1082089507
-1077611839
1073176693
-1079162750
-1105062023
-1087364918
1070844024
-1103787790
-1087495484
-1088227733
-1091563596
1058422449
1064923904
1072685607
-1107786362
-1075005822
1060501690
-1076579125
1072270760
1063586508
1063389280
-1089163267
1051483605
-1075512528
-1080271111
-1080006469
-1077743147
-1081076239
1058737557
-1075258745
-1076693944
1071362161
1063630352
1071729346
-1077012434
1066461575
-1085972393
1141068240
1148382383
1143643292
1146730678
1071248202
1145686128
1145703465
1143441238
1139047428
1119737163
1135717429
1111094000
1146668243
1139701955
1144192434
1125295715
1143481451
1144492134
1140313296
1139993464
1144995334
1135778680
1132801380
1123853573
1134359641
1148195213
1089129721
1140702812
1114067651
1146267371
1133653512
TLAST
1140874128
2415853571
-1005413112
-1007344749
1138087728
-1006412823
-1003988611
-1004624871
1143201218
1146905435
1142724635
-1003477458
1139370729
-1002861618
-999575439
-1011690335
-1003185023
1148615824
1132670678
1143687495
-1020927126
1141894751
-1026843156
1113928240
1132807113
1132734354
1137341966
1112303225
1138550550
-1004027628
1133007954
-1005092404
-1013833420
-1001414018
-1001248167
1137266364
-1021258995
1105321583
-1002118409
-1005874131
1142132849
1127445040
1140319030
1147290008
-1006469082
-1024371131
1124499910
-1053506990
1148518888
1146236111
1143330513
1136213211
1139434780
-1002818271
-1003010082
1142888138
-1008616186
-1009730924
1148319926
1135845571
-1004329741
-1020747658
1125871312
-1016312564
1142697165
-1013474935
1130316062
-1022194363
1130184003
-1008509021
1145424850
-1005701648
-1001504114
-1012261874
-1002866245
-1005630608
-1002077594
1135538845
-1001089968
1141771490
-998833605
1143627022
-1000216449
1117671890
-1007200925
1103592186
1147188142
-1020335472
-1033762852
-1008867974
1146699292
1142665619
1135476609
-1062892117
-1006619212
-1012049681
-1006930411
-1008702829
-1086234569
1070331073
1048555802
1056886073
-1077524162
-1098932780
-1115600210
-1089847421
-1086392530
-1087823234
-1104465073
1033477731
1064072055
-1080447033
-1084502326
1060757124
-1075848204
-1106965701
1059294254
-1077601964
1072772485
1059075429
-1076014881
-1094153801
-1078917951
-1084815411
-1083329061
1066954769
-1078774399
-1105833920
-1123637772
-1083003236
-1079635495
-1095727236
1068555303
-1077388533
1040122690
1073591013
-1089309548
1048689626
-1089726616
1072038839
1047245297
-1077197506
-1090457642
1062771636
1068843157
1061943592
-1078584102
-1094012575
-1079097251
-1084094896
-1086850782
1054221775
1065026247
-1127334757
1070969049
1067041024
1067022313
-1094146579
1060776348
-1078962834
1067970490
-1126565459
-1080354060
1070543898
-1079388068
1059082018
-1079208574
-1081106861
1065579308
1037609787
-1085291374
1059507802
1030808744
1063536316
1053011352
1072442771
1065926446
1053525843
1072521733
-1079045537
1057707439
-1078771027
1031906371
-1085838944
1063792438
-1074647203
1068542133
-1096041208
1036851361
1071272085
-1077706924
1072136413
-1080231330
-1075431365
1141908046
1145525543
1129999150
1141285059
1118596161
1147705316
1142163296
1133950436
1141840183
1134232122
1125961422
1142905253
1116418147
1143151739
1134086950
1147059763
1137565855
1143279062
1142581563
1135814144
1133642096
1133401486
1143994795
1114019840
1131880763
1136341995
1143318983
1147890807
1132547537
1137767367
1103923351
TLAST
1124265075
