2415853568
1125844599
1133118513
-1009598758
1139192735
1135806453
-1002212620
1130008122
1141889159
1146850921
-1045508935
1133985352
1146553462
-1010828943
1091273508
1137757585
-1012881575
-1008613718
-1021996420
1147852863
1141799336
1109688963
1145266786
-1018833463
-1005190885
1114308983
1137523455
-1037124316
-1014754910
-1024464282
1145971354
1147652152
1125316661
1142048752
1141215617
-1004491390
-1027145038
-1031394810
-1010549360
-999214598
-998972770
-1000453156
-1010761108
1146641580
-999921297
-1003654905
1107703338
1141518755
1134716912
1142873737
-1005984099
-1004078878
-999601373
-1033109891
1120949773
-1013593634
-1004403892
1142288046
-1021231260
1133539646
-1013827454
1144203225
1148389124
1142477443
-1044948817
1133889921
-1000552008
-1008086440
1094609339
1145942704
1147270470
1145000563
1139654747
-1002539252
1141989673
-1018924780
1077990640
-1041381449
-999459269
-1016662001
1147674929
-1019192403
-1000554456
1138672008
1140421320
1142276518
1133845490
1140872844
-1024854400
1133020248
1115931399
-1021527834
-1003133214
-1005179339
1148027259
-1021997708
1141276539
-1074298053
1067016274
1068687016
-1078635800
1071740606
-1080192310
1072322768
-1074853631
1064506908
-1089408956
1053114227
1067591780
1050233017
-1107702126
1073689660
1070060078
-1077573647
-1078756321
1058835221
1041521132
1071048232
1067366858
-1087129529
1072679591
1070017947
1070492637
-1091054851
-1076214510
1063169351
-1079486560
1067004355
1060241126
-1082021127
-1084408729
-1090825271
-1075860181
1053510328
-1078914081
-1078672867
1063629289
-1077099928
1065541159
1071541279
1059702611
-1088200262
1068821058
-1075207969
1061867176
1060637977
1066475793
1072998173
-1075338799
1066862581
-1079519431
1070587073
1066707914
1070003222
-1074340672
-1077228512
1031061064
1033964732
1034847379
-1075043793
-1075808318
-1104192458
1072726751
-1077151333
-1115072743
-1087948548
-1074348848
1048839913
1065822435
-1080227485
1061574865
1069693921
-1081766351
1036580953
1071963110
1062842289
-1076053412
-1093339804
1060027460
1064965688
1071748487
-1075778252
1070350849
-1076437599
1071289188
-1074557924
1043747771
-1109285348
1057303386
1073403096
1063352890
-1088948052
-1079556932
1135359336
1111213951
1101858136
1137190554
1127999791
1146389670
1148251228
1133485958
1144191218
1136082525
1146605655
1138591458
1147857659
1143257569
1121309485
1123957483
1137516961
1141879222
1141006883
1146595783
1084506163
1123068551
1134599962
1146386975
1082084002
1141200359
1063705965
1141319237
1139779643
1124291550
1142038615
TLAST
1142622383
2415853569
-1015152132
1137661570
1139313631
-1012761512
1133144033
1145703190
1140400667
1136610797
-1000920141
-1000300087
1147382096
1148599772
1121625533
1136831106
1112297605
-1006609980
-1002757339
1102546117
-1003998223
-1015266779
-1009057529
-1000516071
1136572314
-1035709004
1148381375
1136904563
-1006801759
-1008610094
1144948571
-1006009620
1140624214
-1012423667
1147411475
-1002798887
-1003694766
-1005454016
1146920308
1147740885
-1012448362
1116602785
-1000703889
1140944566
-1004625523
-1003711750
1124503140
1123734381
1143320581
-1004118819
1143440961
1146626384
-1002948430
1142372272
-1002849039
1146510135
-1014734601
-1003960397
1117443728
1138267694
-1013592696
1142707626
1148561697
-1006570706
1147222441
-1005614983
-1013420168
-1014683516
1147313469
-1012564730
1146106752
-1005006027
1138909448
1132530400
-1008338841
-1003891577
-999621970
-1016743915
1120585476
1118114994
1136404899
-1002932648
-1005924924
1139726498
1145349743
-1006674796
1140034472
-1019437380
-1026448224
-1027839208
1143977469
1141134558
-1012757653
-1009008721
1146076771
1146833331
1142803520
1132750391
1070064738
-1092197856
-1074278406
1072073940
-1133221186
-1080100609
-1085580242
-1080275538
1067320033
1044267521
1069861514
-1095011696
-1074777085
-1079473819
1072174637
-1080029971
-1078723745
1033822123
1057153254
-1082516891
1044299358
1070584012
-1086525747
1063508265
1069663910
-1078034641
-1079328527
-1096958888
1049376930
1068099577
-1138212555
-1074204024
-1081336370
1066349468
1063145814
-1074007165
-1075573331
1061293196
-1079791701
-1078850940
-1106865505
1070787774
-1074844145
1068419434
1063614571
-1081468572
1028340771
1069062982
-1082405699
-1074724154
-1084683375
-1075315448
-1079075533
1062837483
-1088614004
-1114170772
-1075079216
1049249027
1052906845
1068891529
1058855837
-1092073694
1051708719
-1104068106
1054282354
1071371430
1069691187
-1079768242
-1079689191
1071370795
1071221926
1067973233
1072452961
1041126416
-1081667014
-1084968769
-1084216773
1058009920
-1076747466
1071492948
-1081553803
1066934529
1065697465
1067841832
-1095252688
-1086106821
1058505334
-1075124467
1026699475
-1074534923
-1078628992
1066305127
-1087023088
-1099085318
1031768158
-1079567486
1138908251
1145532229
1114650104
1134777766
1139809322
1134865632
1123149296
1122321782
1145140959
1132825318
1143331735
1146333850
1133635968
1127923920
1141855105
1145584049
1135605483
1146189561
1148523119
1143175969
1147109637
1119319953
1136490142
1146647952
1144418867
1120129579
1130888452
1134941744
1142727889
1144708911
1139886491
TLAST
1104717805
2415853570
-1021109424
1143027656
1148106050
-1021187834
1117176685
-999055537
1121606183
1148474692
-1016309105
1147572682
1130046628
1134482417
1128463116
-1003859859
1145810067
1136839569
-998718716
-1005352088
1144965356
-1048043164
1133131933
-1009083911
-1009009057
-1011830139
1139220626
-1018985202
1136525137
1146208935
-999160523
-1005447407
1138559565
1145512314
1134401621
1144032796
1138619867
1142978616
-1000225030
1134337614
1148041297
-1070518327
1147007684
-1004985468
-1002867004
1131276598
1137084489
-1017531957
1137517122
-1016845846
-1007291763
1122016529
1126822809
-1004328855
1144078447
1141096697
1143566138
1139839568
-1005363806
-1010967332
-1005654158
-1003643671
-1003422860
1130845685
1141494230
1148616804
1142546947
1137767216
-1023851644
1140765612
-1007823115
-1001379334
1132870296
-1004561961
-998949511
1126916921
-1008695590
1142887411
1130921326
-998783817
1148470671
-1002708294
-1097847206
-1010128829
-1006299659
-1003853103
-1005759179
1147320583
-1008902190
-999685630
-1020608462
-1003611378
1136932844
1141071204
-1005490808
-1008611055
-1004902575
-1004156298
-1075813530
-1081278679
1063728697
-1079706067
1073546756
1071684495
-1078989292
-1085069842
1070664863
-1081899941
-1077644789
1057035571
-1076977326
1070767746
1052166524
1040419083
-1115432357
-1092413683
-1080775185
-1092301645
1049464245
-1086371981
-1079665082
1067024791
1065146081
-1080513916
-1119261812
1071507646
1068208208
1064282565
1031680473
-1085986258
-1076953114
1063547719
-1075550822
-1074544099
1071167278
1062289413
-1079938368
-1081895559
-1080889345
-1106477706
1020939006
-1076850918
1057140599
1072931650
1072549090
1063410794
1051631141
1072641708
1070799546
1066259892
1071517177
-1075937350
1043459012
1066964158
-1079401696
-1081183358
1065951654
-1081945763
-1079180581
1067179807
1067167102
-1081613670
1067599427
-1074608697
1065703949
1072361195
-1080285562
1065116645
-1080831994
1046735939
-1081097707
-1074750932
1057416493
1042293323
1067774220
1051158728
-1073914274
1062648157
1065746334
1064859188
-1085820336
1042990650
1065372996
-1074361418
1066353877
1051348988
-1082077210
-1079708088
1051661784
-1091115834
-1073996627
1057909213
-1124361867
-1086252936
1146757723
1147720762
1135903630
1145731497
1141014994
1139688623
1147767987
1090610257
1137769065
1131129900
1139416207
1139420047
1128315581
1141911707
1136867142
1147796118
1147799387
1136600429
1144838951
1142661140
1136258863
1132679365
1147578551
1128084839
1145401367
1144819497
1129331335
1136293968
1138722211
1140459144
1142296798
TLAST
1135541383
2415853571
1132131508
1143868965
1146312011
1144171970
-1003264020
-1004369876
-1008168178
1134544758
1147341931
1142600428
-1003234940
-1016112165
-1018252590
-1015332864
1144902944
-1000230428
1090891450
-1010508276
1118299835
-1016761012
1140516485
-1022843175
1144594681
-1013074666
1147310648
-1006974158
1135722629
-998773612
1147395254
-1004894540
1145708677
-1010955949
-1022218605
1118292889
1116907265
-1003648069
1125398806
1142722916
1138401262
-1015476449
-1005881894
1138850242
1128548492
-1046612947
1140765938
-1011095229
1120846465
1147714043
1113632855
1141655935
-1014727819
-1017869316
1147841540
1142511906
-998836597
-1012843710
-1001942410
1136880621
-1013325228
1141722393
1147536589
1118545574
1145659158
1146783577
1142298299
-1017037848
-999046827
1148438990
1120265345
1134394362
-1011898882
1139467948
1147539832
-1004246528
1140189231
1139589029
1136903163
1132770076
1142688516
1147390445
1138362373
-1017591430
1141279833
-1016679043
1119758085
1131882347
1148253401
-1046836585
-1000959401
-1013609427
1127553231
-1000822392
-999832833
1136198044
-1003638669
-1008773183
-1124480415
1053770049
1070371130
1071530912
-1085125674
1055290650
-1089681981
1068843319
-1081565613
1049294706
-1083042689
1055894495
-1074862880
1065741833
1066282562
1069179813
1070298415
1065292026
-1074433204
-1080434363
1059180272
1059192384
-1119348339
-1119550794
1068608151
1068184207
1058336338
-1089761644
1071704329
-1078966522
1059733926
-1074511866
-1093249521
-1088565092
-1086888063
-1093089731
-1088600737
-1078889488
1057224340
1072578030
-1113353940
-1087536828
1047483364
1051459489
-1076658112
-1074322681
1067496241
1052255565
-1077536976
-1075357528
1069628327
1057207682
1066557319
-1077635675
-1078811304
-1102390302
-1086006852
-1130405070
1053040260
1069262915
-1095962383
1056403643
1062584085
1016579161
1072083969
1061557635
-1094857070
-1090067955
-1076847379
1068168489
1071239332
-1090326274
-1075319853
1063938462
-1103622704
-1077965864
-1109640199
1068925641
-1078716097
-1106569809
1071175606
-1081169313
-1096488769
-1083871322
1072303662
1065997217
1054508713
-1079340509
-1078344868
1059447948
1066856397
-1077074452
-1076659011
1053821336
1071206044
-1074112704
1142264894
1138419368
1148030695
1143803682
1140998245
1141687307
1121563422
1133101267
1144025900
1148594248
1133998755
1148694717
1135614973
1138944364
1148426861
1145996893
1141100423
1148561439
1148629771
1125942314
1145357497
1132960373
1134014619
1138236562
1139704437
1124558150
1144977686
1107528762
1148206103
1132822799
1144037992
TLAST
1141192982
