2415853568
1141691367
-1012087991
1148730349
1143484862
1125520029
1142565713
1148525230
-1004794245
1147360781
1126680963
-999037083
-1012310180
1134821474
-999995599
-1002205080
-999639214
1138706034
1137326707
-1002314948
-998864277
1125330602
1147457380
1141341110
-1053158576
1142455100
-1001374538
-1000282544
1148657620
-1011929064
-1005584324
1146889106
-1004537707
1136179857
1144488010
1144349835
1144183548
-1000078889
1119415361
1148044517
-1022362534
-1012954465
1147393322
1120215434
-1005089242
-1021081192
1140864972
-1002509069
-1006083279
1143382964
1148173662
-1008632285
1145930850
1121901047
-1038614724
-1001722619
-1024736886
1125394021
1146056119
1147449915
1145324759
-1002520926
-1020344970
1123888334
-1004013754
-1000274529
-1001988822
-1015942880
-1004932505
-1002472565
-1012634059
-1079798197
-1009808795
1120970185
1138987235
-1014563336
1139284903
-1005781462
-1012569330
1102288731
1139124253
1145701752
-1011882906
1147624254
1142006698
1144305920
1127437702
1142747558
1135904865
-1041075191
1145263124
-1002047191
-1047641076
-1005295577
-1011366252
-1002820585
-1000331247
1053017670
1060225418
-1082734266
-1097133777
-1076599223
1064616309
1063137500
-1114082825
-1092243789
1066441648
-1103802040
-1084036517
-1082889078
-1075056481
-1081554102
-1074438340
-1080062861
-1085359481
-1093993848
1025327216
-1080516378
1066108363
-1102353061
1073004042
-1100988286
1071319346
-1096676553
-1109628053
-1093371868
1067085902
-1079294199
1064505885
1051909067
-1078981576
1066253532
1038748794
1057248990
1059037782
-1077280097
1071965507
1073606718
1071901692
-1096203315
1049642629
1042910113
-1074126575
1056043038
1068988181
-1078165887
-1076401417
1068071890
1049803942
1041082823
-1082087532
-1092206727
-1081484918
-1078595098
-1075132431
1066245890
1069836475
1046857425
-1074218451
-1080867644
-1111449873
1066467017
1057014368
1057562073
-1121065391
-1075603643
-1079574639
-1087216176
-1075180184
-1074782316
-1093310508
1061700430
-1108802141
-1089516432
-1080480214
1042120000
1072936040
-1128920221
1032202468
-1076671891
-1093315408
-1074271137
1060688228
1070596583
1051988266
-1085515087
1068875590
-1074013105
1058980425
1067449557
1065262402
-1119469921
-1100706485
1132595459
1137861333
1144223344
1136244304
1126293481
1136338264
1130308164
1143180955
1146946409
1144194116
1131842369
1144998840
1130084177
1144490822
1145129586
1127040505
1110759010
1132620505
1146498324
1146329693
1133238719
1124868957
1143666545
1135751597
1142454790
1140385520
1142349498
1121168773
1138974477
1138068726
1140996127
TLAST
1142701122
2415853569
1146693559
-1000898667
1139467223
-1007928551
-1027442404
-1019468733
1129248950
1126921852
-1009568497
-1038319408
-1002015384
-1001207276
-998786355
1137533344
-1005376023
1134088806
-1014853952
-1000291623
1114454280
-1003785797
1142301667
1143191574
-1020632894
1148679120
-1002655945
-998841968
-1003258652
-1037965914
1146109612
-1017750134
-1010330166
1145580890
-1028728838
1141012895
-1014452923
-1011656348
1148280805
-1000263544
1123265396
1145315210
-1005934150
-1010934162
-1005893578
-1003797620
1140968488
1135998478
1129930178
-1005105354
-1004417631
1145684819
-1007131820
-1031264802
1133417128
-1014663629
1140174645
1140647601
-1004816113
1148303846
1133538366
1147993962
1143277047
1148492940
1118911367
1136244296
1087737777
-1014668412
-1009284465
-1036578481
1138410772
1143503241
-1008912726
1141438100
1079747486
-1003675032
1141579412
1138218032
-1003918692
-1009200955
-1000572636
-1014017918
1148832474
1129725939
1144102723
1134965876
1123094444
-1010921773
-1005933772
1134687821
-1008986969
-1023366753
-1001856504
-999452692
-1000780825
-1001835924
-1003280401
-1029467536
1026283188
1064218556
1062013852
-1078955887
-1074946185
-1080812503
-1087104611
-1086229565
-1077204427
1025909176
-1075559143
1057049883
1067956850
1070478516
1065280958
1036787120
-1101287415
1045264323
1070494740
1070511079
1061785893
1066819332
-1090387786
1068299614
-1077048835
-1093277110
1072480397
-1094417537
1050725330
-1080116650
-1102502024
1031651768
1068691196
1060466863
1044433369
-1081593539
-1076770243
1040942868
1003773235
1071805937
-1081437052
-1080522948
1063534104
1071457277
1054688098
1059851978
1066897987
-1128414356
-1079243924
-1079282294
1070297751
1072659026
1060027266
1067458198
1065520023
1025083462
1067076132
-1106875583
1065462218
-1080846391
1061821646
-1086725969
-1079601716
-1083379154
1055207127
1066475485
1069956280
-1089023829
1068077807
1026886012
1071579213
-1105043656
1064024104
-1082403635
1066256589
-1082741085
1071477691
-1081625797
1053225928
1072806006
-1079319606
-1077817855
1067207232
1070572597
-1080347902
-1076152831
1058170041
-1097521410
1069501320
1073620900
-1087495881
-1075052659
-1085879292
1050024537
-1087456792
1062056377
1139531644
1145369917
1126834401
1118336658
1147083574
1145788147
1147712685
1142373314
1136608595
1144124390
1144005182
1143450951
1125210028
1148764338
1133787888
1137577128
1138869980
1131893960
1138684356
1142211275
1129229691
1125156215
1145259248
1144659755
1127015616
1144396750
1145769699
1095466353
1141133793
1132011406
1147326263
TLAST
1138719210
2415853570
1137248250
-1002318241
1144774575
-1003921865
1144334869
1100623218
-1004377475
-1020903177
1127663866
-1003457757
-1011849394
1145242719
-1001409182
-1021439373
-1003574308
-1006971085
-1003454642
1144191846
-1000642994
1136401355
-999701460
1145022385
-1055730858
1144749720
-1026170713
-1004449330
1148162951
1146143672
1134855855
-1000155185
-1030295159
-1010598139
1137624393
1136163574
1145944856
1143183893
-1000368200
1136701393
-1000025642
1136785384
1143436800
1138856806
1147054762
1139690248
1145747988
1138660237
-1006167114
-1008652536
-1020358760
-1015133409
-1013668790
-998704807
-1016777668
-1033010075
1146832602
-1019936160
-1006536079
1139906220
-1012797364
-1027739637
-998969852
1141765491
-1013822756
-1014462311
-1018772172
1133068870
1137966741
1142788521
1141050326
-1007040737
-1005202920
1126533675
-1003848755
-1002168475
-1014435190
-1033990779
-1005509499
-1016652099
1110388581
1147871986
1138653893
-1005495864
-1023961360
-1019390835
-1035693455
1124594963
1147815591
1138586104
-1006592175
1133692099
-999135797
-1013280158
-1005984054
-1024676169
-1008753921
-1029168739
1072800533
1068230700
1068102226
1066317635
1072033385
-1089644803
-1085046184
-1078412014
-1075801888
-1079246360
-1075649518
-1076386555
1064708478
-1096238810
1068534246
-1076188463
1060977391
1064702868
-1080053523
-1106183906
1055667322
1059239417
-1084982897
1066683765
1073405821
1072354220
1071182429
-1081370494
1057953689
1068325777
1043830623
1055676257
-1083332047
-1077896794
-1095467164
1054164925
1071805957
1070238847
-1074796896
1073472579
1064327824
-1081588066
-1078468006
1068186398
1067010234
1047095750
1060704882
1073529986
1034726575
-1089246903
-1078095310
1055050085
1068090418
1063132021
1070315848
1062070708
1067881244
-1075374953
-1082334220
-1076021383
-1084563334
-1085390355
1073230511
1048830692
1070474149
1068847520
-1078541221
1068654935
-1120058053
1069668771
1065388372
-1077552474
1053527933
1038380538
1059707291
1058448341
-1102946410
1067098951
-1077459615
1068134449
-1089045278
-1080648259
1054735465
1071334848
1067191760
1061186754
1056800172
1071332285
-1086858550
1058304747
1066305179
-1076664733
-1096378458
1045899011
1069592005
-1130677371
1141666744
1144431377
1148139200
1136926695
1139072306
1142615969
1145572774
1144029692
1145968825
1144472196
1144854353
1136013170
1145266672
1132887177
1107086034
1141743855
1141680443
1144729374
1142546131
1142473606
1147535276
1137725126
1144867423
1129219511
1143876230
1141074325
1142005799
1147452850
1104131816
1126858262
1123504474
TLAST
1125036886
2415853571
1142205947
1135448861
-1000199378
-1000854621
1144520975
-1002813752
-1001560429
1124075392
1142026807
-1007428513
-1008600333
1142643318
1107221923
-1002899100
1112464759
1145647039
1130078065
1146524418
-999178308
-1035194776
1129589406
1092115454
-1033851649
1134360851
1101139967
-1009911374
-1001318765
-1003279954
1116636440
-1014482298
-1003603966
1102535976
1141109268
-1003893586
-1000320934
1142046398
1146171420
-1004607454
-1000167075
-1002665712
-1004138515
1140549950
-1009607161
1141321486
1143380509
1108686985
1146608731
-1037365592
1146782041
-1004721053
-1004330795
-1012737941
-1018640940
1133846170
-999342431
1135057089
-1006457174
1139565999
1148057803
-1019849779
-1028066824
-1002695919
1134456832
1136332153
1127943397
-999207368
1145018562
1146055590
1146898377
1141995029
-1001841596
-1001449989
1143908018
1138328472
1140747280
-1008438032
1145436897
1144011078
1133396484
-1017315894
-1000904619
-1012818554
-1002871877
-1008386301
1131523633
-999434917
1142866727
1146742446
1134160371
-1002240177
-1000005196
1125406758
-1005956461
1143602850
-1000543458
-1001438839
1064085960
-1078262297
-1104999490
1069695788
1069691770
1068128908
-1083910186
1068395101
1073248121
1043667850
-1076889536
1055585858
1071812356
1068175869
1067429225
1069194727
-1080781804
1059368785
-1083900492
1069365904
-1096463649
-1079857517
1049846606
1070700748
-1077498403
-1086976607
-1104264362
-1086703649
1073488609
1059367234
-1082092098
-1095302392
-1084336536
-1075210322
1064788498
1051574277
-1077570839
1069490597
-1080060767
-1090526042
-1079851701
1072051829
-1077295414
-1094255607
1060337385
-1077638595
1056539640
-1086627991
1070565553
1055152492
1061766457
-1096411016
-1102168980
1055334477
-1079660688
-1080499264
1056632011
-1113665113
-1085854650
1069759445
1064831267
1061746222
1059716837
1066322952
-1097211550
1066954236
1068253293
1037432267
-1082628540
1072462659
1067031690
-1092529060
-1077053459
1066786498
-1078280563
-1075611084
-1081258906
1070991771
-1080259139
-1100642970
-1075481461
1069042259
1066140644
-1081343274
-1076448461
-1095568896
1069377959
-1078462565
-1088854137
-1085406822
-1081211456
1065498744
1063476214
-1076283709
1072747493
-1076334860
1147502898
1144533345
1124867219
1144704870
1144187002
1147344385
1130702190
1090762657
1143392378
1127888889
1148732106
1134672113
1130422853
1102369831
1145644226
1141548961
1125416023
1131224418
1148726834
1145745848
1128422938
1146138219
1125590093
1145863514
1116750136
1138150946
1146586879
1141828804
1127673257
1136564954
1134236858
TLAST
1147064444
