2415853568
2.202394256591796875e+02
6.269821929931640625e+01
6.827961425781250000e+02
-1.272253646850585938e+02
2.233192901611328125e+02
-8.807592163085937500e+02
4.904703063964843750e+02
3.904158630371093750e+02
6.238399658203125000e+02
-7.915654907226562500e+02
-7.602940368652343750e+01
3.084794616699218750e+02
-9.833905639648437500e+02
7.023822021484375000e+02
6.414360351562500000e+02
2.595982170104980469e+01
-3.080257568359375000e+02
4.580980529785156250e+02
7.793218994140625000e+02
-1.107013130187988281e+01
7.704466552734375000e+02
-7.044650878906250000e+02
-3.383960266113281250e+02
4.356878356933593750e+02
-2.801327819824218750e+02
4.482170867919921875e+01
3.095739135742187500e+02
1.784624938964843750e+02
-1.436098480224609375e+02
-7.189592285156250000e+02
-1.773705596923828125e+02
-5.473150024414062500e+02
-6.534439086914062500e+01
8.865881958007812500e+02
-8.039536132812500000e+02
-5.417611694335937500e+02
-6.216868591308593750e+01
1.308062591552734375e+02
-7.416797485351562500e+02
6.152526855468750000e+02
4.302081298828125000e+02
6.193506240844726562e+01
-5.386310958862304688e+01
-1.469410037994384766e+01
2.038707923889160156e+01
-5.536598510742187500e+02
-1.985805816650390625e+02
-7.343419189453125000e+02
3.851209411621093750e+02
-2.898351440429687500e+02
-1.309715881347656250e+02
-5.704672241210937500e+02
7.341799926757812500e+02
-9.073173828125000000e+02
2.781483078002929688e+01
3.054569702148437500e+02
4.819128417968750000e+02
-1.827255096435546875e+02
2.944591674804687500e+02
-4.863107910156250000e+02
-3.634476089477539062e+01
-8.579175415039062500e+02
-8.072535400390625000e+02
2.256977081298828125e+02
7.878117065429687500e+02
5.052501525878906250e+02
-9.448413696289062500e+02
6.313487548828125000e+02
4.059877319335937500e+02
5.325351333618164062e+01
9.145692138671875000e+02
-8.754206542968750000e+02
-9.917839965820312500e+02
5.203698120117187500e+02
9.279149780273437500e+02
6.436936035156250000e+02
6.250414657592773438e+01
-8.277080078125000000e+02
3.929631958007812500e+02
-3.046850585937500000e+02
3.710483703613281250e+02
5.609882812500000000e+02
4.928601989746093750e+02
4.316598815917968750e+02
2.158804016113281250e+02
6.099924926757812500e+02
3.957639694213867188e+01
-6.682100830078125000e+02
1.948175811767578125e+02
6.516144409179687500e+02
1.012435913085937500e+02
-8.023320922851562500e+02
-4.839244689941406250e+02
1.154914398193359375e+02
7.535770263671875000e+02
6.310995483398437500e+02
7.589876055717468262e-01
-1.613748073577880859e+00
9.978904128074645996e-01
-5.739707946777343750e-01
-4.400850534439086914e-01
-1.083854198455810547e+00
9.680736064910888672e-01
-6.669669747352600098e-01
-8.762623667716979980e-01
3.878033533692359924e-02
-3.871297240257263184e-01
4.104309380054473877e-01
1.603222012519836426e+00
3.515034317970275879e-01
-1.824559330940246582e+00
-1.208829998970031738e+00
-1.252486109733581543e+00
-9.727805852890014648e-01
1.914553761482238770e+00
1.420095920562744141e+00
-4.833956062793731689e-01
-3.948270380496978760e-01
1.183036342263221741e-01
2.925055325031280518e-01
-5.081461071968078613e-01
3.451511263847351074e-01
-9.973549842834472656e-01
-4.187496006488800049e-01
7.425336241722106934e-01
2.991129755973815918e-01
1.739673376083374023e+00
-1.227448940277099609e+00
1.968875080347061157e-01
1.050567388534545898e+00
1.310948252677917480e+00
-7.100499272346496582e-01
1.101322174072265625e+00
1.576038599014282227e+00
-8.056060075759887695e-01
1.911710262298583984e+00
-1.257465362548828125e+00
-6.186516880989074707e-01
1.474985957145690918e+00
1.215360965579748154e-02
1.268221020698547363e+00
-4.953470826148986816e-01
1.773878633975982666e-01
-1.261526226997375488e+00
1.085792899131774902e+00
6.431620568037033081e-02
3.422631025314331055e-01
9.048101902008056641e-01
-1.378216624259948730e+00
-1.712275624275207520e+00
1.759789347648620605e+00
1.918077915906906128e-01
-2.796810567378997803e-01
1.702362179756164551e+00
-1.072854638099670410e+00
-1.730244040489196777e+00
-1.808968037366867065e-01
1.372699260711669922e+00
1.609853863716125488e+00
-1.744554519653320312e+00
-1.118112564086914062e+00
3.932383954524993896e-01
-1.796976447105407715e+00
-1.553181409835815430e+00
1.006156682968139648e+00
-1.574169516563415527e+00
9.160808920860290527e-01
1.522438645362854004e+00
-5.564550161361694336e-01
-1.104148030281066895e+00
3.339074254035949707e-01
1.881945967674255371e+00
-1.839361906051635742e+00
1.517308235168457031e+00
1.942161321640014648e+00
9.940838813781738281e-01
1.604237079620361328e+00
3.725303709506988525e-02
-6.388682126998901367e-01
3.903914391994476318e-01
5.435035228729248047e-01
1.751432299613952637e+00
-1.547663450241088867e+00
1.789754152297973633e+00
-1.413071513175964355e+00
1.471650242805480957e+00
-5.135152339935302734e-01
7.073404192924499512e-01
-8.700989484786987305e-01
1.587844491004943848e+00
-1.602076649665832520e+00
1.244302988052368164e-01
1.757241973876953125e+02
7.923817443847656250e+01
1.988990936279296875e+02
4.295886230468750000e+02
6.418117675781250000e+02
8.737918090820312500e+01
7.157305908203125000e+02
1.017448120117187500e+02
1.755990753173828125e+02
7.133215332031250000e+02
8.852636718750000000e+02
9.831383666992187500e+02
6.529069213867187500e+02
4.777363586425781250e+02
8.778755187988281250e+01
5.589508056640625000e+02
1.811502227783203125e+02
5.144020385742187500e+02
6.089301757812500000e+02
8.332124633789062500e+02
3.237505798339843750e+02
9.888621215820312500e+02
9.949502563476562500e+02
8.261508178710937500e+02
6.941525268554687500e+02
7.336697998046875000e+02
8.752687988281250000e+02
9.515101318359375000e+02
8.522629394531250000e+02
6.409386596679687500e+02
7.349838256835937500e+01
TLAST
6.233847045898437500e+02
2415853569
6.250618286132812500e+02
5.800773315429687500e+02
-5.690888671875000000e+02
1.661511077880859375e+02
3.199432678222656250e+02
-1.442785491943359375e+02
-8.281920776367187500e+02
4.515606994628906250e+02
-8.293442382812500000e+02
3.624781188964843750e+02
-8.392750244140625000e+02
1.820930328369140625e+02
-4.455452270507812500e+02
-1.917367858886718750e+02
9.717996826171875000e+02
9.005637207031250000e+02
1.550311584472656250e+02
3.774829406738281250e+02
6.098516235351562500e+02
4.380907287597656250e+02
-7.395711059570312500e+02
-8.458600616455078125e+01
6.671303710937500000e+02
4.955269165039062500e+02
-5.245816040039062500e+02
7.258229980468750000e+02
2.256555786132812500e+02
-4.283073425292968750e+02
-8.853698120117187500e+02
4.841399230957031250e+02
-1.306223907470703125e+02
9.487015380859375000e+02
8.504655761718750000e+02
-7.182343750000000000e+02
-2.272783813476562500e+02
-5.487356567382812500e+02
-1.561744384765625000e+02
2.145821380615234375e+02
2.408869018554687500e+02
9.453852539062500000e+02
-2.278727569580078125e+02
2.004641113281250000e+02
-4.747291870117187500e+02
9.106932983398437500e+02
-5.840349731445312500e+02
-4.660032348632812500e+02
-6.999182891845703125e+01
-1.375101623535156250e+02
5.337534790039062500e+02
7.535486450195312500e+02
-5.045452575683593750e+02
-7.152726745605468750e+01
7.521546020507812500e+02
2.789223327636718750e+02
7.029118041992187500e+02
-5.192495117187500000e+02
4.590760192871093750e+02
-8.331195678710937500e+02
-8.915081176757812500e+02
-5.332263793945312500e+02
-5.889230957031250000e+02
-3.091954650878906250e+02
4.392425537109375000e+02
-6.791027221679687500e+02
5.328671264648437500e+02
-6.506210327148437500e+02
-1.078536834716796875e+02
9.027255859375000000e+02
-4.806587524414062500e+02
-4.151805114746093750e+01
7.838152465820312500e+02
9.810139160156250000e+02
-8.564187011718750000e+02
6.208388671875000000e+02
-4.439724121093750000e+02
5.905750732421875000e+02
8.464364624023437500e+02
6.064530029296875000e+02
5.041712036132812500e+02
4.469628906250000000e+02
5.736915283203125000e+02
-2.856400451660156250e+02
-8.278851318359375000e+02
-2.779716491699218750e+02
-6.271380004882812500e+02
4.992922973632812500e+01
-3.068818359375000000e+02
3.661375732421875000e+02
-8.563463134765625000e+02
7.611845493316650391e+00
7.905924072265625000e+02
7.033664550781250000e+02
-9.600650634765625000e+02
-6.039554443359375000e+02
-4.388770446777343750e+02
3.477423095703125000e+02
-1.140268683433532715e+00
-9.902517199516296387e-01
-5.868784189224243164e-01
6.601823568344116211e-01
-1.147864341735839844e+00
1.228986740112304688e+00
-9.734352827072143555e-01
1.309024810791015625e+00
1.005294993519783020e-01
-1.026253342628479004e+00
-1.927884340286254883e+00
-1.556953907012939453e+00
-1.579971790313720703e+00
-1.881731033325195312e+00
2.782651484012603760e-01
-1.008191108703613281e+00
3.008513748645782471e-01
4.460540115833282471e-01
-4.602087438106536865e-01
-3.917935490608215332e-01
-1.007024720311164856e-01
-2.455773800611495972e-01
-4.605957269668579102e-01
-7.034364342689514160e-01
-1.561429381370544434e+00
1.565762877464294434e+00
1.353491246700286865e-01
7.373796105384826660e-01
-1.737270951271057129e+00
2.395795881748199463e-01
1.823238015174865723e+00
4.186547398567199707e-01
1.281737208366394043e+00
-1.228769063949584961e+00
1.334960222244262695e+00
9.766940474510192871e-01
8.964219689369201660e-01
1.160858511924743652e+00
1.690994143486022949e+00
1.949151992797851562e+00
7.900629639625549316e-01
-8.535272628068923950e-02
-7.208680510520935059e-01
-1.824512720108032227e+00
-2.368198037147521973e-01
8.211289644241333008e-01
1.892310500144958496e+00
-4.555754959583282471e-01
1.906693100929260254e+00
-6.183848977088928223e-01
-1.510609507560729980e+00
-1.000564098358154297e+00
9.027162194252014160e-01
-1.176899075508117676e+00
-9.454851150512695312e-01
9.790368080139160156e-01
2.299689501523971558e-01
-1.117251992225646973e+00
1.977388978004455566e+00
-9.888346791267395020e-01
1.184368133544921875e+00
-8.516628146171569824e-01
4.995917379856109619e-01
1.413716226816177368e-01
-6.326196715235710144e-03
-9.013722538948059082e-01
-3.620207309722900391e-01
1.331912994384765625e+00
9.808834791183471680e-01
1.191642642021179199e+00
-1.045397967100143433e-01
-1.682593941688537598e+00
7.238669395446777344e-01
4.482274353504180908e-01
1.906018257141113281e+00
9.602349996566772461e-01
1.215286016464233398e+00
4.787941873073577881e-01
-6.872277259826660156e-01
-1.645563840866088867e+00
1.668904185295104980e+00
-1.791933298110961914e+00
-1.452384948730468750e+00
3.333142772316932678e-02
-3.521447628736495972e-02
-1.447793841361999512e+00
1.570917010307312012e+00
-5.259677767753601074e-01
2.566430270671844482e-01
-1.834591627120971680e+00
-4.748743474483489990e-01
1.635846138000488281e+00
-1.493968844413757324e+00
-1.673971414566040039e+00
1.097288370132446289e+00
-9.102640748023986816e-01
3.532138977050781250e+02
1.647786254882812500e+02
8.931661987304687500e+02
8.248905029296875000e+02
5.266384277343750000e+02
4.634492492675781250e+02
4.893013000488281250e+02
2.607200317382812500e+02
4.026379089355468750e+02
4.366698913574218750e+02
1.505613422393798828e+01
8.929058837890625000e+02
2.914931869506835938e+01
3.728928833007812500e+02
9.587331390380859375e+01
1.969643249511718750e+02
9.424205932617187500e+02
3.712711791992187500e+02
7.290007934570312500e+02
1.261601104736328125e+02
2.512829284667968750e+02
8.812352905273437500e+02
9.032961425781250000e+02
2.876352539062500000e+02
9.671131591796875000e+02
6.680993652343750000e+02
5.030067749023437500e+02
3.780024108886718750e+02
3.373682861328125000e+02
9.520106811523437500e+02
6.933338012695312500e+02
TLAST
5.341016845703125000e+02
2415853570
-4.705936889648437500e+02
-8.627830200195312500e+02
-5.046136474609375000e+02
-1.919716949462890625e+02
-9.258640136718750000e+02
-2.239058685302734375e+02
-5.133375854492187500e+02
9.805087280273437500e+02
-6.570175781250000000e+02
6.887130126953125000e+02
-6.641361083984375000e+02
1.588338165283203125e+02
3.182520446777343750e+02
6.983055877685546875e+01
8.929133300781250000e+02
-1.357944183349609375e+02
3.016026306152343750e+02
7.397964477539062500e+02
-5.320576782226562500e+02
8.393436431884765625e+01
9.683662719726562500e+02
5.226677856445312500e+02
4.129610900878906250e+02
-2.168549652099609375e+02
7.024418945312500000e+02
6.803425292968750000e+02
-1.240315170288085938e+02
1.412555236816406250e+02
3.584371337890625000e+02
5.776801757812500000e+02
-1.089247741699218750e+02
-3.366148681640625000e+02
2.734316101074218750e+02
-1.118207397460937500e+02
-7.948170776367187500e+02
-9.330773162841796875e+01
-8.566138305664062500e+02
6.570169067382812500e+02
-4.724768676757812500e+02
-7.406194458007812500e+02
6.503902587890625000e+02
8.618792114257812500e+02
4.908777465820312500e+02
-9.899094848632812500e+02
-2.198601531982421875e+01
-5.881008911132812500e+02
-8.062259521484375000e+02
-1.926582183837890625e+02
-7.801512451171875000e+02
-8.238440551757812500e+02
-8.939114990234375000e+02
5.071732177734375000e+02
-1.982027282714843750e+02
6.075135498046875000e+02
-9.051475830078125000e+02
-1.443572044372558594e+01
-9.265143432617187500e+02
7.931831665039062500e+02
-5.239121093750000000e+02
2.687853393554687500e+02
6.566833496093750000e+02
-4.329343566894531250e+02
4.025847167968750000e+02
1.185152053833007812e+02
9.917287597656250000e+02
-4.477981872558593750e+02
9.212391357421875000e+02
-2.606347799301147461e+00
1.909198303222656250e+02
2.327967224121093750e+02
7.950733032226562500e+02
1.657998352050781250e+02
-7.411721191406250000e+02
4.327080993652343750e+02
-5.402966308593750000e+02
-6.047411346435546875e+01
1.137564544677734375e+02
9.262561798095703125e+01
-9.649704589843750000e+02
-9.373781738281250000e+02
-5.976479339599609375e+01
9.831228637695312500e+02
-7.604169921875000000e+02
-4.591570129394531250e+02
5.184081420898437500e+02
7.039747619628906250e+01
1.997150115966796875e+02
-7.902965698242187500e+02
-2.174180755615234375e+02
2.212365875244140625e+02
-8.222706298828125000e+02
-1.416721649169921875e+02
4.035651245117187500e+02
-2.726245117187500000e+02
-1.843148345947265625e+02
4.968747863769531250e+02
1.625925302505493164e+00
2.582046389579772949e-01
-8.311703205108642578e-01
1.150068879127502441e+00
7.435622215270996094e-01
-6.132261157035827637e-01
2.792186737060546875e-01
-1.120852231979370117e+00
9.696665406227111816e-01
1.649887114763259888e-01
-9.034229516983032227e-01
-4.520371556282043457e-01
-1.259803652763366699e+00
1.971990466117858887e+00
1.443175554275512695e+00
1.792880654335021973e+00
-4.613130986690521240e-01
7.959183454513549805e-01
-1.556246131658554077e-01
-2.765415906906127930e-01
-1.827770113945007324e+00
-8.343628048896789551e-01
1.512482762336730957e+00
-1.899023413658142090e+00
1.365633368492126465e+00
-5.684596672654151917e-02
-3.881209194660186768e-01
1.833007931709289551e+00
9.750694036483764648e-02
-1.686129808425903320e+00
-1.198127269744873047e+00
9.633527398109436035e-01
1.184973955154418945e+00
-1.578319549560546875e+00
1.351515650749206543e+00
-1.446287512779235840e+00
1.368344426155090332e+00
5.551423430442810059e-01
1.264754980802536011e-01
1.163142919540405273e+00
-9.385932087898254395e-01
7.471402287483215332e-01
1.459037065505981445e+00
-7.411956787109375000e-01
-1.760293006896972656e+00
-8.463500142097473145e-01
1.666820526123046875e+00
-1.879439473152160645e+00
1.759270429611206055e+00
-1.605772018432617188e+00
-6.088867187500000000e-01
-1.147049069404602051e+00
1.077170372009277344e+00
-1.608939528465270996e+00
-8.940623402595520020e-01
5.566894412040710449e-01
1.227180480957031250e+00
-1.611634612083435059e+00
1.545432686805725098e+00
3.994295597076416016e-01
-1.847284585237503052e-01
-9.847224950790405273e-01
-1.610877394676208496e+00
4.929824471473693848e-01
1.930134296417236328e+00
1.258734822273254395e+00
-1.894348859786987305e+00
1.005389392375946045e-01
1.662675142288208008e+00
-7.964440584182739258e-01
-1.335325837135314941e+00
-8.339057564735412598e-01
-1.509718537330627441e+00
-6.951749920845031738e-01
5.619061589241027832e-01
-4.926537275314331055e-01
-1.172169089317321777e+00
-2.001834660768508911e-01
-4.439977109432220459e-01
-6.022061705589294434e-01
-8.141317963600158691e-01
-2.838545739650726318e-01
-1.159748435020446777e+00
1.648169517517089844e+00
-8.207321166992187500e-01
9.370882511138916016e-01
1.317502140998840332e+00
2.747608423233032227e-01
-1.931547522544860840e+00
1.923175930976867676e+00
2.814227640628814697e-01
-4.103104472160339355e-01
-1.997791886329650879e+00
-1.191480532288551331e-01
-1.039523720741271973e+00
1.847337365150451660e+00
4.348969650268554688e+01
2.475508728027343750e+02
9.431707153320312500e+02
5.568601684570312500e+02
3.575182189941406250e+02
9.450374603271484375e+00
2.535482635498046875e+02
2.542266845703125000e+02
1.706855316162109375e+02
3.449799499511718750e+02
2.026490478515625000e+02
6.290153884887695312e+01
9.796039581298828125e+01
4.967275085449218750e+02
6.966059112548828125e+01
9.351535644531250000e+02
2.060976409912109375e+02
4.642123413085937500e+02
4.146682434082031250e+02
2.913377075195312500e+02
3.235285034179687500e+02
2.115975799560546875e+02
2.802682800292968750e+02
1.171050338745117188e+02
6.892518920898437500e+02
6.445261840820312500e+02
3.115293884277343750e+02
8.802989501953125000e+02
3.863757324218750000e+02
6.110892944335937500e+02
5.231693115234375000e+02
TLAST
3.250567932128906250e+02
2415853571
-7.201997680664062500e+02
4.433684387207031250e+02
4.942566833496093750e+02
-6.147263793945312500e+02
7.144877319335937500e+02
-6.741243286132812500e+02
6.539572753906250000e+02
-7.420667724609375000e+02
2.843222045898437500e+02
3.946847152709960938e+01
-7.323787841796875000e+02
4.305824890136718750e+02
5.344105834960937500e+02
7.815700683593750000e+02
-1.537784576416015625e+01
3.593217468261718750e+01
3.090700683593750000e+02
8.136583251953125000e+02
-2.367606964111328125e+02
3.576622924804687500e+02
1.855176239013671875e+02
-6.386621704101562500e+02
3.722488098144531250e+02
7.051545410156250000e+02
-5.843443679809570312e+01
9.013391723632812500e+02
1.008821640014648438e+02
7.659567260742187500e+02
5.177734985351562500e+02
-1.759162139892578125e+02
-3.867162475585937500e+02
-2.076482849121093750e+02
7.989642333984375000e+01
-9.764210205078125000e+02
7.418397216796875000e+02
-9.045253906250000000e+02
5.983168945312500000e+02
-9.547847900390625000e+02
-9.771235351562500000e+02
-1.336623687744140625e+02
-7.876395874023437500e+02
-2.126782684326171875e+02
-2.976547851562500000e+02
6.560568237304687500e+02
7.431673431396484375e+01
3.651004028320312500e+02
-1.964689331054687500e+02
-7.558280029296875000e+02
-9.909959716796875000e+02
-6.116894912719726562e+01
3.919266052246093750e+02
-2.823271484375000000e+02
8.901918334960937500e+02
-4.460939331054687500e+02
-3.631348571777343750e+02
-6.455914306640625000e+02
6.042517089843750000e+02
4.654889831542968750e+02
8.845596923828125000e+02
-1.801848793029785156e+01
-3.588248901367187500e+02
9.168986511230468750e+01
-8.270181884765625000e+02
-1.383805694580078125e+02
-1.873520965576171875e+02
-6.632699584960937500e+02
1.381291351318359375e+02
9.274618530273437500e+02
7.608509521484375000e+02
3.594679870605468750e+02
-6.306375122070312500e+02
9.885910034179687500e+02
7.886102905273437500e+02
-6.715119018554687500e+02
-8.065810546875000000e+02
-5.848334960937500000e+02
3.523943481445312500e+02
-3.388448791503906250e+02
-3.395473632812500000e+02
-1.953680877685546875e+02
9.252701416015625000e+02
-3.410033874511718750e+02
-2.962178039550781250e+02
6.215059757232666016e+00
9.605671997070312500e+02
6.375416259765625000e+02
-8.146537475585937500e+02
-2.734499816894531250e+02
-7.623023681640625000e+02
6.776799316406250000e+02
-9.215203247070312500e+02
5.877930297851562500e+02
8.713889770507812500e+02
7.266879272460937500e+02
9.012059326171875000e+02
9.804248657226562500e+02
9.184822440147399902e-01
1.208282187581062317e-01
-1.628369808197021484e+00
-1.064978003501892090e+00
1.267280220985412598e+00
-1.479418039321899414e+00
1.895973443984985352e+00
1.262216210365295410e+00
6.872125267982482910e-01
1.993063211441040039e+00
1.195189714431762695e+00
-8.689251542091369629e-01
1.416475057601928711e+00
8.806350231170654297e-01
1.444364190101623535e+00
-6.787441372871398926e-01
-1.239784881472587585e-01
9.887892603874206543e-01
-3.612672090530395508e-01
-1.920472264289855957e+00
-6.960722208023071289e-01
-1.610572934150695801e+00
3.452141880989074707e-01
1.344593644142150879e+00
-1.965132474899291992e+00
1.507696509361267090e+00
-1.479765176773071289e+00
-1.123629212379455566e+00
9.275018572807312012e-01
-9.774196743965148926e-01
1.965580701828002930e+00
-1.857222795486450195e+00
1.629146218299865723e+00
-2.848157882690429688e-01
-1.359476208686828613e+00
1.412172198295593262e+00
1.946846842765808105e+00
7.386751174926757812e-01
5.418913364410400391e-01
-7.840745449066162109e-01
1.222426652908325195e+00
-1.602484226226806641e+00
-8.016878962516784668e-01
-9.757391810417175293e-01
-1.651270151138305664e+00
2.105308026075363159e-01
1.360922098159790039e+00
-1.784464716911315918e+00
9.090026021003723145e-01
-7.812408804893493652e-01
-1.435200572013854980e+00
-3.968288600444793701e-01
1.141659855842590332e+00
1.920898914337158203e+00
5.015326738357543945e-01
-2.843157947063446045e-01
2.667864970862865448e-02
-1.335525155067443848e+00
-1.598666191101074219e+00
-1.183308005332946777e+00
1.326178193092346191e+00
6.603571772575378418e-01
-8.485793471336364746e-01
2.688239812850952148e-01
-3.637623190879821777e-01
1.676438927650451660e+00
-1.867719531059265137e+00
-1.862022757530212402e+00
1.214891195297241211e+00
-1.293344259262084961e+00
4.964086115360260010e-01
-1.751053333282470703e-01
1.529082298278808594e+00
-1.166110277175903320e+00
4.945962876081466675e-02
1.665597558021545410e+00
1.299692392349243164e+00
-1.887734651565551758e+00
7.391558289527893066e-01
-1.678117394447326660e+00
4.273186624050140381e-01
-1.908591270446777344e+00
1.989698052406311035e+00
1.520524144172668457e+00
-1.741527438163757324e+00
-4.546661302447319031e-02
-1.306849718093872070e+00
-4.148867726325988770e-01
-1.295206904411315918e+00
-1.764763236045837402e+00
1.538775920867919922e+00
-1.881004452705383301e+00
1.684504270553588867e+00
-1.256833314895629883e+00
-3.065195977687835693e-01
-4.295996725559234619e-01
9.297904052734375000e+02
8.482014160156250000e+02
8.411229248046875000e+02
9.542886352539062500e+02
2.482426166534423828e+00
4.921191101074218750e+02
9.379131469726562500e+02
1.344267578125000000e+02
2.449941406250000000e+02
5.050619201660156250e+02
6.784215087890625000e+02
3.327599487304687500e+02
3.063646850585937500e+02
7.757979125976562500e+02
3.285393905639648438e+01
7.857978515625000000e+02
4.285402832031250000e+02
6.290094604492187500e+02
7.055030517578125000e+02
9.846862792968750000e+01
9.038461914062500000e+02
8.223124389648437500e+02
3.753814392089843750e+02
1.947943267822265625e+02
6.280543899536132812e+01
3.086089172363281250e+02
7.131919555664062500e+02
8.131817016601562500e+02
3.265882873535156250e+02
2.202898864746093750e+02
3.273941955566406250e+02
TLAST
9.643668212890625000e+02
