  -3.0651858e+00   -3.0057981e+00
  -2.7642083e+00   -2.7351804e+00
  -2.7333043e+00   -2.5887194e+00
  -2.5512266e+00   -2.4642107e+00
  -2.4469602e+00   -2.3767362e+00
  -2.3651462e+00   -2.3603916e+00
  -2.3588350e+00   -2.3045342e+00
  -2.2441759e+00   -2.2437716e+00
  -2.1975877e+00   -2.1503730e+00
  -2.1181884e+00   -2.0820363e+00
  -2.0714397e+00   -2.0634031e+00
  -2.0492389e+00   -2.0382316e+00
  -2.0317042e+00   -2.0186911e+00
  -1.9700429e+00   -1.9654187e+00
  -1.9643261e+00   -1.9576908e+00
  -1.9476017e+00   -1.9409781e+00
  -1.9160091e+00   -1.8972356e+00
  -1.8948225e+00   -1.8819511e+00
  -1.8716688e+00   -1.8708280e+00
  -1.8651226e+00   -1.8647560e+00
  -1.8633455e+00   -1.8575829e+00
  -1.8189706e+00   -1.8093165e+00
  -1.8027467e+00   -1.7991850e+00
  -1.7899683e+00   -1.7864118e+00
  -1.7472826e+00   -1.7339624e+00
  -1.7261472e+00   -1.7205094e+00
  -1.7189320e+00   -1.7170614e+00
  -1.6958948e+00   -1.6920242e+00
  -1.6873889e+00   -1.6773685e+00
  -1.6645908e+00   -1.6631172e+00
  -1.6616451e+00   -1.6592692e+00
  -1.6583384e+00   -1.6435078e+00
  -1.6365771e+00   -1.6324468e+00
  -1.6207033e+00   -1.6094779e+00
  -1.6025832e+00   -1.5715139e+00
  -1.5458351e+00   -1.5374331e+00
  -1.5346538e+00   -1.5207922e+00
  -1.5131383e+00   -1.5094048e+00
  -1.4816753e+00   -1.4762924e+00
  -1.4693524e+00   -1.4676592e+00
  -1.4633834e+00   -1.4629471e+00
  -1.4575638e+00   -1.4541111e+00
  -1.4487882e+00   -1.4434106e+00
  -1.4402591e+00   -1.4249760e+00
  -1.4228058e+00   -1.4194698e+00
  -1.4099956e+00   -1.4099751e+00
  -1.4047825e+00   -1.4039146e+00
  -1.3887663e+00   -1.3792214e+00
  -1.3749933e+00   -1.3708860e+00
  -1.3677469e+00   -1.3478388e+00
  -1.3247601e+00   -1.3158398e+00
  -1.3083079e+00   -1.3068377e+00
  -1.3051174e+00   -1.3024862e+00
  -1.3017635e+00   -1.2944504e+00
  -1.2700714e+00   -1.2700435e+00
  -1.2635642e+00   -1.2601429e+00
  -1.2443883e+00   -1.2243763e+00
  -1.2231659e+00   -1.2145656e+00
  -1.1955819e+00   -1.1951047e+00
  -1.1939553e+00   -1.1899619e+00
  -1.1810741e+00   -1.1801151e+00
  -1.1747283e+00   -1.1714048e+00
  -1.1570625e+00   -1.1521637e+00
  -1.1489586e+00   -1.1476125e+00
  -1.1440585e+00   -1.1394032e+00
  -1.1369585e+00   -1.1356194e+00
  -1.1296313e+00   -1.1214453e+00
  -1.1198320e+00   -1.1163632e+00
  -1.1096131e+00   -1.0983030e+00
  -1.0970612e+00   -1.0942659e+00
  -1.0939109e+00   -1.0928699e+00
  -1.0854304e+00   -1.0816743e+00
  -1.0803484e+00   -1.0770526e+00
  -1.0727313e+00   -1.0703679e+00
  -1.0687799e+00   -1.0678909e+00
  -1.0520105e+00   -1.0511070e+00
  -1.0504230e+00   -1.0497932e+00
  -1.0443435e+00   -1.0434135e+00
  -1.0367494e+00   -1.0166680e+00
  -1.0127680e+00   -1.0122023e+00
  -1.0089985e+00   -1.0083766e+00
  -1.0061885e+00   -1.0055919e+00
  -9.9394989e-01   -9.9231392e-01
  -9.9132025e-01   -9.7811311e-01
  -9.5812374e-01   -9.5545691e-01
  -9.4976294e-01   -9.4548053e-01
  -9.3956339e-01   -9.3833190e-01
  -9.2844421e-01   -9.2207199e-01
  -9.2096579e-01   -9.2077905e-01
  -9.1876537e-01   -9.1860098e-01
  -9.1765803e-01   -9.1179800e-01
  -9.0396988e-01   -9.0336925e-01
  -9.0258825e-01   -8.9635557e-01
  -8.8777316e-01   -8.8644576e-01
  -8.8014519e-01   -8.6295962e-01
  -8.5968834e-01   -8.5949439e-01
  -8.5585463e-01   -8.5560459e-01
  -8.5188699e-01   -8.5181695e-01
  -8.4555125e-01   -8.3910686e-01
  -8.3407903e-01   -8.2792979e-01
  -8.2589334e-01   -8.2561278e-01
  -8.2537949e-01   -8.2513195e-01
  -8.2323927e-01   -8.2319725e-01
  -8.2076126e-01   -8.0323875e-01
  -8.0227131e-01   -8.0122393e-01
  -7.9300648e-01   -7.8560889e-01
  -7.8296125e-01   -7.7609152e-01
  -7.7504718e-01   -7.7307874e-01
  -7.6356775e-01   -7.5845331e-01
  -7.4560183e-01   -7.4158877e-01
  -7.3807359e-01   -7.3520780e-01
  -7.3493791e-01   -7.2671121e-01
  -7.2632062e-01   -7.2367382e-01
  -7.2342861e-01   -7.1799225e-01
  -7.1278822e-01   -7.1017200e-01
  -7.0970213e-01   -7.0549703e-01
  -7.0529205e-01   -7.0438910e-01
  -6.9691896e-01   -6.9681734e-01
  -6.9171488e-01   -6.8904006e-01
  -6.8649799e-01   -6.8558681e-01
  -6.8410897e-01   -6.7946917e-01
  -6.7853624e-01   -6.7830342e-01
  -6.7494082e-01   -6.6854286e-01
  -6.5855086e-01   -6.5802205e-01
  -6.5665472e-01   -6.5255243e-01
  -6.5082556e-01   -6.4901376e-01
  -6.4815325e-01   -6.4295179e-01
  -6.3597852e-01   -6.3578576e-01
  -6.2367743e-01   -6.1922765e-01
  -6.1888093e-01   -6.1855328e-01
  -6.1684340e-01   -6.1566705e-01
  -6.1449814e-01   -6.1249417e-01
  -6.0764384e-01   -6.0354793e-01
  -5.9695810e-01   -5.9636194e-01
  -5.9523642e-01   -5.8942938e-01
  -5.8650225e-01   -5.8543211e-01
  -5.8442616e-01   -5.8329839e-01
  -5.8284783e-01   -5.7758248e-01
  -5.7550061e-01   -5.7442439e-01
  -5.7266486e-01   -5.7125604e-01
  -5.6816626e-01   -5.6813371e-01
  -5.6476784e-01   -5.6175905e-01
  -5.6129658e-01   -5.5925274e-01
  -5.5868077e-01   -5.5805779e-01
  -5.5474687e-01   -5.5288917e-01
  -5.5009502e-01   -5.4618037e-01
  -5.4198116e-01   -5.3606850e-01
  -5.3524798e-01   -5.3267789e-01
  -5.3006142e-01   -5.2616417e-01
  -5.2587461e-01   -5.2429163e-01
  -5.2363330e-01   -5.2311486e-01
  -5.1847255e-01   -5.1795900e-01
  -5.1730669e-01   -5.1403075e-01
  -5.1044387e-01   -5.1031518e-01
  -5.0997037e-01   -5.0964308e-01
  -5.0915122e-01   -5.0749695e-01
  -5.0567287e-01   -5.0278479e-01
  -4.9972919e-01   -4.9772725e-01
  -4.9079037e-01   -4.8899147e-01
  -4.8786992e-01   -4.8754734e-01
  -4.8521882e-01   -4.7571263e-01
  -4.7459155e-01   -4.7436857e-01
  -4.7318172e-01   -4.7224614e-01
  -4.7072738e-01   -4.6916267e-01
  -4.6288401e-01   -4.5789579e-01
  -4.5416453e-01   -4.4881928e-01
  -4.4177908e-01   -4.4009858e-01
  -4.3419218e-01   -4.3160683e-01
  -4.2796594e-01   -4.2599016e-01
  -4.2479673e-01   -4.1738206e-01
  -4.1306379e-01   -4.1062963e-01
  -4.0114006e-01   -4.0110797e-01
  -4.0038082e-01   -4.0025732e-01
  -3.9918777e-01   -3.9747816e-01
  -3.9702499e-01   -3.9668939e-01
  -3.9501053e-01   -3.9201108e-01
  -3.9167470e-01   -3.8741863e-01
  -3.7293690e-01   -3.6697677e-01
  -3.6435720e-01   -3.6410719e-01
  -3.6392969e-01   -3.6075279e-01
  -3.5907513e-01   -3.5765895e-01
  -3.5229385e-01   -3.5125223e-01
  -3.5063827e-01   -3.4899804e-01
  -3.4563190e-01   -3.3109829e-01
  -3.3045334e-01   -3.2820854e-01
  -3.2673097e-01   -3.2602271e-01
  -3.2565427e-01   -3.2498947e-01
  -3.2432094e-01   -3.2350573e-01
  -3.2220972e-01   -3.1779096e-01
  -3.1723356e-01   -3.1718031e-01
  -3.1509227e-01   -3.1464934e-01
  -3.1440970e-01   -3.0841839e-01
  -3.0700576e-01   -3.0694845e-01
  -3.0520079e-01   -2.9701391e-01
  -2.9492739e-01   -2.9470390e-01
  -2.9253501e-01   -2.9022473e-01
  -2.8338552e-01   -2.8201190e-01
  -2.7741015e-01   -2.7646491e-01
  -2.7515724e-01   -2.7422324e-01
  -2.7355245e-01   -2.6689434e-01
  -2.6118127e-01   -2.6025695e-01
  -2.5492084e-01   -2.5294414e-01
  -2.5127146e-01   -2.5125164e-01
  -2.4510904e-01   -2.4278954e-01
  -2.4169311e-01   -2.3729324e-01
  -2.3669456e-01   -2.3538105e-01
  -2.3425554e-01   -2.3206145e-01
  -2.2962017e-01   -2.2895923e-01
  -2.2881809e-01   -2.2879831e-01
  -2.2694351e-01   -2.2526804e-01
  -2.2519581e-01   -2.2296710e-01
  -2.1978810e-01   -2.1532218e-01
  -2.0964397e-01   -2.0645206e-01
  -2.0519823e-01   -2.0402548e-01
  -1.9686145e-01   -1.9560607e-01
  -1.9315960e-01   -1.9314925e-01
  -1.9039202e-01   -1.8811642e-01
  -1.8768890e-01   -1.8564290e-01
  -1.8183206e-01   -1.7906624e-01
  -1.7902184e-01   -1.7781520e-01
  -1.7734218e-01   -1.7209645e-01
  -1.6991611e-01   -1.6853142e-01
  -1.6759206e-01   -1.6574107e-01
  -1.6546096e-01   -1.6508059e-01
  -1.6501302e-01   -1.6270328e-01
  -1.5522659e-01   -1.5508038e-01
  -1.5315330e-01   -1.5314479e-01
  -1.5218128e-01   -1.5124281e-01
  -1.5011549e-01   -1.4963640e-01
  -1.4878874e-01   -1.4539558e-01
  -1.3806750e-01   -1.3512437e-01
  -1.2942067e-01   -1.2890600e-01
  -1.2776347e-01   -1.2576048e-01
  -1.1403188e-01   -1.1318685e-01
  -1.0375417e-01   -1.0002372e-01
  -9.3312226e-02   -9.2440255e-02
  -9.0006121e-02   -8.6329572e-02
  -8.1307717e-02   -7.9946741e-02
  -7.8043349e-02   -7.5351223e-02
  -7.3906839e-02   -7.3857352e-02
  -7.0703179e-02   -6.6415213e-02
  -6.1871547e-02   -6.0088243e-02
  -5.7599392e-02   -5.7589807e-02
  -5.5026226e-02   -5.2031785e-02
  -4.9218442e-02   -4.7320005e-02
  -4.4768073e-02   -3.9144259e-02
  -3.8382586e-02   -3.7717503e-02
  -3.4896068e-02   -2.9034810e-02
  -2.8453112e-02   -2.5993204e-02
  -1.9749504e-02   -1.9698080e-02
  -1.8408431e-02   -1.6293894e-02
  -1.6161887e-02   -1.5417462e-02
  -1.2601283e-02   -1.1568736e-02
  -1.0316451e-02   -5.1879734e-03
  -1.0417858e-03   -2.9112623e-05
   4.2480011e-03    1.0068885e-02
   1.4656017e-02    1.6548052e-02
   1.7123662e-02    1.8168842e-02
   1.8417921e-02    2.4216339e-02
   2.5231812e-02    2.5325591e-02
   2.5690561e-02    2.5913009e-02
   2.6018636e-02    2.6295926e-02
   2.7765483e-02    2.9911464e-02
   3.0640004e-02    3.6267385e-02
   4.0730812e-02    4.6920195e-02
   5.2840080e-02    5.3106770e-02
   5.4799128e-02    5.6377534e-02
   5.9954330e-02    6.0460586e-02
   6.0634177e-02    6.2457018e-02
   6.3561216e-02    6.6009343e-02
   6.7693174e-02    7.1216337e-02
   7.1858212e-02    7.8467734e-02
   7.8822784e-02    7.9304054e-02
   8.2783848e-02    8.4939010e-02
   8.5209735e-02    8.5412718e-02
   8.8892996e-02    9.1005839e-02
   9.2671372e-02    9.4217390e-02
   9.6723847e-02    9.7205915e-02
   1.0230086e-01    1.0339941e-01
   1.0379555e-01    1.0546693e-01
   1.0785239e-01    1.0820902e-01
   1.0907457e-01    1.1210726e-01
   1.1458588e-01    1.1534587e-01
   1.1568759e-01    1.1653862e-01
   1.1801616e-01    1.1853764e-01
   1.1984242e-01    1.2495129e-01
   1.2839466e-01    1.3036788e-01
   1.3099061e-01    1.3151078e-01
   1.3488133e-01    1.3556042e-01
   1.3620758e-01    1.4076981e-01
   1.4414303e-01    1.4862098e-01
   1.5180470e-01    1.5348957e-01
   1.5524539e-01    1.5627538e-01
   1.5909928e-01    1.6037335e-01
   1.6416748e-01    1.6527937e-01
   1.6681343e-01    1.7005481e-01
   1.7208782e-01    1.7641194e-01
   1.7838022e-01    1.7843108e-01
   1.8287070e-01    1.8602338e-01
   1.8710202e-01    1.9058079e-01
   1.9351408e-01    1.9974026e-01
   2.0087741e-01    2.0122221e-01
   2.0754409e-01    2.0818147e-01
   2.0835698e-01    2.0860951e-01
   2.1085668e-01    2.1108933e-01
   2.1489024e-01    2.1586943e-01
   2.1611102e-01    2.1766534e-01
   2.2026102e-01    2.2125210e-01
   2.2288938e-01    2.2473022e-01
   2.2572987e-01    2.2713453e-01
   2.3606163e-01    2.3892987e-01
   2.3959368e-01    2.4145637e-01
   2.4247549e-01    2.4942584e-01
   2.5189254e-01    2.5319976e-01
   2.5527522e-01    2.5889996e-01
   2.6363489e-01    2.6454136e-01
   2.7316159e-01    2.7409858e-01
   2.7518263e-01    2.7554291e-01
   2.7906930e-01    2.7965024e-01
   2.8297019e-01    2.8350213e-01
   2.8467631e-01    2.8777638e-01
   2.9025736e-01    3.0324832e-01
   3.0449289e-01    3.0545977e-01
   3.0607960e-01    3.0720970e-01
   3.1467143e-01    3.1966144e-01
   3.2082912e-01    3.2243398e-01
   3.2629466e-01    3.2787466e-01
   3.3190560e-01    3.3287677e-01
   3.3824795e-01    3.4391388e-01
   3.4949899e-01    3.5033664e-01
   3.5363203e-01    3.6548987e-01
   3.7100795e-01    3.7568262e-01
   3.7597671e-01    3.7721565e-01
   3.7946585e-01    3.7974799e-01
   3.8152206e-01    3.8715738e-01
   3.8912347e-01    3.9390323e-01
   3.9399666e-01    4.0126821e-01
   4.0243784e-01    4.0598109e-01
   4.0901834e-01    4.1202104e-01
   4.1669002e-01    4.1757146e-01
   4.2039406e-01    4.2286035e-01
   4.2586431e-01    4.2763308e-01
   4.3102184e-01    4.3157291e-01
   4.3285865e-01    4.3343008e-01
   4.3389064e-01    4.3791029e-01
   4.3887857e-01    4.4400808e-01
   4.4424826e-01    4.4625887e-01
   4.4694507e-01    4.4810227e-01
   4.4906178e-01    4.4929188e-01
   4.5129022e-01    4.5754817e-01
   4.6451324e-01    4.6689922e-01
   4.6718866e-01    4.6821964e-01
   4.6845955e-01    4.7199348e-01
   4.7294924e-01    4.7751790e-01
   4.7944540e-01    4.7959343e-01
   4.8915833e-01    4.8980647e-01
   4.9172583e-01    4.9270222e-01
   4.9461448e-01    4.9686131e-01
   4.9912992e-01    5.0225359e-01
   5.0582314e-01    5.0601101e-01
   5.1074177e-01    5.1556045e-01
   5.1599520e-01    5.1753509e-01
   5.2183861e-01    5.2258497e-01
   5.2388364e-01    5.2746427e-01
   5.3226668e-01    5.3235900e-01
   5.3631967e-01    5.3649437e-01
   5.4217994e-01    5.4627430e-01
   5.4784125e-01    5.4956311e-01
   5.5483139e-01    5.5799150e-01
   5.5873311e-01    5.6116188e-01
   5.6256670e-01    5.6304199e-01
   5.7438278e-01    5.7779777e-01
   5.7857299e-01    5.7863575e-01
   5.8027416e-01    5.8048904e-01
   5.8136553e-01    5.8393091e-01
   5.8644265e-01    5.8646280e-01
   5.8696526e-01    5.8897984e-01
   5.9014559e-01    5.9069657e-01
   5.9430760e-01    5.9652907e-01
   6.0159773e-01    6.0234505e-01
   6.0334659e-01    6.0365844e-01
   6.1212236e-01    6.1253768e-01
   6.1638814e-01    6.2293613e-01
   6.2358308e-01    6.2875646e-01
   6.2913078e-01    6.2922752e-01
   6.3550335e-01    6.3796878e-01
   6.3839483e-01    6.3900554e-01
   6.4288819e-01    6.4380175e-01
   6.4405441e-01    6.4442396e-01
   6.4532793e-01    6.4582479e-01
   6.5031296e-01    6.5349275e-01
   6.5423685e-01    6.5728432e-01
   6.5923649e-01    6.6326988e-01
   6.6392976e-01    6.6630638e-01
   6.7036319e-01    6.7078650e-01
   6.7536342e-01    6.7581648e-01
   6.7737442e-01    6.7820376e-01
   6.9266385e-01    6.9892478e-01
   6.9908798e-01    7.0533276e-01
   7.0708060e-01    7.0861602e-01
   7.1082550e-01    7.1120530e-01
   7.1193695e-01    7.1289462e-01
   7.1495277e-01    7.2192860e-01
   7.3051381e-01    7.3145932e-01
   7.4104017e-01    7.5207984e-01
   7.5223207e-01    7.5511712e-01
   7.5667012e-01    7.5752246e-01
   7.6034099e-01    7.6368332e-01
   7.6431352e-01    7.6435834e-01
   7.6479667e-01    7.7361238e-01
   7.7689981e-01    7.7757454e-01
   7.8840923e-01    7.8980505e-01
   7.9486507e-01    7.9690838e-01
   7.9862744e-01    8.0001771e-01
   8.0032068e-01    8.0478370e-01
   8.1604308e-01    8.1650764e-01
   8.1912142e-01    8.1952906e-01
   8.2099974e-01    8.2780737e-01
   8.3609170e-01    8.3896935e-01
   8.4165883e-01    8.4284425e-01
   8.5142887e-01    8.5393542e-01
   8.5571712e-01    8.5610825e-01
   8.6401135e-01    8.7253380e-01
   8.7484592e-01    8.7587416e-01
   8.7821954e-01    8.8203245e-01
   8.8539714e-01    8.8714373e-01
   8.9873046e-01    8.9873528e-01
   9.0180802e-01    9.0250909e-01
   9.0254176e-01    9.1410553e-01
   9.2089164e-01    9.2253602e-01
   9.2621642e-01    9.2687249e-01
   9.2873603e-01    9.3477792e-01
   9.6217549e-01    9.7632867e-01
   9.7911382e-01    9.8093635e-01
   9.8113275e-01    9.8754555e-01
   9.8843515e-01    9.9485916e-01
   9.9969095e-01    1.0146399e+00
   1.0215031e+00    1.0218397e+00
   1.0286275e+00    1.0343927e+00
   1.0375088e+00    1.0405802e+00
   1.0497772e+00    1.0573237e+00
   1.0614097e+00    1.0638512e+00
   1.0682067e+00    1.0774003e+00
   1.0876955e+00    1.0889393e+00
   1.0988917e+00    1.1003349e+00
   1.1074356e+00    1.1118329e+00
   1.1148055e+00    1.1184479e+00
   1.1221423e+00    1.1221505e+00
   1.1290879e+00    1.1326594e+00
   1.1358883e+00    1.1396680e+00
   1.1432765e+00    1.1492499e+00
   1.1524760e+00    1.1547838e+00
   1.1553239e+00    1.1598016e+00
   1.1639556e+00    1.1751713e+00
   1.1811661e+00    1.1860640e+00
   1.1876705e+00    1.1911216e+00
   1.2136632e+00    1.2152579e+00
   1.2188659e+00    1.2221769e+00
   1.2257221e+00    1.2261351e+00
   1.2557230e+00    1.2669243e+00
   1.2706243e+00    1.2708484e+00
   1.2721924e+00    1.2788732e+00
   1.2868264e+00    1.2994255e+00
   1.2995282e+00    1.3001624e+00
   1.3063556e+00    1.3095524e+00
   1.3096181e+00    1.3127100e+00
   1.3185196e+00    1.3276832e+00
   1.3299239e+00    1.3307810e+00
   1.3410964e+00    1.3455806e+00
   1.3548788e+00    1.3583287e+00
   1.3590230e+00    1.3904580e+00
   1.3923378e+00    1.4014313e+00
   1.4021623e+00    1.4191667e+00
   1.4202980e+00    1.4408576e+00
   1.4491379e+00    1.4523916e+00
   1.4545758e+00    1.4625858e+00
   1.4758632e+00    1.4766583e+00
   1.4796767e+00    1.4818904e+00
   1.4839945e+00    1.4947780e+00
   1.4965444e+00    1.4978693e+00
   1.5121447e+00    1.5211595e+00
   1.5527221e+00    1.5613559e+00
   1.5629032e+00    1.5714277e+00
   1.5781784e+00    1.6036713e+00
   1.6113237e+00    1.6136860e+00
   1.6227008e+00    1.6292120e+00
   1.6296940e+00    1.6364781e+00
   1.6394457e+00    1.6574637e+00
   1.6660020e+00    1.6808015e+00
   1.6862432e+00    1.6917745e+00
   1.6924050e+00    1.7002803e+00
   1.7071911e+00    1.7254583e+00
   1.7289033e+00    1.7681183e+00
   1.7715138e+00    1.7736583e+00
   1.7786371e+00    1.7812519e+00
   1.7972006e+00    1.8257791e+00
   1.8360213e+00    1.8562089e+00
   1.9302131e+00    1.9309021e+00
   1.9360889e+00    1.9835780e+00
   1.9939362e+00    2.0038540e+00
   2.0055363e+00    2.0291603e+00
   2.0565002e+00    2.0633137e+00
   2.0913894e+00    2.0986717e+00
   2.0987549e+00    2.1098361e+00
   2.3047171e+00    2.3120270e+00
   2.3343766e+00    2.3707323e+00
   2.4150057e+00    2.5413368e+00
   2.6190279e+00    2.6290178e+00
   2.7633040e+00    2.7946496e+00
   2.8281264e+00    2.9575701e+00
   3.0680976e+00    3.1379809e+00
   3.2012932e+00    3.3279841e+00
  -3.0507388e+00   -3.0037267e+00
  -2.9180038e+00   -2.6484897e+00
  -2.5659175e+00   -2.5507395e+00
  -2.5007396e+00   -2.4955602e+00
  -2.4795387e+00   -2.4606094e+00
  -2.4231653e+00   -2.4193335e+00
  -2.4179769e+00   -2.3787105e+00
  -2.3660166e+00   -2.3205276e+00
  -2.2815993e+00   -2.2608914e+00
  -2.2407296e+00   -2.2282705e+00
  -2.1518891e+00   -2.1103237e+00
  -2.0400276e+00   -2.0363350e+00
  -2.0313141e+00   -2.0141213e+00
  -1.9973394e+00   -1.9701502e+00
  -1.9375902e+00   -1.8987620e+00
  -1.8828001e+00   -1.8763944e+00
  -1.8004463e+00   -1.7903925e+00
  -1.7867743e+00   -1.7836907e+00
  -1.7753155e+00   -1.7632575e+00
  -1.7470950e+00   -1.7296157e+00
  -1.7292340e+00   -1.7169145e+00
  -1.7095417e+00   -1.7070620e+00
  -1.7018263e+00   -1.6756685e+00
  -1.6442711e+00   -1.6412911e+00
  -1.6225946e+00   -1.6191733e+00
  -1.5983992e+00   -1.5696079e+00
  -1.5655748e+00   -1.5626583e+00
  -1.5509499e+00   -1.5481446e+00
  -1.5343651e+00   -1.5197988e+00
  -1.5070236e+00   -1.4860582e+00
  -1.4841120e+00   -1.4819341e+00
  -1.4768070e+00   -1.4733297e+00
  -1.4665209e+00   -1.4552453e+00
  -1.4363886e+00   -1.4334860e+00
  -1.4314499e+00   -1.4298109e+00
  -1.4259685e+00   -1.4253502e+00
  -1.4220830e+00   -1.4218516e+00
  -1.4143457e+00   -1.4069277e+00
  -1.4042952e+00   -1.3908346e+00
  -1.3856913e+00   -1.3850807e+00
  -1.3844746e+00   -1.3671577e+00
  -1.3638217e+00   -1.3592288e+00
  -1.3589070e+00   -1.3299379e+00
  -1.3278192e+00   -1.3248565e+00
  -1.3121778e+00   -1.3039365e+00
  -1.2994249e+00   -1.2977850e+00
  -1.2955236e+00   -1.2945330e+00
  -1.2869071e+00   -1.2856791e+00
  -1.2796892e+00   -1.2647026e+00
  -1.2636024e+00   -1.2610258e+00
  -1.2583359e+00   -1.2563120e+00
  -1.2546366e+00   -1.2529759e+00
  -1.2519861e+00   -1.2498313e+00
  -1.2436277e+00   -1.2425176e+00
  -1.2400739e+00   -1.2344512e+00
  -1.2284012e+00   -1.2271923e+00
  -1.2221035e+00   -1.2188727e+00
  -1.2159245e+00   -1.2123309e+00
  -1.2109282e+00   -1.2097883e+00
  -1.2076638e+00   -1.1978925e+00
  -1.1828014e+00   -1.1807474e+00
  -1.1718951e+00   -1.1685967e+00
  -1.1673522e+00   -1.1645353e+00
  -1.1569362e+00   -1.1543466e+00
  -1.1540259e+00   -1.1478924e+00
  -1.1462755e+00   -1.1435665e+00
  -1.1427414e+00   -1.1373658e+00
  -1.1310942e+00   -1.1293919e+00
  -1.1277977e+00   -1.1110870e+00
  -1.1094755e+00   -1.0893633e+00
  -1.0798825e+00   -1.0796763e+00
  -1.0492688e+00   -1.0476389e+00
  -1.0468186e+00   -1.0379964e+00
  -1.0349020e+00   -1.0311353e+00
  -1.0292772e+00   -1.0253972e+00
  -1.0172544e+00   -1.0162846e+00
  -1.0121568e+00   -1.0098823e+00
  -1.0066072e+00   -1.0064160e+00
  -1.0063722e+00   -1.0018940e+00
  -1.0013452e+00   -9.9944878e-01
  -9.9375880e-01   -9.9364620e-01
  -9.9082369e-01   -9.8955983e-01
  -9.8905474e-01   -9.8762959e-01
  -9.8717630e-01   -9.8345536e-01
  -9.7511595e-01   -9.7031564e-01
  -9.6498704e-01   -9.6324027e-01
  -9.5650530e-01   -9.5239764e-01
  -9.5206046e-01   -9.5079732e-01
  -9.4610292e-01   -9.4367886e-01
  -9.4134772e-01   -9.3619698e-01
  -9.3416989e-01   -9.3068928e-01
  -9.2414695e-01   -9.2250222e-01
  -9.2068928e-01   -9.2005473e-01
  -9.1832888e-01   -9.1417050e-01
  -9.1269082e-01   -9.1160566e-01
  -8.8651520e-01   -8.8576925e-01
  -8.8556695e-01   -8.8214004e-01
  -8.7860274e-01   -8.7142634e-01
  -8.6983621e-01   -8.6930144e-01
  -8.6747706e-01   -8.6565381e-01
  -8.6408556e-01   -8.5653347e-01
  -8.5630298e-01   -8.5118985e-01
  -8.4775603e-01   -8.4221631e-01
  -8.4168464e-01   -8.4154981e-01
  -8.3886528e-01   -8.3778566e-01
  -8.3533067e-01   -8.3325100e-01
  -8.2151139e-01   -8.1563687e-01
  -8.1072700e-01   -8.1057680e-01
  -8.0785239e-01   -8.0042535e-01
  -7.9803282e-01   -7.9033935e-01
  -7.8955948e-01   -7.8068823e-01
  -7.8022319e-01   -7.6411122e-01
  -7.6338232e-01   -7.6337445e-01
  -7.6211607e-01   -7.6187193e-01
  -7.5326759e-01   -7.4897385e-01
  -7.4877489e-01   -7.4610013e-01
  -7.4251652e-01   -7.3381990e-01
  -7.3083174e-01   -7.2999531e-01
  -7.2818488e-01   -7.2691143e-01
  -7.2517037e-01   -7.1975821e-01
  -7.1468550e-01   -7.1249199e-01
  -7.1089327e-01   -7.0602810e-01
  -7.0342433e-01   -7.0280397e-01
  -6.9715679e-01   -6.9240159e-01
  -6.9142014e-01   -6.9137442e-01
  -6.7441320e-01   -6.7409062e-01
  -6.7137033e-01   -6.6772807e-01
  -6.6744769e-01   -6.6609943e-01
  -6.6452140e-01   -6.6298586e-01
  -6.6167027e-01   -6.5953714e-01
  -6.5718883e-01   -6.5514249e-01
  -6.5118277e-01   -6.5110761e-01
  -6.4997464e-01   -6.4584357e-01
  -6.4549416e-01   -6.3361514e-01
  -6.3125628e-01   -6.3058174e-01
  -6.2875336e-01   -6.2656420e-01
  -6.2439311e-01   -6.0098928e-01
  -5.9898728e-01   -5.9740788e-01
  -5.9496844e-01   -5.9352154e-01
  -5.8758759e-01   -5.8340400e-01
  -5.8046460e-01   -5.7914394e-01
  -5.7847899e-01   -5.7708877e-01
  -5.7650793e-01   -5.7555115e-01
  -5.7397407e-01   -5.7340807e-01
  -5.7156795e-01   -5.6948853e-01
  -5.6930625e-01   -5.6574744e-01
  -5.6267655e-01   -5.6001633e-01
  -5.5967164e-01   -5.5539620e-01
  -5.5039304e-01   -5.4873592e-01
  -5.4596609e-01   -5.3782660e-01
  -5.2249736e-01   -5.2138388e-01
  -5.2000630e-01   -5.1705307e-01
  -5.1516217e-01   -5.1237512e-01
  -5.0514668e-01   -5.0086737e-01
  -4.9703729e-01   -4.9317759e-01
  -4.9254349e-01   -4.9223071e-01
  -4.9220073e-01   -4.9044156e-01
  -4.8974890e-01   -4.8853567e-01
  -4.8572579e-01   -4.8380595e-01
  -4.7773883e-01   -4.7408950e-01
  -4.7153604e-01   -4.6537399e-01
  -4.6398607e-01   -4.6396846e-01
  -4.6246907e-01   -4.6013042e-01
  -4.5850259e-01   -4.4761303e-01
  -4.4741854e-01   -4.4324476e-01
  -4.3856448e-01   -4.3771791e-01
  -4.3698511e-01   -4.2935014e-01
  -4.2714748e-01   -4.2118520e-01
  -4.1914502e-01   -4.1657442e-01
  -4.1640192e-01   -4.1077229e-01
  -4.1053307e-01   -4.0914997e-01
  -4.0737036e-01   -4.0724835e-01
  -4.0616903e-01   -3.9564344e-01
  -3.8936689e-01   -3.7702259e-01
  -3.7681511e-01   -3.7131056e-01
  -3.7077841e-01   -3.6730796e-01
  -3.6707002e-01   -3.6002785e-01
  -3.5839054e-01   -3.5611179e-01
  -3.5460439e-01   -3.5049495e-01
  -3.4412307e-01   -3.4265360e-01
  -3.3985928e-01   -3.3315921e-01
  -3.2845175e-01   -3.2620206e-01
  -3.2533765e-01   -3.2473007e-01
  -3.2458070e-01   -3.1919384e-01
  -3.1883287e-01   -3.1880504e-01
  -3.1774503e-01   -3.1652758e-01
  -3.1110322e-01   -3.0935353e-01
  -3.0844414e-01   -3.0753833e-01
  -2.9841816e-01   -2.9570174e-01
  -2.9526785e-01   -2.9220057e-01
  -2.9052427e-01   -2.9025486e-01
  -2.8683639e-01   -2.8430188e-01
  -2.7471754e-01   -2.7242169e-01
  -2.7229714e-01   -2.7160853e-01
  -2.7074647e-01   -2.6616547e-01
  -2.5655648e-01   -2.5584990e-01
  -2.5270933e-01   -2.4829286e-01
  -2.4023962e-01   -2.3418137e-01
  -2.3042420e-01   -2.2952679e-01
  -2.2789264e-01   -2.2446583e-01
  -2.1633980e-01   -2.1462686e-01
  -2.1385312e-01   -2.0801938e-01
  -2.0782618e-01   -2.0567356e-01
  -2.0556395e-01   -2.0426957e-01
  -2.0231107e-01   -2.0224641e-01
  -1.9823962e-01   -1.9632722e-01
  -1.9504201e-01   -1.9466911e-01
  -1.9449195e-01   -1.8887326e-01
  -1.8707541e-01   -1.8506320e-01
  -1.8067427e-01   -1.7783238e-01
  -1.7095798e-01   -1.6488868e-01
  -1.6296086e-01   -1.6222914e-01
  -1.6093446e-01   -1.5370949e-01
  -1.4997642e-01   -1.4721382e-01
  -1.4692445e-01   -1.4682658e-01
  -1.4287347e-01   -1.4088373e-01
  -1.4087468e-01   -1.4070225e-01
  -1.3514851e-01   -1.3204922e-01
  -1.3123246e-01   -1.2702796e-01
  -1.2605350e-01   -1.2316395e-01
  -1.2032832e-01   -1.2007657e-01
  -1.1886904e-01   -1.1790424e-01
  -1.1709802e-01   -1.1274409e-01
  -1.1235496e-01   -1.1107203e-01
  -9.9700354e-02   -9.5074400e-02
  -9.4563663e-02   -8.2944885e-02
  -7.5575344e-02   -7.4962489e-02
  -6.9657810e-02   -6.7073882e-02
  -6.0862407e-02   -5.9429370e-02
  -5.7557940e-02   -5.6059673e-02
  -5.5108000e-02   -4.8650045e-02
  -4.7368705e-02   -4.6343181e-02
  -4.4735827e-02   -4.3938462e-02
  -4.2691175e-02   -4.2321749e-02
  -3.5217691e-02   -3.1096946e-02
  -2.9265225e-02   -2.0324659e-02
  -1.8329404e-02   -1.7980851e-02
  -1.7873235e-02   -1.6074218e-02
  -1.3985643e-02   -1.2815822e-02
  -1.2540229e-02   -9.4125187e-03
  -4.0746243e-03   -1.0454892e-03
   2.2973847e-03    3.9243228e-03
   5.2859779e-03    7.1147284e-03
   8.7426053e-03    1.0723194e-02
   1.1797088e-02    2.4421241e-02
   2.5570983e-02    2.8276142e-02
   2.8662039e-02    3.2178715e-02
   3.3095468e-02    3.3642426e-02
   3.4554340e-02    4.1763410e-02
   4.3234024e-02    4.4251952e-02
   4.4412527e-02    4.8317421e-02
   5.1929135e-02    5.2218325e-02
   5.5269629e-02    5.8291387e-02
   6.0609698e-02    6.4634494e-02
   6.5109730e-02    6.7911051e-02
   7.1057007e-02    7.1897641e-02
   7.3390648e-02    7.6242216e-02
   7.7148274e-02    7.8070924e-02
   7.9739302e-02    8.1479438e-02
   8.2321331e-02    8.6632438e-02
   9.7521462e-02    9.8617196e-02
   1.0329986e-01    1.0410009e-01
   1.0695783e-01    1.0839792e-01
   1.1171903e-01    1.1174212e-01
   1.1242233e-01    1.1561964e-01
   1.2583771e-01    1.2724446e-01
   1.3119183e-01    1.3696025e-01
   1.4004794e-01    1.4041370e-01
   1.4053524e-01    1.4217861e-01
   1.4356412e-01    1.4430948e-01
   1.4455956e-01    1.4766292e-01
   1.5445706e-01    1.5462857e-01
   1.5696830e-01    1.5824576e-01
   1.5883857e-01    1.6289604e-01
   1.6296041e-01    1.6490981e-01
   1.6817331e-01    1.7404871e-01
   1.7433757e-01    1.7450157e-01
   1.7510609e-01    1.7903261e-01
   1.8817224e-01    1.9042452e-01
   1.9393262e-01    1.9450755e-01
   1.9477978e-01    1.9708702e-01
   1.9727957e-01    2.0283704e-01
   2.0304206e-01    2.0680963e-01
   2.0736726e-01    2.0936367e-01
   2.1145178e-01    2.1821520e-01
   2.2680038e-01    2.2708108e-01
   2.2768973e-01    2.2853850e-01
   2.3013455e-01    2.3345807e-01
   2.3988007e-01    2.4110377e-01
   2.4901488e-01    2.4993241e-01
   2.5379035e-01    2.5534323e-01
   2.5807881e-01    2.6540247e-01
   2.6801091e-01    2.7023551e-01
   2.7051413e-01    2.7274501e-01
   2.7304274e-01    2.7420226e-01
   2.7681300e-01    2.7691486e-01
   2.7893975e-01    2.7966502e-01
   2.7972567e-01    2.8082457e-01
   2.8117579e-01    2.8250265e-01
   2.8299376e-01    2.8576776e-01
   2.9000899e-01    2.9137594e-01
   2.9590210e-01    2.9642886e-01
   3.0472744e-01    3.0546767e-01
   3.0638850e-01    3.2072094e-01
   3.2193273e-01    3.2219741e-01
   3.2586917e-01    3.2829550e-01
   3.3457929e-01    3.3525139e-01
   3.3621839e-01    3.3707398e-01
   3.3765000e-01    3.4088722e-01
   3.4149382e-01    3.4506285e-01
   3.4772360e-01    3.4885246e-01
   3.5295957e-01    3.6158741e-01
   3.6228016e-01    3.6712196e-01
   3.7032807e-01    3.7247407e-01
   3.7265322e-01    3.7286177e-01
   3.7595111e-01    3.7759545e-01
   3.7841797e-01    3.8008121e-01
   3.8177350e-01    3.8208437e-01
   3.8558301e-01    3.8604385e-01
   3.8669738e-01    3.8837746e-01
   3.8881519e-01    3.9097577e-01
   3.9101723e-01    3.9366597e-01
   3.9679509e-01    3.9922601e-01
   4.0027609e-01    4.0216619e-01
   4.0809414e-01    4.0838605e-01
   4.0848196e-01    4.0870142e-01
   4.1040060e-01    4.1292325e-01
   4.1292739e-01    4.1491559e-01
   4.1560030e-01    4.1583502e-01
   4.1811401e-01    4.2237523e-01
   4.2813784e-01    4.2868242e-01
   4.3516627e-01    4.3818587e-01
   4.4062519e-01    4.4241795e-01
   4.4369969e-01    4.4486350e-01
   4.4608244e-01    4.4796622e-01
   4.5062488e-01    4.5434335e-01
   4.5550248e-01    4.6036518e-01
   4.6313640e-01    4.6682754e-01
   4.6935773e-01    4.7098085e-01
   4.7108170e-01    4.7164014e-01
   4.7339663e-01    4.7419029e-01
   4.7634807e-01    4.7730619e-01
   4.7900566e-01    4.8055571e-01
   4.8358148e-01    4.8823938e-01
   4.8845699e-01    4.8891738e-01
   4.9015883e-01    5.0122881e-01
   5.0366551e-01    5.0370902e-01
   5.0373209e-01    5.0927967e-01
   5.0941998e-01    5.0952011e-01
   5.1102024e-01    5.1636535e-01
   5.2408844e-01    5.2641028e-01
   5.3332549e-01    5.3669983e-01
   5.3891891e-01    5.3955203e-01
   5.4394281e-01    5.4411578e-01
   5.4583073e-01    5.5129153e-01
   5.5341113e-01    5.5630457e-01
   5.6006342e-01    5.6174284e-01
   5.6246001e-01    5.6713694e-01
   5.6743211e-01    5.6766182e-01
   5.7496530e-01    5.7655209e-01
   5.8244669e-01    5.9168601e-01
   5.9411991e-01    6.0254103e-01
   6.0259873e-01    6.0274941e-01
   6.0626519e-01    6.0943544e-01
   6.0955042e-01    6.1366415e-01
   6.1401248e-01    6.1948836e-01
   6.2238979e-01    6.2328255e-01
   6.2952363e-01    6.3301945e-01
   6.4669925e-01    6.5408152e-01
   6.5759587e-01    6.6092676e-01
   6.6131055e-01    6.6381955e-01
   6.6581076e-01    6.6585600e-01
   6.6934514e-01    6.7325038e-01
   6.7614460e-01    6.7796040e-01
   6.8284065e-01    6.8909854e-01
   6.9437701e-01    6.9774461e-01
   6.9837070e-01    7.0046276e-01
   7.0424330e-01    7.1034223e-01
   7.2246760e-01    7.2335023e-01
   7.3155308e-01    7.3961323e-01
   7.4038577e-01    7.4055600e-01
   7.4852675e-01    7.5940835e-01
   7.6075488e-01    7.7583402e-01
   7.7605176e-01    7.7694666e-01
   7.7731866e-01    7.8149599e-01
   7.8159213e-01    7.8282332e-01
   7.8367871e-01    7.9294574e-01
   7.9597259e-01    7.9646087e-01
   8.0488747e-01    8.1124139e-01
   8.1250507e-01    8.1713647e-01
   8.1738228e-01    8.2424319e-01
   8.2509750e-01    8.2881618e-01
   8.3472806e-01    8.4344381e-01
   8.4535211e-01    8.4791863e-01
   8.5248369e-01    8.5314977e-01
   8.5333699e-01    8.6069280e-01
   8.7124723e-01    8.7403870e-01
   8.7700766e-01    8.8479578e-01
   8.9750779e-01    9.0090907e-01
   9.0369534e-01    9.0454048e-01
   9.0795249e-01    9.1030544e-01
   9.1252065e-01    9.1630441e-01
   9.1641539e-01    9.1806668e-01
   9.2182338e-01    9.2505956e-01
   9.2685938e-01    9.2983186e-01
   9.3583137e-01    9.3690628e-01
   9.4028270e-01    9.4582331e-01
   9.4618356e-01    9.4986123e-01
   9.5247549e-01    9.5633781e-01
   9.5962137e-01    9.6523172e-01
   9.6804422e-01    9.7075039e-01
   9.7465205e-01    9.7603464e-01
   9.7981060e-01    9.8406976e-01
   9.8497760e-01    9.8937213e-01
   9.8946917e-01    9.9271786e-01
   9.9586058e-01    1.0010179e+00
   1.0029457e+00    1.0057930e+00
   1.0127126e+00    1.0130376e+00
   1.0182309e+00    1.0201646e+00
   1.0213627e+00    1.0281388e+00
   1.0298975e+00    1.0313274e+00
   1.0424380e+00    1.0489364e+00
   1.0553495e+00    1.0702251e+00
   1.0739026e+00    1.0740272e+00
   1.0764599e+00    1.0888801e+00
   1.0896969e+00    1.0923105e+00
   1.0935143e+00    1.0968437e+00
   1.0985426e+00    1.1031009e+00
   1.1048865e+00    1.1065922e+00
   1.1091275e+00    1.1119050e+00
   1.1206491e+00    1.1219624e+00
   1.1254892e+00    1.1273856e+00
   1.1329017e+00    1.1387417e+00
   1.1401176e+00    1.1464697e+00
   1.1492581e+00    1.1576554e+00
   1.1609925e+00    1.1680067e+00
   1.1759675e+00    1.1859765e+00
   1.1919587e+00    1.1973350e+00
   1.2030631e+00    1.2070954e+00
   1.2098449e+00    1.2126808e+00
   1.2240622e+00    1.2317698e+00
   1.2380745e+00    1.2495966e+00
   1.2514037e+00    1.2581342e+00
   1.2636803e+00    1.2667785e+00
   1.2710506e+00    1.2717634e+00
   1.2783089e+00    1.2810483e+00
   1.2832843e+00    1.2876105e+00
   1.2915273e+00    1.3039392e+00
   1.3113160e+00    1.3305935e+00
   1.3421237e+00    1.3433630e+00
   1.3476268e+00    1.3498981e+00
   1.3512157e+00    1.3616152e+00
   1.3743377e+00    1.3782648e+00
   1.3783196e+00    1.3796996e+00
   1.3854430e+00    1.3909472e+00
   1.4007044e+00    1.4011483e+00
   1.4055908e+00    1.4057839e+00
   1.4105037e+00    1.4110510e+00
   1.4156982e+00    1.4254762e+00
   1.4272976e+00    1.4274778e+00
   1.4299617e+00    1.4604076e+00
   1.4625537e+00    1.4652569e+00
   1.4657840e+00    1.4690397e+00
   1.4692328e+00    1.4760066e+00
   1.4814564e+00    1.4880912e+00
   1.4956796e+00    1.4976951e+00
   1.5208316e+00    1.5209476e+00
   1.5248696e+00    1.5251184e+00
   1.5268674e+00    1.5416648e+00
   1.5460820e+00    1.5518650e+00
   1.5545470e+00    1.5695887e+00
   1.5730934e+00    1.5841072e+00
   1.5848433e+00    1.5866179e+00
   1.5908740e+00    1.5930971e+00
   1.5987909e+00    1.6079103e+00
   1.6134012e+00    1.6368536e+00
   1.6408652e+00    1.6408737e+00
   1.6435241e+00    1.6539837e+00
   1.6675853e+00    1.6710509e+00
   1.6750281e+00    1.6951157e+00
   1.7184218e+00    1.7326157e+00
   1.7374729e+00    1.7394992e+00
   1.7418497e+00    1.7476717e+00
   1.7482865e+00    1.7497485e+00
   1.7560875e+00    1.7562255e+00
   1.7666435e+00    1.7689475e+00
   1.7715732e+00    1.7752904e+00
   1.7773808e+00    1.7987696e+00
   1.8092462e+00    1.8181508e+00
   1.8208708e+00    1.8249929e+00
   1.8289715e+00    1.8309358e+00
   1.8648405e+00    1.8660758e+00
   1.8977271e+00    1.9000999e+00
   1.9083284e+00    1.9307076e+00
   1.9324187e+00    1.9739405e+00
   1.9901147e+00    1.9941169e+00
   2.0023861e+00    2.0465841e+00
   2.0515788e+00    2.0595758e+00
   2.0604575e+00    2.0617049e+00
   2.1210876e+00    2.1326802e+00
   2.1461139e+00    2.2027819e+00
   2.2168641e+00    2.2248802e+00
   2.2268865e+00    2.2308276e+00
   2.2574604e+00    2.2641807e+00
   2.3265271e+00    2.3360493e+00
   2.3646116e+00    2.3999445e+00
   2.4029899e+00    2.4250062e+00
   2.4541504e+00    2.4865940e+00
   2.5258598e+00    2.5436587e+00
   2.6059253e+00    2.6090920e+00
   2.6871574e+00    2.7392173e+00
   3.1141706e+00    3.4562204e+00
  -2.9435692e+00   -2.8808444e+00
  -2.8181055e+00   -2.7878158e+00
  -2.7690141e+00   -2.7557602e+00
  -2.7432799e+00   -2.5904846e+00
  -2.5242877e+00   -2.4978647e+00
  -2.2578652e+00   -2.2372921e+00
  -2.2254539e+00   -2.1963525e+00
  -2.1702256e+00   -2.1502140e+00
  -2.1191609e+00   -2.1161256e+00
  -2.1092603e+00   -2.0985646e+00
  -2.0546484e+00   -2.0380640e+00
  -2.0258596e+00   -2.0217907e+00
  -1.9418709e+00   -1.9135821e+00
  -1.9072753e+00   -1.9048363e+00
  -1.9011050e+00   -1.8935226e+00
  -1.8857924e+00   -1.8779969e+00
  -1.8756571e+00   -1.8512807e+00
  -1.8438686e+00   -1.8394103e+00
  -1.8376628e+00   -1.8342521e+00
  -1.8243641e+00   -1.8051714e+00
  -1.8022130e+00   -1.7829347e+00
  -1.7783656e+00   -1.7760139e+00
  -1.7744193e+00   -1.7406951e+00
  -1.7224683e+00   -1.7220244e+00
  -1.7175137e+00   -1.6920011e+00
  -1.6886448e+00   -1.6847888e+00
  -1.6779236e+00   -1.6653717e+00
  -1.6645734e+00   -1.6627758e+00
  -1.6606792e+00   -1.6524550e+00
  -1.6326522e+00   -1.6245894e+00
  -1.6240442e+00   -1.6067923e+00
  -1.6001443e+00   -1.5895768e+00
  -1.5588646e+00   -1.5507718e+00
  -1.5403613e+00   -1.5334613e+00
  -1.5045049e+00   -1.4979174e+00
  -1.4905993e+00   -1.4873617e+00
  -1.4855173e+00   -1.4823923e+00
  -1.4772190e+00   -1.4697229e+00
  -1.4600418e+00   -1.4384760e+00
  -1.4369444e+00   -1.4351130e+00
  -1.4327697e+00   -1.4226654e+00
  -1.4213430e+00   -1.4211538e+00
  -1.4209895e+00   -1.4182833e+00
  -1.4141753e+00   -1.4132113e+00
  -1.4053633e+00   -1.4044973e+00
  -1.3720942e+00   -1.3602823e+00
  -1.3589205e+00   -1.3552723e+00
  -1.3548394e+00   -1.3496414e+00
  -1.3450637e+00   -1.3448685e+00
  -1.3362601e+00   -1.3294653e+00
  -1.3215760e+00   -1.3122120e+00
  -1.3039300e+00   -1.3031908e+00
  -1.2990903e+00   -1.2963941e+00
  -1.2941195e+00   -1.2922060e+00
  -1.2833593e+00   -1.2787859e+00
  -1.2742338e+00   -1.2593046e+00
  -1.2365851e+00   -1.2340878e+00
  -1.2329901e+00   -1.2156330e+00
  -1.2092174e+00   -1.2056761e+00
  -1.2048202e+00   -1.2042464e+00
  -1.2032964e+00   -1.2025691e+00
  -1.1935096e+00   -1.1924092e+00
  -1.1916939e+00   -1.1911918e+00
  -1.1911917e+00   -1.1807183e+00
  -1.1789201e+00   -1.1660231e+00
  -1.1630151e+00   -1.1589060e+00
  -1.1575568e+00   -1.1545056e+00
  -1.1544271e+00   -1.1430470e+00
  -1.1373373e+00   -1.1339084e+00
  -1.1299948e+00   -1.1281767e+00
  -1.1225294e+00   -1.1204034e+00
  -1.1147591e+00   -1.1025366e+00
  -1.0980833e+00   -1.0976311e+00
  -1.0974227e+00   -1.0956500e+00
  -1.0808514e+00   -1.0808471e+00
  -1.0762024e+00   -1.0749519e+00
  -1.0732478e+00   -1.0594523e+00
  -1.0541875e+00   -1.0489111e+00
  -1.0465436e+00   -1.0451980e+00
  -1.0377614e+00   -1.0340074e+00
  -1.0326335e+00   -1.0295893e+00
  -1.0278894e+00   -1.0272958e+00
  -1.0260808e+00   -1.0222057e+00
  -1.0177364e+00   -1.0160315e+00
  -1.0093349e+00   -1.0079756e+00
  -1.0078205e+00   -1.0072733e+00
  -1.0069768e+00   -1.0013849e+00
  -1.0005957e+00   -9.9751693e-01
  -9.9244112e-01   -9.9242467e-01
  -9.9189997e-01   -9.8632848e-01
  -9.8476964e-01   -9.8176873e-01
  -9.7652924e-01   -9.7370708e-01
  -9.7310418e-01   -9.7184712e-01
  -9.7065705e-01   -9.6843767e-01
  -9.6309257e-01   -9.6074593e-01
  -9.6056265e-01   -9.5743090e-01
  -9.5682508e-01   -9.5495224e-01
  -9.5444530e-01   -9.4397271e-01
  -9.3242610e-01   -9.3104154e-01
  -9.2793888e-01   -9.2611951e-01
  -9.2345816e-01   -9.2050934e-01
  -9.0917403e-01   -9.0745980e-01
  -8.8569230e-01   -8.8548100e-01
  -8.8380194e-01   -8.8285732e-01
  -8.8032293e-01   -8.7584364e-01
  -8.7508070e-01   -8.7471867e-01
  -8.6829472e-01   -8.6781168e-01
  -8.5320675e-01   -8.5000288e-01
  -8.4782559e-01   -8.4463650e-01
  -8.4384221e-01   -8.4107625e-01
  -8.2961243e-01   -8.1397462e-01
  -8.1085044e-01   -7.9947799e-01
  -7.8926837e-01   -7.8925890e-01
  -7.7636969e-01   -7.5393492e-01
  -7.4689668e-01   -7.4335229e-01
  -7.4280417e-01   -7.3462880e-01
  -7.3318118e-01   -7.3195523e-01
  -7.3107719e-01   -7.3079193e-01
  -7.2874188e-01   -7.2453278e-01
  -7.2186309e-01   -7.1728170e-01
  -7.1467364e-01   -7.1466410e-01
  -7.0509052e-01   -7.0443845e-01
  -7.0376492e-01   -7.0313430e-01
  -7.0285481e-01   -7.0040667e-01
  -6.9818777e-01   -6.9720834e-01
  -6.9641650e-01   -6.9468516e-01
  -6.9383395e-01   -6.9209689e-01
  -6.8852484e-01   -6.8805039e-01
  -6.8786180e-01   -6.8401140e-01
  -6.7353779e-01   -6.6392630e-01
  -6.6080272e-01   -6.5866393e-01
  -6.5769464e-01   -6.5655774e-01
  -6.5471762e-01   -6.5150696e-01
  -6.5030527e-01   -6.4970255e-01
  -6.4630753e-01   -6.4298064e-01
  -6.4214468e-01   -6.3977396e-01
  -6.3974357e-01   -6.3913953e-01
  -6.3890272e-01   -6.3608456e-01
  -6.3423955e-01   -6.2828821e-01
  -6.2066764e-01   -6.1932611e-01
  -6.1839414e-01   -6.1819655e-01
  -6.1787832e-01   -6.1683351e-01
  -6.1368883e-01   -6.1181396e-01
  -6.1107802e-01   -6.0977435e-01
  -6.0870183e-01   -6.0864538e-01
  -6.0562050e-01   -5.9976763e-01
  -5.9480017e-01   -5.9381306e-01
  -5.9330964e-01   -5.9212935e-01
  -5.9204853e-01   -5.9003401e-01
  -5.8971065e-01   -5.8638370e-01
  -5.8536130e-01   -5.8334059e-01
  -5.8259016e-01   -5.8075529e-01
  -5.7912076e-01   -5.7896245e-01
  -5.7771921e-01   -5.7682669e-01
  -5.7493615e-01   -5.7397729e-01
  -5.6880409e-01   -5.6587183e-01
  -5.6012344e-01   -5.5961323e-01
  -5.5530900e-01   -5.5526441e-01
  -5.5410445e-01   -5.5071723e-01
  -5.4912418e-01   -5.4566801e-01
  -5.4083985e-01   -5.3775185e-01
  -5.3768301e-01   -5.3571671e-01
  -5.3356594e-01   -5.2640206e-01
  -5.2325904e-01   -5.2171600e-01
  -5.1936728e-01   -5.1744300e-01
  -5.1736933e-01   -5.1608211e-01
  -5.1449341e-01   -5.1409012e-01
  -5.1235926e-01   -5.0995326e-01
  -5.0988591e-01   -5.0770009e-01
  -5.0424069e-01   -4.9434224e-01
  -4.9284303e-01   -4.8973820e-01
  -4.8472995e-01   -4.8330027e-01
  -4.8265615e-01   -4.7441992e-01
  -4.6662995e-01   -4.6627626e-01
  -4.6627554e-01   -4.5805869e-01
  -4.5479006e-01   -4.5379278e-01
  -4.5330244e-01   -4.5324573e-01
  -4.5096904e-01   -4.5052311e-01
  -4.4925395e-01   -4.4844988e-01
  -4.4450372e-01   -4.3873659e-01
  -4.3852228e-01   -4.3527034e-01
  -4.3397745e-01   -4.3036768e-01
  -4.2917448e-01   -4.2857531e-01
  -4.2647105e-01   -4.2618638e-01
  -4.2309019e-01   -4.1946325e-01
  -4.1574547e-01   -4.0939057e-01
  -3.9398414e-01   -3.8847220e-01
  -3.8458413e-01   -3.8195750e-01
  -3.8182744e-01   -3.8105762e-01
  -3.7942928e-01   -3.7816280e-01
  -3.7605557e-01   -3.7540922e-01
  -3.7385571e-01   -3.6044583e-01
  -3.5955113e-01   -3.5623452e-01
  -3.5521862e-01   -3.5170764e-01
  -3.4839699e-01   -3.4791815e-01
  -3.4459639e-01   -3.3882365e-01
  -3.3825585e-01   -3.3817822e-01
  -3.3515286e-01   -3.3428121e-01
  -3.3094940e-01   -3.2526129e-01
  -3.2394940e-01   -3.2385448e-01
  -3.1955755e-01   -3.1031612e-01
  -3.0730572e-01   -3.0728626e-01
  -3.0167961e-01   -3.0088660e-01
  -3.0073142e-01   -2.8620440e-01
  -2.8586742e-01   -2.8571305e-01
  -2.8498098e-01   -2.8319365e-01
  -2.8319210e-01   -2.8050646e-01
  -2.7957323e-01   -2.7560276e-01
  -2.7029362e-01   -2.7025631e-01
  -2.6863310e-01   -2.6829779e-01
  -2.6522350e-01   -2.6516074e-01
  -2.6339915e-01   -2.6297316e-01
  -2.6088601e-01   -2.5889850e-01
  -2.4990846e-01   -2.4524571e-01
  -2.3844963e-01   -2.3625250e-01
  -2.3581164e-01   -2.3067753e-01
  -2.2418793e-01   -2.2132194e-01
  -2.2027965e-01   -2.1761669e-01
  -2.0275404e-01   -2.0031817e-01
  -1.9547205e-01   -1.9376206e-01
  -1.9344349e-01   -1.8421222e-01
  -1.8404654e-01   -1.8168351e-01
  -1.7876717e-01   -1.7496784e-01
  -1.7331453e-01   -1.7082106e-01
  -1.6957545e-01   -1.6642199e-01
  -1.6153468e-01   -1.6054793e-01
  -1.5956420e-01   -1.5799810e-01
  -1.5530844e-01   -1.5440007e-01
  -1.5333064e-01   -1.4749289e-01
  -1.4722554e-01   -1.4567685e-01
  -1.4269057e-01   -1.3753244e-01
  -1.3473365e-01   -1.3418433e-01
  -1.3178621e-01   -1.3033549e-01
  -1.3014728e-01   -1.3001396e-01
  -1.2136951e-01   -1.2120382e-01
  -1.2095863e-01   -1.2057074e-01
  -1.1913247e-01   -1.0931142e-01
  -1.0799495e-01   -1.0721098e-01
  -1.0641386e-01   -1.0276397e-01
  -9.0867139e-02   -9.0828240e-02
  -8.8540822e-02   -8.2276493e-02
  -8.0752090e-02   -7.9382658e-02
  -7.7514447e-02   -7.6549329e-02
  -7.3995724e-02   -7.3495045e-02
  -6.8491854e-02   -6.6903993e-02
  -6.5812089e-02   -6.0580455e-02
  -5.8491390e-02   -5.6501061e-02
  -5.3157043e-02   -5.1449660e-02
  -4.9436219e-02   -4.1588780e-02
  -3.9319672e-02   -3.7227433e-02
  -3.5795931e-02   -3.4647096e-02
  -2.7435079e-02   -2.6731677e-02
  -2.3452781e-02   -2.1875013e-02
  -1.9913787e-02   -1.9637762e-02
  -1.9240370e-02   -1.8530300e-02
  -1.0338125e-02   -8.9185629e-03
  -8.6071035e-03   -7.4952911e-03
  -6.2066978e-03   -5.2295285e-03
  -5.1123863e-03   -4.3023275e-03
  -3.3438313e-03    1.3753683e-04
   3.8227499e-03    4.9812123e-03
   5.0169197e-03    1.1854327e-02
   1.8662972e-02    1.9961853e-02
   2.1325925e-02    2.6490403e-02
   2.6544528e-02    2.9807307e-02
   3.3904627e-02    3.4931928e-02
   3.6035210e-02    3.7359796e-02
   3.7437573e-02    3.9604299e-02
   4.1798547e-02    4.5022726e-02
   5.0178006e-02    5.0722666e-02
   5.7561737e-02    6.0743887e-02
   6.5906018e-02    6.9643959e-02
   7.1279608e-02    7.5034179e-02
   7.6678358e-02    8.1574470e-02
   8.5898407e-02    8.6854599e-02
   9.1487929e-02    9.2916958e-02
   9.3071789e-02    9.8424613e-02
   9.9732243e-02    1.0161645e-01
   1.0208102e-01    1.0336755e-01
   1.0393390e-01    1.0472304e-01
   1.0517465e-01    1.0872127e-01
   1.0895354e-01    1.1278108e-01
   1.1383948e-01    1.1456572e-01
   1.1625950e-01    1.1633020e-01
   1.1918952e-01    1.2204907e-01
   1.2262919e-01    1.2903351e-01
   1.2997760e-01    1.3371348e-01
   1.3372520e-01    1.3415469e-01
   1.3515490e-01    1.3649774e-01
   1.3679001e-01    1.3832103e-01
   1.5072700e-01    1.5511869e-01
   1.6034202e-01    1.6181171e-01
   1.6568613e-01    1.7325707e-01
   1.7334805e-01    1.7444710e-01
   1.8088919e-01    1.8148683e-01
   1.8862176e-01    1.8920569e-01
   1.9295593e-01    1.9421303e-01
   1.9429410e-01    1.9908077e-01
   2.0305425e-01    2.0389812e-01
   2.0837371e-01    2.0887707e-01
   2.0965248e-01    2.1107028e-01
   2.1255232e-01    2.1256474e-01
   2.1655263e-01    2.2403000e-01
   2.2442806e-01    2.2682469e-01
   2.2723344e-01    2.3179628e-01
   2.3591118e-01    2.3820327e-01
   2.4325721e-01    2.4335216e-01
   2.4377224e-01    2.4388643e-01
   2.4804559e-01    2.5200358e-01
   2.5203136e-01    2.5379580e-01
   2.5570202e-01    2.5579312e-01
   2.6229987e-01    2.6273337e-01
   2.6830348e-01    2.7166572e-01
   2.7325857e-01    2.7698949e-01
   2.7993453e-01    2.8557229e-01
   2.8852934e-01    2.9058966e-01
   2.9117623e-01    2.9975256e-01
   3.0422860e-01    3.0425638e-01
   3.0527928e-01    3.0534643e-01
   3.1008166e-01    3.1360680e-01
   3.1553400e-01    3.1691372e-01
   3.2370099e-01    3.2499075e-01
   3.3398125e-01    3.3859077e-01
   3.3999625e-01    3.4060845e-01
   3.4184790e-01    3.4421918e-01
   3.4600013e-01    3.4771928e-01
   3.4921187e-01    3.5096049e-01
   3.5116583e-01    3.5598871e-01
   3.6678293e-01    3.6887315e-01
   3.7484360e-01    3.7487638e-01
   3.7542349e-01    3.7710491e-01
   3.7847966e-01    3.7947157e-01
   3.8307834e-01    3.8733903e-01
   3.8847187e-01    3.9060676e-01
   3.9288485e-01    3.9456540e-01
   3.9500082e-01    3.9506102e-01
   4.0025076e-01    4.0140796e-01
   4.0175408e-01    4.0196171e-01
   4.0389490e-01    4.0590984e-01
   4.0838611e-01    4.0965095e-01
   4.1067886e-01    4.1129589e-01
   4.1421059e-01    4.1818634e-01
   4.1933495e-01    4.2085484e-01
   4.2544204e-01    4.2604807e-01
   4.2976639e-01    4.3024775e-01
   4.3069223e-01    4.3388504e-01
   4.4101200e-01    4.4137576e-01
   4.4210729e-01    4.4275585e-01
   4.4471249e-01    4.4625369e-01
   4.4736007e-01    4.4837841e-01
   4.5247558e-01    4.5276031e-01
   4.6034521e-01    4.6046093e-01
   4.6183068e-01    4.6694833e-01
   4.7143638e-01    4.7237030e-01
   4.7718185e-01    4.8008507e-01
   4.8082393e-01    4.8172271e-01
   4.8563933e-01    4.8953342e-01
   4.9194199e-01    4.9314567e-01
   4.9370906e-01    4.9536830e-01
   4.9820608e-01    5.1351273e-01
   5.1394629e-01    5.1723319e-01
   5.1931995e-01    5.1973486e-01
   5.2213627e-01    5.2331120e-01
   5.3083009e-01    5.3922051e-01
   5.4189891e-01    5.4459172e-01
   5.4463696e-01    5.4762232e-01
   5.4965532e-01    5.5286264e-01
   5.5383956e-01    5.5535090e-01
   5.5905992e-01    5.6421798e-01
   5.7082760e-01    5.7189763e-01
   5.7302463e-01    5.7340401e-01
   5.7886088e-01    5.8194745e-01
   5.8466816e-01    5.8604753e-01
   5.8842993e-01    5.8925593e-01
   5.9182858e-01    5.9306234e-01
   5.9481925e-01    6.0042411e-01
   6.0862350e-01    6.0960919e-01
   6.1028457e-01    6.1075753e-01
   6.1177337e-01    6.1295038e-01
   6.1773551e-01    6.2292206e-01
   6.2609458e-01    6.2975508e-01
   6.3900995e-01    6.4246559e-01
   6.4247543e-01    6.4253223e-01
   6.4356875e-01    6.4408737e-01
   6.4490521e-01    6.4707524e-01
   6.4829016e-01    6.5648264e-01
   6.6043937e-01    6.6287220e-01
   6.6508192e-01    6.6517556e-01
   6.7111105e-01    6.7222363e-01
   6.7692226e-01    6.8385869e-01
   6.8449956e-01    6.8625307e-01
   6.8898499e-01    6.9697875e-01
   6.9902140e-01    7.0070076e-01
   7.0173591e-01    7.0677161e-01
   7.0748198e-01    7.0766634e-01
   7.1080625e-01    7.2091973e-01
   7.2176099e-01    7.2243881e-01
   7.2259784e-01    7.2530389e-01
   7.2689754e-01    7.3203677e-01
   7.3592317e-01    7.3679203e-01
   7.3872828e-01    7.4495733e-01
   7.4693793e-01    7.6160771e-01
   7.6471001e-01    7.6617557e-01
   7.7781087e-01    7.8143948e-01
   7.8365237e-01    7.8463620e-01
   7.8611964e-01    7.8687054e-01
   7.8702241e-01    7.9572093e-01
   8.0036634e-01    8.0129701e-01
   8.0350608e-01    8.0735141e-01
   8.0868089e-01    8.1878310e-01
   8.1958556e-01    8.2329589e-01
   8.2953328e-01    8.3575451e-01
   8.4015685e-01    8.4193313e-01
   8.4241086e-01    8.4253222e-01
   8.4285194e-01    8.4482288e-01
   8.4499592e-01    8.4590608e-01
   8.4821588e-01    8.5400659e-01
   8.5438842e-01    8.5608101e-01
   8.6294872e-01    8.6814076e-01
   8.6905652e-01    8.6944860e-01
   8.7123221e-01    8.7545878e-01
   8.8675153e-01    8.9469689e-01
   8.9944988e-01    9.0001112e-01
   9.0453911e-01    9.0987957e-01
   9.1255045e-01    9.1536093e-01
   9.2452121e-01    9.2956370e-01
   9.3328989e-01    9.3420219e-01
   9.3695521e-01    9.4363868e-01
   9.4516671e-01    9.4920629e-01
   9.5703918e-01    9.5888567e-01
   9.6456826e-01    9.7692537e-01
   9.7827661e-01    9.8751748e-01
   9.9440718e-01    1.0037136e+00
   1.0052816e+00    1.0109029e+00
   1.0111539e+00    1.0125740e+00
   1.0318743e+00    1.0323044e+00
   1.0419095e+00    1.0449287e+00
   1.0486535e+00    1.0574653e+00
   1.0600028e+00    1.0608196e+00
   1.0689636e+00    1.0716138e+00
   1.0723044e+00    1.0761387e+00
   1.0769179e+00    1.0804214e+00
   1.0820576e+00    1.0827539e+00
   1.0832162e+00    1.0888927e+00
   1.0899955e+00    1.1061561e+00
   1.1086935e+00    1.1105622e+00
   1.1266172e+00    1.1279860e+00
   1.1292946e+00    1.1327451e+00
   1.1359715e+00    1.1469728e+00
   1.1521494e+00    1.1658295e+00
   1.1664227e+00    1.1693380e+00
   1.1807377e+00    1.1842653e+00
   1.1848402e+00    1.1902198e+00
   1.1908798e+00    1.1940910e+00
   1.1984862e+00    1.1996318e+00
   1.2000619e+00    1.2185295e+00
   1.2185688e+00    1.2192746e+00
   1.2200856e+00    1.2339196e+00
   1.2361170e+00    1.2464876e+00
   1.2523490e+00    1.2566791e+00
   1.2652713e+00    1.2714143e+00
   1.2757460e+00    1.2929977e+00
   1.2948980e+00    1.2995371e+00
   1.3083323e+00    1.3207844e+00
   1.3260630e+00    1.3283126e+00
   1.3353097e+00    1.3383905e+00
   1.3395441e+00    1.3489262e+00
   1.3502351e+00    1.3527825e+00
   1.3808159e+00    1.3817163e+00
   1.3848187e+00    1.3900427e+00
   1.3953257e+00    1.3984430e+00
   1.4045382e+00    1.4075379e+00
   1.4143115e+00    1.4143943e+00
   1.4241165e+00    1.4242129e+00
   1.4281104e+00    1.4310341e+00
   1.4380275e+00    1.4459987e+00
   1.4465199e+00    1.4581970e+00
   1.4689676e+00    1.4702948e+00
   1.4703515e+00    1.4820035e+00
   1.4838090e+00    1.4878440e+00
   1.5018017e+00    1.5123904e+00
   1.5317851e+00    1.5331147e+00
   1.5443707e+00    1.5566868e+00
   1.5720077e+00    1.5739515e+00
   1.5859765e+00    1.5903037e+00
   1.5947362e+00    1.6098893e+00
   1.6210542e+00    1.6211319e+00
   1.6383673e+00    1.6513009e+00
   1.6526103e+00    1.6676069e+00
   1.6728280e+00    1.6868328e+00
   1.6925578e+00    1.6997135e+00
   1.7155616e+00    1.7314779e+00
   1.7481098e+00    1.8037807e+00
   1.8530211e+00    1.8583024e+00
   1.8672911e+00    1.9117730e+00
   1.9141620e+00    1.9508138e+00
   1.9771383e+00    1.9834995e+00
   1.9915570e+00    2.0126998e+00
   2.0176294e+00    2.0329337e+00
   2.0444236e+00    2.0684741e+00
   2.1168082e+00    2.1195998e+00
   2.1636949e+00    2.1745360e+00
   2.1944845e+00    2.2153289e+00
   2.2187624e+00    2.2581043e+00
   2.2784801e+00    2.2875044e+00
   2.3177958e+00    2.3225162e+00
   2.4038570e+00    2.4442499e+00
   2.5171356e+00    2.5431025e+00
   2.5611091e+00    2.5869770e+00
   2.8351932e+00    2.8552785e+00
   2.8867419e+00    2.9157674e+00
   3.1098199e+00    3.2474403e+00
  -2.8960836e+00   -2.5556169e+00
  -2.5335600e+00   -2.5171421e+00
  -2.4155402e+00   -2.4142375e+00
  -2.3669217e+00   -2.3358290e+00
  -2.3333664e+00   -2.3129408e+00
  -2.2957716e+00   -2.2945728e+00
  -2.2704554e+00   -2.2082775e+00
  -2.1657603e+00   -2.1580272e+00
  -2.0682929e+00   -2.0424864e+00
  -2.0309379e+00   -2.0293667e+00
  -2.0059307e+00   -1.9614166e+00
  -1.9286290e+00   -1.9269868e+00
  -1.9255683e+00   -1.9175782e+00
  -1.9097635e+00   -1.9034386e+00
  -1.9022969e+00   -1.8845816e+00
  -1.8735856e+00   -1.8723203e+00
  -1.8636551e+00   -1.8483864e+00
  -1.8456949e+00   -1.8424211e+00
  -1.8375925e+00   -1.8307170e+00
  -1.8306637e+00   -1.8195145e+00
  -1.8182900e+00   -1.7974057e+00
  -1.7780681e+00   -1.7629431e+00
  -1.7574390e+00   -1.7373463e+00
  -1.6973321e+00   -1.6938198e+00
  -1.6683612e+00   -1.6507444e+00
  -1.6413622e+00   -1.6282132e+00
  -1.6240251e+00   -1.6068919e+00
  -1.6046197e+00   -1.5958391e+00
  -1.5920246e+00   -1.5846599e+00
  -1.5780262e+00   -1.5697025e+00
  -1.5461019e+00   -1.5418291e+00
  -1.5354903e+00   -1.5208285e+00
  -1.5193413e+00   -1.5166215e+00
  -1.4992582e+00   -1.4989824e+00
  -1.4943558e+00   -1.4841032e+00
  -1.4766716e+00   -1.4717650e+00
  -1.4696634e+00   -1.4594219e+00
  -1.4549512e+00   -1.4545915e+00
  -1.4520847e+00   -1.4445598e+00
  -1.4396185e+00   -1.4392226e+00
  -1.4351772e+00   -1.4282129e+00
  -1.4212445e+00   -1.4201424e+00
  -1.4028162e+00   -1.3930713e+00
  -1.3823562e+00   -1.3775544e+00
  -1.3676947e+00   -1.3646606e+00
  -1.3591667e+00   -1.3556391e+00
  -1.3469183e+00   -1.3157774e+00
  -1.3139349e+00   -1.3117132e+00
  -1.3022835e+00   -1.2995980e+00
  -1.2974977e+00   -1.2955301e+00
  -1.2938963e+00   -1.2915870e+00
  -1.2915151e+00   -1.2850946e+00
  -1.2837452e+00   -1.2723123e+00
  -1.2639645e+00   -1.2623476e+00
  -1.2589036e+00   -1.2558618e+00
  -1.2374941e+00   -1.2230437e+00
  -1.2216096e+00   -1.2094556e+00
  -1.2036304e+00   -1.2019420e+00
  -1.1996007e+00   -1.1945975e+00
  -1.1818166e+00   -1.1759161e+00
  -1.1719838e+00   -1.1656078e+00
  -1.1310096e+00   -1.1280158e+00
  -1.1250039e+00   -1.1154041e+00
  -1.1114869e+00   -1.1096016e+00
  -1.1064253e+00   -1.1002517e+00
  -1.0968772e+00   -1.0925075e+00
  -1.0887774e+00   -1.0880321e+00
  -1.0839267e+00   -1.0660617e+00
  -1.0659434e+00   -1.0589635e+00
  -1.0567665e+00   -1.0567654e+00
  -1.0565751e+00   -1.0552412e+00
  -1.0542871e+00   -1.0518290e+00
  -1.0513970e+00   -1.0494286e+00
  -1.0459729e+00   -1.0423304e+00
  -1.0399187e+00   -1.0396053e+00
  -1.0324790e+00   -1.0308665e+00
  -1.0301563e+00   -1.0259188e+00
  -1.0255684e+00   -1.0223387e+00
  -1.0166900e+00   -1.0118399e+00
  -1.0097423e+00   -1.0086954e+00
  -1.0077187e+00   -1.0004082e+00
  -9.9450183e-01   -9.9062026e-01
  -9.8878801e-01   -9.7901839e-01
  -9.7885972e-01   -9.7719890e-01
  -9.7534883e-01   -9.7128564e-01
  -9.6907407e-01   -9.5317698e-01
  -9.4483614e-01   -9.3358260e-01
  -9.2939389e-01   -9.2929286e-01
  -9.1931707e-01   -9.1702884e-01
  -9.1701466e-01   -9.1464806e-01
  -9.1010171e-01   -9.0436900e-01
  -8.9696330e-01   -8.9383096e-01
  -8.9288932e-01   -8.8920546e-01
  -8.8855350e-01   -8.8802212e-01
  -8.8780338e-01   -8.8560396e-01
  -8.8182247e-01   -8.8148010e-01
  -8.7932611e-01   -8.7495565e-01
  -8.6728930e-01   -8.5553586e-01
  -8.5422057e-01   -8.5160553e-01
  -8.4627318e-01   -8.4349018e-01
  -8.4081888e-01   -8.3669257e-01
  -8.3540195e-01   -8.3397937e-01
  -8.3307010e-01   -8.3215642e-01
  -8.2593805e-01   -8.2148546e-01
  -8.2048041e-01   -8.1642175e-01
  -8.1051159e-01   -8.0302119e-01
  -7.8664666e-01   -7.8277224e-01
  -7.8138435e-01   -7.8127640e-01
  -7.8011447e-01   -7.7682471e-01
  -7.7281153e-01   -7.6904863e-01
  -7.6571989e-01   -7.5972933e-01
  -7.5760800e-01   -7.5596023e-01
  -7.5123733e-01   -7.4792188e-01
  -7.4503523e-01   -7.3909545e-01
  -7.3737931e-01   -7.3509294e-01
  -7.2372019e-01   -7.1962440e-01
  -7.1543604e-01   -7.1507758e-01
  -7.1482015e-01   -7.1286237e-01
  -7.0581615e-01   -7.0521384e-01
  -7.0205444e-01   -7.0126766e-01
  -6.9517410e-01   -6.8526566e-01
  -6.8504816e-01   -6.8202549e-01
  -6.8068928e-01   -6.7932695e-01
  -6.7646539e-01   -6.7005110e-01
  -6.6761875e-01   -6.6734052e-01
  -6.6525036e-01   -6.6192228e-01
  -6.6025245e-01   -6.5942729e-01
  -6.5792114e-01   -6.5611118e-01
  -6.5355563e-01   -6.5286177e-01
  -6.4751357e-01   -6.4673996e-01
  -6.4536232e-01   -6.4121687e-01
  -6.3851357e-01   -6.3753867e-01
  -6.3706851e-01   -6.3509744e-01
  -6.3430417e-01   -6.3334996e-01
  -6.3196170e-01   -6.2994367e-01
  -6.2721717e-01   -6.1494368e-01
  -6.1160094e-01   -6.0390812e-01
  -6.0020310e-01   -5.9757763e-01
  -5.9593862e-01   -5.9563488e-01
  -5.9528047e-01   -5.9257329e-01
  -5.9029061e-01   -5.8855623e-01
  -5.8743346e-01   -5.8614683e-01
  -5.8215892e-01   -5.8181185e-01
  -5.7371777e-01   -5.7368267e-01
  -5.7315868e-01   -5.7297784e-01
  -5.7229114e-01   -5.6783319e-01
  -5.6002760e-01   -5.5390549e-01
  -5.5329990e-01   -5.5032921e-01
  -5.4951793e-01   -5.4784787e-01
  -5.4627287e-01   -5.4346180e-01
  -5.3484321e-01   -5.3465194e-01
  -5.3390384e-01   -5.2843845e-01
  -5.2666700e-01   -5.2638209e-01
  -5.2541834e-01   -5.2520478e-01
  -5.2209431e-01   -5.2141511e-01
  -5.2126831e-01   -5.1057673e-01
  -5.0968438e-01   -5.0788701e-01
  -5.0087345e-01   -4.8685473e-01
  -4.8681295e-01   -4.8402998e-01
  -4.8304945e-01   -4.7972858e-01
  -4.7711897e-01   -4.7678831e-01
  -4.7530451e-01   -4.7263220e-01
  -4.6941477e-01   -4.6827313e-01
  -4.6290702e-01   -4.5942083e-01
  -4.5747015e-01   -4.5269957e-01
  -4.4930381e-01   -4.4449154e-01
  -4.4437191e-01   -4.3934649e-01
  -4.3746835e-01   -4.3597153e-01
  -4.3574136e-01   -4.3453032e-01
  -4.3089840e-01   -4.3061548e-01
  -4.2977560e-01   -4.2738062e-01
  -4.2346972e-01   -4.1792682e-01
  -4.0894783e-01   -4.0232909e-01
  -4.0196919e-01   -3.9779937e-01
  -3.9662260e-01   -3.9581117e-01
  -3.9395639e-01   -3.9231712e-01
  -3.9180097e-01   -3.9032859e-01
  -3.8778418e-01   -3.7939081e-01
  -3.7779281e-01   -3.7725723e-01
  -3.7692139e-01   -3.7658480e-01
  -3.7501666e-01   -3.7205496e-01
  -3.7039819e-01   -3.6900389e-01
  -3.6878663e-01   -3.6631152e-01
  -3.6502433e-01   -3.6471203e-01
  -3.6200815e-01   -3.6189094e-01
  -3.5557160e-01   -3.5532835e-01
  -3.5441944e-01   -3.5191664e-01
  -3.3775184e-01   -3.3751544e-01
  -3.3702913e-01   -3.3650807e-01
  -3.3575243e-01   -3.3551967e-01
  -3.3339605e-01   -3.3186421e-01
  -3.2625678e-01   -3.2555467e-01
  -3.2135901e-01   -3.2111803e-01
  -3.2089770e-01   -3.2011428e-01
  -3.0322647e-01   -3.0173582e-01
  -2.9958394e-01   -2.9935396e-01
  -2.9917020e-01   -2.9829019e-01
  -2.9366201e-01   -2.9177332e-01
  -2.8869987e-01   -2.7829468e-01
  -2.7752873e-01   -2.7549234e-01
  -2.7324387e-01   -2.7122399e-01
  -2.7027419e-01   -2.6886123e-01
  -2.6737526e-01   -2.6686242e-01
  -2.6603436e-01   -2.6457807e-01
  -2.6430464e-01   -2.6214480e-01
  -2.4935848e-01   -2.4756539e-01
  -2.4242771e-01   -2.4234147e-01
  -2.4004956e-01   -2.3939176e-01
  -2.3751752e-01   -2.3480727e-01
  -2.3070744e-01   -2.2936605e-01
  -2.2524038e-01   -2.2488393e-01
  -2.1896154e-01   -2.1682163e-01
  -2.1033387e-01   -2.0843339e-01
  -2.0745417e-01   -2.0320468e-01
  -1.9682656e-01   -1.9593643e-01
  -1.9568034e-01   -1.9554205e-01
  -1.9456063e-01   -1.9350170e-01
  -1.9111131e-01   -1.9046073e-01
  -1.8739203e-01   -1.8352641e-01
  -1.8328114e-01   -1.8107960e-01
  -1.7661463e-01   -1.7658980e-01
  -1.7423458e-01   -1.7352816e-01
  -1.6730393e-01   -1.6698569e-01
  -1.6264355e-01   -1.5995455e-01
  -1.5957935e-01   -1.5662406e-01
  -1.5636897e-01   -1.5043035e-01
  -1.4811842e-01   -1.4729317e-01
  -1.4486642e-01   -1.4249875e-01
  -1.3460663e-01   -1.3363506e-01
  -1.2801076e-01   -1.2622306e-01
  -1.2381727e-01   -1.1822090e-01
  -1.1628704e-01   -1.1554075e-01
  -1.1233853e-01   -1.1128307e-01
  -1.1097749e-01   -1.0614809e-01
  -1.0427683e-01   -1.0374115e-01
  -9.8384574e-02   -9.6944816e-02
  -9.5365837e-02   -9.4198681e-02
  -9.4042927e-02   -8.9262240e-02
  -8.7186873e-02   -8.3640158e-02
  -6.9870599e-02   -6.9350056e-02
  -6.7377798e-02   -6.2506847e-02
  -6.2264524e-02   -6.1912779e-02
  -5.3012330e-02   -5.2390344e-02
  -5.2087851e-02   -4.5715030e-02
  -4.3671798e-02   -3.9789092e-02
  -3.1479742e-02   -3.1315025e-02
  -3.0256463e-02   -2.7765293e-02
  -2.4532799e-02   -2.3648126e-02
  -2.3511607e-02   -1.7813152e-02
  -1.7733794e-02   -1.5789537e-02
  -1.5273298e-02   -1.2867522e-02
  -7.0243743e-03   -5.6943134e-03
  -4.6129641e-03   -3.7456613e-03
  -8.6918043e-04    1.8582032e-05
   2.4436265e-03    2.7898417e-03
   5.2288123e-03    9.6749626e-03
   1.4248233e-02    1.4527443e-02
   2.1112544e-02    2.3887549e-02
   3.1669110e-02    3.5410531e-02
   3.7828717e-02    4.4002730e-02
   4.4917982e-02    4.5164306e-02
   4.5243476e-02    4.6125878e-02
   5.4857183e-02    5.8034942e-02
   6.4581551e-02    6.4873643e-02
   6.7057461e-02    6.8100698e-02
   7.0217222e-02    7.9733722e-02
   8.4091462e-02    8.7931544e-02
   8.9846060e-02    9.2699558e-02
   9.6135266e-02    9.7103328e-02
   9.8439626e-02    1.0180631e-01
   1.0318324e-01    1.0351415e-01
   1.0539276e-01    1.0565358e-01
   1.0592418e-01    1.0724115e-01
   1.1203340e-01    1.1444832e-01
   1.1694275e-01    1.1783625e-01
   1.1866740e-01    1.1884846e-01
   1.2381212e-01    1.2926835e-01
   1.2967999e-01    1.3554047e-01
   1.3803162e-01    1.3923138e-01
   1.3953270e-01    1.4291756e-01
   1.4648782e-01    1.4712328e-01
   1.5109451e-01    1.5530977e-01
   1.5894035e-01    1.5911718e-01
   1.5948641e-01    1.6121155e-01
   1.6195005e-01    1.6331401e-01
   1.6475587e-01    1.6749372e-01
   1.6850103e-01    1.7335147e-01
   1.7460278e-01    1.7580894e-01
   1.7664532e-01    1.7899692e-01
   1.7997594e-01    1.8038221e-01
   1.8139653e-01    1.8449110e-01
   1.8593040e-01    1.8732393e-01
   1.8753958e-01    1.8763524e-01
   1.9092003e-01    1.9217482e-01
   1.9380409e-01    1.9738510e-01
   1.9954644e-01    2.0035776e-01
   2.0180568e-01    2.0442116e-01
   2.0796011e-01    2.0810553e-01
   2.1067861e-01    2.1111940e-01
   2.1830137e-01    2.1952045e-01
   2.2272143e-01    2.2296962e-01
   2.3220941e-01    2.3228736e-01
   2.3353496e-01    2.3400655e-01
   2.3735166e-01    2.3775405e-01
   2.3786937e-01    2.3886867e-01
   2.3952207e-01    2.3981477e-01
   2.4635786e-01    2.4780667e-01
   2.4797158e-01    2.4872766e-01
   2.4900441e-01    2.5660011e-01
   2.5987315e-01    2.6792493e-01
   2.6855868e-01    2.7226478e-01
   2.7348214e-01    2.7953455e-01
   2.8048673e-01    2.8206068e-01
   2.8296462e-01    2.8582704e-01
   2.8791842e-01    2.9247561e-01
   2.9275870e-01    2.9363546e-01
   2.9918879e-01    3.0144221e-01
   3.1150874e-01    3.1178409e-01
   3.1441057e-01    3.1824803e-01
   3.1881061e-01    3.1993487e-01
   3.2139295e-01    3.2497200e-01
   3.2925355e-01    3.3802387e-01
   3.3970720e-01    3.4056973e-01
   3.4137461e-01    3.4165472e-01
   3.4184885e-01    3.4239486e-01
   3.4390715e-01    3.4601805e-01
   3.4801528e-01    3.5213214e-01
   3.5509396e-01    3.5791710e-01
   3.5933286e-01    3.5981581e-01
   3.6040953e-01    3.6050799e-01
   3.6124876e-01    3.6465892e-01
   3.7280604e-01    3.7300813e-01
   3.7671101e-01    3.8107723e-01
   3.8673374e-01    3.8675407e-01
   3.8678566e-01    3.8852820e-01
   3.9289623e-01    3.9362928e-01
   4.0307459e-01    4.0410367e-01
   4.0438354e-01    4.0508512e-01
   4.0575320e-01    4.0858969e-01
   4.1172084e-01    4.1439518e-01
   4.1570070e-01    4.1616893e-01
   4.1632777e-01    4.2076173e-01
   4.2625996e-01    4.2715368e-01
   4.2936671e-01    4.3158594e-01
   4.3159553e-01    4.3162331e-01
   4.3313593e-01    4.3459013e-01
   4.3542105e-01    4.3710327e-01
   4.3840063e-01    4.4493574e-01
   4.4579437e-01    4.4898254e-01
   4.4908866e-01    4.5188221e-01
   4.7022086e-01    4.7061279e-01
   4.7121879e-01    4.7781220e-01
   4.8523736e-01    4.8748600e-01
   4.8817199e-01    4.9730352e-01
   4.9790135e-01    5.0014305e-01
   5.0541836e-01    5.0730562e-01
   5.0760716e-01    5.1116472e-01
   5.1144803e-01    5.1721138e-01
   5.1875955e-01    5.2541435e-01
   5.2659178e-01    5.2747613e-01
   5.3331393e-01    5.3707933e-01
   5.3934568e-01    5.3957051e-01
   5.4001915e-01    5.4247177e-01
   5.4313737e-01    5.5129290e-01
   5.5413854e-01    5.5663717e-01
   5.5787688e-01    5.5871761e-01
   5.5944669e-01    5.6157029e-01
   5.6615835e-01    5.6642020e-01
   5.6710088e-01    5.7088071e-01
   5.7635188e-01    5.7637954e-01
   5.7786167e-01    5.8051294e-01
   5.8172381e-01    5.8266878e-01
   5.9008658e-01    5.9381801e-01
   5.9983808e-01    6.0197890e-01
   6.0722733e-01    6.1333185e-01
   6.1933726e-01    6.2080956e-01
   6.2534732e-01    6.2774724e-01
   6.3864911e-01    6.4529806e-01
   6.4652044e-01    6.4860862e-01
   6.5459067e-01    6.5572757e-01
   6.5772766e-01    6.5819645e-01
   6.5824807e-01    6.5894353e-01
   6.6282129e-01    6.6287363e-01
   6.6364026e-01    6.6476017e-01
   6.6480237e-01    6.7033911e-01
   6.7062157e-01    6.7390889e-01
   6.7744917e-01    6.8276519e-01
   6.8427533e-01    6.8436688e-01
   6.8679434e-01    6.9593877e-01
   6.9805002e-01    7.0738697e-01
   7.1704185e-01    7.1877891e-01
   7.1947026e-01    7.2053993e-01
   7.2664022e-01    7.3120731e-01
   7.3134190e-01    7.3601496e-01
   7.3925036e-01    7.4446934e-01
   7.4652344e-01    7.4813730e-01
   7.5664133e-01    7.6797712e-01
   7.6830143e-01    7.7371395e-01
   7.7725852e-01    7.8154159e-01
   7.8182364e-01    7.8202802e-01
   7.8322762e-01    7.8546077e-01
   7.8701091e-01    7.9191601e-01
   7.9488057e-01    7.9980093e-01
   8.0622786e-01    8.1022054e-01
   8.1159657e-01    8.1201130e-01
   8.1234390e-01    8.2639253e-01
   8.2762468e-01    8.2962126e-01
   8.3096611e-01    8.3491528e-01
   8.3588576e-01    8.3675730e-01
   8.3816576e-01    8.4603041e-01
   8.5790813e-01    8.6967015e-01
   8.7542737e-01    8.7836188e-01
   8.8009894e-01    8.8011026e-01
   8.8117695e-01    8.8405973e-01
   8.8451445e-01    8.9329052e-01
   8.9583898e-01    9.0200943e-01
   9.0560341e-01    9.0669936e-01
   9.0682465e-01    9.1316974e-01
   9.1351014e-01    9.1551262e-01
   9.1554445e-01    9.1723895e-01
   9.2200136e-01    9.3473721e-01
   9.3742520e-01    9.3956518e-01
   9.4048047e-01    9.4809651e-01
   9.4969052e-01    9.5001388e-01
   9.5231414e-01    9.5672750e-01
   9.5709705e-01    9.6320742e-01
   9.6575403e-01    9.6691638e-01
   9.7023493e-01    9.7153562e-01
   9.7807455e-01    9.7924715e-01
   9.8769337e-01    9.8893213e-01
   9.9330717e-01    1.0020604e+00
   1.0031554e+00    1.0051401e+00
   1.0066173e+00    1.0130010e+00
   1.0201943e+00    1.0207300e+00
   1.0218303e+00    1.0222881e+00
   1.0225506e+00    1.0230461e+00
   1.0245185e+00    1.0270113e+00
   1.0280080e+00    1.0528914e+00
   1.0604758e+00    1.0623567e+00
   1.0627619e+00    1.0673250e+00
   1.0676105e+00    1.0740656e+00
   1.0797315e+00    1.0815729e+00
   1.0820565e+00    1.0826678e+00
   1.0859607e+00    1.0871137e+00
   1.0945425e+00    1.0945565e+00
   1.1085281e+00    1.1115720e+00
   1.1136713e+00    1.1329573e+00
   1.1350787e+00    1.1406395e+00
   1.1418658e+00    1.1426151e+00
   1.1444839e+00    1.1452080e+00
   1.1489191e+00    1.1619623e+00
   1.1702912e+00    1.1749054e+00
   1.1776649e+00    1.1809812e+00
   1.1852437e+00    1.1867875e+00
   1.1927284e+00    1.2045921e+00
   1.2134612e+00    1.2205787e+00
   1.2253681e+00    1.2357836e+00
   1.2360033e+00    1.2401879e+00
   1.2446195e+00    1.2541877e+00
   1.2556578e+00    1.2556700e+00
   1.2562786e+00    1.2566673e+00
   1.2580856e+00    1.2588354e+00
   1.2635033e+00    1.2652761e+00
   1.2688813e+00    1.2739419e+00
   1.2752539e+00    1.2776716e+00
   1.2861352e+00    1.2981106e+00
   1.2988691e+00    1.3028579e+00
   1.3058801e+00    1.3060261e+00
   1.3112316e+00    1.3170648e+00
   1.3250045e+00    1.3386692e+00
   1.3400606e+00    1.3484637e+00
   1.3686643e+00    1.3699484e+00
   1.3716793e+00    1.3763196e+00
   1.3848712e+00    1.3913947e+00
   1.3934786e+00    1.4183813e+00
   1.4297957e+00    1.4433672e+00
   1.4443403e+00    1.4481109e+00
   1.4616863e+00    1.4627064e+00
   1.4773595e+00    1.4787706e+00
   1.4978713e+00    1.4998547e+00
   1.5100591e+00    1.5164839e+00
   1.5178761e+00    1.5188684e+00
   1.5360672e+00    1.5537606e+00
   1.5568659e+00    1.5584029e+00
   1.5599461e+00    1.5617194e+00
   1.5631948e+00    1.5661371e+00
   1.5663427e+00    1.5722044e+00
   1.5822120e+00    1.5930635e+00
   1.6088225e+00    1.6088825e+00
   1.6365703e+00    1.6393605e+00
   1.6608032e+00    1.6622542e+00
   1.6633894e+00    1.6746104e+00
   1.6985501e+00    1.7140545e+00
   1.7157632e+00    1.7173805e+00
   1.7264247e+00    1.7371372e+00
   1.7638187e+00    1.7998974e+00
   1.8076767e+00    1.8194280e+00
   1.8341563e+00    1.8393657e+00
   1.8635187e+00    1.8671280e+00
   1.8936259e+00    1.9209180e+00
   1.9215201e+00    1.9667367e+00
   1.9951658e+00    1.9986302e+00
   2.0018766e+00    2.0435317e+00
   2.0854309e+00    2.0855181e+00
   2.1122563e+00    2.1186168e+00
   2.1249347e+00    2.1367550e+00
   2.1370068e+00    2.1553490e+00
   2.1730373e+00    2.2295473e+00
   2.2777464e+00    2.3322544e+00
   2.3970907e+00    2.6778309e+00
   2.6849599e+00    2.7511570e+00
   2.7895138e+00    2.8582675e+00
