    1845
       0
       0
       0
1040189184
       0
       0
       0
      15
       0
       0
       0
    3874
       0
       0
       0
553652789
       0
       0
       0
 1643264
       0
       0
       0
386532375
       0
       0
       0
 1118976
       0
       0
       0
    7680
       0
       0
       0
 1119515
       0
       0
       0
  919560
       0
       0
       0
 2555950
       0
       0
       0
       0
       0
       0
       0
      70
       0
       0
       0
       8
       0
       0
       0
       0
       0
       0
       0
       0
       0
       0
       0
       0
       0
       0
       0
       0
       0
       0
       0
       0
       0
       0
       0
       0
       0
       0
       0
       0
       0
       0
       0
       0
       0
       0
       0
       0
       0
       0
       0
       0
       0
       0
       0
       0
       0
       0
       0
       0
       0
       0
       0
       0
       0
       0
       0
       0
       0
       0
       0
       0
       0
       0
       0
       0
       0
       0
       0
       0
       0
       0
       0
