17399
20375
3937
6698
10952
30664
13286
14713
14779
11665
28475
1090
28813
16892
4283
10471
31517
29285
30427
9242
2737
26622
6481
13718
4892
20443
26914
7629
27142
19145
23497
9397
16581
719
18515
11624
25137
14558
5748
6457
5638
19150
13412
18452
21381
26812
5296
8591
14517
15966
16689
8764
8250
24450
2356
30508
30444
18663
15018
6378
6702
1960
30607
15727
19889
22598
3264
14544
8457
23117
21824
25787
25062
24409
5723
29914
20920
21650
23359
26607
29065
1056
25147
6082
29785
8853
18123
7034
5849
16326
29213
14940
3112
7819
3632
31125
13109
9050
11443
7162
29000
10765
716
16435
27794
18130
15141
18117
23175
3645
13736
22819
3598
29986
9504
5307
16372
5327
18716
5363
23224
6507
2091
8526
18159
18884
19268
15957
737
20262
18764
10704
26870
30738
3201
270
22684
8612
3395
19436
5457
27384
30984
22124
3556
6673
11059
19933
13930
4962
9786
26994
18187
12872
18107
15779
29736
9987
22457
16503
6428
22484
5872
29365
13488
17832
28130
22414
2
22560
17388
4702
17531
9678
4594
15000
18748
13770
17873
5504
20607
10819
17161
21471
1943
14539
16308
20740
31934
26384
12728
18774
23443
22079
26719
30426
4650
28010
26120
3846
24358
17072
13341
7388
19249
23337
14585
10117
13594
30162
25690
13115
9469
29891
11221
11735
13655
765
8621
4802
5422
17578
12094
11864
29184
4657
5865
23094
28929
9724
29976
10337
5020
28279
28290
21538
31505
23461
23142
16811
14643
30026
16119
29727
31162
11493
3829
5686
15396
5623
8049
17067
29503
20869
4894
400
24448
14127
12410
17085
19728
28361
22690
11129
12837
29981
2009
17464
4158
16148
28862
21651
28124
17976
5869
19773
13021
11739
30183
13261
5503
19438
6788
2752
27554
18567
31917
31590
31927
18721
20970
20195
29175
3976
4690
25001
27038
17747
26475
7201
10540
21671
8548
13104
1824
62
12459
27200
19595
21773
21024
30473
21979
1358
28525
20611
29407
18210
14597
9328
27580
5336
9499
943
29213
13685
1286
12439
29799
27676
27970
6887
25746
5307
19114
4582
26754
7702
4524
5844
29303
26730
4569
8491
28685
2689
4487
2142
22698
22991
20125
30926
18879
13025
13741
26997
6274
6875
31147
5947
31720
14858
13972
9042
1701
22032
23935
31165
3382
11218
19647
26238
1644
28161
3093
25480
30665
25643
31641
17863
25052
16951
496
9843
7779
18154
14060
3070
18052
142
6803
25659
31443
4120
13837
1397
18352
16251
24629
18294
26982
30214
3575
19853
18971
15384
26691
20812
19162
18161
27880
23421
18697
29763
14942
5907
10781
17096
9565
11082
11919
1670
1497
1148
13120
3251
12307
19556
4923
11414
29496
24697
27364
19777
25813
14115
16855
25333
11684
8006
14514
17729
1777
20188
1682
13682
31373
3708
23346
5790
12993
1831
11337
12567
16763
23459
16355
12431
8917
5370
23444
2905
15599
8593
19916
9221
4354
30768
5883
9988
6868
2763
1765
2412
25725
28264
23714
29662
25379
21895
23949
19693
29887
1170
3107
14907
7005
5674
64
30929
2893
30809
20234
4322
9630
314
8318
3150
20855
1118
28756
11451
17033
10776
8142
6093
28946
23203
2670
3887
3397
13511
29140
1917
2030
10169
15502
11019
17596
987
20567
22065
8239
5408
23672
24513
21460
9341
15459
28932
10490
23111
11566
21890
9824
9279
20195
13233
25615
22017
4922
13332
13276
3381
23824
343
1290
2239
27878
30657
6185
26764
4065
21309
705
26377
19213
5310
596
3047
21358
18158
13225
8225
28480
2950
5082
5944
14870
18459
13744
8878
18351
21156
25574
18916
26588
27999
22440
16384
15748
22261
1539
2266
11510
31035
9792
1508
27128
3160
4039
8775
15195
20569
3680
12913
25727
13904
19210
9095
21016
31072
28549
23426
8090
8989
19496
7108
21251
9131
20701
22828
9179
24363
29353
2184
24121
21742
31583
15297
21752
25928
30742
229
16002
6046
7678
10680
30523
451
31133
5523
26211
10732
16643
26082
4525
2374
22895
29211
14640
13603
3841
26727
31439
17150
1056
4688
23385
14627
31797
12397
25590
15522
2504
18264
9966
9724
24522
27412
31812
27387
12773
16947
27973
24349
30086
12365
12445
2954
30185
5970
5295
11037
30240
24457
26710
9152
23034
4602
15066
615
7436
31415
24110
196
5500
9629
24477
22471
27397
7094
30622
26382
21074
22025
2411
17746
29935
13888
27910
19916
30024
23684
1914
26346
5366
13115
8374
12230
7766
22922
22916
18964
11061
20956
25443
23916
30952
31651
7606
12966
13687
26304
5978
31633
8115
16182
30357
19178
22611
17121
7946
31372
25047
19503
27688
6874
22390
30782
18986
16227
4165
2746
9548
14725
2305
9414
30331
2470
10951
13133
24908
18219
17392
13224
9781
16348
30697
30723
26405
10896
31549
6804
6279
31347
2693
23337
3353
6465
2872
19631
18555
23363
7223
2703
10959
16530
6630
8641
17377
18586
960
13987
20765
14625
21977
17178
23752
4350
14509
15530
18118
1564
29577
1815
21313
24839
2514
16357
16516
8099
7784
16515
3478
8734
20351
1869
3700
28996
23276
815
28514
14916
27981
19532
14269
6421
2931
7180
20344
24593
542
12997
4752
14251
11865
12513
8537
3318
6161
2797
4259
11961
17459
15331
8885
24719
2618
19143
14073
10583
3626
30882
10707
22630
6653
23080
28902
27429
16138
26043
18158
3419
20908
13708
27504
19658
14177
21594
5055
19477
19615
22181
5294
18881
5700
8905
10466
1602
10801
12778
22997
8578
19408
28451
6322
22099
16215
1589
29066
26246
17791
22866
31419
12347
15478
20291
18436
26445
5098
10384
27018
15673
793
18204
11944
27604
26813
1911
4976
26987
2930
21013
10446
30919
4710
10173
24894
26911
2745
12657
27151
2691
2507
17335
3937
23893
31265
20469
26332
3578
15008
19255
5867
24991
15693
6418
20201
9163
4038
13407
8097
9296
20498
18842
220
31139
14781
31307
1985
22551
2544
21155
25115
26267
11775
6959
2746
24228
10558
8235
3271
7904
17129
21079
5350
1924
15424
2755
31288
3849
2124
8016
27915
9886
7120
15527
2704
25431
21678
9857
24283
9936
21466
13113
23296
4492
26216
2478
1388
25274
9881
7082
27434
10113
31479
23072
4665
1927
6804
20269
29816
24078
26390
2565
19565
12473
12124
2062
15740
23962
26948
30196
9141
8883
16146
28869
31119
14406
2759
11186
26269
1739
11484
16768
1629
19504
9389
20297
31006
363
12921
28019
30150
21225
27261
26544
23311
10870
27754
31806
17464
3504
12802
11254
13202
26120
5017
23304
10577
18530
14599
18926
22784
31597
2677
1543
9091
7475
13819
27138
18
27536
13750
9236
13514
14227
31770
16891
11934
22533
11224
27586
2794
26471
10878
20148
30502
31423
15864
13709
4407
7192
4593
9212
397
23691
15362
8554
27816
6135
560
1555
4199
31166
31693
21125
24802
16359
20831
26398
24793
9048
2670
27963
10538
12119
9621
18642
17642
12879
22917
12083
27070
30276
23027
11668
16856
15898
14729
29744
16410
10310
22995
31904
24569
20698
22277
17670
24438
10304
9214
2006
28197
24115
15097
8274
25659
26674
10861
30902
11592
22607
5753
13669
13386
30973
27516
17149
26779
8092
16370
31627
16942
14662
9183
21719
29378
18838
3172
23687
9582
31180
10620
26496
1536
9314
4976
29632
11179
490
14870
2259
8463
3680
14603
29855
7321
24695
8996
2083
2384
25670
8846
1900
11533
9991
29089
16858
15751
19462
3718
9680
16442
8440
4020
16069
1728
871
24834
19915
26890
24826
21412
13672
10552
4639
24071
11723
27134
11355
12855
18813
25540
18308
12886
28415
11466
22245
7755
20843
20898
11107
17196
14321
30610
21870
8927
2225
30010
16366
30968
11991
7789
10571
23230
28074
24061
1817
14510
12361
15023
629
31033
3053
4295
1077
3122
19465
17459
9154
7149
26253
19
16788
19687
6217
26575
10434
2848
19194
3908
15156
23682
18224
30444
21447
26446
21680
23368
17652
10148
28203
20014
30781
18898
11323
12907
1832
8080
19951
24599
3961
23323
26356
29997
21006
2845
25453
18117
31898
3983
29054
10857
1988
15160
9039
6813
23183
31585
7347
7470
29662
25003
26204
17874
6317
7458
13568
19986
27998
30973
8323
15544
8056
27788
7670
9372
7651
19480
9500
18738
17733
2404
31660
20213
2103
19145
7550
3225
29938
1774
10949
17073
25502
21231
23812
3740
4502
23403
11306
31292
2867
7413
8431
917
22772
27906
28744
6153
28486
6951
25276
446
30997
14540
24487
9760
190
19242
1593
5890
6606
28235
9084
13713
3914
1022
5285
24035
18068
29264
23006
24998
5373
31254
23819
18673
9392
4323
29644
20203
10879
18571
26158
24497
4129
23655
19103
21089
11708
6676
23035
21481
28811
31496
1625
11850
31012
7558
18590
11591
2099
3228
18165
29302
8962
28717
24268
2855
3574
16879
31350
10815
2903
31542
2970
10190
27473
17309
6738
31165
10252
9353
913
1189
28583
15869
1865
14241
17002
28814
17828
20383
23764
8433
27734
12165
11142
12193
18899
12162
27090
852
2013
9581
5964
4584
19537
14951
2456
22140
14844
14490
3143
27271
13295
1939
24617
29968
2854
30843
9162
757
28281
10103
13355
16249
19959
20268
18282
23583
29453
5873
9248
9836
5909
18135
12016
1
23613
6925
13102
21654
5685
19494
27792
26183
2597
16009
7117
6771
24392
19062
2648
8239
9611
25231
83
15077
10478
25728
31056
18246
31065
3519
19888
29439
30832
18551
1694
22811
14588
29482
4737
17913
6514
15817
15410
22410
29254
1363
7893
25567
1543
27583
12121
11571
16023
12575
6683
29065
10903
23533
4919
25531
20223
23775
21444
9356
1294
11616
26455
26514
13015
13437
23264
19180
19220
23194
15177
4550
6936
16777
28596
3511
5158
25099
12822
10248
21982
866
13636
996
14754
12050
25770
14949
943
5915
26167
26641
24743
27938
8825
15541
29885
22934
29376
24626
3278
12006
2587
6124
25686
3762
13046
16911
15708
27085
23722
17916
8751
10534
10569
8701
25340
25552
25890
17207
20523
17582
1250
16363
21799
13904
2415
31806
9258
23862
18347
7524
19073
2468
25000
30551
2621
28130
14960
21746
22606
8555
30605
4818
12611
15730
18784
5612
31927
31923
5063
4608
18464
20364
24235
28590
25766
21803
19249
16503
7570
4126
21914
27544
311
13796
9240
15925
24059
18696
10094
24284
17122
17378
3407
8774
19417
24975
9813
29333
3868
17724
27791
31955
4683
169
28446
356
25958
1334
14437
1033
11913
6539
15752
31903
27891
29475
26660
18232
9780
18653
8090
18348
13933
29714
22026
25072
4581
26327
11332
12762
20043
16944
2083
21934
19119
17881
7021
22706
7035
982
8660
20213
15373
17663
6908
1445
31489
28146
18209
9812
30651
10740
31842
2341
24626
25079
21504
17427
28785
29681
19010
29204
15952
16114
7535
17082
30135
25799
29852
13290
7463
3478
7341
21493
10094
77
12888
24468
8733
21123
30077
24229
11376
15826
30760
15803
14236
21718
11596
25656
5020
4553
3125
8227
21388
29116
19830
16489
7341
30210
20469
25822
14500
15473
6914
22854
14899
3591
15842
10312
5278
11265
13721
20046
10194
18644
27512
26035
9602
31412
19749
22506
17172
8053
12033
15561
23000
28596
25449
15669
2465
23321
30229
18064
2710
26250
22540
13275
27162
17988
28400
24110
16253
30872
17664
20323
11829
7082
12651
1714
1264
11749
16677
30702
12317
9670
19408
30227
24240
485
8871
7900
27081
22960
31664
5277
30697
23757
24242
1867
27531
18262
4909
16615
1980
24827
16235
4436
10214
4060
24423
12269
14250
20453
17576
17693
14061
16269
11091
17778
29545
17964
11868
29202
30933
17795
9232
11549
16852
23024
20535
4642
2737
3965
14683
760
3221
31516
5746
4185
389
14833
31683
15628
23025
28998
1839
13574
12406
27389
19024
19253
24639
5602
26568
23926
18840
2786
31741
24997
2086
26901
31978
8955
816
3438
5426
15117
31627
24118
4556
8005
31452
27728
14858
24936
341
6932
24667
5894
19769
15619
8789
20723
9361
24512
11735
13507
19267
22676
20487
25074
25747
31614
12735
19175
31802
1167
24997
12897
5799
11212
6162
2814
29222
20598
18
14744
13266
20722
6191
14515
24148
22545
16986
15216
1753
9041
9166
18198
8443
13087
26370
7071
9374
2501
21576
27010
1554
7016
6203
20470
28319
23090
7503
29352
28932
18850
7321
16230
19640
3029
6875
26495
2627
10555
3252
2762
11127
21575
29111
5908
17620
31803
27984
16083
2247
25234
19855
25247
17917
23210
3891
5033
1928
12958
15387
22060
536
30150
15561
21394
18523
27845
22431
17872
631
17836
28866
10279
19341
20374
3375
8448
6847
23148
29702
6855
744
25822
5748
16793
2313
240
5363
1163
29217
14848
26224
8103
13187
24948
14799
5344
8998
15100
23553
16798
21732
933
27787
24844
19187
5463
12225
25269
6779
20230
25379
1738
6712
29458
23444
7171
6495
