604636370        0        0        0
98178801        0        0        0
   61186        0        0        0
       0        0        0        0
       0        0        0        0
       0        0        0        0
       0        0        0        0
       0        0        0        0
604636370        0        0        0
98178801        0        0        0
   61186        0        0        0
       0        0        0        0
       0        0        0        0
       0        0        0        0
       0        0        0        0
       0        0        0        0
604636370        0        0        0
98178801        0        0        0
   61186        0        0        0
       0        0        0        0
       0        0        0        0
       0        0        0        0
       0        0        0        0
       0        0        0        0
604636370        0        0        0
98178801        0        0        0
   61186        0        0        0
       0        0        0        0
       0        0        0        0
       0        0        0        0
       0        0        0        0
       0        0        0        0
