5.000000000e+00 0.000000000e+00 
0.000000000e+00 0.000000000e+00 
0.000000000e+00 0.000000000e+00 
0.000000000e+00 0.000000000e+00 
0.000000000e+00 0.000000000e+00 
0.000000000e+00 0.000000000e+00 
0.000000000e+00 0.000000000e+00 
0.000000000e+00 0.000000000e+00 
-3.781283498e-01 3.353069723e-01 
7.447145134e-02 -1.742446423e-01 
1.606245488e-01 1.513000764e-02 
1.433556229e-01 -1.608856916e-01 
-4.276885092e-02 9.716718644e-02 
-2.057090849e-01 -8.481922559e-03 
-1.948254704e-01 3.535746336e-01 
4.796443284e-01 -4.352658987e-01 
-3.094767034e-01 4.377286509e-02 
3.735170364e-01 1.590577662e-01 
-1.513736695e-01 -3.171890378e-01 
1.149471551e-01 3.208601177e-01 
-4.252631217e-02 -3.920339346e-01 
-2.811442614e-01 3.852388859e-01 
3.006080687e-01 -1.394460350e-01 
-1.643977314e-02 -6.873907149e-02 
2.567770183e-01 5.981667340e-02 
-8.737353235e-02 -3.556093276e-01 
-4.405743182e-01 2.079452574e-01 
2.439043522e-01 3.540580869e-01 
3.186153471e-01 -3.053498864e-01 
-2.399203777e-01 -2.280441821e-01 
-8.730115741e-02 2.488200068e-01 
9.375531226e-03 1.441138890e-02 
0.000000000e+00 0.000000000e+00 
0.000000000e+00 0.000000000e+00 
0.000000000e+00 0.000000000e+00 
0.000000000e+00 0.000000000e+00 
0.000000000e+00 0.000000000e+00 
0.000000000e+00 0.000000000e+00 
0.000000000e+00 0.000000000e+00 
0.000000000e+00 0.000000000e+00 
0.000000000e+00 0.000000000e+00 
0.000000000e+00 0.000000000e+00 
0.000000000e+00 0.000000000e+00 
0.000000000e+00 0.000000000e+00 
0.000000000e+00 0.000000000e+00 
0.000000000e+00 0.000000000e+00 
0.000000000e+00 0.000000000e+00 
0.000000000e+00 0.000000000e+00 
0.000000000e+00 0.000000000e+00 
0.000000000e+00 0.000000000e+00 
0.000000000e+00 0.000000000e+00 
0.000000000e+00 0.000000000e+00 
0.000000000e+00 0.000000000e+00 
0.000000000e+00 0.000000000e+00 
0.000000000e+00 0.000000000e+00 
0.000000000e+00 0.000000000e+00 
0.000000000e+00 0.000000000e+00 
0.000000000e+00 0.000000000e+00 
0.000000000e+00 0.000000000e+00 
0.000000000e+00 0.000000000e+00 
0.000000000e+00 0.000000000e+00 
0.000000000e+00 0.000000000e+00 
0.000000000e+00 0.000000000e+00 
0.000000000e+00 0.000000000e+00 
5.000000000e+00 0.000000000e+00 
0.000000000e+00 0.000000000e+00 
0.000000000e+00 0.000000000e+00 
0.000000000e+00 0.000000000e+00 
0.000000000e+00 0.000000000e+00 
0.000000000e+00 0.000000000e+00 
0.000000000e+00 0.000000000e+00 
0.000000000e+00 0.000000000e+00 
-3.781283498e-01 3.353069723e-01 
7.447145134e-02 -1.742446423e-01 
1.606245488e-01 1.513000764e-02 
1.433556229e-01 -1.608856916e-01 
-4.276885092e-02 9.716718644e-02 
-2.057090849e-01 -8.481922559e-03 
-1.948254704e-01 3.535746336e-01 
4.796443284e-01 -4.352658987e-01 
-3.094767034e-01 4.377286509e-02 
3.735170364e-01 1.590577662e-01 
-1.513736695e-01 -3.171890378e-01 
1.149471551e-01 3.208601177e-01 
-4.252631217e-02 -3.920339346e-01 
-2.811442614e-01 3.852388859e-01 
3.006080687e-01 -1.394460350e-01 
-1.643977314e-02 -6.873907149e-02 
2.567770183e-01 5.981667340e-02 
-8.737353235e-02 -3.556093276e-01 
-4.405743182e-01 2.079452574e-01 
2.439043522e-01 3.540580869e-01 
3.186153471e-01 -3.053498864e-01 
-2.399203777e-01 -2.280441821e-01 
-8.730115741e-02 2.488200068e-01 
9.375531226e-03 1.441138890e-02 
0.000000000e+00 0.000000000e+00 
0.000000000e+00 0.000000000e+00 
0.000000000e+00 0.000000000e+00 
0.000000000e+00 0.000000000e+00 
0.000000000e+00 0.000000000e+00 
0.000000000e+00 0.000000000e+00 
0.000000000e+00 0.000000000e+00 
0.000000000e+00 0.000000000e+00 
0.000000000e+00 0.000000000e+00 
0.000000000e+00 0.000000000e+00 
0.000000000e+00 0.000000000e+00 
0.000000000e+00 0.000000000e+00 
0.000000000e+00 0.000000000e+00 
0.000000000e+00 0.000000000e+00 
0.000000000e+00 0.000000000e+00 
0.000000000e+00 0.000000000e+00 
0.000000000e+00 0.000000000e+00 
0.000000000e+00 0.000000000e+00 
0.000000000e+00 0.000000000e+00 
0.000000000e+00 0.000000000e+00 
0.000000000e+00 0.000000000e+00 
0.000000000e+00 0.000000000e+00 
0.000000000e+00 0.000000000e+00 
0.000000000e+00 0.000000000e+00 
0.000000000e+00 0.000000000e+00 
0.000000000e+00 0.000000000e+00 
0.000000000e+00 0.000000000e+00 
0.000000000e+00 0.000000000e+00 
0.000000000e+00 0.000000000e+00 
0.000000000e+00 0.000000000e+00 
0.000000000e+00 0.000000000e+00 
0.000000000e+00 0.000000000e+00 
5.000000000e+00 0.000000000e+00 
0.000000000e+00 0.000000000e+00 
0.000000000e+00 0.000000000e+00 
0.000000000e+00 0.000000000e+00 
0.000000000e+00 0.000000000e+00 
0.000000000e+00 0.000000000e+00 
0.000000000e+00 0.000000000e+00 
0.000000000e+00 0.000000000e+00 
-3.781283498e-01 3.353069723e-01 
7.447145134e-02 -1.742446423e-01 
1.606245488e-01 1.513000764e-02 
1.433556229e-01 -1.608856916e-01 
-4.276885092e-02 9.716718644e-02 
-2.057090849e-01 -8.481922559e-03 
-1.948254704e-01 3.535746336e-01 
4.796443284e-01 -4.352658987e-01 
-3.094767034e-01 4.377286509e-02 
3.735170364e-01 1.590577662e-01 
-1.513736695e-01 -3.171890378e-01 
1.149471551e-01 3.208601177e-01 
-4.252631217e-02 -3.920339346e-01 
-2.811442614e-01 3.852388859e-01 
3.006080687e-01 -1.394460350e-01 
-1.643977314e-02 -6.873907149e-02 
2.567770183e-01 5.981667340e-02 
-8.737353235e-02 -3.556093276e-01 
-4.405743182e-01 2.079452574e-01 
2.439043522e-01 3.540580869e-01 
3.186153471e-01 -3.053498864e-01 
-2.399203777e-01 -2.280441821e-01 
-8.730115741e-02 2.488200068e-01 
9.375531226e-03 1.441138890e-02 
0.000000000e+00 0.000000000e+00 
0.000000000e+00 0.000000000e+00 
0.000000000e+00 0.000000000e+00 
0.000000000e+00 0.000000000e+00 
0.000000000e+00 0.000000000e+00 
0.000000000e+00 0.000000000e+00 
0.000000000e+00 0.000000000e+00 
0.000000000e+00 0.000000000e+00 
0.000000000e+00 0.000000000e+00 
0.000000000e+00 0.000000000e+00 
0.000000000e+00 0.000000000e+00 
0.000000000e+00 0.000000000e+00 
0.000000000e+00 0.000000000e+00 
0.000000000e+00 0.000000000e+00 
0.000000000e+00 0.000000000e+00 
0.000000000e+00 0.000000000e+00 
0.000000000e+00 0.000000000e+00 
0.000000000e+00 0.000000000e+00 
0.000000000e+00 0.000000000e+00 
0.000000000e+00 0.000000000e+00 
0.000000000e+00 0.000000000e+00 
0.000000000e+00 0.000000000e+00 
0.000000000e+00 0.000000000e+00 
0.000000000e+00 0.000000000e+00 
0.000000000e+00 0.000000000e+00 
0.000000000e+00 0.000000000e+00 
0.000000000e+00 0.000000000e+00 
0.000000000e+00 0.000000000e+00 
0.000000000e+00 0.000000000e+00 
0.000000000e+00 0.000000000e+00 
0.000000000e+00 0.000000000e+00 
0.000000000e+00 0.000000000e+00 
5.000000000e+00 0.000000000e+00 
0.000000000e+00 0.000000000e+00 
0.000000000e+00 0.000000000e+00 
0.000000000e+00 0.000000000e+00 
0.000000000e+00 0.000000000e+00 
0.000000000e+00 0.000000000e+00 
0.000000000e+00 0.000000000e+00 
0.000000000e+00 0.000000000e+00 
-3.781283498e-01 3.353069723e-01 
7.447145134e-02 -1.742446423e-01 
1.606245488e-01 1.513000764e-02 
1.433556229e-01 -1.608856916e-01 
-4.276885092e-02 9.716718644e-02 
-2.057090849e-01 -8.481922559e-03 
-1.948254704e-01 3.535746336e-01 
4.796443284e-01 -4.352658987e-01 
-3.094767034e-01 4.377286509e-02 
3.735170364e-01 1.590577662e-01 
-1.513736695e-01 -3.171890378e-01 
1.149471551e-01 3.208601177e-01 
-4.252631217e-02 -3.920339346e-01 
-2.811442614e-01 3.852388859e-01 
3.006080687e-01 -1.394460350e-01 
-1.643977314e-02 -6.873907149e-02 
2.567770183e-01 5.981667340e-02 
-8.737353235e-02 -3.556093276e-01 
-4.405743182e-01 2.079452574e-01 
2.439043522e-01 3.540580869e-01 
3.186153471e-01 -3.053498864e-01 
-2.399203777e-01 -2.280441821e-01 
-8.730115741e-02 2.488200068e-01 
9.375531226e-03 1.441138890e-02 
0.000000000e+00 0.000000000e+00 
0.000000000e+00 0.000000000e+00 
0.000000000e+00 0.000000000e+00 
0.000000000e+00 0.000000000e+00 
0.000000000e+00 0.000000000e+00 
0.000000000e+00 0.000000000e+00 
0.000000000e+00 0.000000000e+00 
0.000000000e+00 0.000000000e+00 
0.000000000e+00 0.000000000e+00 
0.000000000e+00 0.000000000e+00 
0.000000000e+00 0.000000000e+00 
0.000000000e+00 0.000000000e+00 
0.000000000e+00 0.000000000e+00 
0.000000000e+00 0.000000000e+00 
0.000000000e+00 0.000000000e+00 
0.000000000e+00 0.000000000e+00 
0.000000000e+00 0.000000000e+00 
0.000000000e+00 0.000000000e+00 
0.000000000e+00 0.000000000e+00 
0.000000000e+00 0.000000000e+00 
0.000000000e+00 0.000000000e+00 
0.000000000e+00 0.000000000e+00 
0.000000000e+00 0.000000000e+00 
0.000000000e+00 0.000000000e+00 
0.000000000e+00 0.000000000e+00 
0.000000000e+00 0.000000000e+00 
0.000000000e+00 0.000000000e+00 
0.000000000e+00 0.000000000e+00 
0.000000000e+00 0.000000000e+00 
0.000000000e+00 0.000000000e+00 
0.000000000e+00 0.000000000e+00 
0.000000000e+00 0.000000000e+00 
