6.000000000e+00 0.000000000e+00 
0.000000000e+00 0.000000000e+00 
0.000000000e+00 0.000000000e+00 
0.000000000e+00 0.000000000e+00 
0.000000000e+00 0.000000000e+00 
0.000000000e+00 0.000000000e+00 
0.000000000e+00 0.000000000e+00 
0.000000000e+00 0.000000000e+00 
2.684789002e-01 2.513678670e-01 
-2.148557222e-03 4.224346951e-02 
-1.338144690e-01 -3.431333303e-01 
-1.791914701e-01 1.827216595e-01 
2.610146105e-01 -1.480027586e-01 
-1.761873662e-01 1.972885430e-01 
4.190074205e-01 1.379423589e-01 
-4.487681389e-01 -3.251684010e-01 
-9.051294625e-02 5.142841339e-01 
1.801820844e-01 -4.110088348e-01 
-2.713434696e-01 5.482710525e-02 
3.323746324e-01 -1.031257063e-01 
-3.118297756e-01 1.598212123e-02 
1.896480769e-01 3.067319095e-01 
-8.319085836e-02 -8.086973429e-02 
4.136877507e-02 -2.918966413e-01 
0.000000000e+00 0.000000000e+00 
0.000000000e+00 0.000000000e+00 
0.000000000e+00 0.000000000e+00 
0.000000000e+00 0.000000000e+00 
0.000000000e+00 0.000000000e+00 
0.000000000e+00 0.000000000e+00 
0.000000000e+00 0.000000000e+00 
0.000000000e+00 0.000000000e+00 
0.000000000e+00 0.000000000e+00 
0.000000000e+00 0.000000000e+00 
0.000000000e+00 0.000000000e+00 
0.000000000e+00 0.000000000e+00 
0.000000000e+00 0.000000000e+00 
0.000000000e+00 0.000000000e+00 
0.000000000e+00 0.000000000e+00 
0.000000000e+00 0.000000000e+00 
0.000000000e+00 0.000000000e+00 
0.000000000e+00 0.000000000e+00 
0.000000000e+00 0.000000000e+00 
0.000000000e+00 0.000000000e+00 
0.000000000e+00 0.000000000e+00 
0.000000000e+00 0.000000000e+00 
0.000000000e+00 0.000000000e+00 
0.000000000e+00 0.000000000e+00 
0.000000000e+00 0.000000000e+00 
0.000000000e+00 0.000000000e+00 
0.000000000e+00 0.000000000e+00 
0.000000000e+00 0.000000000e+00 
0.000000000e+00 0.000000000e+00 
0.000000000e+00 0.000000000e+00 
0.000000000e+00 0.000000000e+00 
0.000000000e+00 0.000000000e+00 
0.000000000e+00 0.000000000e+00 
0.000000000e+00 0.000000000e+00 
0.000000000e+00 0.000000000e+00 
0.000000000e+00 0.000000000e+00 
0.000000000e+00 0.000000000e+00 
0.000000000e+00 0.000000000e+00 
0.000000000e+00 0.000000000e+00 
0.000000000e+00 0.000000000e+00 
6.000000000e+00 0.000000000e+00 
0.000000000e+00 0.000000000e+00 
0.000000000e+00 0.000000000e+00 
0.000000000e+00 0.000000000e+00 
0.000000000e+00 0.000000000e+00 
0.000000000e+00 0.000000000e+00 
0.000000000e+00 0.000000000e+00 
0.000000000e+00 0.000000000e+00 
2.684789002e-01 2.513678670e-01 
-2.148557222e-03 4.224346951e-02 
-1.338144690e-01 -3.431333303e-01 
-1.791914701e-01 1.827216595e-01 
2.610146105e-01 -1.480027586e-01 
-1.761873662e-01 1.972885430e-01 
4.190074205e-01 1.379423589e-01 
-4.487681389e-01 -3.251684010e-01 
-9.051294625e-02 5.142841339e-01 
1.801820844e-01 -4.110088348e-01 
-2.713434696e-01 5.482710525e-02 
3.323746324e-01 -1.031257063e-01 
-3.118297756e-01 1.598212123e-02 
1.896480769e-01 3.067319095e-01 
-8.319085836e-02 -8.086973429e-02 
4.136877507e-02 -2.918966413e-01 
0.000000000e+00 0.000000000e+00 
0.000000000e+00 0.000000000e+00 
0.000000000e+00 0.000000000e+00 
0.000000000e+00 0.000000000e+00 
0.000000000e+00 0.000000000e+00 
0.000000000e+00 0.000000000e+00 
0.000000000e+00 0.000000000e+00 
0.000000000e+00 0.000000000e+00 
0.000000000e+00 0.000000000e+00 
0.000000000e+00 0.000000000e+00 
0.000000000e+00 0.000000000e+00 
0.000000000e+00 0.000000000e+00 
0.000000000e+00 0.000000000e+00 
0.000000000e+00 0.000000000e+00 
0.000000000e+00 0.000000000e+00 
0.000000000e+00 0.000000000e+00 
0.000000000e+00 0.000000000e+00 
0.000000000e+00 0.000000000e+00 
0.000000000e+00 0.000000000e+00 
0.000000000e+00 0.000000000e+00 
0.000000000e+00 0.000000000e+00 
0.000000000e+00 0.000000000e+00 
0.000000000e+00 0.000000000e+00 
0.000000000e+00 0.000000000e+00 
0.000000000e+00 0.000000000e+00 
0.000000000e+00 0.000000000e+00 
0.000000000e+00 0.000000000e+00 
0.000000000e+00 0.000000000e+00 
0.000000000e+00 0.000000000e+00 
0.000000000e+00 0.000000000e+00 
0.000000000e+00 0.000000000e+00 
0.000000000e+00 0.000000000e+00 
0.000000000e+00 0.000000000e+00 
0.000000000e+00 0.000000000e+00 
0.000000000e+00 0.000000000e+00 
0.000000000e+00 0.000000000e+00 
0.000000000e+00 0.000000000e+00 
0.000000000e+00 0.000000000e+00 
0.000000000e+00 0.000000000e+00 
0.000000000e+00 0.000000000e+00 
6.000000000e+00 0.000000000e+00 
0.000000000e+00 0.000000000e+00 
0.000000000e+00 0.000000000e+00 
0.000000000e+00 0.000000000e+00 
0.000000000e+00 0.000000000e+00 
0.000000000e+00 0.000000000e+00 
0.000000000e+00 0.000000000e+00 
0.000000000e+00 0.000000000e+00 
2.684789002e-01 2.513678670e-01 
-2.148557222e-03 4.224346951e-02 
-1.338144690e-01 -3.431333303e-01 
-1.791914701e-01 1.827216595e-01 
2.610146105e-01 -1.480027586e-01 
-1.761873662e-01 1.972885430e-01 
4.190074205e-01 1.379423589e-01 
-4.487681389e-01 -3.251684010e-01 
-9.051294625e-02 5.142841339e-01 
1.801820844e-01 -4.110088348e-01 
-2.713434696e-01 5.482710525e-02 
3.323746324e-01 -1.031257063e-01 
-3.118297756e-01 1.598212123e-02 
1.896480769e-01 3.067319095e-01 
-8.319085836e-02 -8.086973429e-02 
4.136877507e-02 -2.918966413e-01 
0.000000000e+00 0.000000000e+00 
0.000000000e+00 0.000000000e+00 
0.000000000e+00 0.000000000e+00 
0.000000000e+00 0.000000000e+00 
0.000000000e+00 0.000000000e+00 
0.000000000e+00 0.000000000e+00 
0.000000000e+00 0.000000000e+00 
0.000000000e+00 0.000000000e+00 
0.000000000e+00 0.000000000e+00 
0.000000000e+00 0.000000000e+00 
0.000000000e+00 0.000000000e+00 
0.000000000e+00 0.000000000e+00 
0.000000000e+00 0.000000000e+00 
0.000000000e+00 0.000000000e+00 
0.000000000e+00 0.000000000e+00 
0.000000000e+00 0.000000000e+00 
0.000000000e+00 0.000000000e+00 
0.000000000e+00 0.000000000e+00 
0.000000000e+00 0.000000000e+00 
0.000000000e+00 0.000000000e+00 
0.000000000e+00 0.000000000e+00 
0.000000000e+00 0.000000000e+00 
0.000000000e+00 0.000000000e+00 
0.000000000e+00 0.000000000e+00 
0.000000000e+00 0.000000000e+00 
0.000000000e+00 0.000000000e+00 
0.000000000e+00 0.000000000e+00 
0.000000000e+00 0.000000000e+00 
0.000000000e+00 0.000000000e+00 
0.000000000e+00 0.000000000e+00 
0.000000000e+00 0.000000000e+00 
0.000000000e+00 0.000000000e+00 
0.000000000e+00 0.000000000e+00 
0.000000000e+00 0.000000000e+00 
0.000000000e+00 0.000000000e+00 
0.000000000e+00 0.000000000e+00 
0.000000000e+00 0.000000000e+00 
0.000000000e+00 0.000000000e+00 
0.000000000e+00 0.000000000e+00 
0.000000000e+00 0.000000000e+00 
6.000000000e+00 0.000000000e+00 
0.000000000e+00 0.000000000e+00 
0.000000000e+00 0.000000000e+00 
0.000000000e+00 0.000000000e+00 
0.000000000e+00 0.000000000e+00 
0.000000000e+00 0.000000000e+00 
0.000000000e+00 0.000000000e+00 
0.000000000e+00 0.000000000e+00 
2.684789002e-01 2.513678670e-01 
-2.148557222e-03 4.224346951e-02 
-1.338144690e-01 -3.431333303e-01 
-1.791914701e-01 1.827216595e-01 
2.610146105e-01 -1.480027586e-01 
-1.761873662e-01 1.972885430e-01 
4.190074205e-01 1.379423589e-01 
-4.487681389e-01 -3.251684010e-01 
-9.051294625e-02 5.142841339e-01 
1.801820844e-01 -4.110088348e-01 
-2.713434696e-01 5.482710525e-02 
3.323746324e-01 -1.031257063e-01 
-3.118297756e-01 1.598212123e-02 
1.896480769e-01 3.067319095e-01 
-8.319085836e-02 -8.086973429e-02 
4.136877507e-02 -2.918966413e-01 
0.000000000e+00 0.000000000e+00 
0.000000000e+00 0.000000000e+00 
0.000000000e+00 0.000000000e+00 
0.000000000e+00 0.000000000e+00 
0.000000000e+00 0.000000000e+00 
0.000000000e+00 0.000000000e+00 
0.000000000e+00 0.000000000e+00 
0.000000000e+00 0.000000000e+00 
0.000000000e+00 0.000000000e+00 
0.000000000e+00 0.000000000e+00 
0.000000000e+00 0.000000000e+00 
0.000000000e+00 0.000000000e+00 
0.000000000e+00 0.000000000e+00 
0.000000000e+00 0.000000000e+00 
0.000000000e+00 0.000000000e+00 
0.000000000e+00 0.000000000e+00 
0.000000000e+00 0.000000000e+00 
0.000000000e+00 0.000000000e+00 
0.000000000e+00 0.000000000e+00 
0.000000000e+00 0.000000000e+00 
0.000000000e+00 0.000000000e+00 
0.000000000e+00 0.000000000e+00 
0.000000000e+00 0.000000000e+00 
0.000000000e+00 0.000000000e+00 
0.000000000e+00 0.000000000e+00 
0.000000000e+00 0.000000000e+00 
0.000000000e+00 0.000000000e+00 
0.000000000e+00 0.000000000e+00 
0.000000000e+00 0.000000000e+00 
0.000000000e+00 0.000000000e+00 
0.000000000e+00 0.000000000e+00 
0.000000000e+00 0.000000000e+00 
0.000000000e+00 0.000000000e+00 
0.000000000e+00 0.000000000e+00 
0.000000000e+00 0.000000000e+00 
0.000000000e+00 0.000000000e+00 
0.000000000e+00 0.000000000e+00 
0.000000000e+00 0.000000000e+00 
0.000000000e+00 0.000000000e+00 
0.000000000e+00 0.000000000e+00 
