6.000000000e+00 0.000000000e+00 
0.000000000e+00 0.000000000e+00 
0.000000000e+00 0.000000000e+00 
0.000000000e+00 0.000000000e+00 
0.000000000e+00 0.000000000e+00 
0.000000000e+00 0.000000000e+00 
0.000000000e+00 0.000000000e+00 
0.000000000e+00 0.000000000e+00 
2.684789002e-01 2.513678670e-01 
-2.148557222e-03 4.224346951e-02 
-1.338144690e-01 -3.431333303e-01 
-1.791914701e-01 1.827216595e-01 
2.610146105e-01 -1.480027586e-01 
-1.761873662e-01 1.972885430e-01 
4.190074205e-01 1.379423589e-01 
-4.487681389e-01 -3.251684010e-01 
-9.051294625e-02 5.142841339e-01 
1.801820844e-01 -4.110088348e-01 
-2.713434696e-01 5.482710525e-02 
3.323746324e-01 -1.031257063e-01 
-3.118297756e-01 1.598212123e-02 
1.896480769e-01 3.067319095e-01 
-8.319085836e-02 -8.086973429e-02 
4.136877507e-02 -2.918966413e-01 
0.000000000e+00 0.000000000e+00 
0.000000000e+00 0.000000000e+00 
0.000000000e+00 0.000000000e+00 
0.000000000e+00 0.000000000e+00 
0.000000000e+00 0.000000000e+00 
0.000000000e+00 0.000000000e+00 
0.000000000e+00 0.000000000e+00 
0.000000000e+00 0.000000000e+00 
0.000000000e+00 0.000000000e+00 
0.000000000e+00 0.000000000e+00 
0.000000000e+00 0.000000000e+00 
0.000000000e+00 0.000000000e+00 
0.000000000e+00 0.000000000e+00 
0.000000000e+00 0.000000000e+00 
0.000000000e+00 0.000000000e+00 
0.000000000e+00 0.000000000e+00 
0.000000000e+00 0.000000000e+00 
0.000000000e+00 0.000000000e+00 
0.000000000e+00 0.000000000e+00 
0.000000000e+00 0.000000000e+00 
0.000000000e+00 0.000000000e+00 
0.000000000e+00 0.000000000e+00 
0.000000000e+00 0.000000000e+00 
0.000000000e+00 0.000000000e+00 
0.000000000e+00 0.000000000e+00 
0.000000000e+00 0.000000000e+00 
0.000000000e+00 0.000000000e+00 
0.000000000e+00 0.000000000e+00 
0.000000000e+00 0.000000000e+00 
0.000000000e+00 0.000000000e+00 
0.000000000e+00 0.000000000e+00 
0.000000000e+00 0.000000000e+00 
0.000000000e+00 0.000000000e+00 
0.000000000e+00 0.000000000e+00 
0.000000000e+00 0.000000000e+00 
0.000000000e+00 0.000000000e+00 
0.000000000e+00 0.000000000e+00 
0.000000000e+00 0.000000000e+00 
0.000000000e+00 0.000000000e+00 
0.000000000e+00 0.000000000e+00 
5.925439835e+00 0.000000000e+00 
5.923410416e+00 0.000000000e+00 
5.915311813e+00 0.000000000e+00 
5.902967930e+00 0.000000000e+00 
5.884491920e+00 0.000000000e+00 
5.861707687e+00 0.000000000e+00 
5.832211494e+00 0.000000000e+00 
5.798222542e+00 0.000000000e+00 
5.758481026e+00 0.000000000e+00 
5.712534904e+00 0.000000000e+00 
5.660372734e+00 0.000000000e+00 
5.601538181e+00 0.000000000e+00 
5.535883904e+00 0.000000000e+00 
5.463090897e+00 0.000000000e+00 
5.382700443e+00 0.000000000e+00 
5.294630051e+00 0.000000000e+00 
5.198325157e+00 0.000000000e+00 
5.094907284e+00 0.000000000e+00 
4.982605934e+00 0.000000000e+00 
4.860176086e+00 0.000000000e+00 
4.729663849e+00 0.000000000e+00 
4.591150284e+00 0.000000000e+00 
4.441553116e+00 0.000000000e+00 
4.282393456e+00 0.000000000e+00 
4.115060806e+00 0.000000000e+00 
3.938283443e+00 0.000000000e+00 
3.752148390e+00 0.000000000e+00 
3.558692694e+00 0.000000000e+00 
3.356926918e+00 0.000000000e+00 
3.147455215e+00 0.000000000e+00 
2.931240559e+00 0.000000000e+00 
2.710886955e+00 0.000000000e+00 
2.486021042e+00 0.000000000e+00 
2.259579182e+00 0.000000000e+00 
2.031795025e+00 0.000000000e+00 
1.805910110e+00 0.000000000e+00 
1.582501650e+00 0.000000000e+00 
1.363931537e+00 0.000000000e+00 
1.153680325e+00 0.000000000e+00 
9.541017413e-01 0.000000000e+00 
7.666357756e-01 0.000000000e+00 
5.947495699e-01 0.000000000e+00 
4.400654435e-01 0.000000000e+00 
3.057691455e-01 0.000000000e+00 
1.938841641e-01 0.000000000e+00 
1.061989367e-01 0.000000000e+00 
4.394888133e-02 0.000000000e+00 
8.657537401e-03 0.000000000e+00 
8.598064305e-04 0.000000000e+00 
2.065471932e-02 0.000000000e+00 
6.736820191e-02 0.000000000e+00 
1.397557259e-01 0.000000000e+00 
2.358901650e-01 0.000000000e+00 
3.536343575e-01 0.000000000e+00 
4.886607528e-01 0.000000000e+00 
6.373943686e-01 0.000000000e+00 
7.953126431e-01 0.000000000e+00 
9.572638273e-01 0.000000000e+00 
1.117835760e+00 0.000000000e+00 
1.270740151e+00 0.000000000e+00 
1.410930634e+00 0.000000000e+00 
1.532902241e+00 0.000000000e+00 
1.631306171e+00 0.000000000e+00 
1.702036381e+00 0.000000000e+00 
1.741472006e+00 0.000000000e+00 
1.746985435e+00 0.000000000e+00 
1.717426062e+00 0.000000000e+00 
1.653046608e+00 0.000000000e+00 
1.555576086e+00 0.000000000e+00 
1.427813530e+00 0.000000000e+00 
1.275363445e+00 0.000000000e+00 
1.102608442e+00 0.000000000e+00 
9.185065031e-01 0.000000000e+00 
7.299187183e-01 0.000000000e+00 
5.468034744e-01 0.000000000e+00 
3.770371079e-01 0.000000000e+00 
2.304651588e-01 0.000000000e+00 
1.144086123e-01 0.000000000e+00 
3.662335128e-02 0.000000000e+00 
2.924837405e-03 0.000000000e+00 
1.698396914e-02 0.000000000e+00 
8.069182187e-02 0.000000000e+00 
1.932345629e-01 0.000000000e+00 
3.524626791e-01 0.000000000e+00 
5.522654057e-01 0.000000000e+00 
7.849925756e-01 0.000000000e+00 
1.041832209e+00 0.000000000e+00 
1.311100721e+00 0.000000000e+00 
1.581713438e+00 0.000000000e+00 
1.840580463e+00 0.000000000e+00 
2.075686216e+00 0.000000000e+00 
2.276035786e+00 0.000000000e+00 
2.432382107e+00 0.000000000e+00 
2.536585808e+00 0.000000000e+00 
2.583700180e+00 0.000000000e+00 
2.571642399e+00 0.000000000e+00 
2.501089096e+00 0.000000000e+00 
2.375513554e+00 0.000000000e+00 
2.201962471e+00 0.000000000e+00 
1.988651037e+00 0.000000000e+00 
1.746237040e+00 0.000000000e+00 
1.486212969e+00 0.000000000e+00 
1.221484184e+00 0.000000000e+00 
9.632258415e-01 0.000000000e+00 
7.229599953e-01 0.000000000e+00 
5.092753172e-01 0.000000000e+00 
3.297961056e-01 0.000000000e+00 
1.888992637e-01 0.000000000e+00 
8.833196014e-02 0.000000000e+00 
2.700407803e-02 0.000000000e+00 
1.803285675e-03 0.000000000e+00 
7.227386348e-03 0.000000000e+00 
3.614025563e-02 0.000000000e+00 
8.073671162e-02 0.000000000e+00 
1.327500343e-01 0.000000000e+00 
1.843333542e-01 0.000000000e+00 
2.285894752e-01 0.000000000e+00 
2.603714764e-01 0.000000000e+00 
2.762185931e-01 0.000000000e+00 
2.748176455e-01 0.000000000e+00 
2.568646967e-01 0.000000000e+00 
2.248018533e-01 0.000000000e+00 
1.828328371e-01 0.000000000e+00 
1.358349472e-01 0.000000000e+00 
8.939135820e-02 0.000000000e+00 
4.873136804e-02 0.000000000e+00 
1.866654679e-02 0.000000000e+00 
2.488742117e-03 0.000000000e+00 
2.168661915e-03 0.000000000e+00 
1.784628443e-02 0.000000000e+00 
4.780864716e-02 0.000000000e+00 
8.884435892e-02 0.000000000e+00 
1.365810782e-01 0.000000000e+00 
1.854181886e-01 0.000000000e+00 
2.297548950e-01 0.000000000e+00 
2.643920779e-01 0.000000000e+00 
2.849938869e-01 0.000000000e+00 
2.885535061e-01 0.000000000e+00 
2.740826011e-01 0.000000000e+00 
2.426314652e-01 0.000000000e+00 
1.975232065e-01 0.000000000e+00 
1.439347416e-01 0.000000000e+00 
8.916655183e-02 0.000000000e+00 
4.124061763e-02 0.000000000e+00 
9.242308326e-03 0.000000000e+00 
2.040742896e-03 0.000000000e+00 
2.771871164e-02 0.000000000e+00 
9.288354963e-02 0.000000000e+00 
2.017051131e-01 0.000000000e+00 
3.562422991e-01 0.000000000e+00 
5.555073023e-01 0.000000000e+00 
7.955642939e-01 0.000000000e+00 
1.068751574e+00 0.000000000e+00 
1.366187215e+00 0.000000000e+00 
1.675385594e+00 0.000000000e+00 
1.983157158e+00 0.000000000e+00 
2.276485443e+00 0.000000000e+00 
2.541509628e+00 0.000000000e+00 
2.763961077e+00 0.000000000e+00 
2.934052467e+00 0.000000000e+00 
3.041965723e+00 0.000000000e+00 
3.082654238e+00 0.000000000e+00 
3.053010941e+00 0.000000000e+00 
2.953862667e+00 0.000000000e+00 
2.789840221e+00 0.000000000e+00 
2.567368984e+00 0.000000000e+00 
2.297811270e+00 0.000000000e+00 
1.992926121e+00 0.000000000e+00 
1.666884422e+00 0.000000000e+00 
1.335650444e+00 0.000000000e+00 
1.013549447e+00 0.000000000e+00 
7.163539529e-01 0.000000000e+00 
4.569633901e-01 0.000000000e+00 
2.480347753e-01 0.000000000e+00 
9.887775779e-02 0.000000000e+00 
1.736139506e-02 0.000000000e+00 
7.926901802e-03 0.000000000e+00 
7.227274776e-02 0.000000000e+00 
2.099511921e-01 0.000000000e+00 
4.167432785e-01 0.000000000e+00 
6.882539988e-01 0.000000000e+00 
1.016524196e+00 0.000000000e+00 
1.391369581e+00 0.000000000e+00 
1.805350661e+00 0.000000000e+00 
2.245473862e+00 0.000000000e+00 
2.702658415e+00 0.000000000e+00 
3.166546583e+00 0.000000000e+00 
3.627645969e+00 0.000000000e+00 
4.075693130e+00 0.000000000e+00 
4.504717827e+00 0.000000000e+00 
4.908421516e+00 0.000000000e+00 
5.280593872e+00 0.000000000e+00 
5.618955135e+00 0.000000000e+00 
5.920346260e+00 0.000000000e+00 
6.183993340e+00 0.000000000e+00 
6.411292076e+00 0.000000000e+00 
6.602590561e+00 0.000000000e+00 
6.760118484e+00 0.000000000e+00 
6.887252808e+00 0.000000000e+00 
6.986616135e+00 0.000000000e+00 
7.061741829e+00 0.000000000e+00 
7.116561890e+00 0.000000000e+00 
7.154210091e+00 0.000000000e+00 
7.178536415e+00 0.000000000e+00 
7.192697525e+00 0.000000000e+00 
7.199146748e+00 0.000000000e+00 
7.200695992e+00 0.000000000e+00 
7.199491501e+00 0.000000000e+00 
7.197093010e+00 0.000000000e+00 
7.194464684e+00 0.000000000e+00 
7.192888260e+00 0.000000000e+00 
7.192686081e+00 0.000000000e+00 
7.194027901e+00 0.000000000e+00 
7.196749687e+00 0.000000000e+00 
7.200719357e+00 0.000000000e+00 
7.205382347e+00 0.000000000e+00 
7.210155487e+00 0.000000000e+00 
7.214355946e+00 0.000000000e+00 
7.217416286e+00 0.000000000e+00 
7.218564034e+00 0.000000000e+00 
7.217136860e+00 0.000000000e+00 
7.212585449e+00 0.000000000e+00 
7.204451561e+00 0.000000000e+00 
7.192245483e+00 0.000000000e+00 
7.175676346e+00 0.000000000e+00 
7.154575348e+00 0.000000000e+00 
7.128733158e+00 0.000000000e+00 
7.098470688e+00 0.000000000e+00 
7.063570976e+00 0.000000000e+00 
7.024559021e+00 0.000000000e+00 
6.981456757e+00 0.000000000e+00 
6.934490204e+00 0.000000000e+00 
6.884522438e+00 0.000000000e+00 
6.831335068e+00 0.000000000e+00 
6.776558399e+00 0.000000000e+00 
6.719480038e+00 0.000000000e+00 
6.661270142e+00 0.000000000e+00 
6.601668358e+00 0.000000000e+00 
6.542731762e+00 0.000000000e+00 
6.484172821e+00 0.000000000e+00 
6.425953388e+00 0.000000000e+00 
6.368982792e+00 0.000000000e+00 
6.314100266e+00 0.000000000e+00 
6.261339188e+00 0.000000000e+00 
6.211470604e+00 0.000000000e+00 
6.164794922e+00 0.000000000e+00 
6.121450424e+00 0.000000000e+00 
6.081999779e+00 0.000000000e+00 
6.046563148e+00 0.000000000e+00 
6.015412331e+00 0.000000000e+00 
5.987857819e+00 0.000000000e+00 
5.965919495e+00 0.000000000e+00 
5.947811604e+00 0.000000000e+00 
5.935598850e+00 0.000000000e+00 
5.927475929e+00 0.000000000e+00 
5.926485538e+00 0.000000000e+00 
6.000000000e+00 0.000000000e+00 
0.000000000e+00 0.000000000e+00 
0.000000000e+00 0.000000000e+00 
0.000000000e+00 0.000000000e+00 
0.000000000e+00 0.000000000e+00 
0.000000000e+00 0.000000000e+00 
0.000000000e+00 0.000000000e+00 
0.000000000e+00 0.000000000e+00 
2.684789002e-01 2.513678670e-01 
-2.148557222e-03 4.224346951e-02 
-1.338144690e-01 -3.431333303e-01 
-1.791914701e-01 1.827216595e-01 
2.610146105e-01 -1.480027586e-01 
-1.761873662e-01 1.972885430e-01 
4.190074205e-01 1.379423589e-01 
-4.487681389e-01 -3.251684010e-01 
-9.051294625e-02 5.142841339e-01 
1.801820844e-01 -4.110088348e-01 
-2.713434696e-01 5.482710525e-02 
3.323746324e-01 -1.031257063e-01 
-3.118297756e-01 1.598212123e-02 
1.896480769e-01 3.067319095e-01 
-8.319085836e-02 -8.086973429e-02 
4.136877507e-02 -2.918966413e-01 
0.000000000e+00 0.000000000e+00 
0.000000000e+00 0.000000000e+00 
0.000000000e+00 0.000000000e+00 
0.000000000e+00 0.000000000e+00 
0.000000000e+00 0.000000000e+00 
0.000000000e+00 0.000000000e+00 
0.000000000e+00 0.000000000e+00 
0.000000000e+00 0.000000000e+00 
0.000000000e+00 0.000000000e+00 
0.000000000e+00 0.000000000e+00 
0.000000000e+00 0.000000000e+00 
0.000000000e+00 0.000000000e+00 
0.000000000e+00 0.000000000e+00 
0.000000000e+00 0.000000000e+00 
0.000000000e+00 0.000000000e+00 
0.000000000e+00 0.000000000e+00 
0.000000000e+00 0.000000000e+00 
0.000000000e+00 0.000000000e+00 
0.000000000e+00 0.000000000e+00 
0.000000000e+00 0.000000000e+00 
0.000000000e+00 0.000000000e+00 
0.000000000e+00 0.000000000e+00 
0.000000000e+00 0.000000000e+00 
0.000000000e+00 0.000000000e+00 
0.000000000e+00 0.000000000e+00 
0.000000000e+00 0.000000000e+00 
0.000000000e+00 0.000000000e+00 
0.000000000e+00 0.000000000e+00 
0.000000000e+00 0.000000000e+00 
0.000000000e+00 0.000000000e+00 
0.000000000e+00 0.000000000e+00 
0.000000000e+00 0.000000000e+00 
0.000000000e+00 0.000000000e+00 
0.000000000e+00 0.000000000e+00 
0.000000000e+00 0.000000000e+00 
0.000000000e+00 0.000000000e+00 
0.000000000e+00 0.000000000e+00 
0.000000000e+00 0.000000000e+00 
0.000000000e+00 0.000000000e+00 
0.000000000e+00 0.000000000e+00 
5.925439835e+00 0.000000000e+00 
5.923410416e+00 0.000000000e+00 
5.915311813e+00 0.000000000e+00 
5.902967930e+00 0.000000000e+00 
5.884491920e+00 0.000000000e+00 
5.861707687e+00 0.000000000e+00 
5.832211494e+00 0.000000000e+00 
5.798222542e+00 0.000000000e+00 
5.758481026e+00 0.000000000e+00 
5.712534904e+00 0.000000000e+00 
5.660372734e+00 0.000000000e+00 
5.601538181e+00 0.000000000e+00 
5.535883904e+00 0.000000000e+00 
5.463090897e+00 0.000000000e+00 
5.382700443e+00 0.000000000e+00 
5.294630051e+00 0.000000000e+00 
5.198325157e+00 0.000000000e+00 
5.094907284e+00 0.000000000e+00 
4.982605934e+00 0.000000000e+00 
4.860176086e+00 0.000000000e+00 
4.729663849e+00 0.000000000e+00 
4.591150284e+00 0.000000000e+00 
4.441553116e+00 0.000000000e+00 
4.282393456e+00 0.000000000e+00 
4.115060806e+00 0.000000000e+00 
3.938283443e+00 0.000000000e+00 
3.752148390e+00 0.000000000e+00 
3.558692694e+00 0.000000000e+00 
3.356926918e+00 0.000000000e+00 
3.147455215e+00 0.000000000e+00 
2.931240559e+00 0.000000000e+00 
2.710886955e+00 0.000000000e+00 
2.486021042e+00 0.000000000e+00 
2.259579182e+00 0.000000000e+00 
2.031795025e+00 0.000000000e+00 
1.805910110e+00 0.000000000e+00 
1.582501650e+00 0.000000000e+00 
1.363931537e+00 0.000000000e+00 
1.153680325e+00 0.000000000e+00 
9.541017413e-01 0.000000000e+00 
7.666357756e-01 0.000000000e+00 
5.947495699e-01 0.000000000e+00 
4.400654435e-01 0.000000000e+00 
3.057691455e-01 0.000000000e+00 
1.938841641e-01 0.000000000e+00 
1.061989367e-01 0.000000000e+00 
4.394888133e-02 0.000000000e+00 
8.657537401e-03 0.000000000e+00 
8.598064305e-04 0.000000000e+00 
2.065471932e-02 0.000000000e+00 
6.736820191e-02 0.000000000e+00 
1.397557259e-01 0.000000000e+00 
2.358901650e-01 0.000000000e+00 
3.536343575e-01 0.000000000e+00 
4.886607528e-01 0.000000000e+00 
6.373943686e-01 0.000000000e+00 
7.953126431e-01 0.000000000e+00 
9.572638273e-01 0.000000000e+00 
1.117835760e+00 0.000000000e+00 
1.270740151e+00 0.000000000e+00 
1.410930634e+00 0.000000000e+00 
1.532902241e+00 0.000000000e+00 
1.631306171e+00 0.000000000e+00 
1.702036381e+00 0.000000000e+00 
1.741472006e+00 0.000000000e+00 
1.746985435e+00 0.000000000e+00 
1.717426062e+00 0.000000000e+00 
1.653046608e+00 0.000000000e+00 
1.555576086e+00 0.000000000e+00 
1.427813530e+00 0.000000000e+00 
1.275363445e+00 0.000000000e+00 
1.102608442e+00 0.000000000e+00 
9.185065031e-01 0.000000000e+00 
7.299187183e-01 0.000000000e+00 
5.468034744e-01 0.000000000e+00 
3.770371079e-01 0.000000000e+00 
2.304651588e-01 0.000000000e+00 
1.144086123e-01 0.000000000e+00 
3.662335128e-02 0.000000000e+00 
2.924837405e-03 0.000000000e+00 
1.698396914e-02 0.000000000e+00 
8.069182187e-02 0.000000000e+00 
1.932345629e-01 0.000000000e+00 
3.524626791e-01 0.000000000e+00 
5.522654057e-01 0.000000000e+00 
7.849925756e-01 0.000000000e+00 
1.041832209e+00 0.000000000e+00 
1.311100721e+00 0.000000000e+00 
1.581713438e+00 0.000000000e+00 
1.840580463e+00 0.000000000e+00 
2.075686216e+00 0.000000000e+00 
2.276035786e+00 0.000000000e+00 
2.432382107e+00 0.000000000e+00 
2.536585808e+00 0.000000000e+00 
2.583700180e+00 0.000000000e+00 
2.571642399e+00 0.000000000e+00 
2.501089096e+00 0.000000000e+00 
2.375513554e+00 0.000000000e+00 
2.201962471e+00 0.000000000e+00 
1.988651037e+00 0.000000000e+00 
1.746237040e+00 0.000000000e+00 
1.486212969e+00 0.000000000e+00 
1.221484184e+00 0.000000000e+00 
9.632258415e-01 0.000000000e+00 
7.229599953e-01 0.000000000e+00 
5.092753172e-01 0.000000000e+00 
3.297961056e-01 0.000000000e+00 
1.888992637e-01 0.000000000e+00 
8.833196014e-02 0.000000000e+00 
2.700407803e-02 0.000000000e+00 
1.803285675e-03 0.000000000e+00 
7.227386348e-03 0.000000000e+00 
3.614025563e-02 0.000000000e+00 
8.073671162e-02 0.000000000e+00 
1.327500343e-01 0.000000000e+00 
1.843333542e-01 0.000000000e+00 
2.285894752e-01 0.000000000e+00 
2.603714764e-01 0.000000000e+00 
2.762185931e-01 0.000000000e+00 
2.748176455e-01 0.000000000e+00 
2.568646967e-01 0.000000000e+00 
2.248018533e-01 0.000000000e+00 
1.828328371e-01 0.000000000e+00 
1.358349472e-01 0.000000000e+00 
8.939135820e-02 0.000000000e+00 
4.873136804e-02 0.000000000e+00 
1.866654679e-02 0.000000000e+00 
2.488742117e-03 0.000000000e+00 
2.168661915e-03 0.000000000e+00 
1.784628443e-02 0.000000000e+00 
4.780864716e-02 0.000000000e+00 
8.884435892e-02 0.000000000e+00 
1.365810782e-01 0.000000000e+00 
1.854181886e-01 0.000000000e+00 
2.297548950e-01 0.000000000e+00 
2.643920779e-01 0.000000000e+00 
2.849938869e-01 0.000000000e+00 
2.885535061e-01 0.000000000e+00 
2.740826011e-01 0.000000000e+00 
2.426314652e-01 0.000000000e+00 
1.975232065e-01 0.000000000e+00 
1.439347416e-01 0.000000000e+00 
8.916655183e-02 0.000000000e+00 
4.124061763e-02 0.000000000e+00 
9.242308326e-03 0.000000000e+00 
2.040742896e-03 0.000000000e+00 
2.771871164e-02 0.000000000e+00 
9.288354963e-02 0.000000000e+00 
2.017051131e-01 0.000000000e+00 
3.562422991e-01 0.000000000e+00 
5.555073023e-01 0.000000000e+00 
7.955642939e-01 0.000000000e+00 
1.068751574e+00 0.000000000e+00 
1.366187215e+00 0.000000000e+00 
1.675385594e+00 0.000000000e+00 
1.983157158e+00 0.000000000e+00 
2.276485443e+00 0.000000000e+00 
2.541509628e+00 0.000000000e+00 
2.763961077e+00 0.000000000e+00 
2.934052467e+00 0.000000000e+00 
3.041965723e+00 0.000000000e+00 
3.082654238e+00 0.000000000e+00 
3.053010941e+00 0.000000000e+00 
2.953862667e+00 0.000000000e+00 
2.789840221e+00 0.000000000e+00 
2.567368984e+00 0.000000000e+00 
2.297811270e+00 0.000000000e+00 
1.992926121e+00 0.000000000e+00 
1.666884422e+00 0.000000000e+00 
1.335650444e+00 0.000000000e+00 
1.013549447e+00 0.000000000e+00 
7.163539529e-01 0.000000000e+00 
4.569633901e-01 0.000000000e+00 
2.480347753e-01 0.000000000e+00 
9.887775779e-02 0.000000000e+00 
1.736139506e-02 0.000000000e+00 
7.926901802e-03 0.000000000e+00 
7.227274776e-02 0.000000000e+00 
2.099511921e-01 0.000000000e+00 
4.167432785e-01 0.000000000e+00 
6.882539988e-01 0.000000000e+00 
1.016524196e+00 0.000000000e+00 
1.391369581e+00 0.000000000e+00 
1.805350661e+00 0.000000000e+00 
2.245473862e+00 0.000000000e+00 
2.702658415e+00 0.000000000e+00 
3.166546583e+00 0.000000000e+00 
3.627645969e+00 0.000000000e+00 
4.075693130e+00 0.000000000e+00 
4.504717827e+00 0.000000000e+00 
4.908421516e+00 0.000000000e+00 
5.280593872e+00 0.000000000e+00 
5.618955135e+00 0.000000000e+00 
5.920346260e+00 0.000000000e+00 
6.183993340e+00 0.000000000e+00 
6.411292076e+00 0.000000000e+00 
6.602590561e+00 0.000000000e+00 
6.760118484e+00 0.000000000e+00 
6.887252808e+00 0.000000000e+00 
6.986616135e+00 0.000000000e+00 
7.061741829e+00 0.000000000e+00 
7.116561890e+00 0.000000000e+00 
7.154210091e+00 0.000000000e+00 
7.178536415e+00 0.000000000e+00 
7.192697525e+00 0.000000000e+00 
7.199146748e+00 0.000000000e+00 
7.200695992e+00 0.000000000e+00 
7.199491501e+00 0.000000000e+00 
7.197093010e+00 0.000000000e+00 
7.194464684e+00 0.000000000e+00 
7.192888260e+00 0.000000000e+00 
7.192686081e+00 0.000000000e+00 
7.194027901e+00 0.000000000e+00 
7.196749687e+00 0.000000000e+00 
7.200719357e+00 0.000000000e+00 
7.205382347e+00 0.000000000e+00 
7.210155487e+00 0.000000000e+00 
7.214355946e+00 0.000000000e+00 
7.217416286e+00 0.000000000e+00 
7.218564034e+00 0.000000000e+00 
7.217136860e+00 0.000000000e+00 
7.212585449e+00 0.000000000e+00 
7.204451561e+00 0.000000000e+00 
7.192245483e+00 0.000000000e+00 
7.175676346e+00 0.000000000e+00 
7.154575348e+00 0.000000000e+00 
7.128733158e+00 0.000000000e+00 
7.098470688e+00 0.000000000e+00 
7.063570976e+00 0.000000000e+00 
7.024559021e+00 0.000000000e+00 
6.981456757e+00 0.000000000e+00 
6.934490204e+00 0.000000000e+00 
6.884522438e+00 0.000000000e+00 
6.831335068e+00 0.000000000e+00 
6.776558399e+00 0.000000000e+00 
6.719480038e+00 0.000000000e+00 
6.661270142e+00 0.000000000e+00 
6.601668358e+00 0.000000000e+00 
6.542731762e+00 0.000000000e+00 
6.484172821e+00 0.000000000e+00 
6.425953388e+00 0.000000000e+00 
6.368982792e+00 0.000000000e+00 
6.314100266e+00 0.000000000e+00 
6.261339188e+00 0.000000000e+00 
6.211470604e+00 0.000000000e+00 
6.164794922e+00 0.000000000e+00 
6.121450424e+00 0.000000000e+00 
6.081999779e+00 0.000000000e+00 
6.046563148e+00 0.000000000e+00 
6.015412331e+00 0.000000000e+00 
5.987857819e+00 0.000000000e+00 
5.965919495e+00 0.000000000e+00 
5.947811604e+00 0.000000000e+00 
5.935598850e+00 0.000000000e+00 
5.927475929e+00 0.000000000e+00 
5.926485538e+00 0.000000000e+00 
6.000000000e+00 0.000000000e+00 
0.000000000e+00 0.000000000e+00 
0.000000000e+00 0.000000000e+00 
0.000000000e+00 0.000000000e+00 
0.000000000e+00 0.000000000e+00 
0.000000000e+00 0.000000000e+00 
0.000000000e+00 0.000000000e+00 
0.000000000e+00 0.000000000e+00 
2.684789002e-01 2.513678670e-01 
-2.148557222e-03 4.224346951e-02 
-1.338144690e-01 -3.431333303e-01 
-1.791914701e-01 1.827216595e-01 
2.610146105e-01 -1.480027586e-01 
-1.761873662e-01 1.972885430e-01 
4.190074205e-01 1.379423589e-01 
-4.487681389e-01 -3.251684010e-01 
-9.051294625e-02 5.142841339e-01 
1.801820844e-01 -4.110088348e-01 
-2.713434696e-01 5.482710525e-02 
3.323746324e-01 -1.031257063e-01 
-3.118297756e-01 1.598212123e-02 
1.896480769e-01 3.067319095e-01 
-8.319085836e-02 -8.086973429e-02 
4.136877507e-02 -2.918966413e-01 
0.000000000e+00 0.000000000e+00 
0.000000000e+00 0.000000000e+00 
0.000000000e+00 0.000000000e+00 
0.000000000e+00 0.000000000e+00 
0.000000000e+00 0.000000000e+00 
0.000000000e+00 0.000000000e+00 
0.000000000e+00 0.000000000e+00 
0.000000000e+00 0.000000000e+00 
0.000000000e+00 0.000000000e+00 
0.000000000e+00 0.000000000e+00 
0.000000000e+00 0.000000000e+00 
0.000000000e+00 0.000000000e+00 
0.000000000e+00 0.000000000e+00 
0.000000000e+00 0.000000000e+00 
0.000000000e+00 0.000000000e+00 
0.000000000e+00 0.000000000e+00 
0.000000000e+00 0.000000000e+00 
0.000000000e+00 0.000000000e+00 
0.000000000e+00 0.000000000e+00 
0.000000000e+00 0.000000000e+00 
0.000000000e+00 0.000000000e+00 
0.000000000e+00 0.000000000e+00 
0.000000000e+00 0.000000000e+00 
0.000000000e+00 0.000000000e+00 
0.000000000e+00 0.000000000e+00 
0.000000000e+00 0.000000000e+00 
0.000000000e+00 0.000000000e+00 
0.000000000e+00 0.000000000e+00 
0.000000000e+00 0.000000000e+00 
0.000000000e+00 0.000000000e+00 
0.000000000e+00 0.000000000e+00 
0.000000000e+00 0.000000000e+00 
0.000000000e+00 0.000000000e+00 
0.000000000e+00 0.000000000e+00 
0.000000000e+00 0.000000000e+00 
0.000000000e+00 0.000000000e+00 
0.000000000e+00 0.000000000e+00 
0.000000000e+00 0.000000000e+00 
0.000000000e+00 0.000000000e+00 
0.000000000e+00 0.000000000e+00 
5.925439835e+00 0.000000000e+00 
5.923410416e+00 0.000000000e+00 
5.915311813e+00 0.000000000e+00 
5.902967930e+00 0.000000000e+00 
5.884491920e+00 0.000000000e+00 
5.861707687e+00 0.000000000e+00 
5.832211494e+00 0.000000000e+00 
5.798222542e+00 0.000000000e+00 
5.758481026e+00 0.000000000e+00 
5.712534904e+00 0.000000000e+00 
5.660372734e+00 0.000000000e+00 
5.601538181e+00 0.000000000e+00 
5.535883904e+00 0.000000000e+00 
5.463090897e+00 0.000000000e+00 
5.382700443e+00 0.000000000e+00 
5.294630051e+00 0.000000000e+00 
5.198325157e+00 0.000000000e+00 
5.094907284e+00 0.000000000e+00 
4.982605934e+00 0.000000000e+00 
4.860176086e+00 0.000000000e+00 
4.729663849e+00 0.000000000e+00 
4.591150284e+00 0.000000000e+00 
4.441553116e+00 0.000000000e+00 
4.282393456e+00 0.000000000e+00 
4.115060806e+00 0.000000000e+00 
3.938283443e+00 0.000000000e+00 
3.752148390e+00 0.000000000e+00 
3.558692694e+00 0.000000000e+00 
3.356926918e+00 0.000000000e+00 
3.147455215e+00 0.000000000e+00 
2.931240559e+00 0.000000000e+00 
2.710886955e+00 0.000000000e+00 
2.486021042e+00 0.000000000e+00 
2.259579182e+00 0.000000000e+00 
2.031795025e+00 0.000000000e+00 
1.805910110e+00 0.000000000e+00 
1.582501650e+00 0.000000000e+00 
1.363931537e+00 0.000000000e+00 
1.153680325e+00 0.000000000e+00 
9.541017413e-01 0.000000000e+00 
7.666357756e-01 0.000000000e+00 
5.947495699e-01 0.000000000e+00 
4.400654435e-01 0.000000000e+00 
3.057691455e-01 0.000000000e+00 
1.938841641e-01 0.000000000e+00 
1.061989367e-01 0.000000000e+00 
4.394888133e-02 0.000000000e+00 
8.657537401e-03 0.000000000e+00 
8.598064305e-04 0.000000000e+00 
2.065471932e-02 0.000000000e+00 
6.736820191e-02 0.000000000e+00 
1.397557259e-01 0.000000000e+00 
2.358901650e-01 0.000000000e+00 
3.536343575e-01 0.000000000e+00 
4.886607528e-01 0.000000000e+00 
6.373943686e-01 0.000000000e+00 
7.953126431e-01 0.000000000e+00 
9.572638273e-01 0.000000000e+00 
1.117835760e+00 0.000000000e+00 
1.270740151e+00 0.000000000e+00 
1.410930634e+00 0.000000000e+00 
1.532902241e+00 0.000000000e+00 
1.631306171e+00 0.000000000e+00 
1.702036381e+00 0.000000000e+00 
1.741472006e+00 0.000000000e+00 
1.746985435e+00 0.000000000e+00 
1.717426062e+00 0.000000000e+00 
1.653046608e+00 0.000000000e+00 
1.555576086e+00 0.000000000e+00 
1.427813530e+00 0.000000000e+00 
1.275363445e+00 0.000000000e+00 
1.102608442e+00 0.000000000e+00 
9.185065031e-01 0.000000000e+00 
7.299187183e-01 0.000000000e+00 
5.468034744e-01 0.000000000e+00 
3.770371079e-01 0.000000000e+00 
2.304651588e-01 0.000000000e+00 
1.144086123e-01 0.000000000e+00 
3.662335128e-02 0.000000000e+00 
2.924837405e-03 0.000000000e+00 
1.698396914e-02 0.000000000e+00 
8.069182187e-02 0.000000000e+00 
1.932345629e-01 0.000000000e+00 
3.524626791e-01 0.000000000e+00 
5.522654057e-01 0.000000000e+00 
7.849925756e-01 0.000000000e+00 
1.041832209e+00 0.000000000e+00 
1.311100721e+00 0.000000000e+00 
1.581713438e+00 0.000000000e+00 
1.840580463e+00 0.000000000e+00 
2.075686216e+00 0.000000000e+00 
2.276035786e+00 0.000000000e+00 
2.432382107e+00 0.000000000e+00 
2.536585808e+00 0.000000000e+00 
2.583700180e+00 0.000000000e+00 
2.571642399e+00 0.000000000e+00 
2.501089096e+00 0.000000000e+00 
2.375513554e+00 0.000000000e+00 
2.201962471e+00 0.000000000e+00 
1.988651037e+00 0.000000000e+00 
1.746237040e+00 0.000000000e+00 
1.486212969e+00 0.000000000e+00 
1.221484184e+00 0.000000000e+00 
9.632258415e-01 0.000000000e+00 
7.229599953e-01 0.000000000e+00 
5.092753172e-01 0.000000000e+00 
3.297961056e-01 0.000000000e+00 
1.888992637e-01 0.000000000e+00 
8.833196014e-02 0.000000000e+00 
2.700407803e-02 0.000000000e+00 
1.803285675e-03 0.000000000e+00 
7.227386348e-03 0.000000000e+00 
3.614025563e-02 0.000000000e+00 
8.073671162e-02 0.000000000e+00 
1.327500343e-01 0.000000000e+00 
1.843333542e-01 0.000000000e+00 
2.285894752e-01 0.000000000e+00 
2.603714764e-01 0.000000000e+00 
2.762185931e-01 0.000000000e+00 
2.748176455e-01 0.000000000e+00 
2.568646967e-01 0.000000000e+00 
2.248018533e-01 0.000000000e+00 
1.828328371e-01 0.000000000e+00 
1.358349472e-01 0.000000000e+00 
8.939135820e-02 0.000000000e+00 
4.873136804e-02 0.000000000e+00 
1.866654679e-02 0.000000000e+00 
2.488742117e-03 0.000000000e+00 
2.168661915e-03 0.000000000e+00 
1.784628443e-02 0.000000000e+00 
4.780864716e-02 0.000000000e+00 
8.884435892e-02 0.000000000e+00 
1.365810782e-01 0.000000000e+00 
1.854181886e-01 0.000000000e+00 
2.297548950e-01 0.000000000e+00 
2.643920779e-01 0.000000000e+00 
2.849938869e-01 0.000000000e+00 
2.885535061e-01 0.000000000e+00 
2.740826011e-01 0.000000000e+00 
2.426314652e-01 0.000000000e+00 
1.975232065e-01 0.000000000e+00 
1.439347416e-01 0.000000000e+00 
8.916655183e-02 0.000000000e+00 
4.124061763e-02 0.000000000e+00 
9.242308326e-03 0.000000000e+00 
2.040742896e-03 0.000000000e+00 
2.771871164e-02 0.000000000e+00 
9.288354963e-02 0.000000000e+00 
2.017051131e-01 0.000000000e+00 
3.562422991e-01 0.000000000e+00 
5.555073023e-01 0.000000000e+00 
7.955642939e-01 0.000000000e+00 
1.068751574e+00 0.000000000e+00 
1.366187215e+00 0.000000000e+00 
1.675385594e+00 0.000000000e+00 
1.983157158e+00 0.000000000e+00 
2.276485443e+00 0.000000000e+00 
2.541509628e+00 0.000000000e+00 
2.763961077e+00 0.000000000e+00 
2.934052467e+00 0.000000000e+00 
3.041965723e+00 0.000000000e+00 
3.082654238e+00 0.000000000e+00 
3.053010941e+00 0.000000000e+00 
2.953862667e+00 0.000000000e+00 
2.789840221e+00 0.000000000e+00 
2.567368984e+00 0.000000000e+00 
2.297811270e+00 0.000000000e+00 
1.992926121e+00 0.000000000e+00 
1.666884422e+00 0.000000000e+00 
1.335650444e+00 0.000000000e+00 
1.013549447e+00 0.000000000e+00 
7.163539529e-01 0.000000000e+00 
4.569633901e-01 0.000000000e+00 
2.480347753e-01 0.000000000e+00 
9.887775779e-02 0.000000000e+00 
1.736139506e-02 0.000000000e+00 
7.926901802e-03 0.000000000e+00 
7.227274776e-02 0.000000000e+00 
2.099511921e-01 0.000000000e+00 
4.167432785e-01 0.000000000e+00 
6.882539988e-01 0.000000000e+00 
1.016524196e+00 0.000000000e+00 
1.391369581e+00 0.000000000e+00 
1.805350661e+00 0.000000000e+00 
2.245473862e+00 0.000000000e+00 
2.702658415e+00 0.000000000e+00 
3.166546583e+00 0.000000000e+00 
3.627645969e+00 0.000000000e+00 
4.075693130e+00 0.000000000e+00 
4.504717827e+00 0.000000000e+00 
4.908421516e+00 0.000000000e+00 
5.280593872e+00 0.000000000e+00 
5.618955135e+00 0.000000000e+00 
5.920346260e+00 0.000000000e+00 
6.183993340e+00 0.000000000e+00 
6.411292076e+00 0.000000000e+00 
6.602590561e+00 0.000000000e+00 
6.760118484e+00 0.000000000e+00 
6.887252808e+00 0.000000000e+00 
6.986616135e+00 0.000000000e+00 
7.061741829e+00 0.000000000e+00 
7.116561890e+00 0.000000000e+00 
7.154210091e+00 0.000000000e+00 
7.178536415e+00 0.000000000e+00 
7.192697525e+00 0.000000000e+00 
7.199146748e+00 0.000000000e+00 
7.200695992e+00 0.000000000e+00 
7.199491501e+00 0.000000000e+00 
7.197093010e+00 0.000000000e+00 
7.194464684e+00 0.000000000e+00 
7.192888260e+00 0.000000000e+00 
7.192686081e+00 0.000000000e+00 
7.194027901e+00 0.000000000e+00 
7.196749687e+00 0.000000000e+00 
7.200719357e+00 0.000000000e+00 
7.205382347e+00 0.000000000e+00 
7.210155487e+00 0.000000000e+00 
7.214355946e+00 0.000000000e+00 
7.217416286e+00 0.000000000e+00 
7.218564034e+00 0.000000000e+00 
7.217136860e+00 0.000000000e+00 
7.212585449e+00 0.000000000e+00 
7.204451561e+00 0.000000000e+00 
7.192245483e+00 0.000000000e+00 
7.175676346e+00 0.000000000e+00 
7.154575348e+00 0.000000000e+00 
7.128733158e+00 0.000000000e+00 
7.098470688e+00 0.000000000e+00 
7.063570976e+00 0.000000000e+00 
7.024559021e+00 0.000000000e+00 
6.981456757e+00 0.000000000e+00 
6.934490204e+00 0.000000000e+00 
6.884522438e+00 0.000000000e+00 
6.831335068e+00 0.000000000e+00 
6.776558399e+00 0.000000000e+00 
6.719480038e+00 0.000000000e+00 
6.661270142e+00 0.000000000e+00 
6.601668358e+00 0.000000000e+00 
6.542731762e+00 0.000000000e+00 
6.484172821e+00 0.000000000e+00 
6.425953388e+00 0.000000000e+00 
6.368982792e+00 0.000000000e+00 
6.314100266e+00 0.000000000e+00 
6.261339188e+00 0.000000000e+00 
6.211470604e+00 0.000000000e+00 
6.164794922e+00 0.000000000e+00 
6.121450424e+00 0.000000000e+00 
6.081999779e+00 0.000000000e+00 
6.046563148e+00 0.000000000e+00 
6.015412331e+00 0.000000000e+00 
5.987857819e+00 0.000000000e+00 
5.965919495e+00 0.000000000e+00 
5.947811604e+00 0.000000000e+00 
5.935598850e+00 0.000000000e+00 
5.927475929e+00 0.000000000e+00 
5.926485538e+00 0.000000000e+00 
6.000000000e+00 0.000000000e+00 
0.000000000e+00 0.000000000e+00 
0.000000000e+00 0.000000000e+00 
0.000000000e+00 0.000000000e+00 
0.000000000e+00 0.000000000e+00 
0.000000000e+00 0.000000000e+00 
0.000000000e+00 0.000000000e+00 
0.000000000e+00 0.000000000e+00 
2.684789002e-01 2.513678670e-01 
-2.148557222e-03 4.224346951e-02 
-1.338144690e-01 -3.431333303e-01 
-1.791914701e-01 1.827216595e-01 
2.610146105e-01 -1.480027586e-01 
-1.761873662e-01 1.972885430e-01 
4.190074205e-01 1.379423589e-01 
-4.487681389e-01 -3.251684010e-01 
-9.051294625e-02 5.142841339e-01 
1.801820844e-01 -4.110088348e-01 
-2.713434696e-01 5.482710525e-02 
3.323746324e-01 -1.031257063e-01 
-3.118297756e-01 1.598212123e-02 
1.896480769e-01 3.067319095e-01 
-8.319085836e-02 -8.086973429e-02 
4.136877507e-02 -2.918966413e-01 
0.000000000e+00 0.000000000e+00 
0.000000000e+00 0.000000000e+00 
0.000000000e+00 0.000000000e+00 
0.000000000e+00 0.000000000e+00 
0.000000000e+00 0.000000000e+00 
0.000000000e+00 0.000000000e+00 
0.000000000e+00 0.000000000e+00 
0.000000000e+00 0.000000000e+00 
0.000000000e+00 0.000000000e+00 
0.000000000e+00 0.000000000e+00 
0.000000000e+00 0.000000000e+00 
0.000000000e+00 0.000000000e+00 
0.000000000e+00 0.000000000e+00 
0.000000000e+00 0.000000000e+00 
0.000000000e+00 0.000000000e+00 
0.000000000e+00 0.000000000e+00 
0.000000000e+00 0.000000000e+00 
0.000000000e+00 0.000000000e+00 
0.000000000e+00 0.000000000e+00 
0.000000000e+00 0.000000000e+00 
0.000000000e+00 0.000000000e+00 
0.000000000e+00 0.000000000e+00 
0.000000000e+00 0.000000000e+00 
0.000000000e+00 0.000000000e+00 
0.000000000e+00 0.000000000e+00 
0.000000000e+00 0.000000000e+00 
0.000000000e+00 0.000000000e+00 
0.000000000e+00 0.000000000e+00 
0.000000000e+00 0.000000000e+00 
0.000000000e+00 0.000000000e+00 
0.000000000e+00 0.000000000e+00 
0.000000000e+00 0.000000000e+00 
0.000000000e+00 0.000000000e+00 
0.000000000e+00 0.000000000e+00 
0.000000000e+00 0.000000000e+00 
0.000000000e+00 0.000000000e+00 
0.000000000e+00 0.000000000e+00 
0.000000000e+00 0.000000000e+00 
0.000000000e+00 0.000000000e+00 
0.000000000e+00 0.000000000e+00 
5.925439835e+00 0.000000000e+00 
5.923410416e+00 0.000000000e+00 
5.915311813e+00 0.000000000e+00 
5.902967930e+00 0.000000000e+00 
5.884491920e+00 0.000000000e+00 
5.861707687e+00 0.000000000e+00 
5.832211494e+00 0.000000000e+00 
5.798222542e+00 0.000000000e+00 
5.758481026e+00 0.000000000e+00 
5.712534904e+00 0.000000000e+00 
5.660372734e+00 0.000000000e+00 
5.601538181e+00 0.000000000e+00 
5.535883904e+00 0.000000000e+00 
5.463090897e+00 0.000000000e+00 
5.382700443e+00 0.000000000e+00 
5.294630051e+00 0.000000000e+00 
5.198325157e+00 0.000000000e+00 
5.094907284e+00 0.000000000e+00 
4.982605934e+00 0.000000000e+00 
4.860176086e+00 0.000000000e+00 
4.729663849e+00 0.000000000e+00 
4.591150284e+00 0.000000000e+00 
4.441553116e+00 0.000000000e+00 
4.282393456e+00 0.000000000e+00 
4.115060806e+00 0.000000000e+00 
3.938283443e+00 0.000000000e+00 
3.752148390e+00 0.000000000e+00 
3.558692694e+00 0.000000000e+00 
3.356926918e+00 0.000000000e+00 
3.147455215e+00 0.000000000e+00 
2.931240559e+00 0.000000000e+00 
2.710886955e+00 0.000000000e+00 
2.486021042e+00 0.000000000e+00 
2.259579182e+00 0.000000000e+00 
2.031795025e+00 0.000000000e+00 
1.805910110e+00 0.000000000e+00 
1.582501650e+00 0.000000000e+00 
1.363931537e+00 0.000000000e+00 
1.153680325e+00 0.000000000e+00 
9.541017413e-01 0.000000000e+00 
7.666357756e-01 0.000000000e+00 
5.947495699e-01 0.000000000e+00 
4.400654435e-01 0.000000000e+00 
3.057691455e-01 0.000000000e+00 
1.938841641e-01 0.000000000e+00 
1.061989367e-01 0.000000000e+00 
4.394888133e-02 0.000000000e+00 
8.657537401e-03 0.000000000e+00 
8.598064305e-04 0.000000000e+00 
2.065471932e-02 0.000000000e+00 
6.736820191e-02 0.000000000e+00 
1.397557259e-01 0.000000000e+00 
2.358901650e-01 0.000000000e+00 
3.536343575e-01 0.000000000e+00 
4.886607528e-01 0.000000000e+00 
6.373943686e-01 0.000000000e+00 
7.953126431e-01 0.000000000e+00 
9.572638273e-01 0.000000000e+00 
1.117835760e+00 0.000000000e+00 
1.270740151e+00 0.000000000e+00 
1.410930634e+00 0.000000000e+00 
1.532902241e+00 0.000000000e+00 
1.631306171e+00 0.000000000e+00 
1.702036381e+00 0.000000000e+00 
1.741472006e+00 0.000000000e+00 
1.746985435e+00 0.000000000e+00 
1.717426062e+00 0.000000000e+00 
1.653046608e+00 0.000000000e+00 
1.555576086e+00 0.000000000e+00 
1.427813530e+00 0.000000000e+00 
1.275363445e+00 0.000000000e+00 
1.102608442e+00 0.000000000e+00 
9.185065031e-01 0.000000000e+00 
7.299187183e-01 0.000000000e+00 
5.468034744e-01 0.000000000e+00 
3.770371079e-01 0.000000000e+00 
2.304651588e-01 0.000000000e+00 
1.144086123e-01 0.000000000e+00 
3.662335128e-02 0.000000000e+00 
2.924837405e-03 0.000000000e+00 
1.698396914e-02 0.000000000e+00 
8.069182187e-02 0.000000000e+00 
1.932345629e-01 0.000000000e+00 
3.524626791e-01 0.000000000e+00 
5.522654057e-01 0.000000000e+00 
7.849925756e-01 0.000000000e+00 
1.041832209e+00 0.000000000e+00 
1.311100721e+00 0.000000000e+00 
1.581713438e+00 0.000000000e+00 
1.840580463e+00 0.000000000e+00 
2.075686216e+00 0.000000000e+00 
2.276035786e+00 0.000000000e+00 
2.432382107e+00 0.000000000e+00 
2.536585808e+00 0.000000000e+00 
2.583700180e+00 0.000000000e+00 
2.571642399e+00 0.000000000e+00 
2.501089096e+00 0.000000000e+00 
2.375513554e+00 0.000000000e+00 
2.201962471e+00 0.000000000e+00 
1.988651037e+00 0.000000000e+00 
1.746237040e+00 0.000000000e+00 
1.486212969e+00 0.000000000e+00 
1.221484184e+00 0.000000000e+00 
9.632258415e-01 0.000000000e+00 
7.229599953e-01 0.000000000e+00 
5.092753172e-01 0.000000000e+00 
3.297961056e-01 0.000000000e+00 
1.888992637e-01 0.000000000e+00 
8.833196014e-02 0.000000000e+00 
2.700407803e-02 0.000000000e+00 
1.803285675e-03 0.000000000e+00 
7.227386348e-03 0.000000000e+00 
3.614025563e-02 0.000000000e+00 
8.073671162e-02 0.000000000e+00 
1.327500343e-01 0.000000000e+00 
1.843333542e-01 0.000000000e+00 
2.285894752e-01 0.000000000e+00 
2.603714764e-01 0.000000000e+00 
2.762185931e-01 0.000000000e+00 
2.748176455e-01 0.000000000e+00 
2.568646967e-01 0.000000000e+00 
2.248018533e-01 0.000000000e+00 
1.828328371e-01 0.000000000e+00 
1.358349472e-01 0.000000000e+00 
8.939135820e-02 0.000000000e+00 
4.873136804e-02 0.000000000e+00 
1.866654679e-02 0.000000000e+00 
2.488742117e-03 0.000000000e+00 
2.168661915e-03 0.000000000e+00 
1.784628443e-02 0.000000000e+00 
4.780864716e-02 0.000000000e+00 
8.884435892e-02 0.000000000e+00 
1.365810782e-01 0.000000000e+00 
1.854181886e-01 0.000000000e+00 
2.297548950e-01 0.000000000e+00 
2.643920779e-01 0.000000000e+00 
2.849938869e-01 0.000000000e+00 
2.885535061e-01 0.000000000e+00 
2.740826011e-01 0.000000000e+00 
2.426314652e-01 0.000000000e+00 
1.975232065e-01 0.000000000e+00 
1.439347416e-01 0.000000000e+00 
8.916655183e-02 0.000000000e+00 
4.124061763e-02 0.000000000e+00 
9.242308326e-03 0.000000000e+00 
2.040742896e-03 0.000000000e+00 
2.771871164e-02 0.000000000e+00 
9.288354963e-02 0.000000000e+00 
2.017051131e-01 0.000000000e+00 
3.562422991e-01 0.000000000e+00 
5.555073023e-01 0.000000000e+00 
7.955642939e-01 0.000000000e+00 
1.068751574e+00 0.000000000e+00 
1.366187215e+00 0.000000000e+00 
1.675385594e+00 0.000000000e+00 
1.983157158e+00 0.000000000e+00 
2.276485443e+00 0.000000000e+00 
2.541509628e+00 0.000000000e+00 
2.763961077e+00 0.000000000e+00 
2.934052467e+00 0.000000000e+00 
3.041965723e+00 0.000000000e+00 
3.082654238e+00 0.000000000e+00 
3.053010941e+00 0.000000000e+00 
2.953862667e+00 0.000000000e+00 
2.789840221e+00 0.000000000e+00 
2.567368984e+00 0.000000000e+00 
2.297811270e+00 0.000000000e+00 
1.992926121e+00 0.000000000e+00 
1.666884422e+00 0.000000000e+00 
1.335650444e+00 0.000000000e+00 
1.013549447e+00 0.000000000e+00 
7.163539529e-01 0.000000000e+00 
4.569633901e-01 0.000000000e+00 
2.480347753e-01 0.000000000e+00 
9.887775779e-02 0.000000000e+00 
1.736139506e-02 0.000000000e+00 
7.926901802e-03 0.000000000e+00 
7.227274776e-02 0.000000000e+00 
2.099511921e-01 0.000000000e+00 
4.167432785e-01 0.000000000e+00 
6.882539988e-01 0.000000000e+00 
1.016524196e+00 0.000000000e+00 
1.391369581e+00 0.000000000e+00 
1.805350661e+00 0.000000000e+00 
2.245473862e+00 0.000000000e+00 
2.702658415e+00 0.000000000e+00 
3.166546583e+00 0.000000000e+00 
3.627645969e+00 0.000000000e+00 
4.075693130e+00 0.000000000e+00 
4.504717827e+00 0.000000000e+00 
4.908421516e+00 0.000000000e+00 
5.280593872e+00 0.000000000e+00 
5.618955135e+00 0.000000000e+00 
5.920346260e+00 0.000000000e+00 
6.183993340e+00 0.000000000e+00 
6.411292076e+00 0.000000000e+00 
6.602590561e+00 0.000000000e+00 
6.760118484e+00 0.000000000e+00 
6.887252808e+00 0.000000000e+00 
6.986616135e+00 0.000000000e+00 
7.061741829e+00 0.000000000e+00 
7.116561890e+00 0.000000000e+00 
7.154210091e+00 0.000000000e+00 
7.178536415e+00 0.000000000e+00 
7.192697525e+00 0.000000000e+00 
7.199146748e+00 0.000000000e+00 
7.200695992e+00 0.000000000e+00 
7.199491501e+00 0.000000000e+00 
7.197093010e+00 0.000000000e+00 
7.194464684e+00 0.000000000e+00 
7.192888260e+00 0.000000000e+00 
7.192686081e+00 0.000000000e+00 
7.194027901e+00 0.000000000e+00 
7.196749687e+00 0.000000000e+00 
7.200719357e+00 0.000000000e+00 
7.205382347e+00 0.000000000e+00 
7.210155487e+00 0.000000000e+00 
7.214355946e+00 0.000000000e+00 
7.217416286e+00 0.000000000e+00 
7.218564034e+00 0.000000000e+00 
7.217136860e+00 0.000000000e+00 
7.212585449e+00 0.000000000e+00 
7.204451561e+00 0.000000000e+00 
7.192245483e+00 0.000000000e+00 
7.175676346e+00 0.000000000e+00 
7.154575348e+00 0.000000000e+00 
7.128733158e+00 0.000000000e+00 
7.098470688e+00 0.000000000e+00 
7.063570976e+00 0.000000000e+00 
7.024559021e+00 0.000000000e+00 
6.981456757e+00 0.000000000e+00 
6.934490204e+00 0.000000000e+00 
6.884522438e+00 0.000000000e+00 
6.831335068e+00 0.000000000e+00 
6.776558399e+00 0.000000000e+00 
6.719480038e+00 0.000000000e+00 
6.661270142e+00 0.000000000e+00 
6.601668358e+00 0.000000000e+00 
6.542731762e+00 0.000000000e+00 
6.484172821e+00 0.000000000e+00 
6.425953388e+00 0.000000000e+00 
6.368982792e+00 0.000000000e+00 
6.314100266e+00 0.000000000e+00 
6.261339188e+00 0.000000000e+00 
6.211470604e+00 0.000000000e+00 
6.164794922e+00 0.000000000e+00 
6.121450424e+00 0.000000000e+00 
6.081999779e+00 0.000000000e+00 
6.046563148e+00 0.000000000e+00 
6.015412331e+00 0.000000000e+00 
5.987857819e+00 0.000000000e+00 
5.965919495e+00 0.000000000e+00 
5.947811604e+00 0.000000000e+00 
5.935598850e+00 0.000000000e+00 
5.927475929e+00 0.000000000e+00 
5.926485538e+00 0.000000000e+00 
