4.000000000e+00 0.000000000e+00 
0.000000000e+00 0.000000000e+00 
0.000000000e+00 0.000000000e+00 
0.000000000e+00 0.000000000e+00 
0.000000000e+00 0.000000000e+00 
0.000000000e+00 0.000000000e+00 
0.000000000e+00 0.000000000e+00 
0.000000000e+00 0.000000000e+00 
-3.471944481e-02 3.287591636e-01 
-9.369090945e-02 3.896676898e-01 
3.971461654e-01 1.326704025e-01 
3.021330833e-01 -3.598689735e-01 
1.235751510e-01 -2.837257683e-01 
-8.854476362e-02 -1.825801581e-01 
-2.626898885e-01 3.826836124e-02 
-3.549871743e-01 -2.251067758e-02 
2.182760686e-01 1.272338331e-01 
-2.084345222e-01 -1.657020599e-01 
-4.487584159e-02 -5.065219477e-02 
-7.796566933e-02 1.217273474e-01 
3.450358808e-01 -1.261927933e-01 
-4.540714025e-01 -9.954711795e-02 
2.247247100e-01 5.515606999e-01 
1.250654738e-02 -3.658461869e-01 
-8.066195250e-02 -1.246577501e-01 
2.377111167e-01 2.568001151e-01 
-1.740405411e-01 -2.472902238e-01 
-5.507123098e-02 4.950338006e-01 
4.473276436e-01 -2.578901947e-01 
-1.270189881e-01 -2.786428630e-01 
-1.151787043e-01 -1.646327972e-01 
-1.395514011e-01 3.093917966e-01 
-2.411602139e-01 5.662077069e-01 
3.543535769e-01 -4.338432848e-02 
-1.354397535e-01 -3.920745850e-01 
1.673610508e-02 7.658407837e-02 
2.843394130e-02 3.629481420e-02 
1.200334579e-01 2.836783826e-01 
4.938058555e-02 -1.252655536e-01 
-1.734632999e-01 -4.127165377e-01 
0.000000000e+00 0.000000000e+00 
0.000000000e+00 0.000000000e+00 
0.000000000e+00 0.000000000e+00 
0.000000000e+00 0.000000000e+00 
0.000000000e+00 0.000000000e+00 
0.000000000e+00 0.000000000e+00 
0.000000000e+00 0.000000000e+00 
0.000000000e+00 0.000000000e+00 
0.000000000e+00 0.000000000e+00 
0.000000000e+00 0.000000000e+00 
0.000000000e+00 0.000000000e+00 
0.000000000e+00 0.000000000e+00 
0.000000000e+00 0.000000000e+00 
0.000000000e+00 0.000000000e+00 
0.000000000e+00 0.000000000e+00 
0.000000000e+00 0.000000000e+00 
0.000000000e+00 0.000000000e+00 
0.000000000e+00 0.000000000e+00 
0.000000000e+00 0.000000000e+00 
0.000000000e+00 0.000000000e+00 
0.000000000e+00 0.000000000e+00 
0.000000000e+00 0.000000000e+00 
0.000000000e+00 0.000000000e+00 
0.000000000e+00 0.000000000e+00 
6.475964546e+00 0.000000000e+00 
6.473861217e+00 0.000000000e+00 
6.465560913e+00 0.000000000e+00 
6.452852249e+00 0.000000000e+00 
6.433843613e+00 0.000000000e+00 
6.410375595e+00 0.000000000e+00 
6.380012512e+00 0.000000000e+00 
6.344959259e+00 0.000000000e+00 
6.303966522e+00 0.000000000e+00 
6.256535530e+00 0.000000000e+00 
6.202661514e+00 0.000000000e+00 
6.141846657e+00 0.000000000e+00 
6.073906422e+00 0.000000000e+00 
5.998543739e+00 0.000000000e+00 
5.915194035e+00 0.000000000e+00 
5.823805332e+00 0.000000000e+00 
5.723741531e+00 0.000000000e+00 
5.616207123e+00 0.000000000e+00 
5.499275684e+00 0.000000000e+00 
5.371667862e+00 0.000000000e+00 
5.235415459e+00 0.000000000e+00 
5.090640545e+00 0.000000000e+00 
4.934066772e+00 0.000000000e+00 
4.767210960e+00 0.000000000e+00 
4.591496468e+00 0.000000000e+00 
4.405518532e+00 0.000000000e+00 
4.209312439e+00 0.000000000e+00 
4.004950047e+00 0.000000000e+00 
3.791301727e+00 0.000000000e+00 
3.568910837e+00 0.000000000e+00 
3.338668108e+00 0.000000000e+00 
3.103277206e+00 0.000000000e+00 
2.862182617e+00 0.000000000e+00 
2.618431091e+00 0.000000000e+00 
2.372084618e+00 0.000000000e+00 
2.126538754e+00 0.000000000e+00 
1.882235527e+00 0.000000000e+00 
1.641584158e+00 0.000000000e+00 
1.408245087e+00 0.000000000e+00 
1.184663415e+00 0.000000000e+00 
9.722971916e-01 0.000000000e+00 
7.749021053e-01 0.000000000e+00 
5.941450000e-01 0.000000000e+00 
4.336074889e-01 0.000000000e+00 
2.956118584e-01 0.000000000e+00 
1.822391301e-01 0.000000000e+00 
9.499636292e-02 0.000000000e+00 
3.590553999e-02 0.000000000e+00 
6.011310499e-03 0.000000000e+00 
5.566521548e-03 0.000000000e+00 
3.460283577e-02 0.000000000e+00 
9.220348299e-02 0.000000000e+00 
1.768172979e-01 0.000000000e+00 
2.866264880e-01 0.000000000e+00 
4.176335335e-01 0.000000000e+00 
5.664010644e-01 0.000000000e+00 
7.284641266e-01 0.000000000e+00 
8.986325860e-01 0.000000000e+00 
1.071280003e+00 0.000000000e+00 
1.239698291e+00 0.000000000e+00 
1.398391485e+00 0.000000000e+00 
1.541202664e+00 0.000000000e+00 
1.661871791e+00 0.000000000e+00 
1.755462766e+00 0.000000000e+00 
1.817343712e+00 0.000000000e+00 
1.843755960e+00 0.000000000e+00 
1.832577229e+00 0.000000000e+00 
1.782995939e+00 0.000000000e+00 
1.695899010e+00 0.000000000e+00 
1.573441029e+00 0.000000000e+00 
1.420802832e+00 0.000000000e+00 
1.242253184e+00 0.000000000e+00 
1.047001362e+00 0.000000000e+00 
8.425146341e-01 0.000000000e+00 
6.399382353e-01 0.000000000e+00 
4.484167695e-01 0.000000000e+00 
2.797777653e-01 0.000000000e+00 
1.433331668e-01 0.000000000e+00 
4.925420135e-02 0.000000000e+00 
5.857343320e-03 0.000000000e+00 
1.919747330e-02 0.000000000e+00 
9.344039857e-02 0.000000000e+00 
2.296554893e-01 0.000000000e+00 
4.273120165e-01 0.000000000e+00 
6.809331179e-01 0.000000000e+00 
9.828321338e-01 0.000000000e+00 
1.323633194e+00 0.000000000e+00 
1.689670920e+00 0.000000000e+00 
2.067563534e+00 0.000000000e+00 
2.440431118e+00 0.000000000e+00 
2.792159081e+00 0.000000000e+00 
3.106923580e+00 0.000000000e+00 
3.370872498e+00 0.000000000e+00 
3.570327759e+00 0.000000000e+00 
3.695472479e+00 0.000000000e+00 
3.739849091e+00 0.000000000e+00 
3.700989246e+00 0.000000000e+00 
3.579745770e+00 0.000000000e+00 
3.382244349e+00 0.000000000e+00 
3.117082834e+00 0.000000000e+00 
2.796857119e+00 0.000000000e+00 
2.436496735e+00 0.000000000e+00 
2.053952217e+00 0.000000000e+00 
1.665964842e+00 0.000000000e+00 
1.291033983e+00 0.000000000e+00 
9.443689585e-01 0.000000000e+00 
6.408343315e-01 0.000000000e+00 
3.910511136e-01 0.000000000e+00 
2.019997984e-01 0.000000000e+00 
7.627302408e-02 0.000000000e+00 
1.310701761e-02 0.000000000e+00 
7.197294384e-03 0.000000000e+00 
4.958054796e-02 0.000000000e+00 
1.288828403e-01 0.000000000e+00 
2.315900922e-01 0.000000000e+00 
3.433527350e-01 0.000000000e+00 
4.498651028e-01 0.000000000e+00 
5.388742685e-01 0.000000000e+00 
5.999548435e-01 0.000000000e+00 
6.263855696e-01 0.000000000e+00 
6.148328781e-01 0.000000000e+00 
5.662074089e-01 0.000000000e+00 
4.859490991e-01 0.000000000e+00 
3.826292157e-01 0.000000000e+00 
2.685920000e-01 0.000000000e+00 
1.580583155e-01 0.000000000e+00 
6.735856831e-02 0.000000000e+00 
1.214184053e-02 0.000000000e+00 
7.807687856e-03 0.000000000e+00 
6.750690937e-02 0.000000000e+00 
2.010162175e-01 0.000000000e+00 
4.148791432e-01 0.000000000e+00 
7.122589350e-01 0.000000000e+00 
1.089596033e+00 0.000000000e+00 
1.540080190e+00 0.000000000e+00 
2.054203033e+00 0.000000000e+00 
2.618489981e+00 0.000000000e+00 
3.215254307e+00 0.000000000e+00 
3.828373671e+00 0.000000000e+00 
4.438055992e+00 0.000000000e+00 
5.026750088e+00 0.000000000e+00 
5.580022812e+00 0.000000000e+00 
6.081521034e+00 0.000000000e+00 
6.523186207e+00 0.000000000e+00 
6.896633148e+00 0.000000000e+00 
7.198327541e+00 0.000000000e+00 
7.428309917e+00 0.000000000e+00 
7.589924812e+00 0.000000000e+00 
7.689155102e+00 0.000000000e+00 
7.734932423e+00 0.000000000e+00 
7.736841202e+00 0.000000000e+00 
7.706036091e+00 0.000000000e+00 
7.653241634e+00 0.000000000e+00 
7.588866234e+00 0.000000000e+00 
7.522053242e+00 0.000000000e+00 
7.460807800e+00 0.000000000e+00 
7.410805702e+00 0.000000000e+00 
7.375987053e+00 0.000000000e+00 
7.358491421e+00 0.000000000e+00 
7.358389854e+00 0.000000000e+00 
7.374212742e+00 0.000000000e+00 
7.403563976e+00 0.000000000e+00 
7.443149567e+00 0.000000000e+00 
7.488866329e+00 0.000000000e+00 
7.536520958e+00 0.000000000e+00 
7.582733154e+00 0.000000000e+00 
7.624107361e+00 0.000000000e+00 
7.658178329e+00 0.000000000e+00 
7.683400154e+00 0.000000000e+00 
7.698673248e+00 0.000000000e+00 
7.704204559e+00 0.000000000e+00 
7.701236725e+00 0.000000000e+00 
7.690556049e+00 0.000000000e+00 
7.674468994e+00 0.000000000e+00 
7.654909134e+00 0.000000000e+00 
7.634105206e+00 0.000000000e+00 
7.614136696e+00 0.000000000e+00 
7.596898079e+00 0.000000000e+00 
7.583613873e+00 0.000000000e+00 
7.575478554e+00 0.000000000e+00 
7.572700500e+00 0.000000000e+00 
7.575396538e+00 0.000000000e+00 
7.582918644e+00 0.000000000e+00 
7.594421864e+00 0.000000000e+00 
7.608690262e+00 0.000000000e+00 
7.624422550e+00 0.000000000e+00 
7.640021324e+00 0.000000000e+00 
7.654156685e+00 0.000000000e+00 
7.665300369e+00 0.000000000e+00 
7.672311306e+00 0.000000000e+00 
7.674599648e+00 0.000000000e+00 
7.671369553e+00 0.000000000e+00 
7.662364006e+00 0.000000000e+00 
7.647785187e+00 0.000000000e+00 
7.628011703e+00 0.000000000e+00 
7.603864670e+00 0.000000000e+00 
7.576196671e+00 0.000000000e+00 
7.546151638e+00 0.000000000e+00 
7.514906883e+00 0.000000000e+00 
7.483801365e+00 0.000000000e+00 
7.454051018e+00 0.000000000e+00 
7.427107811e+00 0.000000000e+00 
7.403572083e+00 0.000000000e+00 
7.384609222e+00 0.000000000e+00 
7.371123314e+00 0.000000000e+00 
7.363068581e+00 0.000000000e+00 
7.360994339e+00 0.000000000e+00 
7.364976883e+00 0.000000000e+00 
7.374771595e+00 0.000000000e+00 
7.389656544e+00 0.000000000e+00 
7.409475327e+00 0.000000000e+00 
7.433198452e+00 0.000000000e+00 
7.460032940e+00 0.000000000e+00 
7.489009857e+00 0.000000000e+00 
7.519235611e+00 0.000000000e+00 
7.549489975e+00 0.000000000e+00 
7.578906059e+00 0.000000000e+00 
7.606389046e+00 0.000000000e+00 
7.631240845e+00 0.000000000e+00 
7.652559280e+00 0.000000000e+00 
7.669447899e+00 0.000000000e+00 
7.681573868e+00 0.000000000e+00 
7.688362122e+00 0.000000000e+00 
7.689414024e+00 0.000000000e+00 
7.684530258e+00 0.000000000e+00 
7.673592567e+00 0.000000000e+00 
7.656600952e+00 0.000000000e+00 
7.633842468e+00 0.000000000e+00 
7.605291367e+00 0.000000000e+00 
7.571555138e+00 0.000000000e+00 
7.532776833e+00 0.000000000e+00 
7.489273548e+00 0.000000000e+00 
7.442019463e+00 0.000000000e+00 
7.390899181e+00 0.000000000e+00 
7.337571144e+00 0.000000000e+00 
7.281429291e+00 0.000000000e+00 
7.223776817e+00 0.000000000e+00 
7.164301872e+00 0.000000000e+00 
7.105239391e+00 0.000000000e+00 
7.046245575e+00 0.000000000e+00 
6.987370491e+00 0.000000000e+00 
6.929650307e+00 0.000000000e+00 
6.873855591e+00 0.000000000e+00 
6.820118904e+00 0.000000000e+00 
6.769229889e+00 0.000000000e+00 
6.721537590e+00 0.000000000e+00 
6.677185535e+00 0.000000000e+00 
6.636751652e+00 0.000000000e+00 
6.600409508e+00 0.000000000e+00 
6.568448067e+00 0.000000000e+00 
6.540138245e+00 0.000000000e+00 
6.517597198e+00 0.000000000e+00 
6.498971939e+00 0.000000000e+00 
6.486418247e+00 0.000000000e+00 
6.478074074e+00 0.000000000e+00 
6.477024078e+00 0.000000000e+00 
4.000000000e+00 0.000000000e+00 
0.000000000e+00 0.000000000e+00 
0.000000000e+00 0.000000000e+00 
0.000000000e+00 0.000000000e+00 
0.000000000e+00 0.000000000e+00 
0.000000000e+00 0.000000000e+00 
0.000000000e+00 0.000000000e+00 
0.000000000e+00 0.000000000e+00 
-3.471944481e-02 3.287591636e-01 
-9.369090945e-02 3.896676898e-01 
3.971461654e-01 1.326704025e-01 
3.021330833e-01 -3.598689735e-01 
1.235751510e-01 -2.837257683e-01 
-8.854476362e-02 -1.825801581e-01 
-2.626898885e-01 3.826836124e-02 
-3.549871743e-01 -2.251067758e-02 
2.182760686e-01 1.272338331e-01 
-2.084345222e-01 -1.657020599e-01 
-4.487584159e-02 -5.065219477e-02 
-7.796566933e-02 1.217273474e-01 
3.450358808e-01 -1.261927933e-01 
-4.540714025e-01 -9.954711795e-02 
2.247247100e-01 5.515606999e-01 
1.250654738e-02 -3.658461869e-01 
-8.066195250e-02 -1.246577501e-01 
2.377111167e-01 2.568001151e-01 
-1.740405411e-01 -2.472902238e-01 
-5.507123098e-02 4.950338006e-01 
4.473276436e-01 -2.578901947e-01 
-1.270189881e-01 -2.786428630e-01 
-1.151787043e-01 -1.646327972e-01 
-1.395514011e-01 3.093917966e-01 
-2.411602139e-01 5.662077069e-01 
3.543535769e-01 -4.338432848e-02 
-1.354397535e-01 -3.920745850e-01 
1.673610508e-02 7.658407837e-02 
2.843394130e-02 3.629481420e-02 
1.200334579e-01 2.836783826e-01 
4.938058555e-02 -1.252655536e-01 
-1.734632999e-01 -4.127165377e-01 
0.000000000e+00 0.000000000e+00 
0.000000000e+00 0.000000000e+00 
0.000000000e+00 0.000000000e+00 
0.000000000e+00 0.000000000e+00 
0.000000000e+00 0.000000000e+00 
0.000000000e+00 0.000000000e+00 
0.000000000e+00 0.000000000e+00 
0.000000000e+00 0.000000000e+00 
0.000000000e+00 0.000000000e+00 
0.000000000e+00 0.000000000e+00 
0.000000000e+00 0.000000000e+00 
0.000000000e+00 0.000000000e+00 
0.000000000e+00 0.000000000e+00 
0.000000000e+00 0.000000000e+00 
0.000000000e+00 0.000000000e+00 
0.000000000e+00 0.000000000e+00 
0.000000000e+00 0.000000000e+00 
0.000000000e+00 0.000000000e+00 
0.000000000e+00 0.000000000e+00 
0.000000000e+00 0.000000000e+00 
0.000000000e+00 0.000000000e+00 
0.000000000e+00 0.000000000e+00 
0.000000000e+00 0.000000000e+00 
0.000000000e+00 0.000000000e+00 
6.475964546e+00 0.000000000e+00 
6.473861217e+00 0.000000000e+00 
6.465560913e+00 0.000000000e+00 
6.452852249e+00 0.000000000e+00 
6.433843613e+00 0.000000000e+00 
6.410375595e+00 0.000000000e+00 
6.380012512e+00 0.000000000e+00 
6.344959259e+00 0.000000000e+00 
6.303966522e+00 0.000000000e+00 
6.256535530e+00 0.000000000e+00 
6.202661514e+00 0.000000000e+00 
6.141846657e+00 0.000000000e+00 
6.073906422e+00 0.000000000e+00 
5.998543739e+00 0.000000000e+00 
5.915194035e+00 0.000000000e+00 
5.823805332e+00 0.000000000e+00 
5.723741531e+00 0.000000000e+00 
5.616207123e+00 0.000000000e+00 
5.499275684e+00 0.000000000e+00 
5.371667862e+00 0.000000000e+00 
5.235415459e+00 0.000000000e+00 
5.090640545e+00 0.000000000e+00 
4.934066772e+00 0.000000000e+00 
4.767210960e+00 0.000000000e+00 
4.591496468e+00 0.000000000e+00 
4.405518532e+00 0.000000000e+00 
4.209312439e+00 0.000000000e+00 
4.004950047e+00 0.000000000e+00 
3.791301727e+00 0.000000000e+00 
3.568910837e+00 0.000000000e+00 
3.338668108e+00 0.000000000e+00 
3.103277206e+00 0.000000000e+00 
2.862182617e+00 0.000000000e+00 
2.618431091e+00 0.000000000e+00 
2.372084618e+00 0.000000000e+00 
2.126538754e+00 0.000000000e+00 
1.882235527e+00 0.000000000e+00 
1.641584158e+00 0.000000000e+00 
1.408245087e+00 0.000000000e+00 
1.184663415e+00 0.000000000e+00 
9.722971916e-01 0.000000000e+00 
7.749021053e-01 0.000000000e+00 
5.941450000e-01 0.000000000e+00 
4.336074889e-01 0.000000000e+00 
2.956118584e-01 0.000000000e+00 
1.822391301e-01 0.000000000e+00 
9.499636292e-02 0.000000000e+00 
3.590553999e-02 0.000000000e+00 
6.011310499e-03 0.000000000e+00 
5.566521548e-03 0.000000000e+00 
3.460283577e-02 0.000000000e+00 
9.220348299e-02 0.000000000e+00 
1.768172979e-01 0.000000000e+00 
2.866264880e-01 0.000000000e+00 
4.176335335e-01 0.000000000e+00 
5.664010644e-01 0.000000000e+00 
7.284641266e-01 0.000000000e+00 
8.986325860e-01 0.000000000e+00 
1.071280003e+00 0.000000000e+00 
1.239698291e+00 0.000000000e+00 
1.398391485e+00 0.000000000e+00 
1.541202664e+00 0.000000000e+00 
1.661871791e+00 0.000000000e+00 
1.755462766e+00 0.000000000e+00 
1.817343712e+00 0.000000000e+00 
1.843755960e+00 0.000000000e+00 
1.832577229e+00 0.000000000e+00 
1.782995939e+00 0.000000000e+00 
1.695899010e+00 0.000000000e+00 
1.573441029e+00 0.000000000e+00 
1.420802832e+00 0.000000000e+00 
1.242253184e+00 0.000000000e+00 
1.047001362e+00 0.000000000e+00 
8.425146341e-01 0.000000000e+00 
6.399382353e-01 0.000000000e+00 
4.484167695e-01 0.000000000e+00 
2.797777653e-01 0.000000000e+00 
1.433331668e-01 0.000000000e+00 
4.925420135e-02 0.000000000e+00 
5.857343320e-03 0.000000000e+00 
1.919747330e-02 0.000000000e+00 
9.344039857e-02 0.000000000e+00 
2.296554893e-01 0.000000000e+00 
4.273120165e-01 0.000000000e+00 
6.809331179e-01 0.000000000e+00 
9.828321338e-01 0.000000000e+00 
1.323633194e+00 0.000000000e+00 
1.689670920e+00 0.000000000e+00 
2.067563534e+00 0.000000000e+00 
2.440431118e+00 0.000000000e+00 
2.792159081e+00 0.000000000e+00 
3.106923580e+00 0.000000000e+00 
3.370872498e+00 0.000000000e+00 
3.570327759e+00 0.000000000e+00 
3.695472479e+00 0.000000000e+00 
3.739849091e+00 0.000000000e+00 
3.700989246e+00 0.000000000e+00 
3.579745770e+00 0.000000000e+00 
3.382244349e+00 0.000000000e+00 
3.117082834e+00 0.000000000e+00 
2.796857119e+00 0.000000000e+00 
2.436496735e+00 0.000000000e+00 
2.053952217e+00 0.000000000e+00 
1.665964842e+00 0.000000000e+00 
1.291033983e+00 0.000000000e+00 
9.443689585e-01 0.000000000e+00 
6.408343315e-01 0.000000000e+00 
3.910511136e-01 0.000000000e+00 
2.019997984e-01 0.000000000e+00 
7.627302408e-02 0.000000000e+00 
1.310701761e-02 0.000000000e+00 
7.197294384e-03 0.000000000e+00 
4.958054796e-02 0.000000000e+00 
1.288828403e-01 0.000000000e+00 
2.315900922e-01 0.000000000e+00 
3.433527350e-01 0.000000000e+00 
4.498651028e-01 0.000000000e+00 
5.388742685e-01 0.000000000e+00 
5.999548435e-01 0.000000000e+00 
6.263855696e-01 0.000000000e+00 
6.148328781e-01 0.000000000e+00 
5.662074089e-01 0.000000000e+00 
4.859490991e-01 0.000000000e+00 
3.826292157e-01 0.000000000e+00 
2.685920000e-01 0.000000000e+00 
1.580583155e-01 0.000000000e+00 
6.735856831e-02 0.000000000e+00 
1.214184053e-02 0.000000000e+00 
7.807687856e-03 0.000000000e+00 
6.750690937e-02 0.000000000e+00 
2.010162175e-01 0.000000000e+00 
4.148791432e-01 0.000000000e+00 
7.122589350e-01 0.000000000e+00 
1.089596033e+00 0.000000000e+00 
1.540080190e+00 0.000000000e+00 
2.054203033e+00 0.000000000e+00 
2.618489981e+00 0.000000000e+00 
3.215254307e+00 0.000000000e+00 
3.828373671e+00 0.000000000e+00 
4.438055992e+00 0.000000000e+00 
5.026750088e+00 0.000000000e+00 
5.580022812e+00 0.000000000e+00 
6.081521034e+00 0.000000000e+00 
6.523186207e+00 0.000000000e+00 
6.896633148e+00 0.000000000e+00 
7.198327541e+00 0.000000000e+00 
7.428309917e+00 0.000000000e+00 
7.589924812e+00 0.000000000e+00 
7.689155102e+00 0.000000000e+00 
7.734932423e+00 0.000000000e+00 
7.736841202e+00 0.000000000e+00 
7.706036091e+00 0.000000000e+00 
7.653241634e+00 0.000000000e+00 
7.588866234e+00 0.000000000e+00 
7.522053242e+00 0.000000000e+00 
7.460807800e+00 0.000000000e+00 
7.410805702e+00 0.000000000e+00 
7.375987053e+00 0.000000000e+00 
7.358491421e+00 0.000000000e+00 
7.358389854e+00 0.000000000e+00 
7.374212742e+00 0.000000000e+00 
7.403563976e+00 0.000000000e+00 
7.443149567e+00 0.000000000e+00 
7.488866329e+00 0.000000000e+00 
7.536520958e+00 0.000000000e+00 
7.582733154e+00 0.000000000e+00 
7.624107361e+00 0.000000000e+00 
7.658178329e+00 0.000000000e+00 
7.683400154e+00 0.000000000e+00 
7.698673248e+00 0.000000000e+00 
7.704204559e+00 0.000000000e+00 
7.701236725e+00 0.000000000e+00 
7.690556049e+00 0.000000000e+00 
7.674468994e+00 0.000000000e+00 
7.654909134e+00 0.000000000e+00 
7.634105206e+00 0.000000000e+00 
7.614136696e+00 0.000000000e+00 
7.596898079e+00 0.000000000e+00 
7.583613873e+00 0.000000000e+00 
7.575478554e+00 0.000000000e+00 
7.572700500e+00 0.000000000e+00 
7.575396538e+00 0.000000000e+00 
7.582918644e+00 0.000000000e+00 
7.594421864e+00 0.000000000e+00 
7.608690262e+00 0.000000000e+00 
7.624422550e+00 0.000000000e+00 
7.640021324e+00 0.000000000e+00 
7.654156685e+00 0.000000000e+00 
7.665300369e+00 0.000000000e+00 
7.672311306e+00 0.000000000e+00 
7.674599648e+00 0.000000000e+00 
7.671369553e+00 0.000000000e+00 
7.662364006e+00 0.000000000e+00 
7.647785187e+00 0.000000000e+00 
7.628011703e+00 0.000000000e+00 
7.603864670e+00 0.000000000e+00 
7.576196671e+00 0.000000000e+00 
7.546151638e+00 0.000000000e+00 
7.514906883e+00 0.000000000e+00 
7.483801365e+00 0.000000000e+00 
7.454051018e+00 0.000000000e+00 
7.427107811e+00 0.000000000e+00 
7.403572083e+00 0.000000000e+00 
7.384609222e+00 0.000000000e+00 
7.371123314e+00 0.000000000e+00 
7.363068581e+00 0.000000000e+00 
7.360994339e+00 0.000000000e+00 
7.364976883e+00 0.000000000e+00 
7.374771595e+00 0.000000000e+00 
7.389656544e+00 0.000000000e+00 
7.409475327e+00 0.000000000e+00 
7.433198452e+00 0.000000000e+00 
7.460032940e+00 0.000000000e+00 
7.489009857e+00 0.000000000e+00 
7.519235611e+00 0.000000000e+00 
7.549489975e+00 0.000000000e+00 
7.578906059e+00 0.000000000e+00 
7.606389046e+00 0.000000000e+00 
7.631240845e+00 0.000000000e+00 
7.652559280e+00 0.000000000e+00 
7.669447899e+00 0.000000000e+00 
7.681573868e+00 0.000000000e+00 
7.688362122e+00 0.000000000e+00 
7.689414024e+00 0.000000000e+00 
7.684530258e+00 0.000000000e+00 
7.673592567e+00 0.000000000e+00 
7.656600952e+00 0.000000000e+00 
7.633842468e+00 0.000000000e+00 
7.605291367e+00 0.000000000e+00 
7.571555138e+00 0.000000000e+00 
7.532776833e+00 0.000000000e+00 
7.489273548e+00 0.000000000e+00 
7.442019463e+00 0.000000000e+00 
7.390899181e+00 0.000000000e+00 
7.337571144e+00 0.000000000e+00 
7.281429291e+00 0.000000000e+00 
7.223776817e+00 0.000000000e+00 
7.164301872e+00 0.000000000e+00 
7.105239391e+00 0.000000000e+00 
7.046245575e+00 0.000000000e+00 
6.987370491e+00 0.000000000e+00 
6.929650307e+00 0.000000000e+00 
6.873855591e+00 0.000000000e+00 
6.820118904e+00 0.000000000e+00 
6.769229889e+00 0.000000000e+00 
6.721537590e+00 0.000000000e+00 
6.677185535e+00 0.000000000e+00 
6.636751652e+00 0.000000000e+00 
6.600409508e+00 0.000000000e+00 
6.568448067e+00 0.000000000e+00 
6.540138245e+00 0.000000000e+00 
6.517597198e+00 0.000000000e+00 
6.498971939e+00 0.000000000e+00 
6.486418247e+00 0.000000000e+00 
6.478074074e+00 0.000000000e+00 
6.477024078e+00 0.000000000e+00 
4.000000000e+00 0.000000000e+00 
0.000000000e+00 0.000000000e+00 
0.000000000e+00 0.000000000e+00 
0.000000000e+00 0.000000000e+00 
0.000000000e+00 0.000000000e+00 
0.000000000e+00 0.000000000e+00 
0.000000000e+00 0.000000000e+00 
0.000000000e+00 0.000000000e+00 
-3.471944481e-02 3.287591636e-01 
-9.369090945e-02 3.896676898e-01 
3.971461654e-01 1.326704025e-01 
3.021330833e-01 -3.598689735e-01 
1.235751510e-01 -2.837257683e-01 
-8.854476362e-02 -1.825801581e-01 
-2.626898885e-01 3.826836124e-02 
-3.549871743e-01 -2.251067758e-02 
2.182760686e-01 1.272338331e-01 
-2.084345222e-01 -1.657020599e-01 
-4.487584159e-02 -5.065219477e-02 
-7.796566933e-02 1.217273474e-01 
3.450358808e-01 -1.261927933e-01 
-4.540714025e-01 -9.954711795e-02 
2.247247100e-01 5.515606999e-01 
1.250654738e-02 -3.658461869e-01 
-8.066195250e-02 -1.246577501e-01 
2.377111167e-01 2.568001151e-01 
-1.740405411e-01 -2.472902238e-01 
-5.507123098e-02 4.950338006e-01 
4.473276436e-01 -2.578901947e-01 
-1.270189881e-01 -2.786428630e-01 
-1.151787043e-01 -1.646327972e-01 
-1.395514011e-01 3.093917966e-01 
-2.411602139e-01 5.662077069e-01 
3.543535769e-01 -4.338432848e-02 
-1.354397535e-01 -3.920745850e-01 
1.673610508e-02 7.658407837e-02 
2.843394130e-02 3.629481420e-02 
1.200334579e-01 2.836783826e-01 
4.938058555e-02 -1.252655536e-01 
-1.734632999e-01 -4.127165377e-01 
0.000000000e+00 0.000000000e+00 
0.000000000e+00 0.000000000e+00 
0.000000000e+00 0.000000000e+00 
0.000000000e+00 0.000000000e+00 
0.000000000e+00 0.000000000e+00 
0.000000000e+00 0.000000000e+00 
0.000000000e+00 0.000000000e+00 
0.000000000e+00 0.000000000e+00 
0.000000000e+00 0.000000000e+00 
0.000000000e+00 0.000000000e+00 
0.000000000e+00 0.000000000e+00 
0.000000000e+00 0.000000000e+00 
0.000000000e+00 0.000000000e+00 
0.000000000e+00 0.000000000e+00 
0.000000000e+00 0.000000000e+00 
0.000000000e+00 0.000000000e+00 
0.000000000e+00 0.000000000e+00 
0.000000000e+00 0.000000000e+00 
0.000000000e+00 0.000000000e+00 
0.000000000e+00 0.000000000e+00 
0.000000000e+00 0.000000000e+00 
0.000000000e+00 0.000000000e+00 
0.000000000e+00 0.000000000e+00 
0.000000000e+00 0.000000000e+00 
6.475964546e+00 0.000000000e+00 
6.473861217e+00 0.000000000e+00 
6.465560913e+00 0.000000000e+00 
6.452852249e+00 0.000000000e+00 
6.433843613e+00 0.000000000e+00 
6.410375595e+00 0.000000000e+00 
6.380012512e+00 0.000000000e+00 
6.344959259e+00 0.000000000e+00 
6.303966522e+00 0.000000000e+00 
6.256535530e+00 0.000000000e+00 
6.202661514e+00 0.000000000e+00 
6.141846657e+00 0.000000000e+00 
6.073906422e+00 0.000000000e+00 
5.998543739e+00 0.000000000e+00 
5.915194035e+00 0.000000000e+00 
5.823805332e+00 0.000000000e+00 
5.723741531e+00 0.000000000e+00 
5.616207123e+00 0.000000000e+00 
5.499275684e+00 0.000000000e+00 
5.371667862e+00 0.000000000e+00 
5.235415459e+00 0.000000000e+00 
5.090640545e+00 0.000000000e+00 
4.934066772e+00 0.000000000e+00 
4.767210960e+00 0.000000000e+00 
4.591496468e+00 0.000000000e+00 
4.405518532e+00 0.000000000e+00 
4.209312439e+00 0.000000000e+00 
4.004950047e+00 0.000000000e+00 
3.791301727e+00 0.000000000e+00 
3.568910837e+00 0.000000000e+00 
3.338668108e+00 0.000000000e+00 
3.103277206e+00 0.000000000e+00 
2.862182617e+00 0.000000000e+00 
2.618431091e+00 0.000000000e+00 
2.372084618e+00 0.000000000e+00 
2.126538754e+00 0.000000000e+00 
1.882235527e+00 0.000000000e+00 
1.641584158e+00 0.000000000e+00 
1.408245087e+00 0.000000000e+00 
1.184663415e+00 0.000000000e+00 
9.722971916e-01 0.000000000e+00 
7.749021053e-01 0.000000000e+00 
5.941450000e-01 0.000000000e+00 
4.336074889e-01 0.000000000e+00 
2.956118584e-01 0.000000000e+00 
1.822391301e-01 0.000000000e+00 
9.499636292e-02 0.000000000e+00 
3.590553999e-02 0.000000000e+00 
6.011310499e-03 0.000000000e+00 
5.566521548e-03 0.000000000e+00 
3.460283577e-02 0.000000000e+00 
9.220348299e-02 0.000000000e+00 
1.768172979e-01 0.000000000e+00 
2.866264880e-01 0.000000000e+00 
4.176335335e-01 0.000000000e+00 
5.664010644e-01 0.000000000e+00 
7.284641266e-01 0.000000000e+00 
8.986325860e-01 0.000000000e+00 
1.071280003e+00 0.000000000e+00 
1.239698291e+00 0.000000000e+00 
1.398391485e+00 0.000000000e+00 
1.541202664e+00 0.000000000e+00 
1.661871791e+00 0.000000000e+00 
1.755462766e+00 0.000000000e+00 
1.817343712e+00 0.000000000e+00 
1.843755960e+00 0.000000000e+00 
1.832577229e+00 0.000000000e+00 
1.782995939e+00 0.000000000e+00 
1.695899010e+00 0.000000000e+00 
1.573441029e+00 0.000000000e+00 
1.420802832e+00 0.000000000e+00 
1.242253184e+00 0.000000000e+00 
1.047001362e+00 0.000000000e+00 
8.425146341e-01 0.000000000e+00 
6.399382353e-01 0.000000000e+00 
4.484167695e-01 0.000000000e+00 
2.797777653e-01 0.000000000e+00 
1.433331668e-01 0.000000000e+00 
4.925420135e-02 0.000000000e+00 
5.857343320e-03 0.000000000e+00 
1.919747330e-02 0.000000000e+00 
9.344039857e-02 0.000000000e+00 
2.296554893e-01 0.000000000e+00 
4.273120165e-01 0.000000000e+00 
6.809331179e-01 0.000000000e+00 
9.828321338e-01 0.000000000e+00 
1.323633194e+00 0.000000000e+00 
1.689670920e+00 0.000000000e+00 
2.067563534e+00 0.000000000e+00 
2.440431118e+00 0.000000000e+00 
2.792159081e+00 0.000000000e+00 
3.106923580e+00 0.000000000e+00 
3.370872498e+00 0.000000000e+00 
3.570327759e+00 0.000000000e+00 
3.695472479e+00 0.000000000e+00 
3.739849091e+00 0.000000000e+00 
3.700989246e+00 0.000000000e+00 
3.579745770e+00 0.000000000e+00 
3.382244349e+00 0.000000000e+00 
3.117082834e+00 0.000000000e+00 
2.796857119e+00 0.000000000e+00 
2.436496735e+00 0.000000000e+00 
2.053952217e+00 0.000000000e+00 
1.665964842e+00 0.000000000e+00 
1.291033983e+00 0.000000000e+00 
9.443689585e-01 0.000000000e+00 
6.408343315e-01 0.000000000e+00 
3.910511136e-01 0.000000000e+00 
2.019997984e-01 0.000000000e+00 
7.627302408e-02 0.000000000e+00 
1.310701761e-02 0.000000000e+00 
7.197294384e-03 0.000000000e+00 
4.958054796e-02 0.000000000e+00 
1.288828403e-01 0.000000000e+00 
2.315900922e-01 0.000000000e+00 
3.433527350e-01 0.000000000e+00 
4.498651028e-01 0.000000000e+00 
5.388742685e-01 0.000000000e+00 
5.999548435e-01 0.000000000e+00 
6.263855696e-01 0.000000000e+00 
6.148328781e-01 0.000000000e+00 
5.662074089e-01 0.000000000e+00 
4.859490991e-01 0.000000000e+00 
3.826292157e-01 0.000000000e+00 
2.685920000e-01 0.000000000e+00 
1.580583155e-01 0.000000000e+00 
6.735856831e-02 0.000000000e+00 
1.214184053e-02 0.000000000e+00 
7.807687856e-03 0.000000000e+00 
6.750690937e-02 0.000000000e+00 
2.010162175e-01 0.000000000e+00 
4.148791432e-01 0.000000000e+00 
7.122589350e-01 0.000000000e+00 
1.089596033e+00 0.000000000e+00 
1.540080190e+00 0.000000000e+00 
2.054203033e+00 0.000000000e+00 
2.618489981e+00 0.000000000e+00 
3.215254307e+00 0.000000000e+00 
3.828373671e+00 0.000000000e+00 
4.438055992e+00 0.000000000e+00 
5.026750088e+00 0.000000000e+00 
5.580022812e+00 0.000000000e+00 
6.081521034e+00 0.000000000e+00 
6.523186207e+00 0.000000000e+00 
6.896633148e+00 0.000000000e+00 
7.198327541e+00 0.000000000e+00 
7.428309917e+00 0.000000000e+00 
7.589924812e+00 0.000000000e+00 
7.689155102e+00 0.000000000e+00 
7.734932423e+00 0.000000000e+00 
7.736841202e+00 0.000000000e+00 
7.706036091e+00 0.000000000e+00 
7.653241634e+00 0.000000000e+00 
7.588866234e+00 0.000000000e+00 
7.522053242e+00 0.000000000e+00 
7.460807800e+00 0.000000000e+00 
7.410805702e+00 0.000000000e+00 
7.375987053e+00 0.000000000e+00 
7.358491421e+00 0.000000000e+00 
7.358389854e+00 0.000000000e+00 
7.374212742e+00 0.000000000e+00 
7.403563976e+00 0.000000000e+00 
7.443149567e+00 0.000000000e+00 
7.488866329e+00 0.000000000e+00 
7.536520958e+00 0.000000000e+00 
7.582733154e+00 0.000000000e+00 
7.624107361e+00 0.000000000e+00 
7.658178329e+00 0.000000000e+00 
7.683400154e+00 0.000000000e+00 
7.698673248e+00 0.000000000e+00 
7.704204559e+00 0.000000000e+00 
7.701236725e+00 0.000000000e+00 
7.690556049e+00 0.000000000e+00 
7.674468994e+00 0.000000000e+00 
7.654909134e+00 0.000000000e+00 
7.634105206e+00 0.000000000e+00 
7.614136696e+00 0.000000000e+00 
7.596898079e+00 0.000000000e+00 
7.583613873e+00 0.000000000e+00 
7.575478554e+00 0.000000000e+00 
7.572700500e+00 0.000000000e+00 
7.575396538e+00 0.000000000e+00 
7.582918644e+00 0.000000000e+00 
7.594421864e+00 0.000000000e+00 
7.608690262e+00 0.000000000e+00 
7.624422550e+00 0.000000000e+00 
7.640021324e+00 0.000000000e+00 
7.654156685e+00 0.000000000e+00 
7.665300369e+00 0.000000000e+00 
7.672311306e+00 0.000000000e+00 
7.674599648e+00 0.000000000e+00 
7.671369553e+00 0.000000000e+00 
7.662364006e+00 0.000000000e+00 
7.647785187e+00 0.000000000e+00 
7.628011703e+00 0.000000000e+00 
7.603864670e+00 0.000000000e+00 
7.576196671e+00 0.000000000e+00 
7.546151638e+00 0.000000000e+00 
7.514906883e+00 0.000000000e+00 
7.483801365e+00 0.000000000e+00 
7.454051018e+00 0.000000000e+00 
7.427107811e+00 0.000000000e+00 
7.403572083e+00 0.000000000e+00 
7.384609222e+00 0.000000000e+00 
7.371123314e+00 0.000000000e+00 
7.363068581e+00 0.000000000e+00 
7.360994339e+00 0.000000000e+00 
7.364976883e+00 0.000000000e+00 
7.374771595e+00 0.000000000e+00 
7.389656544e+00 0.000000000e+00 
7.409475327e+00 0.000000000e+00 
7.433198452e+00 0.000000000e+00 
7.460032940e+00 0.000000000e+00 
7.489009857e+00 0.000000000e+00 
7.519235611e+00 0.000000000e+00 
7.549489975e+00 0.000000000e+00 
7.578906059e+00 0.000000000e+00 
7.606389046e+00 0.000000000e+00 
7.631240845e+00 0.000000000e+00 
7.652559280e+00 0.000000000e+00 
7.669447899e+00 0.000000000e+00 
7.681573868e+00 0.000000000e+00 
7.688362122e+00 0.000000000e+00 
7.689414024e+00 0.000000000e+00 
7.684530258e+00 0.000000000e+00 
7.673592567e+00 0.000000000e+00 
7.656600952e+00 0.000000000e+00 
7.633842468e+00 0.000000000e+00 
7.605291367e+00 0.000000000e+00 
7.571555138e+00 0.000000000e+00 
7.532776833e+00 0.000000000e+00 
7.489273548e+00 0.000000000e+00 
7.442019463e+00 0.000000000e+00 
7.390899181e+00 0.000000000e+00 
7.337571144e+00 0.000000000e+00 
7.281429291e+00 0.000000000e+00 
7.223776817e+00 0.000000000e+00 
7.164301872e+00 0.000000000e+00 
7.105239391e+00 0.000000000e+00 
7.046245575e+00 0.000000000e+00 
6.987370491e+00 0.000000000e+00 
6.929650307e+00 0.000000000e+00 
6.873855591e+00 0.000000000e+00 
6.820118904e+00 0.000000000e+00 
6.769229889e+00 0.000000000e+00 
6.721537590e+00 0.000000000e+00 
6.677185535e+00 0.000000000e+00 
6.636751652e+00 0.000000000e+00 
6.600409508e+00 0.000000000e+00 
6.568448067e+00 0.000000000e+00 
6.540138245e+00 0.000000000e+00 
6.517597198e+00 0.000000000e+00 
6.498971939e+00 0.000000000e+00 
6.486418247e+00 0.000000000e+00 
6.478074074e+00 0.000000000e+00 
6.477024078e+00 0.000000000e+00 
4.000000000e+00 0.000000000e+00 
0.000000000e+00 0.000000000e+00 
0.000000000e+00 0.000000000e+00 
0.000000000e+00 0.000000000e+00 
0.000000000e+00 0.000000000e+00 
0.000000000e+00 0.000000000e+00 
0.000000000e+00 0.000000000e+00 
0.000000000e+00 0.000000000e+00 
-3.471944481e-02 3.287591636e-01 
-9.369090945e-02 3.896676898e-01 
3.971461654e-01 1.326704025e-01 
3.021330833e-01 -3.598689735e-01 
1.235751510e-01 -2.837257683e-01 
-8.854476362e-02 -1.825801581e-01 
-2.626898885e-01 3.826836124e-02 
-3.549871743e-01 -2.251067758e-02 
2.182760686e-01 1.272338331e-01 
-2.084345222e-01 -1.657020599e-01 
-4.487584159e-02 -5.065219477e-02 
-7.796566933e-02 1.217273474e-01 
3.450358808e-01 -1.261927933e-01 
-4.540714025e-01 -9.954711795e-02 
2.247247100e-01 5.515606999e-01 
1.250654738e-02 -3.658461869e-01 
-8.066195250e-02 -1.246577501e-01 
2.377111167e-01 2.568001151e-01 
-1.740405411e-01 -2.472902238e-01 
-5.507123098e-02 4.950338006e-01 
4.473276436e-01 -2.578901947e-01 
-1.270189881e-01 -2.786428630e-01 
-1.151787043e-01 -1.646327972e-01 
-1.395514011e-01 3.093917966e-01 
-2.411602139e-01 5.662077069e-01 
3.543535769e-01 -4.338432848e-02 
-1.354397535e-01 -3.920745850e-01 
1.673610508e-02 7.658407837e-02 
2.843394130e-02 3.629481420e-02 
1.200334579e-01 2.836783826e-01 
4.938058555e-02 -1.252655536e-01 
-1.734632999e-01 -4.127165377e-01 
0.000000000e+00 0.000000000e+00 
0.000000000e+00 0.000000000e+00 
0.000000000e+00 0.000000000e+00 
0.000000000e+00 0.000000000e+00 
0.000000000e+00 0.000000000e+00 
0.000000000e+00 0.000000000e+00 
0.000000000e+00 0.000000000e+00 
0.000000000e+00 0.000000000e+00 
0.000000000e+00 0.000000000e+00 
0.000000000e+00 0.000000000e+00 
0.000000000e+00 0.000000000e+00 
0.000000000e+00 0.000000000e+00 
0.000000000e+00 0.000000000e+00 
0.000000000e+00 0.000000000e+00 
0.000000000e+00 0.000000000e+00 
0.000000000e+00 0.000000000e+00 
0.000000000e+00 0.000000000e+00 
0.000000000e+00 0.000000000e+00 
0.000000000e+00 0.000000000e+00 
0.000000000e+00 0.000000000e+00 
0.000000000e+00 0.000000000e+00 
0.000000000e+00 0.000000000e+00 
0.000000000e+00 0.000000000e+00 
0.000000000e+00 0.000000000e+00 
6.475964546e+00 0.000000000e+00 
6.473861217e+00 0.000000000e+00 
6.465560913e+00 0.000000000e+00 
6.452852249e+00 0.000000000e+00 
6.433843613e+00 0.000000000e+00 
6.410375595e+00 0.000000000e+00 
6.380012512e+00 0.000000000e+00 
6.344959259e+00 0.000000000e+00 
6.303966522e+00 0.000000000e+00 
6.256535530e+00 0.000000000e+00 
6.202661514e+00 0.000000000e+00 
6.141846657e+00 0.000000000e+00 
6.073906422e+00 0.000000000e+00 
5.998543739e+00 0.000000000e+00 
5.915194035e+00 0.000000000e+00 
5.823805332e+00 0.000000000e+00 
5.723741531e+00 0.000000000e+00 
5.616207123e+00 0.000000000e+00 
5.499275684e+00 0.000000000e+00 
5.371667862e+00 0.000000000e+00 
5.235415459e+00 0.000000000e+00 
5.090640545e+00 0.000000000e+00 
4.934066772e+00 0.000000000e+00 
4.767210960e+00 0.000000000e+00 
4.591496468e+00 0.000000000e+00 
4.405518532e+00 0.000000000e+00 
4.209312439e+00 0.000000000e+00 
4.004950047e+00 0.000000000e+00 
3.791301727e+00 0.000000000e+00 
3.568910837e+00 0.000000000e+00 
3.338668108e+00 0.000000000e+00 
3.103277206e+00 0.000000000e+00 
2.862182617e+00 0.000000000e+00 
2.618431091e+00 0.000000000e+00 
2.372084618e+00 0.000000000e+00 
2.126538754e+00 0.000000000e+00 
1.882235527e+00 0.000000000e+00 
1.641584158e+00 0.000000000e+00 
1.408245087e+00 0.000000000e+00 
1.184663415e+00 0.000000000e+00 
9.722971916e-01 0.000000000e+00 
7.749021053e-01 0.000000000e+00 
5.941450000e-01 0.000000000e+00 
4.336074889e-01 0.000000000e+00 
2.956118584e-01 0.000000000e+00 
1.822391301e-01 0.000000000e+00 
9.499636292e-02 0.000000000e+00 
3.590553999e-02 0.000000000e+00 
6.011310499e-03 0.000000000e+00 
5.566521548e-03 0.000000000e+00 
3.460283577e-02 0.000000000e+00 
9.220348299e-02 0.000000000e+00 
1.768172979e-01 0.000000000e+00 
2.866264880e-01 0.000000000e+00 
4.176335335e-01 0.000000000e+00 
5.664010644e-01 0.000000000e+00 
7.284641266e-01 0.000000000e+00 
8.986325860e-01 0.000000000e+00 
1.071280003e+00 0.000000000e+00 
1.239698291e+00 0.000000000e+00 
1.398391485e+00 0.000000000e+00 
1.541202664e+00 0.000000000e+00 
1.661871791e+00 0.000000000e+00 
1.755462766e+00 0.000000000e+00 
1.817343712e+00 0.000000000e+00 
1.843755960e+00 0.000000000e+00 
1.832577229e+00 0.000000000e+00 
1.782995939e+00 0.000000000e+00 
1.695899010e+00 0.000000000e+00 
1.573441029e+00 0.000000000e+00 
1.420802832e+00 0.000000000e+00 
1.242253184e+00 0.000000000e+00 
1.047001362e+00 0.000000000e+00 
8.425146341e-01 0.000000000e+00 
6.399382353e-01 0.000000000e+00 
4.484167695e-01 0.000000000e+00 
2.797777653e-01 0.000000000e+00 
1.433331668e-01 0.000000000e+00 
4.925420135e-02 0.000000000e+00 
5.857343320e-03 0.000000000e+00 
1.919747330e-02 0.000000000e+00 
9.344039857e-02 0.000000000e+00 
2.296554893e-01 0.000000000e+00 
4.273120165e-01 0.000000000e+00 
6.809331179e-01 0.000000000e+00 
9.828321338e-01 0.000000000e+00 
1.323633194e+00 0.000000000e+00 
1.689670920e+00 0.000000000e+00 
2.067563534e+00 0.000000000e+00 
2.440431118e+00 0.000000000e+00 
2.792159081e+00 0.000000000e+00 
3.106923580e+00 0.000000000e+00 
3.370872498e+00 0.000000000e+00 
3.570327759e+00 0.000000000e+00 
3.695472479e+00 0.000000000e+00 
3.739849091e+00 0.000000000e+00 
3.700989246e+00 0.000000000e+00 
3.579745770e+00 0.000000000e+00 
3.382244349e+00 0.000000000e+00 
3.117082834e+00 0.000000000e+00 
2.796857119e+00 0.000000000e+00 
2.436496735e+00 0.000000000e+00 
2.053952217e+00 0.000000000e+00 
1.665964842e+00 0.000000000e+00 
1.291033983e+00 0.000000000e+00 
9.443689585e-01 0.000000000e+00 
6.408343315e-01 0.000000000e+00 
3.910511136e-01 0.000000000e+00 
2.019997984e-01 0.000000000e+00 
7.627302408e-02 0.000000000e+00 
1.310701761e-02 0.000000000e+00 
7.197294384e-03 0.000000000e+00 
4.958054796e-02 0.000000000e+00 
1.288828403e-01 0.000000000e+00 
2.315900922e-01 0.000000000e+00 
3.433527350e-01 0.000000000e+00 
4.498651028e-01 0.000000000e+00 
5.388742685e-01 0.000000000e+00 
5.999548435e-01 0.000000000e+00 
6.263855696e-01 0.000000000e+00 
6.148328781e-01 0.000000000e+00 
5.662074089e-01 0.000000000e+00 
4.859490991e-01 0.000000000e+00 
3.826292157e-01 0.000000000e+00 
2.685920000e-01 0.000000000e+00 
1.580583155e-01 0.000000000e+00 
6.735856831e-02 0.000000000e+00 
1.214184053e-02 0.000000000e+00 
7.807687856e-03 0.000000000e+00 
6.750690937e-02 0.000000000e+00 
2.010162175e-01 0.000000000e+00 
4.148791432e-01 0.000000000e+00 
7.122589350e-01 0.000000000e+00 
1.089596033e+00 0.000000000e+00 
1.540080190e+00 0.000000000e+00 
2.054203033e+00 0.000000000e+00 
2.618489981e+00 0.000000000e+00 
3.215254307e+00 0.000000000e+00 
3.828373671e+00 0.000000000e+00 
4.438055992e+00 0.000000000e+00 
5.026750088e+00 0.000000000e+00 
5.580022812e+00 0.000000000e+00 
6.081521034e+00 0.000000000e+00 
6.523186207e+00 0.000000000e+00 
6.896633148e+00 0.000000000e+00 
7.198327541e+00 0.000000000e+00 
7.428309917e+00 0.000000000e+00 
7.589924812e+00 0.000000000e+00 
7.689155102e+00 0.000000000e+00 
7.734932423e+00 0.000000000e+00 
7.736841202e+00 0.000000000e+00 
7.706036091e+00 0.000000000e+00 
7.653241634e+00 0.000000000e+00 
7.588866234e+00 0.000000000e+00 
7.522053242e+00 0.000000000e+00 
7.460807800e+00 0.000000000e+00 
7.410805702e+00 0.000000000e+00 
7.375987053e+00 0.000000000e+00 
7.358491421e+00 0.000000000e+00 
7.358389854e+00 0.000000000e+00 
7.374212742e+00 0.000000000e+00 
7.403563976e+00 0.000000000e+00 
7.443149567e+00 0.000000000e+00 
7.488866329e+00 0.000000000e+00 
7.536520958e+00 0.000000000e+00 
7.582733154e+00 0.000000000e+00 
7.624107361e+00 0.000000000e+00 
7.658178329e+00 0.000000000e+00 
7.683400154e+00 0.000000000e+00 
7.698673248e+00 0.000000000e+00 
7.704204559e+00 0.000000000e+00 
7.701236725e+00 0.000000000e+00 
7.690556049e+00 0.000000000e+00 
7.674468994e+00 0.000000000e+00 
7.654909134e+00 0.000000000e+00 
7.634105206e+00 0.000000000e+00 
7.614136696e+00 0.000000000e+00 
7.596898079e+00 0.000000000e+00 
7.583613873e+00 0.000000000e+00 
7.575478554e+00 0.000000000e+00 
7.572700500e+00 0.000000000e+00 
7.575396538e+00 0.000000000e+00 
7.582918644e+00 0.000000000e+00 
7.594421864e+00 0.000000000e+00 
7.608690262e+00 0.000000000e+00 
7.624422550e+00 0.000000000e+00 
7.640021324e+00 0.000000000e+00 
7.654156685e+00 0.000000000e+00 
7.665300369e+00 0.000000000e+00 
7.672311306e+00 0.000000000e+00 
7.674599648e+00 0.000000000e+00 
7.671369553e+00 0.000000000e+00 
7.662364006e+00 0.000000000e+00 
7.647785187e+00 0.000000000e+00 
7.628011703e+00 0.000000000e+00 
7.603864670e+00 0.000000000e+00 
7.576196671e+00 0.000000000e+00 
7.546151638e+00 0.000000000e+00 
7.514906883e+00 0.000000000e+00 
7.483801365e+00 0.000000000e+00 
7.454051018e+00 0.000000000e+00 
7.427107811e+00 0.000000000e+00 
7.403572083e+00 0.000000000e+00 
7.384609222e+00 0.000000000e+00 
7.371123314e+00 0.000000000e+00 
7.363068581e+00 0.000000000e+00 
7.360994339e+00 0.000000000e+00 
7.364976883e+00 0.000000000e+00 
7.374771595e+00 0.000000000e+00 
7.389656544e+00 0.000000000e+00 
7.409475327e+00 0.000000000e+00 
7.433198452e+00 0.000000000e+00 
7.460032940e+00 0.000000000e+00 
7.489009857e+00 0.000000000e+00 
7.519235611e+00 0.000000000e+00 
7.549489975e+00 0.000000000e+00 
7.578906059e+00 0.000000000e+00 
7.606389046e+00 0.000000000e+00 
7.631240845e+00 0.000000000e+00 
7.652559280e+00 0.000000000e+00 
7.669447899e+00 0.000000000e+00 
7.681573868e+00 0.000000000e+00 
7.688362122e+00 0.000000000e+00 
7.689414024e+00 0.000000000e+00 
7.684530258e+00 0.000000000e+00 
7.673592567e+00 0.000000000e+00 
7.656600952e+00 0.000000000e+00 
7.633842468e+00 0.000000000e+00 
7.605291367e+00 0.000000000e+00 
7.571555138e+00 0.000000000e+00 
7.532776833e+00 0.000000000e+00 
7.489273548e+00 0.000000000e+00 
7.442019463e+00 0.000000000e+00 
7.390899181e+00 0.000000000e+00 
7.337571144e+00 0.000000000e+00 
7.281429291e+00 0.000000000e+00 
7.223776817e+00 0.000000000e+00 
7.164301872e+00 0.000000000e+00 
7.105239391e+00 0.000000000e+00 
7.046245575e+00 0.000000000e+00 
6.987370491e+00 0.000000000e+00 
6.929650307e+00 0.000000000e+00 
6.873855591e+00 0.000000000e+00 
6.820118904e+00 0.000000000e+00 
6.769229889e+00 0.000000000e+00 
6.721537590e+00 0.000000000e+00 
6.677185535e+00 0.000000000e+00 
6.636751652e+00 0.000000000e+00 
6.600409508e+00 0.000000000e+00 
6.568448067e+00 0.000000000e+00 
6.540138245e+00 0.000000000e+00 
6.517597198e+00 0.000000000e+00 
6.498971939e+00 0.000000000e+00 
6.486418247e+00 0.000000000e+00 
6.478074074e+00 0.000000000e+00 
6.477024078e+00 0.000000000e+00 
