+1.63143503853170862561e-01
+4.26126741652343044020e-01
+3.79865337782927137145e-01
+1.16544498845832580902e-01
-3.22730575047724121962e-02
-5.16125086712464001271e-02
-2.28324055876728652936e-02
+9.46087947873505295728e-05
+6.29286972754403237801e-03
+3.83251917197744394750e-03
+6.31437991489089390194e-04
-6.59394624261422498609e-04
-5.76722590162537869680e-04
-1.73545164480911386909e-04
+5.10801350206876292716e-05
+7.87089271379373114565e-05
+3.43103993640409980813e-05
-4.56333307596441521414e-07
-9.64895864895140793814e-06
-5.79146524160483230627e-06
-9.16079006509753826561e-07
+1.01980324267760229099e-06
+8.75427454372926981224e-07
+2.58273351059249241983e-07
-8.06982112559629508711e-08
-1.20005479977634851788e-07
-5.15427694509264824878e-08
+1.16751216214257598160e-09
+1.47906607502770543357e-08
+8.74980050465492567744e-09
+1.32587787414163294204e-09
-1.57637764796627944068e-09
-1.32858460980749815365e-09
-3.84133900412025537452e-10
+1.27273160238365488834e-10
+1.82930863845413478696e-10
+7.74060222809889486761e-11
-2.49302961029974007043e-12
-2.26658745722019016817e-11
-1.32163788837678948043e-11
-1.91398538782675024527e-12
+2.43548255893733138865e-12
+2.01592349936664153535e-12
+5.70966319045998115513e-13
-2.00412542571740090965e-13
-2.78793361768688114771e-13
-1.16210073950725214325e-13
+4.87830343943075144342e-15
+3.47246116315238967821e-14
+1.99586169491776115587e-14
+2.75497277127626785588e-15
-3.76095505895342176925e-15
-3.05826095236856033770e-15
-8.48108045697670208436e-16
+3.15120204785843979218e-16
+4.24803494923245196744e-16
+1.74410118409035913019e-16
-9.06514349387097674354e-18
-5.31844232632153770110e-17
-3.01335977938942672358e-17
-3.95273523316592234585e-18
+5.80505931445193996906e-18
+4.63863871442846765229e-18
+1.25890169981424598072e-18
-4.94804786320677223796e-19
-6.47149429521970064005e-19
-2.61670719770151144445e-19
+1.62791272645368220770e-20
+8.14358589063694988766e-20
+4.54855033210387195135e-20
+5.65082504187554651197e-21
-8.95606402849674647824e-21
-7.03431632382474118927e-21
-1.86731889771013907769e-21
+7.75954770682107781544e-22
+9.85672166469632827029e-22
+3.92455696707528610803e-22
-2.85314498884307051614e-23
-1.24661690647970838906e-22
-6.86428536565000486268e-23
-8.04560613913082508835e-24
+1.38113443277488372008e-23
+1.06651842912597932455e-23
+2.76768189102435972813e-24
-1.21539807001259152496e-24
-1.50097131346529347446e-24
-5.88402512029962091609e-25
+4.91034906053687144394e-26
+1.90782392326029412160e-25
+1.03565888854602974272e-25
+1.14023750837601671750e-26
-2.12896643688889239517e-26
-1.61670102147828067503e-26
-4.09891194127346517332e-27
+1.90156727527855019612e-27
+2.28520297444875341509e-27
+8.81866584067147780823e-28
-8.33222730369003686834e-29
-2.91899446105361146905e-28
-1.56219749509622964741e-28
-1.60739842027265271795e-29
+3.28035848406975466649e-29
+2.45022326170590821148e-29
+6.06538101988890680695e-30
-2.97196938704341575843e-30
-3.47848497402997948689e-30
-1.32120936728636198223e-30
+1.39797965511504875073e-31
+4.46498112542922749793e-31
+2.35587138421126884037e-31
+2.25202238650322580545e-32
-5.05241073705195127547e-32
-3.71275153904883739871e-32
-8.96737800081270825898e-33
+4.64026026374757275588e-33
+5.29381646951997199973e-33
+1.97868410122823670618e-33
-2.32393700399533744324e-34
-6.82808555442784910428e-34
-3.55191230690746694828e-34
-3.13237411198673007572e-35
+7.77867765157074520631e-35
+5.62470884677787008428e-35
+1.32455451259722557291e-35
-7.23817917035481461929e-36
-8.05492362537898147609e-36
-2.96218907140143710873e-36
+3.83353831198495941304e-37
+1.04393334530404540259e-36
+5.35385269982427738611e-37
+4.31936911283966908645e-38
-1.19714662726869784797e-37
-8.51957151436137448578e-38
-1.95455687506702210621e-38
+1.12804620452305679127e-38
+1.22537251056106642618e-38
+4.43277557467529400985e-39
-6.28261399799993025609e-40
-1.59566794987606841620e-39
-8.06793815101933004328e-40
-5.89401251984698857789e-41
+1.84173769626853806294e-40
+1.29017488101102284134e-40
+2.88121633984705960241e-41
-1.75652692197037294444e-41
-1.86375717272065977641e-41
-6.63071339019483434922e-42
+1.02387918358944083853e-42
+2.43842604161287781895e-42
+1.21548335612065796277e-42
+7.93878036185047410989e-44
-2.83237822068263663822e-43
-1.95340401313929536688e-43
-4.24253082091525077721e-44
+2.73294746222880288203e-44
+2.83416612880974478526e-44
+9.91427348741897206442e-45
-1.66052942791993978451e-45
-3.72542031972000742854e-45
-1.83072899874906999972e-45
-1.05173540577594454691e-46
+4.35433374595545150547e-46
+2.95697556666984835429e-46
+6.23972463391545499452e-47
-4.24886622055599746215e-47
-4.30899826117971262651e-47
-1.48173970625110791076e-47
+2.68160710817092747448e-48
+5.69037442482259582866e-48
+2.75667699962586289662e-48
+1.36329553781556105925e-49
-6.69179970014992778499e-49
-4.47522657092289136420e-49
-9.16565771570870928399e-50
+6.60078509977082146755e-50
+6.55001958709356566971e-50
+2.21353929748741430976e-50
-4.31429006601540278300e-51
-8.68975374157464735465e-51
-4.14985174433035888562e-51
-1.71485539968781068563e-52
+1.02806001533075737706e-51
+6.77163241500639733752e-52
+1.34456715279677632755e-52
-1.02473882493999310380e-52
-9.95461193072784276004e-53
-3.30522004785875054827e-53
+6.91780186817964815921e-54
+1.32671085874003449484e-53
+6.24542738166812473508e-54
+2.06406387787323477263e-55
-1.57888937033698445333e-54
-1.02442970570851517815e-54
-1.96961195039361181657e-55
+1.58978756850867813951e-55
+1.51259159644381327408e-55
+4.93292447372650929715e-56
-1.10591587483765918814e-56
-2.02510879346782322834e-56
-9.39663880955618216421e-57
-2.31391597778168093213e-58
+2.42407383157617478756e-57
+1.54946130456154528903e-57
+2.88079235490139888200e-58
-2.46482226358451515916e-58
-2.29791928870164934096e-58
-7.35854889173802501460e-59
+1.76319035957341460917e-59
+3.09047129456828953407e-59
+1.41338831406497611292e-59
+2.26749992087243011615e-61
-3.72052261008618080279e-60
-2.34308686871902527615e-60
-4.20653500401761779192e-61
+3.81912751572519870620e-61
+3.49030748270493390396e-61
+1.09712400873636319264e-61
-2.80420046662153417110e-62
-4.71526725161823546892e-62
-2.12533181657442754382e-62
-1.55054422059332442053e-64
+5.70859085987722624906e-63
+3.54245535583469489004e-63
+6.13140317142432309646e-64
-5.91405553226648714260e-64
-5.30039817354743074221e-64
-1.63488331836596029770e-64
+4.44985919523995579528e-65
+7.19273516317908559780e-65
+3.19496314978462050371e-65
-5.19435649567118817807e-68
-8.75635807236034161795e-66
-5.35461108897627994434e-66
-8.91973253868926836205e-67
+9.15291137629858355647e-67
+8.04765257661116339160e-67
+2.43487360448090951541e-67
-7.04681826732234895929e-68
-1.09695509859994948885e-67
-4.80149278338693503668e-68
+5.15190253528642856203e-70
+1.34273515495834358631e-68
+8.09204328359376363955e-69
+1.29486634001972119091e-69
-1.41577752550610531655e-69
-1.22164733898782669197e-69
-3.62422531143650404304e-70
+1.11383634892356331138e-70
+1.67259761967433027351e-70
+7.21365471412313390688e-71
-1.44458908501730816888e-72
-2.05841035593526647941e-71
-1.22262787977093036237e-71
-1.87539501749131936411e-72
+2.18877614093927389867e-72
+1.85412222333250000198e-72
