-1126 -10117 -679 201
345 -306 -665 660
-28 17 -24 25
-5 16 10 25
-189 -18 -104 -10
-79 6 -49 25
-3 24 1 0
4305 5198 5068 -5435
-44 12 -35 24
-19 14 -18 23
-712 -2026 4894 628
901 -482 9918 1293
-7 25 -6 19
-5 0 -662 3768
4215 5879 -156 6
-101 14 -46 22
-903 6909 -79 1293
-4118 -2190 -2844 -4373
-49 29 -39 45
-40 34 -22 25
-7868 -4510 -3553 -4620
-149 -25 -98 2
-30 22 -21 35
7 17 -26 7
-67 3 -64 13
-34 20 -39 24
-1709 -991 6576 -2745
-5324 1330 -1638 926
-19 25 -7 25
-7 8 -17 22
5149 2127 -5452 -4099
-1159 -1032 -161 -1
-14 5 -1548 1102
-2027 -1639 -1584 -1850
-94 -7 -82 -3
-53 25 -39 29
11 6 -2 20
-723 -1599 -3246 -1418
-203 -16 -102 3
-79 -1 -48 7
-3213 -1991 -3102 3098
2096 -3724 9517 -1598
-27 25 -46 33
-26 44 -23 39
-650 5370 -197 -11
-100 -5 -63 12
-20 32 -10 24
-4 17 983 -1157
-33 22 -45 22
-9 32 -7 26
-933 -7298 1300 -1013
-4133 -1584 -3447 2461
-15 14 -4 34
-1 21 -13 7
3619 -544 1285 -9766
-151 -7 -100 -17
304 4224 3041 5979
-847 -770 6680 3947
-60 20 -51 28
-41 22 -20 19
265 8375 4579 -3106
-3441 -2537 -135 -16
-43 21 -23 40
-9 13 2 9
-95 8 -88 18
-47 27 -33 32
-15 2 4294 -1636
-2193 -159 -5048 -3431
-26 36 -17 25
-15 21 5 19
5518 -1360 -3631 -9888
-2945 4267 -2110 1010
-39 24 -42 8
-30 18 -29 29
-715 3798 -3953 -2548
6220 8784 1610 -6951
10 25 -16 27
-3 18 -803 7339
-4956 -4917 -221 4
-111 2 -63 8
-1783 -3513 2140 -6489
-2725 1841 1131 7359
-77 9 -38 21
-41 25 -14 20
4631 -5430 -1760 3148
-188 -6 -91 23
-25 22 -5 17
-18 50 -14 18
-79 10 -52 5
-38 18 -24 19
-71 274 -566 -815
4106 1704 -919 -4598
-16 27 -23 32
-34 36 2 19
2778 -5503 2735 -7990
-1610 2950 -176 2
-5 0 -2190 1619
-10223 3793 2822 -3539
-127 -10 -84 23
-57 -3 -34 33
8081 -8253 5899 -1886
2653 4170 834 70
-9 21 -36 27
-19 48 4 26
-263 -12 -119 4
-74 -14 -55 13
-11 32 -9 5
-5416 3782 2308 1725
-1190 1574 -237 9
-112 11 -77 18
0 58 -1 23
-12 7 5801 -917
-66 24 -28 27
-40 23 -20 34
3584 -3096 -2288 8249
78 4873 -718 -2263
-22 23 -14 28
-8 11 -13 11
1040 -4633 -2695 404
-216 1 -100 20
-398 -65 4480 -1346
1770 -2374 -404 2
-74 3 -58 27
-40 18 -18 18
5117 -341 1349 1999
5863 -2671 -197 -22
-9 9 -7 24
-17 13 -6 29
-116 16 -62 9
-59 7 -43 23
-2 0 -124 815
-2433 -1033 -580 -3031
-29 27 -45 25
-15 33 2 21
4601 1667 -5485 4544
-1309 3313 -1703 -1428
-6 26 -14 15
-244 2416 -4878 7629
-284 -12 -118 16
-62 18 -53 4
5720 3408 3995 -996
5287 3478 6022 1188
-32 20 -17 32
-25 28 -28 23
4840 5345 -4143 -1220
-3456 6295 -3088 -6173
-70 19 -68 26
-44 31 -20 30
774 560 -275 4467
-250 0 -109 -2
-30 22 -12 34
-14 26 -1 22
-72 0 -56 16
-60 23 -27 44
-18 4 3636 -4828
-118 -2539 -4036 614
-30 26 -28 34
-21 34 10 24
-2780 -4174 -303 3281
-939 -912 -206 -13
14 -3 -29 2
7739 4414 2890 6246
-132 19 -82 4
-59 24 -56 24
-1395 -2358 1099 5254
1431 3548 -2783 -4241
-47 28 -21 40
-25 42 -13 11
-280 -43 -140 -17
-82 28 -71 20
6 27 8 15
-1230 -70 -752 -5442
-47 16 -44 17
-20 18 -26 30
-5071 1840 3657 1431
3380 -328 4810 2395
-17 14 -3 19
-12 2 28 -72
-2809 6232 -288 -16
-104 -2 -81 13
-9 21 -14 36
2 33 -13 11
5039 -3145 -5055 1222
-304 3 -119 -3
-15 19 1632 342
2565 5618 -7936 -5235
-75 11 -71 33
-55 20 -40 27
-2270 -2856 1970 4345
947 -1937 -254 -5
-20 16 -22 -4
-11 19 -33 21
-132 -13 -80 4
-62 7 -52 30
8 39 -22 9
-2766 8923 -1957 -2809
-50 17 -28 31
-11 27 -26 19
3874 -3217 4295 -2573
1365 8971 1622 976
-16 30 -8 22
-167 -38 -3175 2393
-338 186 -131 0
-101 12 -60 21
798 -1739 4005 5698
1942 430 -3318 4871
-52 49 -57 10
-36 12 -18 32
2231 -4390 -551 273
-120 -1 -84 -1
-25 40 -1 30
8 9 303 733
-78 13 -49 21
-23 1 -21 24
906 -4413 711 1267
5703 -3749 -9161 -1710
-98 8 -69 15
-47 2 -46 20
6 6 1488 -4892
1505 -4674 3404 2802
-34 21 -21 53
-16 31 -26 15
5700 4389 1644 -2867
-2996 -3983 -304 -6
0 14 -21 10
7928 -3129 -6257 4204
-170 -6 -82 16
-52 11 -55 22
-572 2922 -2267 -1359
-126 -3558 -457 6461
-26 28 -32 28
-30 14 -19 12
1863 -1551 -151 -13
-86 9 -56 32
-17 33 -13 25
-36 17 -6126 1795
-49 11 -26 32
-34 25 -17 24
-6611 4131 197 8324
-3354 4577 -2983 116
-11 40 -9 30
0 19 -10 -9
545 -3238 937 355
-138 -5 -90 14
2683 2726 -2433 3893
4598 10298 265 6646
-61 28 -37 22
-42 38 -25 24
-759 -5683 -3511 -1949
-447 -62 -141 -13
-15 7 -19 29
-21 28 -4 1
9283 7155 -3719 -238
315 1688 1055 218
143 5 150 6
147 -24 167 -54
274 189 167 119
153 76 140 52
180 -93 268 -192
-4475 1796 4508 5633
138 33 145 17
154 -23 167 -39
-270 1481 -2201 -591
-8190 -6339 -1442 560
154 -58 200 -99
287 -214 631 288
1148 856 243 174
169 126 156 61
6623 -2225 -6266 -1357
10363 -1278 2711 -3997
141 63 130 28
145 24 143 -24
1965 2123 -325 740
207 148 179 97
151 -19 145 -61
193 -112 330 -238
169 82 146 42
144 42 132 -6
263 -5166 2743 975
4062 524 -1354 8232
141 -9 146 -51
161 -88 199 -121
-1539 -31 88 -3611
327 -398 226 155
243 -188 -704 7828
7165 -5515 8219 1172
179 112 160 78
157 43 141 25
159 -95 249 -183
-4108 -1638 -440 -4892
283 185 166 137
148 102 143 41
-2791 -2726 -3546 -1629
9640 2036 826 3790
119 32 148 12
140 -18 135 -43
5856 -2358 259 184
184 103 152 92
146 -60 177 -90
272 -227 -4889 93
165 62 153 31
140 -2 148 -25
-443 3900 2210 -226
-5436 4222 -3879 3891
149 -36 168 -52
184 -104 298 -191
1081 -3206 1321 -3336
258 174 170 117
-166 863 -5319 -6172
-2377 -457 4607 4283
158 93 149 51
133 29 143 14
-5529 1008 -10320 -278
3465 1810 241 150
139 -2 155 -36
169 -72 191 -105
176 140 159 93
147 57 144 27
238 -148 864 -3476
-5949 3727 -3901 2094
129 16 153 -7
142 -33 155 -72
819 -1334 -935 1428
-8238 1955 -253 540
140 52 131 13
153 -9 138 -34
-1428 -3632 -1252 8666
-5037 1473 -3408 10146
155 -40 181 -98
236 -165 -1013 -1906
3183 -3978 277 188
180 137 142 76
-1347 2397 -1389 1195
-4932 -1759 4367 2924
143 73 147 24
150 19 149 -17
5198 1789 -4052 -1396
287 173 170 107
150 -33 159 -33
181 -85 269 -200
174 100 135 65
147 31 143 4
404 -1276 -6632 -13368
-403 1919 -1337 4357
139 -8 141 -20
160 -55 185 -100
-1349 -2244 -1192 679
-3568 -4303 229 179
212 -149 403 -4810
-4140 3688 -1740 -2046
198 143 147 91
138 46 131 35
2090 4740 -1684 703
-2909 2941 -3237 620
154 18 172 -11
149 -39 167 -56
328 207 180 147
154 98 155 56
176 -85 240 -160
5050 -236 1485 -1129
4812 -1960 316 216
190 132 148 75
150 -46 162 -85
210 -156 3170 4031
138 51 147 45
160 43 131 7
-3880 -7709 -5025 132
2822 -465 6469 2430
146 -8 141 -30
166 -88 251 -159
5644 2222 1816 -4187
298 192 160 113
606 -319 -218 3354
500 5059 1644 -321
164 93 145 78
140 29 123 9
2108 -2728 36 -6302
-1365 1510 258 190
136 4 157 -35
163 -68 172 -79
205 142 168 100
145 61 139 42
217 -130 363 -1072
-1611 151 3077 -4721
138 11 134 -8
145 -30 154 -56
-6026 2335 -1488 1014
6855 -5568 5982 1266
169 -72 212 -133
349 -2632 5023 -10960
381 202 200 153
155 96 140 58
-4467 -3605 -7098 -2567
-4265 -3300 -1181 1861
143 67 147 14
145 6 132 -20
155 626 866 -3110
1706 -478 -7107 -237
149 82 149 45
148 16 125 -8
200 -32 -3460 -1246
328 191 192 137
144 -14 152 -49
174 -67 229 -145
157 112 145 61
152 31 140 13
347 -272 -2120 4510
-9484 -4215 -2339 -1771
139 -8 135 -25
164 -49 172 -103
-3571 1958 928 -3277
1402 -1331 296 196
205 -116 347 -387
-1497 3105 -10575 2993
201 182 157 89
171 49 144 45
-272 1169 -230 7115
1370 -2826 4208 -5241
128 31 167 18
142 -22 174 -38
708 95 206 131
154 96 132 63
176 -47 224 -148
326 -1308 247 -2083
143 51 146 24
159 12 151 -45
-1551 -8259 -3796 3625
6031 410 487 -5338
168 -55 167 -78
215 -148 2414 1394
-1072 2803 386 240
197 128 152 105
143 -4 160 -54
167 -90 220 -139
301 1318 -2655 -717
391 190 188 136
300 -224 -266 176
-4325 1287 1329 -1167
170 102 159 74
125 53 155 12
-1372 -3868 -3414 -9093
800 -8331 340 196
148 -8 150 -10
152 -41 177 -70
209 150 165 99
163 57 136 36
201 -128 356 -270
719 -867 499 364
119 47 153 18
154 -16 148 -44
-7871 -977 -1501 1636
-12612 3284 -45 -2194
166 -66 197 -136
360 -248 -284 2207
626 -70 215 155
178 86 144 52
140 4246 3194 2063
-3356 -1884 4941 4257
146 64 131 25
146 2 139 -24
-2253 775 723 254
204 132 165 97
161 -39 158 -63
202 -114 947 -716
165 67 156 57
146 22 154 -10
-2909 -881 2404 8527
6438 -164 -774 1189
174 108 157 74
149 58 135 9
274 -192 -4655 2323
-903 -3200 3399 7133
144 19 148 -26
169 -53 165 -72
-764 -2935 2079 342
-2295 3199 431 195
189 -104 286 -218
632 1922 3840 2437
247 156 152 111
144 74 130 42
-523 6773 -1789 -4422
3300 2348 -3033 3223
141 39 166 13
144 -26 156 -22
692 1130 237 166
179 117 137 83
170 -64 201 -119
335 -259 1492 -3443
152 68 127 26
128 11 150 -22
-4970 -5316 -1465 -8635
7176 6971 -1025 5014
151 -47 161 -66
202 -117 461 -308
5453 4479 -497 1364
222 157 154 113
1035 -5406 4896 -9
-6282 -2683 -340 5803
147 64 158 46
134 19 133 15
474 6117 -6514 908
305 235 192 152
136 -15 159 -27
171 -63 200 -128
-3951 4114 301 -2264
4590 1749 -573 3
-95 -40 -113 -21
-152 5 -172 38
-5 -104 -23 -101
-61 -71 -60 -52
-193 92 -303 211
3369 1473 -2026 1585
-71 -65 -97 -36
-103 -51 -126 -8
4367 -7829 4247 -5789
2017 -1481 1935 1325
-149 20 -201 81
-338 259 5179 -1786
-1249 2514 -3 -119
-36 -105 -60 -87
-3164 2086 -5715 -4689
3851 2069 -6281 -1745
-56 -74 -70 -62
-101 -43 -121 -13
698 -2950 -919 4268
2 -120 -41 -79
-134 -4 -162 35
-206 90 -399 290
-67 -69 -73 -71
-86 -52 -92 -23
5271 -2051 -67 -3106
4278 -2468 4413 -225
-102 -20 -145 -3
-163 22 -211 106
168 -1956 -378 -7331
-2241 -464 -30 -102
-274 193 1644 -334
10483 -2299 -3130 2142
-42 -81 -52 -79
-71 -61 -76 -55
-188 62 -270 181
-2151 -2220 -7050 2396
-2 -108 -33 -86
-53 -84 -59 -68
-2870 -2592 3988 -15
1937 5182 1593 2993
-82 -56 -73 -43
-107 -44 -141 10
1555 -1549 1 -120
-39 -101 -56 -83
-171 11 -174 83
-307 225 3697 3294
-73 -72 -76 -87
-112 -63 -126 -32
-4363 -866 7370 -381
-1948 -2263 -4855 -253
-129 1 -154 21
-185 70 -329 250
-1907 -4323 -9273 6051
15 -106 -32 -88
-5045 2388 -2610 2720
-1997 -8033 -1692 -864
-61 -84 -64 -76
-65 -71 -114 -45
-1845 9346 -2058 -3889
-1037 -3967 -7 -79
-87 -46 -131 -21
-159 23 -201 86
-32 -88 -49 -90
-67 -63 -86 -36
-258 164 7232 3421
-1885 -1111 -5718 -987
-91 -43 -108 -28
-118 2 -166 26
-4345 7199 5511 3035
-2806 242 292 -27
-75 -63 -77 -25
-119 -35 -163 0
-5257 -4265 800 1191
2085 2749 -610 388
-150 22 -179 72
-277 178 -4243 4207
-2096 -3022 -8 -116
-13 -118 -49 -77
-3845 -1243 -5359 1
3973 -2240 122 -827
-51 -77 -79 -69
-99 -42 -97 -19
-4311 -3550 1272 4171
-8 -104 -29 -92
-137 -4 -162 25
-206 80 -294 220
-43 -90 -72 -75
-68 -52 -109 -44
209 -320 1788 -1805
-1068 2688 275 3448
-103 -11 -129 3
-145 22 -206 81
-3327 4285 1091 -2917
-4113 -1248 -15 -107
-261 127 1840 -1103
4628 8304 -787 -6076
-21 -111 -48 -81
-62 -80 -84 -41
9226 -2180 -3657 -6414
-1226 -3594 3138 -1159
-90 -40 -108 -38
-128 -8 -146 43
19 -131 -14 -90
-49 -77 -59 -70
-185 69 -264 176
-2869 3783 -2844 5087
3846 -5069 8 -134
-31 -102 -47 -76
-146 21 -167 57
-253 162 -2648 5434
-45 -83 -67 -51
-93 -40 -127 -34
-4093 4735 -3804 -748
4395 208 347 -1892
-111 -5 -131 34
-192 59 -272 197
-2933 -6619 438 9608
12 -127 -36 -96
-804 298 9785 -4804
-1223 5070 3008 8962
-54 -78 -72 -73
-71 -54 -92 -32
6037 -1741 -6392 54
1749 1737 -18 -95
-77 -35 -123 -22
-135 25 -197 89
-10 -100 -36 -78
-58 -69 -69 -70
-234 138 -264 1699
512 -2899 -2157 6026
-96 -53 -100 -43
-125 -21 -146 10
2528 -1221 86 196
-691 5187 -3517 2422
-191 58 -255 135
728 1409 1372 -32
-1 -130 -4 -89
-38 -91 -63 -78
348 2958 -9909 -9462
-4488 -1510 1502 305
-78 -60 -98 -47
-104 -54 -121 -5
3462 -3849 685 842
-3373 -749 1689 2464
-62 -73 -74 -54
-75 -41 -106 -37
1237 1690 -667 -864
1 -120 -20 -95
-117 -20 -144 15
-185 46 -268 158
-40 -83 -71 -87
-59 -70 -86 -39
-410 313 3201 -576
717 -612 3869 -330
-100 -28 -117 -15
-153 23 -175 69
3364 -118 -6813 -4541
3 -1515 -8 -105
-232 117 -586 184
1693 -3213 -1522 -4285
-2 -103 -29 -71
-51 -73 -83 -70
5409 606 -809 3167
-3893 709 6000 1334
-83 -62 -125 -33
-135 -23 -151 18
280 -89 -2 -97
-35 -85 -70 -52
-158 47 -236 109
-945 -231 3640 2227
-71 -64 -95 -48
-114 -12 -110 -21
-5615 1460 583 6625
2760 -3284 -2041 -1239
-136 15 -175 48
-243 138 -4083 642
2166 4179 -10 -130
-15 -92 -52 -81
-102 -26 -148 20
-167 53 -241 150
1800 610 218 3715
-5 -119 -15 -114
-349 265 -8237 497
-9124 366 3981 1152
-15 -93 -63 -74
-84 -50 -89 -39
-2542 1743 3330 -5240
-2800 1191 -2 -125
-86 -31 -97 -3
-154 11 -197 52
-4 -89 -32 -95
-62 -78 -68 -70
-228 97 -402 304
-996 4056 2280 -1671
-82 -58 -113 -34
-110 -12 -148 0
-3370 -496 -1484 -7046
-3712 -6448 3793 386
-170 34 -217 122
-537 398 4549 -6103
638 -1226 -15 -95
-39 -86 -42 -66
5833 -1043 -3493 -3344
-918 -4572 1796 2158
-81 -59 -84 -68
-108 -36 -136 -8
-1411 -4373 -217 -255
-22 -115 -43 -74
-137 -9 -158 38
-230 141 -533 96
-53 -84 -70 -67
-80 -42 -92 -28
1851 -1746 3196 3220
2074 -7432 -3374 844
-39 -92 -41 -82
-60 -65 -83 -38
-305 228 4243 -10456
30 459 -811 2710
-93 -27 -121 -16
-143 2 -153 55
-2201 -2259 -610 -5162
-5819 1312 8 -140
-214 75 -336 243
-3709 166 -2490 -1299
12 -123 -27 -96
-61 -86 -71 -70
-6147 -6185 -3551 -2910
-779 3239 -4723 7514
-83 -71 -113 -43
-113 -9 -143 -4
-301 734 -4 -105
-54 -76 -61 -80
-159 26 -206 74
-394 288 1315 -1321
-76 -79 -94 -62
-103 -32 -114 -32
-1748 695 -4365 8269
-9011 3318 3467 -4640
-129 7 -172 66
-225 104 -493 281
1699 1997 -58 791
-17 -104 -51 -81
-415 -1209 -7901 5723
-1036 -4463 1942 5882
-37 -77 -77 -58
-88 -47 -83 -22
-8982 3618 10604 -5224
68 -28 -14 -88
-94 -30 -142 14
-158 34 -222 118
494 5608 -416 -4811
-433 -3522 -245 95
-42 74 -10 79
7 74 74 83
-224 -7 -132 37
-113 52 -78 55
112 65 199 5
8531 -2452 797 3873
-51 75 -20 81
-4 85 13 83
5201 -4603 1315 -3722
-1788 -1947 -4084 773
57 79 99 82
219 -10 -2772 2229
371 -303 -212 -12
-121 32 -84 44
-1486 -1914 -2201 10530
8646 -5727 -4498 2581
-76 68 -49 60
-24 89 11 78
2512 -4894 -403 -2202
-185 3 -132 53
14 92 56 70
109 65 258 -19
-110 43 -78 54
-50 73 -11 91
-4910 -4205 2920 4152
-876 1055 3680 16526
-9 82 14 82
65 73 96 60
111 -1830 -6616 5494
-2401 -1095 -188 -7
187 8 3036 718
-5114 -5462 -3633 1516
-151 22 -114 42
-82 56 -40 76
87 81 164 17
2206 -5699 555 3495
-261 -17 -142 19
-94 41 -54 67
3487 6197 -3225 2998
-929 350 -5493 -4387
-61 63 -21 76
-5 66 41 82
-7162 -8220 -235 -8
-144 29 -95 65
34 82 104 54
186 19 -606 3430
-91 55 -58 76
-37 73 13 86
-917 1367 1866 -2840
5267 -477 -2760 -153
9 68 63 77
93 76 199 -19
-3749 -6368 2215 -6742
-229 -8 -129 10
-290 807 -3156 -4381
1999 1500 -2717 -7827
-110 51 -61 47
-51 82 -28 77
-905 2450 6087 -3510
506 2095 -193 -11
-7 90 -2 81
36 91 101 71
-142 2 -114 37
-92 67 -39 60
150 30 -1925 2432
-8588 6717 -2954 -2850
-40 69 -8 58
14 81 48 78
-4378 6773 1440 4660
-2972 3629 -1485 -1454
-66 74 -39 84
-7 78 12 77
2816 7336 2409 -1666
-519 2420 5903 -1863
42 71 103 63
180 45 -934 -5684
-1548 -943 -275 -31
-156 25 -99 54
8779 1281 553 7014
416 2379 6877 -1550
-81 59 -71 51
-30 69 5 82
-1059 4060 -938 1195
-240 -29 -127 28
1 68 64 90
96 79 165 18
-112 26 -69 64
-45 73 -18 60
1000 -610 847 -1048
5617 -6129 -2434 -865
-12 75 2 81
46 85 105 62
-834 -435 33 10888
-602 1281 -222 -16
156 39 -757 183
-2888 -343 2593 -6978
-144 15 -129 63
-66 51 -47 64
-7337 -1026 -874 1316
-1723 -4364 -510 1058
-47 76 -14 86
7 66 56 64
-292 -39 -162 15
-106 56 -86 61
86 77 178 33
-218 968 -1636 -882
2993 -1441 -292 -39
-179 -7 -91 48
29 97 76 73
147 45 -762 -2341
-93 60 -37 69
-41 82 -12 88
2269 434 872 2772
3293 -5060 2681 -2460
11 86 50 83
76 74 170 33
-5699 2212 -3562 -1655
-270 -6 -154 27
342 -75 -716 -195
-509 -5041 -709 -471
-124 27 -86 52
-47 55 -29 83
-3771 -2445 6004 -6049
-1749 206 -234 -23
-13 81 18 77
47 68 95 63
-168 -6 -136 30
-91 72 -69 81
112 60 -1015 -504
-6737 3966 2575 6430
-38 73 -22 80
11 73 44 83
-3118 1409 1051 -406
4615 9447 -693 -2713
67 66 135 38
1382 1723 -3242 3718
-347 -32 -171 18
-106 31 -69 55
315 5779 6656 1950
-3995 -889 -2302 2125
-55 59 -38 69
-5 91 25 71
3228 4418 -5326 -3998
634 4781 -4723 1547
-96 50 -66 73
-40 77 -31 77
2217 -89 2345 7901
-287 -33 -161 7
-19 81 31 78
79 79 163 33
-122 26 -77 49
-48 57 -42 63
270 -32 4206 2457
-1738 -2801 2534 -1063
-19 82 -13 80
32 82 84 73
3045 -8312 7745 682
5322 -3888 -273 -28
117 48 157 -53
3007 1425 1649 2146
-205 2 -138 40
-75 61 -62 68
2141 -1793 1269 -990
306 -5204 1739 752
-43 71 -6 82
-8 86 48 82
-566 -306 -160 3
-105 43 -66 65
78 90 130 44
211 -273 3148 1925
-71 68 -32 56
-24 88 0 71
-7435 3556 -2176 1617
-2354 -1012 -8764 7750
23 86 63 82
139 37 3306 475
2009 -7658 -339 -24
-157 1 -123 20
3 83 28 83
83 72 142 47
-1833 -4571 -8697 -1624
-321 -40 -162 1
223 -1 3180 -3180
3167 -2521 -6843 9326
-141 37 -116 52
-41 69 -32 75
-4257 1602 164 -3466
150 -1644 -316 -29
-19 66 -15 70
12 74 88 73
-191 1 -108 28
-76 39 -60 62
119 55 255 -30
10828 2905 -5181 3643
-44 71 -31 69
-4 77 29 81
2808 -2369 2200 -4886
742 -10057 1457 -2197
52 95 127 50
311 -19 2901 -5665
-382 -1291 -180 -6
-119 21 -102 60
7022 3231 5067 -1484
8601 881 8892 -2903
-62 67 -46 59
-11 91 -1 76
7386 1366 -401 -17
-198 5 -115 52
28 88 44 79
118 47 585 -347
-78 39 -74 80
-33 76 1 82
-1404 -8863 4169 688
-2961 -3504 -3033 3863
-140 18 -98 52
-77 45 -37 78
212 -12 1885 928
3887 -2213 -3164 2721
-36 72 -10 73
24 75 55 77
-5190 3886 -3344 1621
-7738 3023 -374 -40
92 82 237 -3
4293 -7364 5023 1413
-218 0 -129 18
-105 44 -76 77
-6747 -4260 -732 7362
-3150 4486 3649 -4440
-55 70 -14 83
-10 86 38 86
-2664 3494 -195 -20
-130 14 -76 42
60 72 119 62
248 -22 -276 -1326
-54 63 -56 61
-29 91 3 79
3908 5783 1640 4682
-3473 -4577 -3321 141
14 108 84 67
118 56 257 -21
6044 -640 -108 -737
-186 6 -118 28
4471 980 4319 -3161
896 -1284 -261 -6796
-101 32 -57 44
-38 60 -27 91
2777 -12124 -2090 8955
-241 230 -167 -9
-1 88 27 97
51 68 113 56
-1152 2619 -3470 -3150
-3970 4585 68 4
30 -73 17 -79
-18 -97 -57 -94
157 22 110 -20
88 -37 59 -39
-85 -88 -226 -67
2240 -6469 4193 -6193
36 -50 12 -63
-9 -88 -10 -93
-3878 3092 4771 2459
-933 170 -1735 3132
-66 -100 -90 -90
-249 -59 3451 -6052
426 2998 148 38
117 -15 76 -47
-1661 -2436 -485 1231
-918 1071 1888 9153
75 -50 32 -70
20 -65 15 -84
-7119 3822 -3542 -3219
138 43 113 -7
-17 -96 -48 -91
-120 -99 -289 -52
84 -38 46 -60
28 -55 28 -62
1092 -2034 -5652 -5846
-3552 2835 -3195 3554
22 -92 -33 -74
-54 -77 -115 -85
-2672 -10490 7530 2097
1914 181 151 18
-206 -75 1936 4893
-2193 -3345 5894 3053
128 -11 79 -39
57 -55 46 -78
-86 -91 -205 -72
3043 -573 1219 862
208 53 121 -15
89 -31 57 -63
373 492 -6151 3225
-2914 -3419 3712 7183
45 -74 42 -64
18 -77 -16 -95
-8312 2362 162 27
114 -5 75 -40
-40 -74 -88 -86
-220 -61 -9720 -1075
73 -49 55 -40
16 -66 -6 -70
-3351 -2027 -1568 2779
7516 4668 -740 562
-30 -89 -54 -83
-90 -79 -243 -62
-6110 4161 -719 -7131
160 41 118 -13
-3785 -2365 -3763 -3445
10639 -3532 3369 -3091
95 -29 83 -60
53 -72 10 -70
5431 -6400 2701 -4010
170 3718 148 18
17 -66 6 -82
-40 -90 -108 -70
112 -10 82 -43
70 -52 58 -66
-170 -76 -2963 9
5798 2680 2606 2223
36 -80 14 -69
-53 -76 -54 -102
-1760 324 531 -2244
-1653 -1658 -755 -2769
54 -55 29 -58
1 -68 -18 -86
4558 -3549 -1371 848
-11517 10716 3984 -2115
-47 -92 -110 -90
-194 -68 213 1761
3755 -618 176 51
114 -6 73 -26
4354 -7474 4090 2892
3483 -6624 4655 -2761
68 -38 43 -73
13 -86 11 -82
-2644 -1713 2757 9107
173 62 99 -26
-10 -91 -29 -83
-79 -94 -209 -79
84 -23 58 -56
67 -73 38 -65
-1122 -313 -403 -5843
1479 2309 2797 5445
11 -79 -4 -93
-42 -96 -104 -74
-535 -5483 -1081 -6935
-7988 5372 158 31
-164 -74 1358 -1208
2549 -867 -1137 2514
120 4 73 -42
65 -65 67 -58
3153 1174 -6090 -371
430 -1113 -1358 1483
59 -52 8 -72
-20 -83 -58 -101
190 57 146 1
79 -38 46 -60
-66 -83 -153 -71
425 -3704 1904 -906
-6263 -968 201 53
103 -19 87 -26
-45 -70 -76 -108
-161 -65 -2415 2892
68 -47 50 -59
36 -75 8 -73
13342 803 -2059 -2051
2564 11233 5970 -4822
13 -66 -34 -104
-90 -105 -191 -75
6077 1484 2883 3309
172 51 107 -3
-206 -370 -2592 -4349
2698 -6779 -4618 1447
110 -12 70 -56
54 -51 26 -78
858 1177 219 -695
-2411 -1090 172 52
6 -85 -3 -97
-31 -76 -84 -88
127 17 80 -16
62 -50 47 -52
-117 -83 -29 -295
-1522 1534 -2147 -1345
49 -90 9 -74
-16 -78 -56 -97
5131 -6650 -1006 -1837
922 -940 3747 -6495
-67 -99 -163 -72
-1856 3390 -1315 5559
211 65 140 -3
98 -26 69 -23
4269 -4844 -6050 -866
-3015 -1389 3131 2018
39 -44 25 -70
-1 -83 -3 -76
-1500 -1774 2072 8271
-709 5814 3785 2628
90 -26 60 -55
37 -64 27 -88
-590 -984 1224 2034
186 56 113 -8
8 -94 -8 -85
-82 -92 -177 -78
109 4 67 -37
40 -61 37 -49
-323 -38 -1789 -1237
3922 -9269 1931 -3770
26 -91 -13 -75
-15 -106 -75 -92
550 -1557 -2744 1725
-2335 -2228 160 60
-123 -84 -339 -21
2217 1074 -665 -2248
147 4 97 -26
63 -62 52 -57
-2966 -1923 -1394 1872
6887 -86 3001 -1722
36 -73 21 -72
-23 -92 -45 -104
310 -10 140 17
86 -21 77 -23
-88 -94 -149 -71
-1924 -323 2854 3934
63 -55 28 -78
4 -96 -20 -90
-4381 6099 -4180 -829
-3032 -562 -2595 573
-52 -77 -60 -96
-160 -70 3408 2428
-3726 -4033 223 52
112 14 95 -12
3 -88 -28 -82
-60 -93 -138 -67
-4005 5858 4794 649
210 87 132 22
-242 -62 878 -4974
6917 -465 1099 -3377
98 2 78 -24
47 -67 23 -76
3918 155 6829 3300
3019 -8126 196 39
28 -97 6 -67
-37 -92 -83 -95
132 8 98 -12
83 -45 47 -61
-124 -98 -294 -41
2827 -2991 3124 -1842
54 -50 27 -68
8 -82 -35 -86
-1124 2732 -3287 1960
-5098 -1032 -144 1226
-53 -80 -120 -82
-421 50 -3343 4366
-299 536 150 18
93 -22 57 -52
2286 722 -1079 -2948
3920 -6372 4928 6509
58 -48 39 -64
10 -72 -14 -91
5676 3799 375 9
135 17 91 -25
-16 -83 -60 -85
-137 -87 -1226 279
86 -30 50 -52
42 -63 23 -71
-3996 -2720 -732 -527
-1946 7483 -4132 311
111 -15 67 -26
63 -60 41 -35
-219 -67 -656 -2902
-2159 162 2082 881
18 -79 9 -68
-26 -103 -79 -95
1734 1133 6006 1337
-6586 -2267 272 72
-109 -106 -250 -43
-2542 -4743 -1384 -6682
167 34 114 -14
94 -39 49 -45
-3673 668 6867 7379
-4233 -1268 -2533 -130
45 -62 36 -79
-5 -108 -35 -71
948 1481 167 39
102 -11 80 -49
-46 -89 -107 -86
-292 -53 1036 -1212
75 -59 59 -60
12 -77 -21 -88
-4759 8421 2448 1879
3832 -4213 564 5773
-2 -98 -77 -101
-128 -84 -337 -38
-1182 -1518 1138 232
126 14 91 -15
3109 -2436 11566 -1452
5433 -768 4838 -261
87 -32 55 -38
27 -68 13 -73
-4231 -4167 178 -1230
256 -108 132 21
7 -89 -36 -80
-74 -82 -133 -93
5535 7121 -3349 -8195
3795 -7204 548 -591
-17 -89 -29 -113
-41 -108 -71 -94
152 -131 73 -112
44 -97 31 -88
-102 -105 -209 -150
2224 3435 -3492 1360
11 -120 3 -103
-37 -113 -45 -103
-7989 1086 -3958 -4908
-2785 -5505 -639 -3253
-77 -100 -106 -123
-234 -172 -4166 1630
467 -1180 146 -132
88 -116 49 -107
-224 1071 -6992 -603
4891 -4808 -6600 -3461
24 -105 22 -79
3 -104 -31 -127
-3910 1680 -2051 1365
106 -132 69 -117
-44 -102 -72 -93
-114 -120 -246 -195
56 -115 41 -111
19 -88 -8 -79
816 603 -817 -1521
-387 4352 -1047 2832
-27 -95 -46 -117
-71 -107 -134 -112
1515 215 3836 -2509
1609 461 110 -124
-182 -147 -3334 -1427
-6538 89 -1967 -3002
96 -107 52 -99
34 -85 12 -101
-106 -109 -169 -149
1715 9593 -5108 3434
150 -143 84 -128
71 -95 35 -103
-21 5017 -556 -501
6548 -1225 -2743 8525
23 -99 -4 -115
-26 -97 -46 -116
184 -2392 156 -143
90 -104 55 -108
-50 -96 -74 -113
-182 -150 1036 4775
44 -108 15 -98
-9 -102 -26 -105
256 -190 5853 -2515
4371 10718 -1141 -2429
-23 -120 -61 -90
-111 -104 -234 -179
1779 2926 -5349 -879
121 -112 74 -103
-6434 -1097 2939 2856
6916 1252 4685 -3140
46 -107 45 -109
14 -90 -1 -79
-1936 5182 -1594 -1559
3442 978 125 -120
-16 -102 -33 -91
-74 -86 -123 -115
90 -112 59 -116
30 -102 12 -112
-158 -148 -778 5229
-4894 -3214 42 -505
29 -96 -14 -117
-52 -101 -71 -104
4485 4626 -5908 -5911
4306 2267 -930 -129
31 -102 -17 -99
-17 -107 -56 -101
-3413 -20 2258 4198
6189 2107 -2063 -2582
-61 -102 -94 -119
-161 -134 -770 2670
-975 5380 160 -134
87 -118 51 -90
1923 5489 -7759 6786
4220 -3114 1105 4766
35 -99 20 -92
-6 -108 -38 -99
1648 2275 -6255 -4514
152 -129 88 -108
-34 -113 -71 -102
-102 -97 -195 -158
59 -109 41 -98
11 -112 -4 -84
-321 -1213 -10701 -1048
-3485 -2934 560 -4296
-22 -99 -36 -99
-68 -111 -104 -90
-2202 3067 3915 -1069
-5928 699 131 -107
-137 -130 -496 -3637
1339 -3373 -351 404
111 -110 72 -115
35 -87 17 -96
-5163 1364 2357 8589
-2299 -4853 3096 -35
9 -114 -29 -96
-49 -95 -68 -125
164 -150 88 -108
60 -97 20 -99
-60 -110 -166 -124
-324 2889 -2491 1593
1706 -292 183 -139
75 -123 72 -99
-52 -118 -95 -110
-155 -121 3751 469
31 -119 25 -97
23 -95 -27 -98
2161 3693 9173 2662
-2409 -857 -674 387
-31 -89 -50 -97
-73 -84 -166 -132
1283 -3807 -4058 -4257
151 -146 82 -116
-85 -144 -2111 1401
-1814 -180 1657 -6889
67 -94 40 -95
18 -108 10 -110
-792 3501 -423 3875
1966 -2583 153 -136
-4 -99 -26 -88
-34 -99 -99 -114
101 -120 54 -97
40 -94 12 -117
-127 -112 803 -476
2074 6678 2472 3052
23 -89 -13 -91
-42 -103 -69 -105
1005 -7921 283 -6132
5152 407 2793 -637
-88 -122 -147 -117
-3815 1567 -4252 366
216 -144 80 -128
67 -109 54 -98
-7210 -206 3881 -1324
76 -3648 -8064 1557
50 -106 8 -121
-18 -106 -37 -89
1999 9193 1012 2064
1019 -4443 -2258 2738
33 -99 10 -128
13 -95 -17 -101
507 780 -3896 4888
169 -149 101 -96
-13 -108 -50 -94
-83 -107 -154 -132
72 -104 35 -104
11 -90 4 -126
-270 -192 1067 -440
-5115 5520 4411 -536
-37 -90 -30 -105
-32 -116 -114 -129
5235 -226 -3132 -1221
4898 -3412 171 -140
-123 -117 -292 -150
5311 4362 2905 2283
101 -117 59 -109
27 -92 21 -96
-4875 3720 -6605 63
-1813 -3621 1454 -2674
11 -118 -1 -82
-17 -99 -49 -118
441 -34 98 -121
58 -121 23 -101
-69 -110 -118 -116
-760 267 976 -7736
15 -110 -1 -109
-19 -86 -45 -108
2933 2900 2897 -5761
-4955 8606 -8325 5891
-50 -98 -84 -111
-137 -144 -1614 1396
-1358 -790 211 -112
97 -128 79 -107
-25 -107 -40 -103
-62 -112 -118 -118
-4313 135 3179 1088
202 -150 104 -96
-232 -171 3607 2078
-3010 -316 -2670 4759
78 -107 57 -106
24 -94 -2 -113
-6592 2089 1575 5879
-2493 583 175 -141
-14 -89 -31 -99
-61 -87 -84 -112
106 -142 79 -121
48 -86 3 -98
-94 -126 -258 -181
2152 9030 3181 4479
-7 -98 -11 -79
-26 -105 -75 -99
-1891 -3704 3581 3633
5780 -6049 -3941 -2490
-70 -94 -137 -131
-342 -195 2162 2762
-342 322 109 -129
66 -101 49 -105
915 -474 1379 -3524
-5399 5453 -4531 -3010
15 -114 -1 -100
-25 -83 -20 -106
-3568 -5168 401 -170
114 -123 62 -113
-44 -102 -83 -115
-122 -159 -927 -72
50 -102 31 -110
8 -77 -10 -92
906 -2062 -3915 -48
2424 6061 -3808 -7163
80 -105 54 -121
42 -111 0 -79
-194 -155 5133 -1927
492 1959 -335 -4659
-5 -82 -14 -103
-44 -98 -78 -113
1793 -4832 991 -4922
-3076 2244 268 -170
-89 -113 -225 -177
4597 -8206 4887 -9342
147 -125 85 -100
43 -94 22 -102
3973 2705 2224 5731
604 10077 -1509 3491
19 -87 -13 -103
-30 -101 -57 -100
276 1081 125 -138
66 -99 36 -108
-70 -105 -132 -116
-248 -189 -1288 -1256
27 -87 22 -98
2 -110 -20 -106
-5067 1127 6300 2305
1484 -2204 -1737 478
-24 -137 -75 -107
-116 -115 -245 -136
-5318 29 -269 -1196
124 -123 71 -99
9220 -2465 5843 2304
-1261 -1806 -2832 7035
44 -87 35 -84
1 -90 -2 -102
316 5 1141 -79
607 28 112 -122
-10 -109 -45 -133
-75 -114 -125 -146
-9854 4336 -5340 -1461
543 9065 -464 -491
12 70 32 90
51 81 107 56
-84 35 -57 53
-26 63 -3 90
108 77 278 77
2368 1615 -7564 -2618
14 69 26 74
44 80 64 75
-4858 -1881 -7417 3600
4498 4534 -967 -3396
86 63 128 73
331 84 -1388 -5897
1590 787 -82 42
-57 64 -26 65
-2553 1437 6558 -1918
-3808 4935 9822 -4036
-29 75 -26 77
8 71 43 75
4322 -11041 -1740 3765
-60 40 -49 55
44 63 81 75
140 84 370 90
-45 56 -3 72
6 81 12 69
-3795 2464 -2625 -7945
3308 -3267 638 677
52 84 71 60
98 76 148 67
-946 -1098 -2326 2045
1362 -1728 -85 57
242 94 -4830 -3783
-3631 2024 435 2949
-54 60 -29 88
-17 62 13 75
114 80 231 101
-11068 -3535 -6158 2812
-108 28 -50 67
-14 59 -2 83
949 -980 -1057 7311
-5490 5703 3331 -3589
-5 56 0 78
30 89 58 80
5655 6468 -87 51
-51 49 -30 58
75 82 124 84
267 91 3054 7383
7 68 2 85
8 81 47 74
-2983 2782 -4159 -2502
-7648 833 5337 2957
61 80 75 90
134 93 313 101
-641 -1788 9 3166
-76 41 -55 78
1127 1763 5633 -3772
2602 10735 4091 4502
-37 55 -30 64
12 67 6 74
-319 260 -466 9657
3202 -2058 -71 62
25 76 44 70
70 84 154 80
-59 80 -29 61
-20 53 8 75
227 96 -1638 1394
-196 -837 924 4060
5 84 35 81
61 81 85 76
-1735 2194 -6296 -8443
-4481 1831 295 -363
-10 73 15 54
22 85 63 84
2756 -3729 -11028 3370
-11568 -1877 -3155 9711
70 70 116 81
245 100 -1517 1925
3906 -1946 -113 45
-61 64 -35 71
178 -2855 3440 -3284
634 -5761 5603 167
-24 89 15 68
16 67 34 61
1447 -4878 -251 550
-80 40 -59 56
45 74 72 77
126 98 259 84
-29 68 -22 70
7 80 25 56
2265 1606 -1307 3095
4529 3858 2763 -73
43 83 43 78
56 89 145 95
5055 731 1063 633
-216 -1797 -86 43
210 89 2254 471
6743 -920 6793 -4273
-68 55 -24 47
-25 72 -11 68
2256 -3034 -1481 4088
3143 -2213 1461 -857
-12 66 28 100
69 93 107 73
-118 59 -60 74
-31 66 -18 72
98 79 221 85
-3713 2368 -3897 -978
-9026 2251 -120 34
-58 70 -49 76
72 65 129 90
220 98 3716 137
-33 76 6 81
19 88 45 66
-163 5106 5702 4002
-4343 3338 1061 -2431
48 82 80 74
119 89 236 95
-3734 -7018 -7188 1160
-103 53 -40 64
543 7 519 -2346
4396 7875 1600 3838
-37 49 -11 72
10 73 -7 82
-5068 1771 2108 -1052
-1635 -138 -88 61
20 93 39 79
69 72 140 82
-49 39 -49 68
-12 57 -15 67
173 93 1027 1361
6108 3319 1694 4903
17 85 22 64
46 69 82 73
-2273 1737 448 -3949
-258 5441 -3833 -1232
128 82 188 88
225 2095 -2209 -2685
-150 30 -48 55
-45 63 -22 53
-5155 -4080 7123 -900
-5191 1449 5160 6057
-7 68 26 78
35 77 59 78
-2041 2907 973 -2632
-1222 -1999 6494 6752
-53 83 -4 64
14 71 16 89
553 8636 4593 -2038
-115 39 -56 59
43 88 77 60
115 85 216 66
-28 59 -22 50
-6 79 -2 86
404 117 -7182 1931
968 8319 4371 -2945
16 73 49 68
71 88 122 82
-2102 3377 -5695 -580
-4317 3658 -81 57
160 93 563 217
2350 -1614 6545 -4754
-66 55 -50 64
-6 68 -11 82
4727 8253 -238 -2021
3325 395 1808 -516
-7 65 20 77
59 79 78 78
-687 -55 -61 60
-46 66 -16 63
85 59 176 91
934 432 12089 12
-16 63 5 83
18 76 48 61
-9008 6343 -3593 770
-3234 2846 -489 -3416
56 101 109 82
189 94 -2307 -1856
2982 4205 -142 33
-67 52 -45 49
38 84 66 62
107 100 203 95
-1696 -922 3822 512
-161 18 -59 62
326 105 -2246 233
7918 -2723 489 3994
-32 71 -20 71
-2 61 26 60
8279 -4703 -4159 -490
1672 -417 -128 45
43 73 32 81
60 77 100 82
-81 53 -42 50
-23 90 -3 74
137 91 393 106
-2271 -948 -169 -4016
-7 62 42 93
52 79 72 80
2467 512 -3233 -4021
-2862 -5555 -2877 -6306
91 69 181 95
469 165 -2990 -615
-223 -861 -70 51
-51 57 -17 64
-2741 2905 8901 -308
-1154 525 219 868
-19 63 24 68
22 83 35 78
5269 6029 -17 37
-72 66 -45 56
57 87 87 97
182 78 1005 233
-18 72 -9 68
5 82 20 72
-1882 4362 4222 -3511
7807 -168 -1166 -2911
-50 64 -31 53
-1 71 15 68
282 82 -9881 -1051
-5219 -3457 -2662 -2090
12 95 38 73
61 84 110 74
-4136 8621 -4464 -3056
-1397 -7736 -196 -12
139 91 298 102
2997 -972 5093 -2981
-75 51 -7 69
-17 70 -11 81
-342 -12454 -1212 3162
3330 -2334 1126 -3119
0 82 12 83
44 74 59 82
95 -5464 -76 56
-40 71 -18 64
83 80 141 80
378 105 -2392 5457
10 74 -13 70
30 71 28 100
-5018 2858 2719 -2853
-3676 -81 -455 4615
41 75 98 90
156 89 481 125
1983 -2069 -817 221
-86 43 -49 85
-8478 -22 3655 -1098
3030 -400 2270 3138
-18 70 -10 67
4 70 25 77
3175 2009 1912 2478
151 -5 -76 50
43 69 59 78
89 89 179 78
-1867 -3514 -289 -1367
-1701 6327 -364 -218
-31 6 -20 17
-15 19 -2 25
-61 -49 -46 -30
-39 -16 -43 -18
-1 25 47 18
417 1560 1569 -2256
-44 -7 -19 2
-14 14 -25 33
2120 1179 -824 -7080
1602 2262 3704 9924
-23 26 -5 35
63 13 -2831 891
7545 692 -48 -46
-63 -17 -36 -19
-1710 -5410 -1184 6287
4611 -6 4320 -6943
-44 10 -46 8
-9 -2 -33 20
4524 3094 -1961 11
-56 -32 -49 -25
-24 22 -8 22
0 36 43 -7
-24 -31 -49 -5
-39 11 -22 12
-5186 1303 -3318 2566
-12243 4537 -3954 1877
-43 9 -17 16
-13 20 4 34
-3847 3903 477 -2729
-885 276 -42 -27
38 38 31 -10534
-1185 2056 -1944 -2385
-46 -40 -41 -21
-41 -4 -35 8
-12 26 26 1
4254 306 -4382 -4596
-32 -42 -28 -22
-36 -24 -42 4
-3819 3987 5680 -2857
33 -5870 4827 1740
-47 9 -39 10
-11 6 -32 10
-222 6833 -38 -34
-46 -33 -46 -20
-14 13 7 35
22 23 -1891 -5040
-47 10 -19 -7
-40 6 -29 16
2351 -2688 1713 1095
648 -1112 -2034 1470
-30 18 -18 28
-13 2 36 7
1636 -538 3222 -858
-55 -28 -34 -13
1402 2409 3661 5301
-726 -2177 -400 -1793
-44 -3 -41 -6
-42 13 -31 6
2450 -10353 -1831 -773
-4759 1730 -52 -43
-30 27 -26 2
-19 30 5 15
-30 -9 -29 -21
-50 -6 -28 8
36 25 -1588 7196
-4216 2506 1284 1045
-51 -26 -36 19
-37 19 -22 34
-599 446 1871 4957
6477 4567 100 1743
-48 -5 -43 3
-29 -2 -13 11
-3678 -123 -792 883
5979 -5314 1802 775
-24 44 -2 30
15 15 1134 -3865
464 -6928 -48 -51
-61 -21 -57 -15
2688 2498 5759 -7772
-1665 -602 -1472 -5213
-26 -4 -20 -8
-33 24 -17 14
-512 3865 1869 -4191
-37 -31 -47 -43
-38 3 -14 20
3 35 38 0
-46 -28 -32 -6
-21 -5 -26 9
1300 -1232 -502 8643
427 -1315 3408 4032
-28 25 -6 4
-3 8 -6 23
-940 1301 2891 641
-11555 1680 -43 -23
38 34 41 177
4095 -3647 -1286 1391
-46 -24 -36 -2
-39 1 -46 -10
4898 7606 -2735 -1190
-2096 1837 -3576 -2063
-26 -2 -32 2
-36 23 -23 18
-34 -35 -33 -28
-26 -26 -55 -27
16 25 9 25
-1100 688 7828 -2389
1899 -8376 -16 -31
-43 -24 -46 -2
-29 20 -18 9
11 22 -730 1121
-42 -10 -39 -19
-48 3 -39 7
-970 -3482 -3962 2146
4282 -1041 1594 4379
-25 9 -42 31
-14 14 44 17
1163 -5407 -6540 -4498
-36 -28 -56 -28
-97 -79 7838 1623
-2146 120 -98 813
-39 -29 -55 -24
-36 -2 -22 1
-5765 506 -9368 -3380
477 -772 -40 -57
-43 18 -18 28
11 24 0 20
-42 -40 -56 -13
-44 -15 -43 2
2 32 -455 -286
11748 1535 893 -4088
-47 4 -35 -6
-22 30 -4 12
-367 -3684 3030 1373
1234 -776 -2331 2720
-11 1 -4 23
2110 26 5419 -287
-15 -35 -49 -16
-48 -16 -48 7
-3282 190 7154 8722
-1225 -3336 1059 -1852
-28 -14 -37 9
-41 20 -35 9
3482 -4432 2868 3455
-3334 -2904 -771 1806
-30 4 -40 11
-30 12 -31 28
3839 1528 -4925 1966
-34 -31 -36 -21
-23 24 -25 18
-30 19 17 38
-54 -7 -41 -13
-34 -16 -43 8
86 -21 911 -1115
-2940 -4438 -4219 -2885
-37 16 -2 7
-34 29 -14 33
725 8516 -1896 2893
1726 2731 -37 -43
8 37 54 -23
-2311 -2792 -9844 3970
-46 -33 -46 -21
-39 -12 -28 0
7592 -540 5266 -2150
1701 5478 4648 -7864
-26 10 -20 17
-39 8 4 24
197 -366 -72 -34
-58 -33 -36 -5
-35 18 12 4
-112 -735 2064 -157
-25 4 -33 9
-29 24 -43 24
-9875 3770 -785 -5932
8655 -4612 6419 -4840
-21 9 -22 26
14 34 -1243 470
-9305 -1857 -11 -30
-56 -38 -48 -10
-31 15 -11 34
-14 31 27 17
11143 -4677 -3518 3166
-24 -47 -58 -36
46 7 2107 -4946
-3207 5077 1456 1644
-46 -21 -47 -17
-33 -15 -18 20
-2485 -1444 2755 2672
2144 172 -24 -33
-27 8 -16 26
-16 12 -13 4
-46 -36 -76 -34
-32 2 -25 -4
0 16 78 1
4702 2486 112 4360
-41 -2 -27 9
-35 8 -21 17
-2533 -2304 5754 2198
5261 4318 -1703 -1132
-18 15 3 12
58 -106 -658 -449
1818 -715 -38 -11
-42 -22 -38 -25
-1432 -2646 -53 3005
259 -2211 1960 -5071
-46 8 -32 5
-19 15 -41 16
5262 -1 -26 583
-59 -36 -47 -11
-34 15 -1 30
11 26 601 -505
-49 1 -42 -8
-23 -16 -31 15
-3599 -4353 -1023 -5897
-1045 8608 2830 -3009
-47 -33 -52 -4
-34 -9 -25 17
31 15 -2667 5736
-3650 3751 1787 6394
-36 -17 -34 19
-6 1 -1 32
-226 581 -2738 6397
3294 -171 -14 -54
-13 21 48 15
-876 -6158 117 -7311
-43 -37 -51 14
-50 -24 -40 -18
5779 4001 3834 -3993
3047 -1511 2550 -3030
-23 19 -25 4
-25 13 -14 18
3118 103 -50 -13
-33 -17 -51 -11
-8 19 3 29
53 -7 -8828 -1634
-41 -8 -41 6
-33 23 -32 11
-2235 8964 -4907 3059
-997 4603 -5453 -3106
-17 10 -20 6
18 28 83 -85
2953 1934 1218 -1154
-40 -46 -41 -2
2076 -3505 8072 108
-2456 5486 -5995 -3892
-40 -3 -28 8
-48 18 -19 6
-6122 -3986 -1376 1719
355 -22 -32 -29
-30 0 -15 34
-15 20 12 36
