294 -1017 4 -1161
-161 -1035 -164 -843
-427 -913 -533 -568
-563 -172 -428 106
764 233 -250 -822
-627 494 388 122
-275 52 -132 -418
-729 233 245 697
826 -287 -264 -391
-597 458 853 4
-738 -156 233 853
466 -722 -530 71
578 1149 -1128 -491
789 -97 -480 121
819 160 -257 -33
263 226 -161 -20
-641 -165 437 -167
553 670 -83 818
-299 91 -14 182
-114 373 -160 149
-362 -1172 -773 -1275
-947 -859 -665 -356
190 537 463 -170
-335 -929 -1512 -662
-128 -111 104 284
260 -518 -763 -34
-1292 189 688 703
-150 -279 607 271
-107 161 -282 263
444 -430 -550 368
238 1056 -866 -1323
1420 910 -1298 -105
-937 66 -124 -894
744 -169 160 683
-754 -710 822 -584
264 630 -309 -165
423 94 -779 374
262 -1379 1152 1018
1057 639 -740 387
-75 -384 81 -228
336 -303 235 311
-516 474 -1011 -135
-571 -471 -36 -813
653 -398 666 480
286 611 496 528
723 116 337 -389
-659 554 -18 705
85 143 -489 83
-812 -1084 -360 1142
453 -234 131 253
-386 -1326 -631 833
163 129 795 351
-433 -653 -659 -279
1744 -236 -1386 839
-1087 159 913 -804
-832 500 1332 -578
520 985 -120 1069
-537 609 -339 173
-657 -235 -106 -722
689 -464 804 341
554 87 608 -163
608 17 544 331
-359 1242 207 643
344 -15 -3 -210
-172 -376 -270 423
704 -189 -556 -673
476 -137 347 -926
-1180 -378 -52 913
-71 -64 -275 645
779 -1050 -1168 1110
414 880 -133 -832
-169 471 331 28
366 -130 -318 -165
-381 405 1143 91
189 1606 505 -1522
-698 966 390 -440
340 189 -649 1264
-1041 -1485 1121 -234
-969 458 350 -760
440 262 -62 544
160 303 -726 -83
-482 -1147 752 -1171
-150 114 -484 162
-587 -242 -288 -288
471 -963 -281 -947
-677 -527 -701 28
-92 -983 187 -302
683 -428 355 -747
-128 -5 -277 298
515 435 474 -709
536 88 -149 -787
-711 317 237 458
448 -993 -231 959
347 -656 -720 468
-55 354 316 58
-688 -503 921 574
-444 -269 -97 23
-514 -37 -427 -596
-514 -689 256 -12
-636 -70 44 -1252
404 -493 176 30
34 359 167 367
690 -251 385 -511
220 -837 213 -1186
-1041 75 343 160
-177 -603 -334 101
-1191 -193 -405 335
-913 112 -775 1535
60 -279 -705 -279
-564 619 133 445
-1008 -942 -1014 426
-241 665 24 539
-276 50 -321 -128
-295 666 1040 157
444 -392 -316 348
382 -455 -462 410
386 -1311 609 1093
-516 -355 20 420
21 -1030 605 291
-126 455 -417 -160
575 -647 910 347
-64 636 -119 -77
311 -403 160 500
-686 174 -317 -542
-84 590 621 1320
1178 1261 1016 457
931 -40 1071 -95
728 -68 340 -25
147 697 824 147
354 -796 -631 -410
-256 487 482 344
175 -356 -111 222
-329 1019 65 -551
121 119 -128 250
910 247 -835 -104
690 -269 -571 519
244 150 -578 502
-356 -600 109 -257
277 -1057 1369 547
-804 1196 -671 -561
582 360 330 1185
-309 1475 -539 941
619 286 783 -142
736 -153 250 -213
-319 257 -88 12
183 -103 347 137
167 1119 -41 618
-89 446 -92 -65
-285 333 -247 564
114 517 236 -51
93 -236 42 -102
336 160 710 62
-176 -810 -723 581
648 115 -418 -141
-254 348 230 158
181 286 720 -494
-189 -8 383 23
-269 334 -269 -398
-873 -331 155 83
330 -400 -146 714
318 1476 -310 123
-43 883 -1600 -173
1055 381 19 577
-46 514 -707 264
-237 -22 -178 161
-133 499 -249 416
-608 -199 -998 241
-844 196 -72 -40
-212 45 77 286
386 -222 -300 -462
-20 187 243 -308
-592 -334 -377 701
351 577 -223 -544
21 561 377 -388
-1114 -240 647 574
-92 -33 394 -686
-206 1005 -321 -791
507 116 147 422
293 150 -36 -202
124 190 -43 121
-918 -530 923 -55
-336 483 -485 -374
250 -478 -202 125
228 292 -499 -659
678 29 -188 760
-486 -421 718 -52
174 706 -188 555
-752 521 -1194 -644
321 261 336 39
51 18 -281 124
-312 -826 -195 -631
-52 -452 -46 -375
-550 396 222 144
-251 178 566 444
267 1272 1316 -532
-517 -875 -112 233
425 176 -25 -360
-188 119 6 359
-222 668 399 -488
-307 62 53 490
-630 -637 416 341
-663 -377 778 -279
765 839 -750 65
209 -287 136 28
-323 581 -302 13
92 158 -60 599
-52 -686 509 -724
640 -167 -10 0
-803 -558 -607 150
-32 362 321 187
-541 -289 -12 353
628 15 390 -477
-467 -1229 -1162 939
923 659 417 -613
1011 -964 -1002 -308
-104 703 832 106
-33 -218 -24 445
760 -642 -993 -767
-261 -583 -177 -71
81 -208 -687 -631
308 -252 -444 331
547 71 -649 -675
363 -416 -105 536
-58 -249 92 -242
-135 -429 593 -172
298 488 -82 243
443 -495 953 129
442 913 -572 1099
-93 -258 -545 -562
-581 -601 -225 -153
276 -456 566 -120
342 636 -211 1074
-134 505 826 450
879 -623 -18 -706
271 -575 -691 -304
-223 855 983 297
-76 762 573 -913
-1308 276 995 595
-206 -112 483 -690
-1087 277 394 584
588 419 -814 309
280 -686 198 383
-93 -725 484 653
-648 -182 244 -227
174 1853 -1050 1020
-902 -133 -257 -328
370 399 309 299
263 459 -124 471
-168 -213 -78 -439
37 -462 248 -464
233 -250 311 -342
113 -567 -335 -606
1337 152 562 -274
9 -343 -144 -111
907 94 440 67
52 338 -113 839
642 65 689 -440
-174 -709 -99 -59
-1541 -894 -865 1243
713 675 417 -428
-760 -45 440 442
324 -330 -866 -214
-49 -743 -70 868
172 -645 -196 147
-253 309 93 -916
588 891 -990 -503
-807 -5 84 -196
-68 -458 936 348
1084 108 395 100
441 -146 375 79
1182 587 277 394
501 15 754 656
185 940 545 638
627 89 358 -232
187 256 229 120
146 161 286 269
371 343 185 -19
-303 -215 96 620
713 -569 -131 -108
-143 -279 -37 100
130 570 -543 -48
394 -470 85 352
-476 -78 595 -548
0 846 -573 -260
477 347 487 481
-196 1151 -966 437
-755 -521 539 -1588
1687 -158 839 1002
-356 -342 279 -905
740 380 -401 199
-124 118 -505 107
-180 -834 717 -71
486 36 -206 178
-589 -77 -651 -439
507 -105 458 503
-55 909 -719 744
1013 -827 498 -1078
-308 -1269 -1051 -302
968 98 452 -383
270 145 818 48
-478 727 664 59
-39 -332 -390 32
-421 194 212 -108
-272 217 463 39
319 287 -661 -246
1088 -118 -1016 671
-342 -551 908 161
-734 491 10 -474
32 -22 -539 -100
-493 -763 360 -996
-162 422 -48 -30
478 216 178 909
-747 98 -892 243
-596 -42 -409 -627
290 -552 -529 -2
-1141 935 -1039 1694
-754 -300 -250 801
96 254 504 798
230 53 12 -579
-840 371 716 760
-297 -655 873 1085
-771 -1120 390 737
-514 305 309 -37
170 -92 -757 32
-925 972 1745 51
-1114 -827 190 585
54 -1125 -792 998
910 -431 -418 240
-295 -431 251 23
10 -233 374 256
166 242 -598 -209
805 -54 -926 392
78 -34 -108 279
-533 154 -368 -471
-540 -519 242 -417
365 154 132 291
270 -715 -673 -167
-104 577 773 306
-263 -157 -133 983
904 1112 1055 30
113 -952 86 481
-408 -930 -434 1558
761 322 -585 -1129
-471 1419 1289 -536
11 417 -602 50
945 -619 -643 806
-622 -932 652 642
-282 16 -226 -455
529 -107 -499 182
-273 -1001 903 -435
173 259 -302 899
-1145 -9 -280 -849
-172 1041 2 425
539 -176 711 -477
16 1024 309 1058
424 566 468 -110
877 637 -256 54
-177 1210 1023 1048
400 -203 -17 -979
-574 -613 -697 -417
603 -1154 -396 -842
-455 129 445 285
266 -1207 -620 -496
-387 101 -399 331
107 -14 782 144
-844 -781 367 936
-310 -135 325 855
592 -710 -511 -466
635 -856 -253 553
182 -300 -70 -107
43 677 -319 -552
119 64 426 -152
-249 469 63 -25
-163 741 -1207 -41
932 -178 -163 956
-962 -552 684 -916
88 -98 471 -282
749 -781 566 -980
-289 -28 -814 261
-664 687 44 649
-24 -1217 -1116 64
-106 783 472 132
-339 -297 -84 -134
-436 -164 -335 418
387 -50 6 -540
-609 696 1029 -442
146 -184 -606 248
686 127 -81 -606
147 -1614 1753 -1
-12 1381 -767 55
-942 -8 401 -415
-489 407 46 -1276
-1532 -687 -1175 -1005
-542 -689 -241 -279
277 -458 747 -480
659 -51 44 38
-732 -248 139 -1282
1393 -56 154 1201
100 -658 942 432
-332 1264 -1195 72
74 1138 662 744
1221 -35 1172 -1091
141 244 -68 383
129 770 657 475
-1445 231 398 1573
1074 -74 406 -551
-105 -835 -332 464
148 -344 -609 734
-352 94 114 -354
219 374 -292 -255
-742 371 561 -825
-129 984 -225 -620
-693 223 -458 -652
300 -553 509 5
149 -638 988 471
-685 1223 -1266 -588
544 -42 326 509
-90 980 -513 770
-593 -693 -675 -675
-172 -379 462 337
580 -830 -424 -354
-82 78 -33 -136
-555 -217 -513 435
107 590 373 167
463 -526 125 118
-584 -194 756 404
732 -86 8 -106
-199 -480 -341 638
453 -1012 800 1038
-1346 -16 720 -699
198 414 -210 -246
43 17 335 -244
-86 308 215 -326
24 325 -280 -175
737 -324 -309 611
-323 -472 670 9
236 759 -973 16
-99 -928 610 -144
97 440 -745 248
-441 -909 817 -611
139 -1703 214 -1809
131 -1313 -140 -417
721 38 822 -23
580 107 -11 256
-447 549 421 807
873 -390 -382 -916
-461 129 231 629
771 -161 -48 -719
-1322 -388 1586 862
-1171 -880 579 567
-1312 217 1369 302
-744 -643 -240 493
494 240 -871 159
350 -1049 765 642
-1322 -684 1119 -680
-42 810 -7 -217
290 343 9 869
-453 851 -298 242
-351 -675 441 -646
467 -141 125 -55
-571 -1205 -1619 -343
-1250 776 -373 929
-727 358 -304 1019
613 936 1059 126
448 422 36 -756
-564 675 707 -422
-172 -372 -31 646
505 -166 74 -354
-416 333 159 166
-488 276 754 782
771 -1526 -1365 -438
-236 484 -622 410
327 277 -99 -123
218 -154 -372 368
-980 -992 1569 682
-1483 -121 778 -314
616 -660 587 785
-903 547 -537 -847
55 -360 151 398
-454 -309 704 -13
-108 753 -375 653
66 571 681 607
160 -176 -407 577
-1048 1084 -1339 1017
-140 -218 -765 737
435 1312 1177 220
-311 -707 -703 -241
-595 374 34 568
130 -44 403 -127
-636 -249 276 811
491 -64 -52 -626
-1106 776 1936 53
-19 -132 390 -555
116 890 -583 -675
-307 508 -391 -802
726 346 -346 -128
293 -404 -77 -322
2 -832 847 -666
-1087 -860 95 -1451
723 -387 -212 -47
-385 -815 -1239 -268
-897 267 -281 103
1037 541 706 75
-90 282 -482 1128
48 -286 -159 -143
-673 -83 -1110 111
651 774 304 609
-268 464 -627 317
-769 290 -72 370
233 277 234 -263
-220 -209 -821 139
-164 1150 851 491
696 -741 -889 367
787 -343 -695 402
59 -271 -170 370
147 -375 94 437
470 -1642 996 1468
-1322 -1 472 -257
-1243 -1 1097 -1079
-446 1517 -349 -1755
-1056 -70 -549 -434
72 -248 59 287
761 723 181 989
-395 857 -794 438
-436 343 48 -16
-473 -344 -696 30
111 -183 80 -314
-22 204 719 790
748 -655 -954 -98
390 336 -124 65
298 43 -324 215
672 -31 -389 -494
-198 -383 -239 393
514 -343 -848 121
-551 -235 787 -8
-738 155 617 -183
92 677 18 -360
931 478 -323 997
251 468 269 -282
718 883 -996 921
-714 -358 155 -245
-226 -214 639 -561
-339 -263 800 -558
301 1242 -1299 -283
-112 587 -403 865
-555 503 -262 81
-142 -268 -270 -407
-448 -497 -644 -668
-132 -229 -314 -321
-558 399 277 673
-140 -1014 -478 -100
79 87 43 -145
-888 248 372 926
1098 -588 -922 -1084
-1211 355 1133 717
-102 -763 59 -69
-693 93 207 253
-405 -1212 1113 1550
-18 -311 -425 -173
684 296 -549 -469
-966 317 -799 -483
344 -487 446 714
-242 -175 -169 -317
315 -338 713 391
-378 113 49 342
496 559 865 556
-493 1021 83 1059
248 859 -86 817
-1051 180 -357 685
737 331 -510 -568
-898 318 633 681
-103 -698 -359 572
-628 1011 171 -1374
266 1232 -529 -812
-1528 418 1070 -552
-318 505 -343 -281
22 -740 512 450
-1094 -670 1162 815
-165 555 156 -811
-214 452 -120 143
-189 -418 73 366
-531 -204 191 -574
204 61 -140 332
136 -536 361 1015
-306 -300 -240 68
-457 6 -450 -174
464 -108 280 218
62 305 -112 357
-1051 -361 -991 567
-344 787 11 160
-414 -271 -19 -88
498 -388 363 -911
280 -151 -237 -421
-435 282 368 637
370 -440 -324 -562
-697 413 586 567
-1165 -712 931 299
-596 19 295 -365
-346 692 293 -468
-50 466 -371 -522
120 -123 737 495
-548 1077 -849 -468
0 1018 -356 731
-1232 419 -831 -1182
294 -370 886 -127
1070 -63 1207 -107
751 -466 535 -671
439 -485 205 20
338 619 1425 -508
-80 -1252 -297 -140
189 399 169 -167
-373 -43 -143 298
-14 -715 142 -449
-129 -312 74 196
1066 -1560 -239 -1505
-481 -842 -749 -706
-145 287 348 -561
-434 277 292 -293
171 622 94 -560
-139 567 287 -619
-362 -512 585 39
-593 -76 731 482
-88 -605 -284 903
194 -1032 57 550
793 486 -38 876
-608 -114 510 -783
-1054 370 -739 -329
-344 -105 -748 -50
100 -153 -119 -73
-153 46 287 -10
639 -240 557 47
314 89 -47 156
-408 52 -274 -12
-450 517 294 900
-357 -588 -1055 667
484 1112 805 -4
220 589 -152 -4
218 -633 -332 761
267 53 -42 -179
-378 65 543 267
133 -333 -196 465
-149 -446 434 308
-1104 169 169 -812
432 173 150 346
-317 -493 -53 -804
228 -1275 716 -1346
-98 762 -225 939
-154 1035 -10 1248
-394 -643 602 -444
261 168 -119 -404
-304 -360 20 -980
929 -652 540 336
225 409 850 259
923 -348 526 -795
-286 120 -459 235
-521 602 -196 955
505 -465 -622 -448
-29 616 368 -176
-411 -117 143 314
167 -82 146 -182
-18 -755 -218 862
261 -959 -254 906
62 562 -210 -976
374 1217 -480 -1201
-577 350 70 -997
1047 533 -593 572
-560 772 49 -858
572 676 -765 -150
315 268 1 536
-276 300 53 -92
-413 -720 -253 -948
281 -492 627 322
544 -174 510 -748
-282 -766 -503 -232
-610 -40 -17 570
350 -175 -555 -236
-410 520 -166 -694
173 980 299 -893
-219 -1003 44 653
-246 -170 575 -6
71 183 -568 -487
641 -83 -75 196
1031 93 -443 747
-430 -609 873 108
535 -12 -486 413
-335 -754 1138 229
-223 -616 280 156
-33 144 -176 -328
-1432 214 -1049 -741
-53 -921 56 -326
-445 -216 -46 -539
727 -610 1164 534
157 455 833 99
911 -554 490 -771
-390 227 -853 -110
-1045 -110 -828 27
797 222 365 -793
-549 5 420 375
-457 -477 -746 -236
-883 728 543 1093
-806 -819 217 351
160 -96 -520 -44
-603 -35 207 201
271 36 -299 -416
689 -538 192 251
410 522 -1048 467
-1009 423 -153 -706
329 -59 -52 63
357 -768 391 -706
353 -820 461 -715
236 85 664 248
907 580 821 834
-481 -165 -19 58
169 -209 -9 -389
-745 -218 -314 395
384 208 434 -458
-5 -199 -472 331
805 172 -403 -653
558 -712 -353 176
253 -384 -591 146
443 -468 -74 262
675 -642 -881 -254
-51 230 227 -641
-582 496 988 -284
-757 -640 484 634
-50 -653 -479 557
-1045 371 977 -418
-526 354 -33 -241
-376 103 -732 -416
676 -756 383 677
-468 -17 11 -166
-196 -191 390 -254
-1374 306 -1453 -265
-883 -910 -13 -783
658 -632 573 -339
-219 -166 -1084 -547
-311 -94 -165 111
-80 224 75 162
-50 1200 1186 518
753 -856 -468 -732
-1153 358 1090 -175
-1008 20 920 106
-470 262 314 708
597 -1173 -1364 700
-407 -18 174 -540
364 478 -414 212
746 369 -716 -91
735 -183 -438 552
-826 304 -784 -230
-196 -447 -200 -2
-468 -1513 1518 -1394
1770 650 185 1212
289 -626 92 -417
-398 130 -525 900
-1822 981 -1372 1022
-856 484 -687 -171
607 -111 796 -464
729 -337 542 -46
-233 182 -324 323
-451 611 -565 932
61 -516 -1059 -779
-914 302 -813 134
1321 -695 -207 -719
382 53 39 -990
-35 72 -629 310
1302 -239 -1599 -11
271 -793 -33 539
-308 -412 495 483
-829 -560 462 -128
-24 -95 383 195
-304 -427 663 -380
190 870 -658 -168
178 631 6 370
-48 301 -282 463
745 -1250 839 -358
526 239 118 508
292 -419 256 -866
-120 -818 -314 -294
-79 209 362 339
632 -70 453 -494
258 830 851 -941
-1686 -366 434 1531
-660 -1408 -357 1113
558 -38 422 -434
-1046 -305 1232 171
-810 105 230 75
698 15 -1098 357
981 -524 -657 196
-476 -414 345 -689
761 -50 294 447
149 -954 316 -8
-134 -118 101 -321
401 -9 114 417
-250 -361 743 -9
-32 -333 581 -666
811 801 -679 314
-481 214 -53 -95
183 266 9 637
811 604 451 775
185 412 419 6
-910 -708 -884 -528
-821 -288 -512 -72
209 -160 371 -534
330 -1223 -638 -1673
168 -273 -527 245
408 240 69 -424
161 243 -105 -608
-283 759 661 -424
-219 -108 -406 543
288 -787 13 371
-979 683 161 -839
325 -23 -31 915
-96 -226 -86 -404
436 -465 515 463
-9 868 -154 506
-416 512 -549 -84
595 -147 299 -164
67 169 61 397
-423 606 -503 368
-600 12 -651 -241
-1212 1097 1050 747
86 -544 186 364
-311 1253 1193 282
-102 -842 -229 678
-496 1275 412 -986
-243 905 50 -738
-607 -127 939 168
-944 -256 582 202
147 594 -20 -904
-200 1043 172 -888
24 885 105 12
356 -439 -550 122
-595 -777 718 -225
388 15 325 1083
57 -29 -161 46
64 -87 -203 97
1183 1207 55 1065
-280 196 160 -95
310 524 -311 -331
703 -1224 1913 -308
-212 -83 -424 70
-233 339 12 190
-409 -2 -621 344
-439 880 132 1118
192 255 -17 431
839 -380 -824 -754
638 106 -61 -334
-29 -131 -486 -98
-324 1183 60 -1007
21 332 462 472
558 -781 -268 1184
-30 -853 -198 187
-19 629 -534 -387
562 -452 224 572
-224 575 -648 -32
-310 -618 520 -790
-495 66 -182 -314
-74 -400 -201 -307
-364 -184 102 -265
227 -230 -31 -136
-265 -762 -402 -566
-474 -576 -896 -381
-69 904 496 807
790 470 937 -57
-768 293 -79 996
1016 600 887 -346
-73 -60 149 -57
89 -70 200 72
-151 132 -419 552
1106 275 -167 -1308
-551 -48 -40 963
1168 -438 -888 -836
-103 -84 586 777
-1200 -333 900 -555
-338 596 -113 -616
154 236 192 20
-462 -270 292 -657
612 15 143 342
148 -162 63 -131
316 -203 482 263
-666 27 46 228
535 146 404 70
392 -718 -706 -1341
-1480 -1065 -1338 -502
830 1050 1575 -1313
-1652 -1818 -1455 1667
-629 1071 1158 732
707 -919 -446 -556
-9 1051 66 -837
-533 570 983 -167
1176 1023 -473 -286
-342 -813 887 1585
-171 431 -503 -77
341 -493 121 550
-402 -495 1102 -252
-163 1330 -974 -399
186 357 -241 241
-279 4 191 287
-146 512 -169 485
-80 -20 473 -350
-3 963 -951 253
-309 -1103 1151 -497
625 1186 91 910
-69 775 -279 489
-187 -442 -984 381
-626 1216 32 1034
-380 255 853 233
1437 -803 631 -1409
41 -883 -1210 -145
9 938 348 -50
-893 -177 271 1034
719 -522 -299 -361
458 -885 -256 -6
348 1129 -694 -1367
163 -490 -733 615
627 -1062 66 1339
1014 815 -629 1009
-764 -638 627 -400
283 13 81 375
-322 118 -67 -219
214 -398 418 -132
499 239 594 337
-397 -736 -156 -473
138 44 210 482
1246 1086 1276 -307
645 -605 524 -632
-644 -264 -654 215
-303 317 -240 266
-937 662 1131 36
-771 -676 -122 546
280 -484 -314 -689
-615 985 957 -293
493 -640 -81 1278
-461 -771 88 300
225 104 -555 355
44 -724 316 22
-439 115 -106 590
175 -1371 351 1756
377 -414 29 -71
71 615 -354 -607
-638 1220 -818 -948
975 -978 1150 471
541 -211 306 495
-284 415 -228 186
-174 -372 -208 -579
-481 -257 -646 385
149 -486 -424 -394
-732 -11 -736 282
69 448 -140 -307
-177 272 -19 -83
558 -94 -816 -677
-358 1049 725 -298
893 -1296 -1469 1244
1219 -663 -449 125
167 93 -562 188
726 -182 -472 -125
25 -810 785 369
-293 214 259 146
-77 658 -1137 -133
571 -1179 634 840
1846 -326 1842 1511
71 2149 -824 760
610 -62 709 187
176 259 -95 -202
-34 -319 -295 67
34 701 743 812
-365 512 355 835
772 506 741 281
-19 -387 68 510
-183 -814 -529 1001
281 -537 585 362
-402 -1247 -440 930
-533 266 -239 935
1255 507 531 -1108
-422 198 -96 1133
1508 541 946 -1455
-793 132 1116 474
-1052 -498 536 210
-992 2 1115 -46
-739 187 127 -421
507 -141 300 137
337 -81 536 710
-49 -295 -171 -662
1406 -576 704 1684
-496 375 -564 408
-903 363 -1063 -176
-922 -371 -1046 -842
-536 -1143 143 -862
-408 -481 -753 -84
-562 313 -434 483
-917 265 -598 639
-362 720 -132 822
-581 459 150 404
689 13 -551 -1083
-100 172 -347 357
1083 -176 -1070 -441
-324 -86 617 -308
47 1305 -1457 -1053
669 -268 56 342
-120 575 -1008 -764
889 -1262 1765 191
475 979 10 131
283 547 -243 408
-312 -29 -136 -390
100 18 202 -312
90 -859 -440 -1391
876 -1349 636 -1661
312 -1306 417 -640
284 -170 -50 -766
-243 -1305 -325 -1349
-404 976 -558 804
-525 615 -272 581
-138 -491 -865 1095
1527 1360 1596 -1204
-984 -99 -902 1203
576 1234 821 453
87 674 94 -480
16 132 -99 -123
-560 -103 327 41
-344 24 441 67
98 -906 580 -18
323 284 -160 969
-241 889 -575 -934
636 236 -365 -206
-164 482 -856 117
-690 -570 -109 -719
-349 -641 365 -567
555 115 -47 455
-1050 8 -930 175
-854 219 -639 499
619 112 162 -329
-634 -328 -1112 143
-709 -304 637 649
-227 -1133 -658 1097
138 496 -25 -62
312 313 328 -600
323 -793 -46 113
83 251 -244 -151
-1092 -676 801 577
-560 -692 413 777
100 205 40 124
110 483 -560 440
-817 -1367 720 -1040
660 -14 315 4
1201 84 -751 889
-97 -926 632 658
-55 220 32 -274
354 152 -9 403
-92 583 -584 347
-482 -464 185 -880
-166 -942 543 -645
852 179 524 927
-765 -138 -175 315
-237 -716 -1475 -450
48 422 -722 -40
-658 1012 679 529
53 150 310 -773
-940 722 1143 -46
730 -283 -514 -338
-309 398 768 275
-336 -1143 582 476
-245 -301 328 297
-1112 1358 160 -1932
648 748 363 631
277 -667 324 -123
86 382 -613 399
428 226 66 287
89 330 -160 775
747 -339 945 -272
1049 -900 610 -1458
738 -30 -22 -678
-807 -697 -843 -267
355 56 -87 -603
-758 423 530 499
-252 -294 -965 189
288 1152 782 -344
-521 -234 -87 -30
562 96 -512 -18
-530 773 253 -754
174 353 -538 76
-651 -100 973 280
-964 -630 537 1008
-366 798 319 305
331 -1062 -1048 1246
714 -348 -447 821
-534 -792 804 -227
531 54 -673 169
443 -613 253 529
715 -1372 1532 -476
1011 802 -431 704
-456 -1342 760 -1433
1103 -379 347 7
-420 582 -647 727
-777 990 -280 909
-286 -479 -343 -542
-18 148 1201 352
223 119 340 -72
-253 -308 5 467
-58 -107 -264 -318
-243 666 679 -302
-982 -309 550 459
152 -1044 -682 1289
-862 179 1303 -103
-946 110 32 19
375 -77 265 388
-542 264 55 -786
286 137 150 333
-397 341 -261 -344
-225 -249 -424 -493
-461 -612 -443 -286
1486 140 1422 17
910 8 282 44
17 225 -144 454
243 385 65 99
300 35 558 141
833 -658 -162 -1029
-438 56 -34 338
70 -71 -33 -200
212 -164 -129 -672
-546 -816 -1228 -760
1196 347 -677 -702
133 482 137 274
756 1182 -101 -596
191 -116 -659 318
928 258 -484 -3
-182 218 184 -845
594 -110 -638 561
326 -687 -180 408
339 -936 305 -217
212 -251 460 -131
829 -833 1273 620
-157 1378 -974 185
265 -51 405 -147
566 -449 432 -632
-81 506 182 125
175 -97 64 22
138 -38 397 -4
127 -472 -373 -290
-366 -41 -118 231
128 328 593 -68
-219 -950 -97 -61
126 799 -91 -809
615 -539 -55 925
136 -1153 -468 875
-576 343 -499 -221
-145 -436 325 -169
-726 -34 59 -878
992 359 -719 959
140 341 -80 262
173 -513 938 -941
355 -902 158 -847
187 -700 268 -139
352 500 -200 1060
-1126 757 -1288 -396
-409 -834 184 -615
25 -254 -152 -575
574 282 646 -359
-167 -739 -612 -225
153 647 465 -207
-186 -437 -284 287
-307 -1551 -1332 666
779 925 385 -689
145 -152 -138 319
843 -194 -712 -1094
432 -237 -362 773
-6 -1114 462 815
86 -556 -8 476
98 -125 -216 -244
424 -552 558 461
-565 652 -495 -624
154 572 -209 75
3 131 -345 55
-15 -552 -372 331
-812 703 -1053 496
93 -91 25 144
93 334 145 413
38 -809 -692 -111
-380 840 934 646
74 -581 -89 121
489 -245 -175 -876
-625 375 596 -813
-670 431 -3 99
612 -185 -225 -601
-720 434 671 250
503 -21 -390 682
-392 -718 420 175
-576 -449 128 280
-250 -1030 1419 786
-301 -707 1079 -203
-949 1128 333 -1382
-129 769 -151 -238
-4 -317 457 412
512 -406 543 -126
517 464 -228 516
269 511 -33 520
-333 512 -582 144
355 -245 909 546
1185 812 798 689
-558 295 561 610
1424 639 1667 277
1345 24 457 -715
65 -460 -235 -556
-267 279 -41 501
465 170 43 -268
-1079 206 1098 -267
-557 261 -146 -379
-181 -470 120 366
93 -55 -317 -256
289 140 -552 210
-230 -543 415 -322
36 -199 346 77
-74 185 47 241
285 374 -687 909
-568 196 565 234
1116 -295 999 -365
1030 -420 781 162
89 290 341 578
499 266 219 112
492 539 788 595
1192 166 923 -617
-613 -423 358 -6
-818 -198 367 781
-608 479 534 338
-102 127 1121 -140
-7 -585 -188 -37
-255 -50 -23 456
58 139 331 -202
-68 -354 -359 -250
-694 -318 727 -285
-144 886 -650 -1346
-737 -795 707 931
-279 -747 -285 370
-669 -686 767 -715
294 408 249 1
-130 476 -404 -505
406 1 -390 -359
-91 1139 291 909
733 534 685 330
-1051 -572 -710 -644
-364 -813 -44 -881
-672 -827 -1331 323
-496 1386 748 963
-401 782 391 1110
1150 545 1130 -380
200 1345 -67 -1122
416 828 -484 -896
-648 -632 242 396
-142 488 797 -1224
284 -719 401 328
-352 200 -44 -219
-36 -380 247 258
-63 -177 67 489
1086 -230 1205 58
1061 911 -36 1066
-553 -34 -496 -491
-3 -702 182 -234
-409 -1026 -401 -665
-357 -756 -571 -822
-498 593 -208 614
48 526 288 363
317 -785 677 -348
691 162 485 672
1185 588 1152 676
788 872 180 1001
145 92 188 -93
13 296 799 116
1448 -132 -40 -1711
-1472 -257 -498 648
-1024 -1044 462 821
-70 -397 50 -47
-507 337 500 -389
-333 396 130 -503
158 -1503 494 1152
-1118 -614 982 -376
1451 -394 33 1388
-1154 -252 565 -805
-1113 -124 -76 -841
1144 -92 584 1090
603 -47 491 -53
502 477 -230 1006
-334 717 198 473
131 -222 -347 -490
47 -44 -125 -97
-278 149 -119 398
443 497 659 -603
-635 -547 -354 619
253 88 -258 -498
-441 532 542 326
-121 212 -557 -624
786 173 -317 232
30 28 422 -143
-406 511 -170 -472
-54 -376 -606 -108
-87 -901 521 -188
233 -226 93 413
-437 29 -67 -501
534 1287 -1734 472
-111 -1096 164 74
-492 522 275 116
-503 762 -877 -174
411 420 -220 312
-256 -159 28 -111
397 16 771 893
331 1602 -427 1437
-572 474 -158 608
8 901 1050 951
-77 -360 -50 -38
428 -281 40 -871
586 403 -44 -640
-214 375 234 -153
73 1098 872 -803
-1186 -103 802 803
536 -355 -254 459
72 -789 461 797
-180 -426 215 -553
307 653 31 -189
898 56 -20 1015
-660 728 -1008 558
-560 -424 -13 -121
-571 302 -808 -428
596 203 245 303
-38 385 -47 397
83 -402 -535 -189
-1206 184 -1584 700
359 309 934 -517
-323 -949 -820 -120
-128 -221 364 575
556 -976 -977 -84
-179 353 -188 -553
514 272 -638 154
866 1214 -810 -1518
538 1268 -179 -628
388 307 -231 -732
-137 733 504 -468
122 -132 349 -254
-762 72 642 272
77 340 -15 -16
-693 241 391 -1157
-128 99 350 -259
-201 508 33 -413
-256 818 -527 620
-410 373 -426 336
581 -562 1341 -225
1472 818 611 1454
-810 193 -35 187
251 -419 -35 -647
1242 19 414 -74
-161 495 11 950
-1614 -1207 -271 1422
513 224 978 2
489 -445 -650 -85
480 230 -474 -497
-325 -237 434 -96
72 308 -693 -250
-782 498 573 155
-558 -595 559 340
-328 -431 410 -670
504 289 -112 -22
-326 -112 602 -257
176 903 -695 98
-595 10 -774 557
-965 830 -982 929
-310 -785 185 -1154
653 -960 760 -384
-345 468 675 664
919 -176 493 -864
-231 -416 -554 73
-2 652 696 -128
-162 895 802 1222
1765 365 1470 -1217
-839 275 190 1074
1130 13 241 -925
378 798 37 -376
520 111 -841 -778
-453 619 1012 204
-106 -1082 -871 386
-450 -964 644 580
-312 -144 -270 147
500 -400 106 39
-22 517 -403 -330
-753 11 -71 -855
859 259 -578 929
148 -147 -42 325
-523 -383 640 -805
272 641 161 294
-546 292 -1010 869
585 -347 825 -172
1028 -320 640 -752
363 673 433 -839
-1050 -71 52 985
-114 990 753 -139
-258 -408 -189 78
468 -912 -509 302
286 -234 -79 519
151 181 -118 -181
62 55 139 164
-152 248 -775 -266
345 -633 45 179
208 683 -442 -63
-49 30 -404 -319
-1088 -651 -921 -422
-481 -89 -139 671
516 -9 389 479
-316 192 -531 -683
-361 524 155 104
715 641 269 1189
98 71 464 146
725 568 373 1103
-81 253 -215 108
-469 -67 -532 -68
416 -260 382 -254
293 25 395 350
467 16 232 -695
-795 -49 294 702
-430 24 338 -60
-564 -260 114 763
133 -148 -593 -232
629 102 -204 73
1021 -261 -809 -89
578 591 -476 -732
677 91 -157 1040
-870 -158 234 -208
-462 252 68 -387
527 360 -422 747
-789 -707 -790 -441
-836 -33 -797 301
70 -87 -105 -100
-59 175 76 738
501 -1402 -504 -583
18 25 190 -554
-873 820 -39 648
-340 521 148 1180
-812 644 442 61
386 -278 -975 88
184 141 -138 -444
-754 610 1484 366
49 271 26 -55
-444 322 -53 -983
155 -448 235 602
-387 -276 208 263
-595 140 152 -744
272 417 -3 146
89 344 -302 253
-5 -787 535 711
267 880 -1089 199
165 -1053 1008 514
-237 -1503 959 104
-644 508 -413 -933
-246 701 -144 727
7 243 -164 -303
-485 -555 -743 -953
-1022 -703 -871 58
167 328 536 -676
-497 -224 375 -191
-136 -47 43 -111
17 64 175 -542
280 -613 -715 195
737 242 -82 -484
-73 -258 -189 -281
190 321 -207 24
-545 801 -433 -483
148 -63 -39 -144
-105 301 -233 -225
106 -202 359 -127
-499 -285 242 -236
441 47 369 -105
-100 78 -377 218
-1005 -12 -992 -862
115 -157 -274 -452
-630 51 2 487
65 -987 -927 -922
-954 260 335 415
-860 -769 -525 695
346 628 991 -253
666 584 158 -613
-382 30 242 194
159 809 558 566
1157 -293 -245 -1094
-383 1676 1705 279
27 -973 -33 44
69 -820 -58 795
153 -893 -305 817
-560 407 552 -398
-227 239 -209 40
221 -1386 1258 -597
1456 1136 -1013 1812
602 -319 43 415
-234 -528 1160 -105
123 1262 -588 1166
-677 465 -280 -97
142 403 108 511
39 285 156 -296
39 -159 182 221
526 -116 190 -727
995 393 568 -441
-115 -350 -157 29
262 210 -156 -501
98 469 -65 -536
-501 -361 569 157
-687 -183 560 266
27 -301 156 365
-408 -250 297 -6
-680 372 452 -406
-369 331 321 -273
589 94 528 -43
682 -127 880 -55
347 -882 813 -555
757 -153 374 -118
277 -411 226 -216
118 -336 -179 -440
-51 508 105 367
125 234 133 196
-1183 43 -1957 -6
-2148 175 -1593 267
-152 467 -1015 622
-1438 625 -1210 538
-319 214 104 405
607 -176 -88 -804
1053 115 -239 -917
-841 736 959 870
-252 130 407 130
-804 -243 1242 565
424 362 -47 -557
-238 349 246 -113
-687 -729 313 -591
1111 -33 -215 1505
-307 868 -246 -530
-112 383 -62 -971
261 487 -27 258
13 268 -212 405
-1765 1170 -1836 -753
-221 -1396 589 -289
114 616 635 -361
-102 -1051 -832 -463
725 -1373 687 -1407
405 -1348 292 -928
418 -259 168 -171
-289 -463 -514 322
165 462 -56 -752
-427 921 741 -551
-498 -428 1133 354
-1383 549 844 -1277
926 296 -1619 5
1606 -819 -660 1418
-267 88 -534 -296
-164 -648 45 -547
-15 -531 852 185
-39 1026 -804 63
-1681 962 -790 -1987
1172 -533 290 -170
-370 -98 -235 -688
563 -150 -392 -57
-111 297 -413 39
-777 -81 -961 -386
-481 291 -411 -416
257 -828 959 -620
440 974 654 23
-196 136 186 905
722 1180 1456 1028
1810 -363 198 -1182
-476 86 597 104
-734 -472 282 936
-743 160 237 114
174 96 -239 -437
911 1284 -1131 377
-233 -1115 1232 172
-368 -366 -35 111
340 -238 -419 435
701 880 5 924
-682 268 -133 -616
-391 1447 -1262 285
-369 -446 -193 249
-255 818 4 1082
174 750 -320 -55
1410 -539 1264 -1235
460 -1065 -29 -244
-355 17 -162 110
-120 330 574 218
676 -549 -280 -330
38 -151 -495 -226
-956 46 561 390
-107 -569 -340 536
363 885 -177 -524
31 122 169 111
-1344 436 1720 1158
-718 -2234 -659 1846
259 -807 -995 606
1342 2 -1119 -531
-280 -778 144 38
428 -231 -103 691
-284 -42 31 -794
1069 579 -939 594
647 -356 431 -228
448 -208 497 73
-518 -75 -400 -617
287 -676 561 104
-202 -1035 -529 -227
228 80 460 -624
509 -664 148 -797
-164 -782 -606 -490
345 353 -361 -616
-329 782 756 -88
157 191 -217 61
461 182 -89 -481
64 437 -302 -559
682 757 -1033 -600
151 79 -587 -14
746 -261 -501 447
217 23 963 -358
1003 1380 -1241 1370
-810 -611 808 -592
244 849 -639 -83
586 -70 425 -24
25 152 -276 94
305 -864 252 -702
193 -342 105 107
-1266 162 317 1131
1104 -261 258 -963
780 138 545 -976
-1056 -873 -1056 729
-311 344 -686 1
-527 503 150 49
-609 506 -442 573
-238 451 -91 323
452 386 -374 -921
-428 843 354 -108
-514 404 726 -70
-505 -443 -102 656
-1466 -72 941 290
-933 -670 1012 384
67 586 -1283 -416
1255 -618 -266 795
321 1088 -559 312
-207 -171 -264 -79
298 317 -25 652
-550 395 -534 -76
-281 -468 -788 -250
-632 499 83 819
-835 439 -401 264
-288 -167 -542 -276
661 124 -623 -967
-1016 1042 972 929
13 332 -152 340
564 595 808 -656
-145 935 -411 -190
689 -428 -405 768
278 1643 -268 -1282
-22 180 301 968
-209 -582 528 104
-111 329 -298 -54
-156 -99 583 389
-1072 594 -107 -1252
591 323 82 -89
-85 -686 187 -1008
-1953 -537 -1330 -936
-618 -574 -466 4
594 267 -80 789
-861 20 33 -847
-440 117 -287 -199
295 -39 209 702
1406 1649 1666 185
536 -285 -201 553
-298 425 -472 207
-675 319 -356 506
333 133 383 -970
-1272 -54 665 718
1 632 193 34
419 -47 -80 -552
-256 858 205 3
-135 -609 -2 840
-261 293 435 -276
-385 234 233 -257
538 -426 629 77
504 650 -661 905
-470 203 -359 -626
727 -381 283 671
778 806 926 863
795 753 581 332
33 751 91 889
175 897 130 820
286 393 -329 -129
27 721 929 -311
-943 -539 -289 766
513 33 -172 -199
-802 752 370 -96
-81 103 329 -85
-1088 459 1259 -213
-1005 239 773 -542
-618 418 -99 -1037
802 267 45 245
-233 1007 -879 -1050
1295 32 -561 768
10 339 -243 -371
466 260 -347 83
-517 -186 577 76
-295 57 -83 107
140 508 -332 -19
374 -316 269 777
780 -349 422 345
475 68 544 1102
583 113 693 -349
476 -524 276 -425
913 -680 701 -334
624 -81 498 -123
-650 521 34 858
596 47 -147 -286
-91 512 706 236
270 -478 26 75
-326 -827 -570 1092
886 -490 -451 -192
835 541 -585 -181
413 -356 -424 464
-761 -962 668 148
-172 -245 549 421
-356 395 271 -579
128 876 -711 -617
298 676 -13 29
453 -103 518 602
-1168 628 -1262 -198
-443 -536 0 16
738 671 684 -105
-47 -117 -222 651
-275 117 -202 440
-177 682 107 1084
886 -121 -732 -572
270 812 122 -884
149 355 -116 -894
-769 1037 1141 -66
-1249 242 1036 1210
391 -1234 -652 235
-130 492 -156 559
988 173 -340 -678
-607 -588 524 607
-341 57 130 -754
60 439 -426 -508
463 724 -118 -1050
519 -155 590 298
-76 629 -433 176
298 330 -617 20
400 -607 342 553
331 -566 533 -451
255 -214 -211 -343
262 -1231 97 -1229
7 -1145 -74 -855
-390 -208 0 -292
-176 -411 -69 -28
146 -739 -551 -376
-40 230 336 -277
-735 973 1016 -275
-208 -238 -699 -285
-418 140 605 403
-303 -603 304 165
-246 39 66 -75
-4 -70 254 -78
21 -806 -67 424
76 -585 408 513
323 241 -334 618
-848 97 -357 -254
-553 122 -751 20
-605 -95 -582 89
794 -104 96 -155
-162 349 57 594
260 200 633 -159
454 -721 -231 -745
-804 -509 -1216 -299
-1154 -82 -615 27
-57 23 -584 -53
-707 -167 -343 -298
-844 -220 -940 64
-696 634 -200 597
-148 370 347 479
571 358 1023 70
173 331 462 -262
-576 -394 -133 710
418 227 -883 -231
675 615 221 -603
136 133 -782 6
386 -599 266 8
531 917 -1049 -294
716 -174 -317 -2
21 -550 193 64
-414 717 -1350 502
24 -166 58 -636
499 -774 692 -476
-120 492 -101 233
-401 382 -274 1022
447 -23 751 167
871 -197 462 -533
-1537 1357 2082 518
-510 -1368 -233 508
-114 -235 424 -556
-1251 -400 -195 1362
-265 -302 237 334
-291 -339 449 256
-148 986 86 -727
-73 538 -4 -408
-414 -1245 470 -811
802 -490 533 356
982 772 -1040 1626
-1032 -681 404 421
662 -252 -211 238
569 -335 198 1024
-140 6 632 222
-500 754 -466 -348
252 34 412 538
270 789 221 787
-742 -293 -336 -593
-18 -278 -219 248
18 -208 -944 17
-925 917 -479 1271
713 -68 -134 -473
-697 579 578 1105
-185 146 12 601
689 -464 -550 -326
-264 -130 6 580
540 -282 -273 -292
261 -417 -312 344
39 -366 335 -16
127 845 -825 -112
370 -896 589 712
-52 282 338 94
489 581 -53 873
-245 -138 -130 -402
315 -486 605 -85
258 -902 40 -1217
152 -1286 475 -1274
-466 -875 -731 -925
-775 -685 -461 -149
-37 868 822 -782
-1075 -340 -28 742
-127 165 487 446
239 -982 -1020 368
479 790 151 -869
-802 737 1014 -552
910 -565 -462 600
-247 -550 802 511
54 -114 -207 -486
-130 771 384 -578
324 -728 -516 350
230 111 306 -298
-568 -415 470 -132
312 268 -526 431
4 -84 -380 410
4 -612 -67 181
622 -483 714 -143
759 -57 989 257
190 1148 -881 959
-1053 -268 -22 -746
54 617 794 547
1079 -118 396 -558
-849 139 -832 1014
44 1034 364 118
419 72 -359 -878
-834 843 1020 453
201 -1221 -801 685
749 -117 -431 -42
-228 177 136 437
229 -800 -527 831
-804 500 540 458
-261 -1010 -57 769
-291 -50 394 -472
605 526 -444 485
729 -260 298 352
17 160 125 234
-143 489 167 30
381 -32 331 205
915 912 586 736
223 281 141 -66
909 -384 -291 -334
181 768 1303 -192
-261 -326 276 -14
129 -884 -880 -672
959 21 1194 -860
562 -1353 115 -1149
323 -555 -164 -914
-576 -434 -255 79
497 169 364 -677
-1107 -269 242 1072
777 -277 -276 -58
231 -92 -291 -223
-245 -745 -41 1330
-398 -1603 658 1019
386 388 -378 -370
61 520 -149 -893
549 266 125 436
16 50 423 142
-632 63 -628 -421
-234 -609 1 -568
41 -530 -274 -1188
-679 -1216 -745 -899
166 262 135 417
-186 468 -742 624
896 -98 -447 -675
22 502 256 -843
454 53 -488 -585
-246 708 490 -252
28 -197 124 295
-146 -275 119 11
213 -393 -363 264
159 -178 104 351
612 -288 358 581
-268 519 -724 -61
406 -134 -94 565
-540 -537 976 -214
363 -165 344 352
-279 701 -811 564
-734 -523 -247 -536
80 -547 496 -560
-150 -74 176 -529
522 -300 413 0
-132 -627 26 -858
557 -886 788 -319
-1419 -269 -1116 596
-267 717 220 161
128 394 490 961
1123 1083 1499 711
-272 147 429 772
984 -762 -854 -715
344 135 335 -291
-316 -389 -303 410
-245 1862 -296 -1398
91 556 482 -133
514 537 -404 -759
637 744 -886 -173
-168 -930 432 304
-763 -308 944 -1054
174 -1128 1427 225
-373 1439 -1262 -480
816 -285 946 523
402 1019 -144 677
250 1017 -285 167
-25 -795 579 -1097
416 -174 177 -749
-460 -790 -952 -299
284 -18 255 33
204 -116 47 54
166 219 22 -817
-89 840 123 -985
-172 764 1096 -165
-727 -371 394 -493
-1279 458 165 -916
561 35 -89 754
-1093 141 678 -212
-566 -69 854 109
560 108 -700 78
746 -323 -764 622
672 -688 -508 492
458 15 -798 -447
21 510 -702 -266
378 -775 399 147
-466 1018 -1144 -149
145 -533 -209 510
-145 -8 -364 453
-307 827 -93 705
301 -326 265 -715
-204 -943 -704 -728
-101 550 300 -19
169 -107 34 -559
588 -183 55 -327
336 -59 65 -960
269 552 -228 -904
134 1023 -53 -739
-412 -553 945 191
-1245 -182 1069 437
-666 544 40 -917
669 684 -828 -56
152 -609 449 386
-383 390 -454 -543
-396 -322 -320 -581
33 -203 -338 552
-336 502 -402 -495
628 -880 1117 -105
-995 991 -25 1516
895 1044 829 274
136 66 912 544
1673 -260 1207 -1346
-653 -297 263 659
-98 -307 580 395
-670 790 985 -72
-706 -329 570 294
-13 746 622 -1075
-1749 -114 247 1660
-189 -394 -368 416
207 -25 -293 341
-36 555 101 -718
-171 652 223 -283
134 -844 32 428
-172 105 137 -532
-264 -869 681 -368
545 14 578 734
-212 -148 151 -210
-133 47 233 -737
884 -447 1060 72
678 493 139 533
287 1036 345 692
510 312 575 111
-614 286 438 784
699 -322 -421 -144
655 290 318 -449
-91 106 581 133
-903 769 558 -540
-447 579 469 -469
571 616 -127 -988
-499 724 444 -63
-313 652 -71 -755
537 758 -782 -255
964 -237 -94 371
57 292 -864 -158
403 -391 556 231
-176 -47 600 -607
56 1354 -1689 129
-780 -1414 106 -1061
-467 -545 -741 -484
-879 -169 -603 73
-1438 -43 -808 745
37 780 439 291
