0 0 79 22
40 21 16 -88
-73 -90 17 110
-47 -102 -46 68
-59 -26 -4 -6
24 -124 6 8
87 -30 28 18
74 -18 -101 105
12 -34 90 -82
0 0 -61 -66
4 -47 66 -64
1 -45 50 -54
-46 -34 119 76
65 92 9 49
-62 -121 -3 0
-55 55 178 -45
42 -85 -1 -77
135 -16 -77 45
184 -13 -5 -56
-8 -85 123 -23
-68 -62 0 -1
-34 -132 -43 87
-113 164 80 82
-30 -30 53 -77
-133 39 2 32
34 48 -41 130
18 -2 -10 -63
-142 16 36 119
56 -45 -33 -158
5 -62 103 -107
-10 126 -107 -28
43 -5 38 -32
108 -123 15 176
-152 14 -26 -23
82 -21 -14 -156
59 -119 -90 -107
61 -112 85 -17
28 -42 -77 105
-114 -149 37 -191
-44 25 -1 -91
108 97 -33 76
-6 -33 -5 -90
51 -93 9 -81
41 -71 21 51
37 81 58 -83
31 -109 0 0
87 -150 93 23
-81 57 10 95
49 -26 57 72
118 27 -153 67
27 84 31 -38
91 138 0 0
88 -130 28 5
-55 -30 37 25
-204 2 -87 35
-37 -124 62 -145
3 -55 -43 113
2 0 4 -90
-3 115 -128 -8
61 -89 -53 -28
-68 -60 -82 -44
-2 -44 -17 -13
-4 73 18 24
3 -90 61 72
-25 -36 -7 -10
14 -24 -78 -4
-87 26 -132 -103
-55 25 110 -23
1 60 -16 5
-53 9 -25 -26
-31 3 -12 -72
48 34 110 9
104 -19 57 -71
17 39 -50 10
0 -58 3 10
76 -48 8 -101
13 -6 102 55
-81 -7 21 -40
-39 -136 -31 -53
25 48 -85 88
-2 91 -64 -109
-132 67 75 84
-91 153 -41 -20
-42 -68 69 -30
-36 66 88 64
-83 -42 -3 -37
-118 -89 -105 11
41 -84 42 -14
0 0 3 -14
41 15 -101 -22
-2 -22 -47 -73
-56 39 127 -57
122 -65 -16 67
-33 37 35 -66
-13 -59 110 -16
-104 137 -12 -11
53 -79 72 -60
-26 131 113 13
88 -99 45 -30
110 54 -1 0
5 -106 47 50
-199 -32 53 -63
-147 -11 -42 4
114 -72 44 123
-38 -87 -95 -18
7 -5 -187 -93
18 -25 -43 -153
-16 41 -40 88
38 53 89 49
15 -258 156 -22
91 -66 -120 -106
86 158 74 25
89 -27 94 -113
-89 -63 42 110
34 55 48 29
-39 -160 -36 55
13 -118 -24 -52
76 -14 -118 -56
268 -117 -35 -53
-14 -169 41 -80
113 95 -79 -43
-134 110 72 59
-7 103 40 26
-72 44 -47 -59
-100 -6 -74 -23
-33 91 -73 -40
-34 -40 -90 -53
-144 -88 -6 114
-75 -23 92 57
-25 67 -6 5
-58 -175 0 0
22 -21 -5 27
-6 -133 -17 -30
-6 30 -7 312
-47 41 -8 -20
-134 164 4 -117
78 -29 -2 -61
88 -52 -108 -3
26 -3 90 -17
43 -68 1 0
-42 -19 -107 -71
-117 15 52 -70
-63 -91 -27 -149
99 48 -117 -25
37 -62 -32 -84
-42 -110 47 62
-29 -25 -140 -9
3 72 -5 3
-197 13 50 -142
139 4 24 -77
106 -24 -24 44
-102 -17 -154 63
-64 4 -16 -70
40 84 -139 10
-43 -37 121 -62
-23 35 -22 23
110 -3 16 52
22 -140 -53 54
37 -38 92 37
5 31 -16 -94
19 22 -26 18
7 11 -77 -7
-40 -83 -75 88
-41 -77 119 -107
41 -92 32 49
14 -58 -10 8
104 -46 -8 3
-80 -50 72 39
58 -42 -15 9
-27 3 -29 -24
84 -33 0 0
69 17 41 39
31 -51 -36 -35
-176 60 19 228
3 21 -16 -16
-115 -34 -191 25
57 145 59 39
22 3 90 6
56 13 -1 0
44 66 -53 61
55 -66 44 -19
-10 131 -23 -23
-42 -60 34 101
-19 69 -135 -44
17 -1 -120 55
-85 65 52 49
-30 -3 53 -101
-119 131 -1 -1
32 -3 59 -171
-14 -98 -149 126
4 -2 111 -60
13 -119 -1 30
-25 58 63 162
-79 -88 -17 -41
15 -96 12 -16
12 14 -53 16
-53 53 88 84
-107 81 -143 -42
120 -128 22 -72
-100 -102 5 -60
17 -61 99 21
-60 -60 -85 -12
-31 -73 -96 -76
36 110 46 86
104 -43 175 27
-8 -68 -48 -109
129 -56 59 -62
175 -11 36 25
-63 -135 57 -15
27 67 31 82
61 131 58 94
105 -76 -26 -100
-54 43 -97 -56
0 0 -10 -36
43 45 76 48
-147 63 -85 -38
98 88 -20 57
-63 60 -38 126
160 39 0 0
-126 106 -2 29
30 -119 196 -2
0 0 -172 69
3 -27 48 -103
-121 103 -33 60
-86 -85 175 -35
46 192 209 -10
16 89 -17 -36
6 24 15 -40
16 -59 18 31
11 -50 -103 -28
0 1 85 -57
-63 96 -42 -39
-24 -55 218 132
12 67 101 -22
184 -40 11 -2
-4 -123 -103 -135
-6 -5 56 2
104 35 -120 -100
-49 -94 9 -68
-8 -19 158 57
-68 -59 -47 74
-18 -39 53 -31
-6 -85 30 -52
146 105 -45 -142
-45 -66 10 -52
-93 62 10 -154
-46 -45 -38 -109
6 14 20 97
-88 -135 28 129
-113 -76 0 0
92 29 54 76
50 -120 -83 -60
23 -82 68 129
7 -54 143 91
-27 99 89 29
54 98 -17 160
146 -1 39 -10
-27 20 130 -59
76 -53 -18 -54
-121 -105 -27 42
68 -61 80 115
-182 -106 72 67
-15 -38 21 101
-1 -34 51 -136
-84 4 56 -53
60 -122 -87 31
41 5 14 -161
67 18 60 154
-200 73 75 -64
-87 3 76 20
24 162 -74 136
55 -47 -8 16
31 -103 62 -121
29 -70 9 -77
163 -80 -123 -28
144 96 -85 -71
32 -59 56 -14
6 38 39 -83
-56 109 -16 72
-130 12 -63 -14
18 -35 -5 15
-92 -63 30 24
211 103 68 -112
-27 33 -67 -42
70 -12 185 131
66 -103 6 27
-10 11 -60 -21
122 -31 121 7
-69 18 139 -31
-43 -9 40 -3
-28 -12 28 12
64 -66 10 -12
-107 13 -20 21
8 -55 71 8
-14 47 71 -86
-69 69 -204 147
7 -16 -21 -121
-31 29 -170 -120
-58 47 59 -96
-46 -72 -48 185
-10 -118 109 54
77 -93 -27 -31
28 153 14 -70
69 11 -45 -66
-71 -18 -90 53
50 59 36 -8
89 -83 -98 28
-33 165 -44 -57
21 43 48 -188
18 -25 -87 21
-85 21 106 143
-49 -59 23 131
-15 -94 121 -201
196 52 -119 -174
27 -54 -66 139
137 -144 202 90
-93 -158 -70 21
-13 183 -50 66
52 -67 30 -114
59 -35 -63 71
-35 17 -48 56
83 -19 -127 -11
78 5 -15 84
-2 63 -78 36
48 -112 81 119
19 43 -60 -2
32 -77 3 -33
110 -23 -29 35
-23 89 102 89
-74 -36 -49 43
-25 -80 -62 62
32 -49 -2 -123
102 25 -31 -70
-82 39 48 22
-9 -101 108 27
-76 -17 -64 101
85 -51 120 52
-26 93 -15 69
82 39 -14 103
-97 -50 -2 25
112 14 61 -51
47 -81 40 65
209 -13 132 22
-12 28 -7 51
64 16 -12 -23
42 -109 -10 23
94 -59 109 14
20 -36 19 -118
-20 10 88 -96
21 9 33 -44
36 -17 -18 -33
38 55 -152 -38
-160 -102 19 -25
-50 -40 79 157
-106 -50 80 -12
17 70 84 26
-1 -74 -137 122
-37 20 50 -103
-124 14 23 -66
112 15 -97 -86
12 -70 -19 -14
5 17 15 141
132 -51 9 -21
101 75 -83 -8
72 124 129 -29
17 -86 78 3
-62 -44 -16 81
-73 -22 89 -20
113 106 -6 16
35 101 10 139
-76 126 124 112
13 119 -38 38
-49 28 22 12
8 -52 64 74
-22 20 152 -1
68 28 -37 -174
29 -23 66 -9
-75 48 6 39
-62 -181 -29 53
-36 -44 -69 -8
-5 42 72 -11
58 -59 97 -101
53 67 -74 -24
-2 -41 94 82
155 77 54 118
36 -169 28 -36
18 -10 -33 -12
112 1 47 15
68 32 92 -1
48 69 27 -25
111 -9 150 -102
-80 60 -117 53
59 -60 -94 -81
-135 65 58 86
-74 -71 -9 -61
-80 58 -151 45
2 67 -80 -68
-23 -105 -62 -13
85 -45 -149 -84
-205 38 -65 -58
16 34 73 -90
-39 23 20 -38
42 -29 1 -43
12 71 -169 -17
168 97 91 85
45 -46 -40 -59
47 71 5 47
25 132 34 -61
57 52 183 18
35 -28 -39 166
-5 10 -8 24
256 -42 69 -77
41 -16 26 -10
-44 13 7 6
54 62 56 -85
-25 -16 6 106
-15 -136 -48 16
-77 0 -62 -88
-79 37 -55 144
-24 -62 2 -83
68 88 14 11
-59 32 33 -132
-8 9 38 28
-73 -54 96 -74
104 99 45 90
-36 -119 21 57
-40 126 -159 -41
-52 60 -58 -47
44 123 1 101
-77 -60 -9 -129
91 93 -12 -21
-51 98 41 -39
40 85 68 -4
52 -72 4 -13
-14 -32 51 55
-97 17 -100 79
-82 66 -152 -19
53 -149 -17 47
-124 14 69 140
-132 88 71 116
-66 -40 137 -36
1 164 -52 77
87 162 -102 -63
95 0 -68 28
-144 21 -60 34
136 -20 45 -127
131 71 -17 160
46 53 65 116
138 -50 9 -71
93 -21 -64 145
27 107 15 96
168 -127 -231 -21
-52 96 -72 5
-22 4 -15 -108
3 158 77 63
31 75 136 9
70 -75 -25 -46
38 -22 -111 94
20 110 84 -53
15 -59 134 -37
-90 154 48 16
65 51 118 45
86 118 -85 -154
-95 42 -105 76
-22 -14 43 9
29 -12 186 -60
-189 -73 24 61
-105 -90 -38 79
93 92 167 1
71 1 29 57
49 -10 72 -19
-99 -82 33 16
-150 24 41 33
29 -20 -11 -82
2 35 -186 -35
61 -23 73 65
45 -71 -1 9
-7 10 28 86
81 60 -12 51
-85 -11 42 62
-244 -12 -33 -49
-151 72 44 94
-7 -8 -60 -14
31 113 44 14
-21 -20 43 -67
111 -24 70 46
81 7 102 -9
208 125 -5 -22
68 -29 3 61
126 55 22 46
-35 56 5 -19
-29 94 72 64
56 22 87 -49
230 47 -28 46
11 49 36 -43
-92 119 63 -29
84 93 -143 52
66 -121 56 59
16 26 77 -8
55 -20 161 8
-33 113 54 44
76 87 -35 -108
100 157 -31 -87
94 92 -83 160
-191 -104 -119 -35
3 2 95 -87
141 -100 113 9
-87 41 -51 -5
-15 36 -173 63
-10 -11 -86 40
-13 105 25 38
-17 -164 117 -18
-40 -15 11 10
86 43 -13 31
-83 -38 93 -7
62 -51 43 -30
-28 60 94 -44
46 -38 -119 45
6 20 32 10
-88 -96 -15 87
-43 90 -42 -6
18 37 -82 -84
41 67 -46 12
-63 -3 55 6
21 83 -104 -23
-46 39 -127 -64
-6 132 115 -29
30 -12 74 14
8 35 105 5
-33 -38 35 -55
-62 -44 88 -21
30 -124 -57 -56
74 -70 59 58
-43 -87 -98 -79
-36 156 43 -15
13 7 4 -104
-57 -75 -31 151
39 5 -60 3
89 -100 67 90
-104 -48 66 -88
93 75 -46 11
24 10 -52 -2
-155 110 -1 -94
8 -138 -91 -69
-1 -91 -80 19
49 25 125 -99
-84 -58 -58 113
43 -90 -139 50
-31 68 -36 -6
2 21 0 36
-116 77 -40 -18
-13 -27 113 -22
133 122 23 81
-21 -42 -2 41
74 6 91 87
44 27 -85 30
-134 56 18 -10
-4 -119 -38 7
84 145 25 79
15 -75 65 -12
-22 47 -155 -6
-162 -13 -97 -6
139 -30 -82 -16
-25 36 19 57
11 77 2 -51
-112 149 -95 -39
-35 -15 58 -124
49 -48 -138 151
-62 -27 -52 -47
48 -92 51 38
-29 60 52 21
-64 -34 7 -38
-91 68 -129 3
43 22 -112 196
-124 16 16 -174
19 63 58 -65
56 58 27 -7
35 89 -39 -22
-67 -21 -18 51
-169 22 32 -146
136 70 -51 -7
-99 71 50 93
-33 -24 -128 17
-21 51 9 -16
107 -3 -89 23
-111 60 29 174
6 15 149 81
-137 40 67 91
-4 93 -25 -57
-26 -35 -43 -9
1 -36 41 -6
144 85 -22 -106
-75 76 -82 -15
-64 -123 87 79
-32 66 -91 -37
-30 -33 -110 119
-52 -23 139 -108
83 -94 77 43
-8 92 -41 -52
84 -70 93 -86
87 37 3 -54
-14 -40 -99 99
-83 85 -67 22
29 -131 76 71
-87 -17 21 -27
-80 44 91 35
100 -18 -42 -17
41 47 -76 53
-86 -50 -15 81
-85 -14 83 -34
-23 82 121 -26
21 -107 9 113
-54 71 12 68
-4 -93 73 111
40 105 -7 -111
-56 16 9 -41
39 89 112 131
26 -32 -58 -3
-37 -80 -15 10
-54 -58 -43 -8
-75 -89 -29 -61
79 131 -54 10
-85 141 46 57
66 76 -142 -33
86 43 5 60
-16 25 154 166
-97 -21 27 28
-5 26 -131 60
-28 111 116 -18
153 -34 3 113
-193 10 -67 102
71 -77 154 -44
54 51 2 72
-8 9 71 88
5 150 218 11
13 39 -37 -99
108 -12 9 84
114 -270 128 30
-37 -120 29 -17
-120 78 77 4
32 38 21 15
-11 -74 -38 -18
-35 79 -102 -16
116 50 19 80
-11 -31 -117 -62
68 57 91 33
42 74 30 -10
-98 69 51 -68
26 0 -9 108
61 33 -108 14
-10 -47 -79 -42
80 47 14 54
40 -95 -64 -9
-24 -91 -8 -34
-66 47 -64 -108
36 -43 -72 15
-130 38 50 111
37 53 -29 -44
10 -7 -6 151
50 76 15 0
50 37 -81 50
-8 125 40 118
-27 -3 -4 96
-68 81 -29 82
16 51 17 111
54 66 -45 -15
26 78 -28 45
81 6 55 -60
38 73 63 -66
-37 62 -39 -119
-65 -65 -173 47
-86 -187 53 -77
6 25 -21 -18
-9 88 20 -27
-12 122 155 -54
21 127 -91 78
88 121 90 47
87 -151 150 -12
-34 -94 -118 126
107 22 -3 -75
78 -86 -9 2
-195 151 19 42
81 122 -33 -84
109 -40 -9 -137
-88 77 74 -61
-25 -125 -72 77
0 -98 15 -35
69 -32 -36 -165
-134 -11 -82 31
70 91 21 -92
-44 -61 -30 31
135 -22 -152 127
36 -28 45 24
-66 94 54 -81
-119 141 21 0
97 10 46 -21
6 -56 47 77
67 72 109 40
-17 -24 5 8
-44 25 -76 -54
14 28 2 155
-30 35 -46 114
-92 0 -162 16
-38 67 -34 -1
12 12 -67 73
100 90 145 63
-4 21 13 102
-191 -25 15 -121
77 -62 -51 83
39 -34 -159 -105
26 -53 90 -43
-68 144 86 -59
-173 -16 -11 -10
-152 -29 78 -71
-28 75 -107 128
-38 15 -74 -4
-8 -88 -74 -9
74 -93 -123 63
127 51 20 36
-24 -30 -135 -43
-51 -134 85 47
68 -59 -65 -223
105 -46 -31 -120
101 -112 -13 -106
-72 -18 124 -72
1 -68 78 -86
-37 -88 -50 -109
77 -29 -123 -205
-25 6 28 11
23 9 60 -71
131 119 18 -5
-68 -55 34 28
1 147 54 -13
-111 148 -95 -129
110 105 -55 -31
102 -14 27 34
22 6 109 61
90 12 118 68
-76 -44 27 15
-15 -173 -123 10
115 20 60 12
-64 -66 -34 -54
-142 -22 139 2
97 -104 -57 -102
38 -92 59 13
81 -186 -22 51
-14 54 -9 20
46 -17 -9 -47
103 -11 -105 -62
-73 80 -50 39
11 -21 3 -12
5 61 37 6
-69 83 116 58
-57 74 -103 -138
-109 -14 -51 42
40 -52 106 -72
-43 55 -177 -120
25 59 43 -61
52 13 -41 -39
31 5 -53 78
49 61 82 181
-14 22 -12 -14
61 -66 69 -55
22 -102 -38 2
103 -7 97 -90
10 85 -1 93
146 -71 73 137
9 -68 60 219
43 29 -31 14
-11 -184 -27 -20
-173 33 191 -28
-114 -159 -89 -81
142 -32 -5 61
-18 33 -94 -204
-34 -165 73 83
-73 -17 10 -50
-261 -25 184 -29
-51 -39 -23 8
-6 -10 147 -45
51 -84 31 -72
-20 174 -82 9
58 64 63 -35
-100 -4 -11 31
35 27 113 31
-154 -58 30 77
-92 29 -8 25
19 -65 30 115
-35 -67 2 -31
35 8 -15 -42
46 -8 -39 -67
-98 -12 -21 19
38 -124 -31 22
43 -75 92 29
-77 -88 -5 -11
128 -58 40 -58
88 -26 126 -132
21 19 -52 -78
-15 93 81 60
80 67 29 76
106 -33 52 -3
-128 -34 35 103
-118 115 43 -41
-152 41 173 -33
45 -136 -13 -58
108 54 42 -40
145 -43 41 -78
9 -99 58 77
-17 -91 54 -98
-152 -19 17 -17
-49 150 92 -46
-18 162 203 26
73 -25 -80 -36
97 -32 -78 -52
34 56 -130 -130
-15 -93 -60 129
-124 -111 143 -72
32 15 -71 189
-103 -87 84 113
10 -35 39 -17
-61 184 -53 -131
89 104 -77 23
28 1 119 -74
-10 66 -93 64
-131 174 77 77
65 -53 -74 -59
-1 68 -124 6
56 -36 55 52
22 -53 125 -73
-41 -34 -25 88
-55 -223 63 -73
-98 6 -34 101
32 -62 9 218
33 110 166 -21
110 67 29 -5
-36 58 43 17
102 6 34 -55
-10 90 -75 25
38 50 79 5
-54 0 -17 47
93 46 89 -13
-28 17 15 -17
-31 -19 11 -51
102 -112 10 -139
-82 -24 -52 -161
33 -45 24 -128
27 -38 10 66
18 -133 -34 68
-35 -24 114 -45
-99 -50 -10 -16
3 -34 28 89
39 22 -70 -88
-74 31 22 -53
-57 107 30 -10
-129 26 39 -17
0 133 -119 75
143 -35 -87 44
6 92 51 -76
-72 -141 119 -15
-26 -62 -84 29
29 119 40 -141
48 -51 -164 161
25 34 -130 74
-121 -22 46 68
-1 61 30 9
-60 79 -94 -23
-38 96 -59 -63
33 -56 45 67
13 -27 57 30
0 60 -49 -71
6 56 -77 -13
14 53 -42 59
-41 37 -2 1
108 54 -3 180
101 25 83 24
39 81 -48 87
19 17 -61 -70
101 42 -18 -26
16 58 82 9
-114 4 -19 -106
188 -110 32 12
-62 -91 -10 -158
38 -88 117 -182
12 0 -104 -97
-38 -86 64 -78
138 -136 16 -114
124 -58 -42 38
-38 62 -36 39
67 -73 81 80
-11 -59 -17 15
-67 35 -57 144
-97 3 33 -104
-68 93 27 31
-123 25 12 -5
-14 -92 0 -1
-54 -19 -148 -50
-120 -104 -19 47
-22 18 64 -92
100 77 117 -65
-135 42 -55 15
2 -22 207 3
59 -46 -166 90
-16 69 -68 -43
-71 91 65 -16
-75 24 15 54
28 32 158 -18
35 -23 51 6
-71 -73 20 -22
69 241 -12 -52
52 91 -138 -42
-18 2 -218 -21
132 38 2 45
77 -66 -20 -3
-29 14 14 -2
116 9 124 -84
46 14 -26 -21
4 -35 50 65
77 49 -11 80
57 107 -29 127
-75 40 90 -66
-6 -96 -11 59
2 12 14 108
181 -188 -44 68
-120 -68 -28 1
-90 161 -3 -42
99 159 34 -39
13 -52 -3 -32
-75 -53 -85 -37
-30 97 33 -5
29 61 9 -58
-92 115 73 71
-104 -6 -3 -54
51 -46 -60 101
35 -3 -92 35
-86 -35 -13 -54
17 44 27 -59
-121 -161 -93 22
41 41 -12 -82
128 183 -94 -22
-78 40 -93 83
27 118 115 -37
-6 103 -168 73
6 104 -169 36
-17 -33 -58 -77
-36 1 -45 -129
117 -21 67 100
-15 -13 25 40
-42 -120 34 -14
-70 187 -141 20
-8 -56 10 -7
-25 36 15 4
51 2 -46 -57
69 -52 -24 -26
-73 63 -57 26
-28 105 72 15
118 59 -4 -28
14 54 -5 -41
-75 -39 -10 -36
106 133 -4 96
-32 58 125 -14
100 171 5 88
-68 -16 -106 80
94 -166 37 105
-92 -2 -29 7
-80 -14 7 -101
82 79 -21 53
72 205 80 -22
5 216 -84 18
-14 -23 100 -11
2 -20 -44 -60
-115 66 -138 15
-163 -5 0 1
-20 20 15 -45
-107 -58 -70 141
44 59 92 196
0 -83 18 -84
4 -50 31 -98
-8 -39 34 -130
9 -13 58 21
84 -130 -13 -48
20 64 64 104
-90 -72 112 23
-12 -144 43 -14
35 4 37 129
47 73 -211 184
92 -106 51 26
15 126 64 107
69 -12 -145 -31
-80 -50 13 -39
53 -20 33 -22
-86 97 -1 -56
98 -11 28 24
-94 36 28 25
-81 -90 -18 -36
26 76 -40 65
-1 -16 -63 -100
29 -35 85 64
-60 28 2 10
-96 46 -87 81
100 -2 -100 92
57 -41 -84 -83
149 127 -155 67
48 20 -54 65
117 -66 53 29
59 -33 50 -41
38 -18 -67 -24
-17 55 -65 115
-133 -16 -5 2
-5 -94 72 54
41 -164 -71 7
18 25 -64 52
19 -14 -11 -39
-62 -11 -26 65
-70 -8 63 22
-13 -59 -38 59
18 -64 -19 -94
-125 16 193 66
34 49 -1 32
173 -89 58 -6
-10 -2 75 -49
1 -32 -73 44
-5 -30 -90 -10
-25 -176 -35 10
30 -28 9 68
-29 33 38 -115
-19 -122 117 58
122 8 -21 22
6 -139 -62 -110
61 42 126 7
-21 -9 17 81
35 75 59 -27
30 50 106 -46
-39 -107 72 -11
-136 -106 6 -13
-42 -16 -129 -116
10 -59 145 35
-4 18 18 -64
-26 57 -126 3
-125 117 54 64
111 -54 45 -30
-27 -97 -85 70
178 -10 65 -94
25 34 -62 -107
-22 59 -94 17
-156 -30 123 164
-94 17 -53 4
-10 -38 30 -13
6 -148 -27 22
30 -111 -82 -67
51 -67 -33 6
-112 30 -316 16
-50 4 -30 -165
47 -133 -52 15
-115 -83 60 -88
133 -52 70 -91
28 26 11 -49
-1 20 169 9
25 13 124 22
45 -43 22 1
94 16 38 3
99 -10 17 -43
27 2 100 98
-48 151 -13 182
93 -76 -42 10
-58 -6 122 35
23 73 -40 33
59 -78 30 -94
-84 -119 -86 -63
12 -26 -143 3
-121 -15 -13 -55
81 -67 72 -198
-51 5 97 -98
23 -66 29 -37
6 -228 -8 -16
68 -28 -77 2
-195 21 -16 -11
49 162 -67 -7
26 -19 5 36
-5 -49 -43 56
-74 -60 19 -14
-40 32 -12 -71
168 -55 15 -21
21 64 -26 -149
-55 -68 -45 -81
-115 22 107 160
-157 -36 -28 -57
6 46 -34 10
-37 -44 -88 83
-171 10 139 -49
64 -46 124 -85
-38 82 -173 92
198 -25 59 -5
2 -1 61 -13
-14 -60 25 -78
-35 -48 -22 -52
0 -62 -6 -156
-9 128 -11 -63
12 65 54 -58
61 44 -116 -18
19 25 30 83
-27 80 -88 -94
41 92 15 140
5 -9 -29 148
14 -42 -55 46
-88 146 39 -66
45 130 -13 -10
-33 71 -82 -77
52 132 -5 58
136 7 44 -37
133 61 -182 7
131 -16 -8 87
55 6 -96 13
-67 -90 -40 126
-71 -122 100 -112
18 -4 17 -46
-82 159 39 41
-113 35 49 67
-28 -11 -7 154
10 64 -4 -116
3 7 32 -25
25 45 -5 -60
-26 -153 64 26
27 1 77 37
-12 -28 -22 226
-33 76 -72 -57
36 24 -96 57
-63 23 -2 17
46 -121 41 10
69 31 38 -55
40 -21 47 -77
126 -12 62 92
113 -12 19 -102
-50 -70 -23 96
-140 62 -53 -50
-92 70 60 -50
-73 -10 -128 102
-67 -21 -55 51
54 -49 8 -88
-149 -31 -67 172
57 -40 -47 -14
-78 -9 -38 -12
-3 -13 121 63
16 46 34 13
-58 8 -130 -53
-99 45 40 -9
83 83 128 -39
-66 175 47 67
-45 133 37 13
36 93 -22 135
-9 64 11 -7
40 -165 -13 98
-38 53 14 -79
-95 10 -14 -90
32 113 -90 26
-6 -85 -37 56
-5 7 34 24
-52 -33 -146 -29
35 88 -146 13
-84 -101 1 10
-63 -54 10 -23
52 155 -121 71
23 -4 137 50
15 -15 46 32
101 -1 65 54
142 14 -54 42
-113 50 -25 36
105 -31 151 9
-44 71 -151 -9
-20 32 104 -41
36 -5 -1 110
-41 -39 104 63
40 48 -112 -5
-154 -28 27 21
-3 -64 -40 -60
-24 -85 -186 -27
-42 -127 -5 -1
-41 4 79 28
-29 -104 -10 -55
59 101 122 55
14 89 31 -7
-60 -54 80 -122
46 145 -49 31
-41 41 142 -12
8 6 -24 -32
-38 37 -88 4
115 -8 62 9
13 10 75 -124
63 187 -169 -52
-63 41 -18 5
59 25 -31 -2
-87 -119 87 120
6 7 -15 66
3 75 -22 127
66 104 -59 -82
-4 14 -29 107
-16 12 -106 -124
14 18 -158 -14
85 27 -22 8
-92 -84 26 24
-107 -37 96 -77
42 49 7 162
-28 -20 -163 83
-112 49 105 13
-50 -103 154 47
82 62 -56 16
-74 -18 -126 -29
-114 41 146 51
13 76 -53 -23
-50 11 3 -39
-40 161 -97 -32
-13 -17 156 63
-138 -112 9 -90
94 -154 -15 -12
31 106 0 -67
10 -43 85 7
171 22 -21 107
63 -16 32 42
147 51 202 85
98 -157 -18 -20
83 120 -17 -20
10 63 -100 1
-9 -35 117 151
197 -10 -7 58
-76 44 18 119
108 86 -48 -64
-72 2 110 89
-1 97 -72 -125
44 -1 -81 -90
-52 122 -36 -83
110 -21 -25 -15
35 -75 0 65
-22 -48 18 -19
49 128 -21 -58
111 75 -162 -120
-11 1 -14 28
99 -60 -115 -130
-73 29 84 18
27 15 80 -9
6 17 53 -10
-10 -46 30 -117
21 -7 130 75
-27 173 32 -84
-131 139 24 -58
-100 -26 124 56
4 46 -16 -70
-65 64 -41 -13
22 23 52 41
11 -96 40 90
18 12 88 33
-11 -8 124 38
-48 9 -125 47
129 66 66 -2
29 -37 7 -2
-61 -25 -200 -6
78 44 40 -47
-60 -14 -5 34
109 136 15 137
-46 67 -92 -6
39 41 85 -166
-31 75 43 22
75 79 -23 -19
-59 27 19 -39
-24 -15 -202 -41
-93 -79 76 -107
107 -3 -7 141
-74 -4 97 51
-184 -70 -39 32
-65 91 16 -70
-161 70 -15 80
4 -17 -33 -21
44 -4 -16 -48
37 9 91 -46
-8 63 169 -55
71 -69 -63 -85
49 -54 17 45
15 89 -142 12
-122 -31 75 -63
5 23 -69 0
48 -22 -103 18
-29 -94 82 55
-115 -28 36 63
-70 89 -118 -5
18 -79 93 26
36 118 146 5
180 -204 -11 79
27 50 -15 42
29 -124 118 5
-30 -62 -10 -7
68 79 99 57
-63 -2 0 -11
-24 -58 22 -4
-23 -148 109 19
-16 -82 59 10
11 -96 1 -163
34 26 -44 -35
-24 27 58 -7
57 -45 38 -107
-12 17 22 75
98 10 -59 51
-44 19 80 -14
63 -126 100 -7
29 37 -66 20
2 85 -6 33
-19 -27 -162 41
70 -107 100 -29
43 -1 83 -33
-157 -81 115 2
-16 -38 55 -23
-68 122 -147 40
125 73 6 -22
42 -9 -25 150
-154 -22 174 126
35 -28 140 -13
-66 16 71 -12
-38 86 15 -16
-44 58 -127 15
47 14 -80 -2
-68 177 -175 -33
-82 -42 67 35
-224 -10 145 -11
-37 -31 99 -35
-7 -8 -108 39
20 7 13 129
52 79 29 31
-116 -36 -58 18
32 102 -2 -22
-47 26 74 48
23 -45 -139 156
32 -42 159 -40
-40 36 104 54
45 76 -31 -51
-87 36 46 29
126 5 112 157
-110 -69 55 -71
-149 88 70 -51
22 80 -147 34
91 76 -37 -12
52 -21 91 64
30 118 82 -41
105 32 37 74
-24 -3 67 -96
-54 -85 72 28
-14 61 9 26
65 -61 -71 -37
59 142 87 -61
118 85 -24 -63
-42 56 25 -9
135 98 107 -78
-72 25 52 -93
128 7 -94 55
0 35 0 130
-28 -38 93 42
-123 -36 -48 -47
-66 91 54 1
45 128 49 5
-38 110 -22 74
-3 61 88 128
31 48 -31 91
-29 -98 -80 -63
39 -167 66 83
110 -47 -74 -37
20 -9 1 53
11 -132 -127 -58
123 -21 87 -42
-52 -25 -158 -15
128 72 -124 -108
102 -18 40 7
-91 -26 -128 175
47 23 -18 14
-28 -27 -34 -7
99 -37 -148 51
-51 90 63 83
31 104 -43 156
-94 -14 -23 88
63 132 32 123
-81 103 75 -17
82 -35 -22 46
-21 -31 4 11
-28 71 36 -92
-103 62 79 -72
3 17 -18 71
-2 148 -3 26
52 -57 112 -58
70 37 46 118
79 -27 50 22
111 60 97 -15
82 -19 13 -7
93 26 61 38
119 56 63 -92
91 -85 40 80
60 -1 -16 -37
103 -15 -8 58
-16 39 29 -30
-42 -108 56 80
-71 -5 68 -121
-74 49 50 7
-65 143 36 136
-46 79 -47 68
45 31 57 -67
36 -126 56 12
77 -57 -27 -47
-16 -45 95 56
-30 55 -91 -111
89 -35 10 -50
40 34 39 113
-60 -79 16 38
-48 -63 79 -6
58 -45 36 13
61 148 96 16
-14 -38 -18 -84
74 98 20 113
-14 70 62 -22
109 62 49 43
-24 -50 -10 51
44 102 104 -23
55 -6 -21 -14
-47 70 -145 106
-65 -39 -52 -40
-75 50 -109 116
-147 116 -95 -37
7 -31 -111 68
100 71 -4 -30
75 -71 -119 -66
17 46 21 53
48 -103 173 -28
4 107 173 -156
109 53 22 39
55 54 64 10
47 144 -39 -148
-31 -26 -67 -145
42 26 96 27
2 72 50 -9
-32 142 11 -9
-25 135 -23 22
-94 -28 -24 -5
-48 -1 83 5
10 24 -81 -7
-28 25 -45 -102
79 -4 26 -75
-8 124 -1 -26
-93 -30 -71 -71
64 0 69 -7
66 93 -10 -14
47 -35 43 -2
-24 -16 10 63
-43 45 -84 68
-71 -33 74 140
-15 107 7 46
-53 87 62 -20
104 26 -67 6
-49 -3 -83 0
8 -48 144 23
-60 95 30 109
16 125 -221 43
149 -120 -155 42
92 75 -20 27
51 52 -55 -82
-43 110 96 70
-37 15 -105 13
-53 50 -118 -29
112 23 -81 -24
-8 88 11 140
30 -45 -63 56
113 128 12 -155
155 -55 30 40
-6 -56 46 51
110 56 46 67
-32 119 50 -4
7 149 79 47
84 41 -59 159
141 -88 62 -28
111 20 -84 -95
-163 -74 -119 -28
-30 -73 -100 -160
0 20 -5 -59
-27 12 -1 88
-7 97 -40 49
63 -18 -51 -79
45 -58 96 139
54 51 -26 -57
-177 -14 -17 -45
-79 40 35 37
-18 -55 -152 2
8 -6 -142 52
46 -33 53 91
29 -11 -160 38
-1 46 32 90
1 -56 -42 99
137 -116 66 107
-57 -6 57 108
-62 -92 2 -31
-118 -24 38 -52
88 -139 59 0
15 -31 -171 130
8 -45 1 -198
-17 -69 -6 -64
-4 -69 7 -24
72 45 -15 6
-10 103 -36 -109
-53 -73 64 -2
-20 32 49 111
-28 -76 -17 -105
72 -76 -68 131
-117 21 62 67
28 -133 -81 -49
28 3 -64 -42
-48 123 8 -79
70 -50 109 59
24 139 56 45
120 -101 11 -82
54 -89 -92 59
95 -47 -31 -92
-232 -72 -166 -68
-62 197 -116 -103
-136 91 -21 -114
12 -78 127 12
-72 13 -135 100
-185 53 32 81
93 45 -89 -4
142 17 35 -2
-71 -29 14 101
-42 11 38 -52
30 -31 -136 -67
121 -51 -144 22
-17 -93 43 4
-50 -29 120 -34
-11 -33 -103 11
-138 5 -2 -156
52 7 -60 144
82 -4 1 -33
-135 79 21 18
-28 102 71 -11
46 -64 -174 35
-198 51 -61 -105
-111 -47 53 1
-88 -6 25 43
-110 81 -143 76
-34 -193 50 -49
-66 -92 56 -4
62 -7 -17 41
-156 32 -51 -14
-122 -65 25 -90
-38 9 -33 -138
-127 153 1 -7
-3 47 -41 -25
-65 -123 -152 59
77 -59 42 45
-164 -25 -48 -52
-40 -57 22 -203
19 82 -21 4
55 50 1 9
23 11 -154 -61
38 -3 -118 160
-83 21 -106 32
-79 79 12 26
68 -40 9 71
20 -92 -3 111
-8 -61 65 27
52 -9 -120 -65
52 -23 -62 1
-136 -10 13 -123
26 73 -14 -46
-102 -8 -121 10
-33 -196 56 39
-41 16 -134 -33
54 64 -105 50
-55 84 73 -11
-81 37 -132 92
-16 -69 121 176
-50 88 -76 45
77 51 -17 59
-15 -45 -36 -126
20 8 -63 -1
-226 77 -74 -112
48 96 -31 -40
-185 19 -47 5
-78 -81 137 115
-21 -61 -160 33
-79 -30 -23 -32
-193 20 31 18
-27 41 10 86
52 -53 -98 -5
13 29 -48 -79
82 91 -132 81
-153 47 -3 38
-58 -49 -88 -89
136 -56 37 -20
-39 6 -12 26
42 -12 46 4
97 -71 26 96
-38 47 5 118
2 158 -15 -7
-108 39 -30 20
-128 -84 -2 143
97 -37 -108 36
-25 -70 -132 -111
-65 21 13 148
-20 10 48 -66
-58 -74 65 -54
22 -76 99 -4
19 -178 2 96
32 -12 -58 133
28 -56 -27 50
-125 -106 40 65
80 -44 33 52
85 72 -90 -70
-16 81 120 -142
31 92 87 53
-33 -66 -78 75
93 -154 81 73
120 -75 106 68
-43 30 210 28
121 48 135 58
17 14 -23 -38
92 -141 4 -158
0 -33 -20 -43
53 -33 176 -19
66 19 11 86
-18 94 -23 -113
-11 -49 -2 -37
8 47 128 191
5 16 -128 43
-41 40 1 37
19 35 -42 21
-76 19 70 56
-58 44 -20 -41
-17 -38 -28 30
68 37 -218 71
-41 102 -7 -52
-64 19 33 -62
20 9 10 12
-78 13 -81 -102
-81 -90 -112 -13
-37 69 -34 0
70 -184 7 -26
-103 -49 -30 36
111 -33 -78 45
108 -42 -121 106
-59 -46 101 -11
-71 140 140 -35
-146 120 -38 -21
116 -35 10 104
106 -69 -93 61
-32 -37 -57 111
35 -120 131 79
-33 21 -22 90
24 19 -20 57
115 55 84 120
26 15 -27 143
-5 -32 -91 -3
9 15 106 -23
-7 77 103 42
87 185 -14 -7
59 -46 20 146
34 78 116 -127
-22 -34 32 1
164 77 -22 13
105 -13 -36 -43
-28 34 121 98
20 37 -22 147
13 -35 28 -129
46 24 -91 -42
-81 44 -36 -28
86 -215 -8 73
-260 49 -4 32
-50 7 -66 -121
27 -134 -15 118
-64 17 -51 -153
39 -111 30 -53
-85 55 -70 5
-17 101 106 -56
67 -24 -109 89
-71 15 -39 149
-64 1 -35 -121
-38 93 -96 -63
30 -76 -79 -32
-47 -38 -106 -136
-6 -45 38 -87
70 90 24 -84
-1 16 94 49
-84 4 82 -68
-13 82 -75 -7
-59 50 -104 -93
-83 49 -102 242
34 -68 -62 -6
105 139 -24 102
-33 38 -140 158
-10 126 20 120
0 104 22 32
-95 131 -29 149
-19 92 -68 -49
56 76 -99 -57
-67 -4 8 -5
-116 -73 -81 23
30 114 -55 -53
-63 13 2 141
-5 9 40 -94
20 112 -62 -27
-109 88 -5 -56
-17 -102 -73 -104
34 -13 -109 -62
172 55 -28 -79
-95 57 62 15
-56 -9 180 53
-26 -59 1 -111
-20 -47 47 -21
8 72 66 48
81 -16 -23 14
-43 83 21 -158
-17 62 13 -57
-61 -17 29 91
72 44 -66 113
-3 -38 95 -36
25 -6 -57 77
46 133 -144 93
-26 37 -51 106
48 -4 29 23
125 -140 -18 16
-58 -21 -14 -25
59 -160 46 -109
62 91 -123 -46
8 -3 76 -119
42 -57 71 76
52 -40 -90 -42
-84 -88 -26 9
-11 48 77 16
-47 48 -123 104
33 -72 -90 5
-8 4 191 -50
74 54 -34 79
-70 21 -3 -110
-109 -71 -94 42
-107 21 95 -48
-73 -99 -62 -35
-27 59 -175 10
148 -68 -41 -75
-44 85 -32 -144
68 -11 -10 -1
-95 -111 -54 -134
200 24 -1 -170
28 48 -79 72
11 -93 -60 60
-62 210 50 -9
113 -77 113 33
5 -25 6 82
-36 -11 48 -28
36 -55 36 -25
-25 2 -8 102
48 46 12 6
25 -168 46 -28
-58 -94 -59 2
25 46 16 -180
-7 15 -45 -120
-16 -74 -43 72
65 22 23 -50
45 122 -40 66
-53 121 2 26
25 36 -60 165
48 -23 -12 9
59 45 -126 53
257 108 -92 -34
14 -20 99 52
9 -57 -107 154
-46 -132 -127 57
-52 -130 72 -46
-48 40 -8 125
-69 -101 -73 78
-89 -71 18 -8
-137 -120 17 -84
-69 35 -16 81
-58 -46 22 -132
-90 -150 -169 -81
-67 10 42 -14
95 21 15 -32
45 31 4 55
-14 42 61 71
-53 -98 -46 38
40 87 -124 30
-100 98 -5 36
-29 -82 -43 -83
-87 3 1 -64
-13 -165 4 45
42 -95 -129 -81
-20 -82 23 -210
7 88 75 -95
-55 -23 -86 -93
19 -100 -167 104
51 -93 -72 8
83 -48 -44 30
-4 16 79 38
27 21 -55 67
-11 44 -25 121
-15 113 -52 1
-72 -103 -57 48
-30 67 35 -106
-108 -9 183 -86
-98 21 -8 42
-18 -9 -149 -62
109 -55 -43 40
-105 -155 -103 28
-33 16 -99 65
-31 75 49 104
-21 -105 32 -123
-18 -19 -124 34
-1 26 -212 -82
18 105 86 81
-20 -61 -53 -8
80 -71 -43 -32
72 19 125 14
-71 24 -74 32
2 -124 -62 -41
-57 16 -2 123
49 -6 71 62
24 -95 94 -23
14 118 60 -103
25 43 56 -101
130 -59 -89 -29
-61 -63 48 -53
108 -49 47 -28
34 -45 -74 -46
87 -26 -190 -2
12 -18 -91 106
-59 -139 -80 -103
-43 13 79 -130
58 78 59 72
-38 94 -104 12
136 6 -196 72
92 -132 -55 -29
-73 68 58 63
-101 33 71 -146
-43 -47 20 94
32 91 -23 -37
-109 -33 -52 73
-84 -45 -33 66
28 48 -16 169
30 99 -39 -56
-97 -68 43 18
-100 64 -56 -77
-100 141 -7 -76
11 -33 59 5
17 152 -70 187
11 65 45 71
127 -125 -13 90
-3 -70 -17 -23
-31 -82 -10 -61
59 72 -41 -60
-28 -76 23 -82
97 -70 64 25
107 -158 -54 97
-64 -9 -3 86
38 -103 -40 89
10 19 -30 -52
-79 -115 131 -140
45 69 16 -163
46 -17 36 -163
-33 -12 47 -8
-9 -108 216 44
33 -60 44 -33
16 83 182 138
17 51 69 -28
12 -41 -30 115
163 147 15 100
1 -69 149 113
-10 -89 -5 -19
44 20 112 -23
41 -118 87 94
-3 -63 -17 26
-7 -8 120 11
40 77 -111 15
78 67 9 -98
-113 84 51 -16
56 109 -14 -49
-109 -77 -83 23
-89 8 -25 -60
75 13 -204 109
-98 94 82 85
-44 -88 33 -3
-179 31 -125 56
74 34 -32 -87
41 -27 39 -100
51 46 -70 24
92 58 227 49
-145 75 77 -27
18 -125 -25 92
83 -12 13 8
-87 -92 -125 40
-127 -27 39 -4
147 -61 24 23
-15 46 82 -11
-23 27 14 38
49 -84 -87 38
73 58 60 51
52 10 76 41
-35 35 26 76
-37 48 4 -86
101 -78 94 -9
-85 -45 -5 -114
3 66 60 -24
-46 -13 -45 22
-33 33 2 61
-3 -156 -102 20
-23 3 13 -93
41 -5 -98 50
-64 40 30 -5
40 31 11 144
-54 -51 -46 138
-19 -14 38 160
44 20 5 -68
23 -107 -26 -25
65 154 57 85
-48 -70 -42 -161
-31 -2 -131 95
-118 -1 125 56
37 4 5 -45
-34 -20 -4 40
128 -12 61 -46
59 -69 -32 36
-22 40 14 -56
-40 -132 -16 -98
-35 5 33 -91
-46 -93 -24 -21
86 68 159 -17
-139 -15 -21 -110
29 -38 43 78
103 -46 -27 -8
-60 23 -37 3
-7 30 85 -23
-39 22 -61 -155
35 76 -14 3
-139 -108 -43 86
-47 60 -80 -1
-97 78 81 78
86 -18 58 81
42 -60 -151 -23
2 16 67 -131
10 74 -63 -84
-92 87 91 -93
-96 -5 -51 -85
-89 -27 4 27
36 -133 -32 54
19 -56 -40 105
56 12 90 -97
-34 8 126 40
-46 73 -127 10
66 11 26 -4
38 70 -14 155
-144 25 -86 -4
-149 -143 -58 114
-81 -123 -47 -101
64 23 -10 33
26 -39 40 57
85 51 136 -57
-83 -75 116 20
-68 -151 -51 4
87 -57 -48 -78
59 2 -72 -119
-53 50 26 101
111 22 -34 121
14 -39 31 -31
108 4 91 58
73 -89 -49 96
79 28 -19 -50
-102 36 -12 91
30 -42 -101 -20
70 -61 69 1
45 -33 78 -59
-74 8 36 -97
133 -122 -65 -24
-49 6 66 -60
-9 -159 -128 109
-25 -94 -21 72
-92 77 4 -165
-77 76 43 -101
36 95 -35 94
-39 -21 55 -74
58 76 166 -22
-81 -26 81 19
-157 -148 -4 18
-38 -17 -61 -76
79 208 32 200
86 -1 69 240
-13 -34 24 41
-43 -40 77 16
-21 -121 -74 -5
37 -73 59 23
-10 -144 -1 -118
-12 33 24 -60
35 15 -74 -153
-44 -92 168 38
174 11 -106 -92
57 60 74 -117
-38 60 -14 -48
-142 -120 -15 45
-39 43 72 -15
-4 -50 -8 -91
7 -50 -27 69
42 -56 -40 -62
-29 123 -39 148
42 -58 145 43
-40 -1 -78 -54
-159 -123 36 -39
-76 -52 31 -73
52 -74 2 201
-2 -14 -117 -51
30 -19 78 -74
47 152 -80 -53
-127 -73 51 -168
6 55 173 23
11 39 -20 5
42 -32 66 45
-44 39 63 44
32 -21 65 25
121 -45 93 23
88 -29 -60 -83
-50 -104 -33 21
-10 87 -12 -67
-46 81 4 -83
