88 16 -56 37
50 -77 -77 137
-140 103 81 47
43 10 -87 -6
126 100 -19 -2
-39 93 -34 65
0 -43 5 -93
-22 -54 110 47
4 -95 -42 -113
-1 -68 85 -60
-17 8 -29 -82
-27 -119 -79 75
-53 6 -68 -134
-117 27 25 -212
-106 118 -110 -104
-11 -133 -111 -46
49 -190 26 -67
10 -95 16 -19
1 -71 -19 -151
-20 64 1 -118
90 2 31 52
24 -54 24 -142
29 -68 66 -50
29 -38 16 78
2 40 38 -32
47 -27 0 0
31 -125 43 -9
14 25 -40 96
-60 -31 -51 33
3 29 57 -8
-45 57 25 -115
22 -1 -65 -60
50 -101 -23 32
-26 -97 37 32
-173 -1 -71 58
-70 -24 14 -80
65 -41 -69 33
2 -1 -49 -17
104 50 -50 151
48 70 -50 -42
-12 -112 -140 8
-51 -128 -19 28
-34 132 7 16
-20 -9 -144 19
-58 79 -8 35
122 -18 -28 25
-92 -2 -118 -10
-35 24 156 -49
-17 95 -11 15
43 100 -104 43
-58 -9 58 -35
14 -83 81 -2
106 -87 48 -36
115 31 2 6
-29 34 -65 -96
98 -86 -55 -123
-43 -11 64 138
-79 55 -7 -37
-17 -125 40 -158
-26 20 46 -69
-39 -11 13 75
82 -91 29 -40
82 -52 -52 -102
-51 39 78 -89
6 31 104 20
-85 -91 31 -50
-107 -74 16 42
-9 -61 95 106
0 0 49 -75
95 16 -158 42
32 -20 -133 -27
-82 11 56 -120
95 -124 40 14
-54 29 -1 1
40 -131 -60 142
-169 -13 103 -113
-23 -54 11 140
-31 116 -194 -27
114 -124 -2 -42
72 114 -2 0
37 -130 -31 -59
-49 -41 32 -53
-122 8 -70 60
74 -103 80 141
21 39 20 48
-6 -3 -109 -45
15 -31 -104 -156
-48 39 80 132
106 11 102 35
48 -224 129 7
35 -16 -87 -106
56 85 2 -25
103 -81 -24 -23
59 55 -80 -38
-5 -116 207 -92
-42 -52 5 52
-56 -98 -22 -111
79 73 -78 -32
91 94 -58 152
-36 -128 10 -92
109 17 -78 -66
-182 132 -60 29
-43 -38 -53 -43
-111 15 -12 -76
-79 48 20 45
-20 18 -10 30
-31 -98 -12 -71
-57 -56 -40 -145
0 0 3 -147
-14 -71 -36 -20
-86 -207 0 0
-11 8 -25 42
-1 -77 76 -57
71 -23 -9 243
30 48 55 -5
-157 179 100 -14
1 0 -18 -82
101 -18 -173 -20
49 -47 83 -26
-25 -95 122 -9
-12 47 -62 -98
-117 16 60 -68
-120 -55 7 -36
37 -109 21 11
-28 89 50 57
10 -2 -251 -94
38 -41 42 42
42 59 3 2
-259 -46 17 -80
108 -49 -18 13
-48 40 1 73
-24 1 -103 -17
-9 -10 45 -118
-3 18 56 -108
-100 -66 239 -114
-21 -15 -49 53
81 -76 68 159
-71 -53 -16 26
43 -7 28 50
-11 -133 33 -63
91 -63 30 -70
32 22 -40 -61
-4 -65 -6 160
-58 -74 -145 -101
29 90 -39 14
72 19 -3 56
27 -33 -53 -52
0 0 54 -26
31 -13 -24 -65
-24 9 0 1
21 -95 -54 23
-37 -29 -50 104
13 -105 38 -23
-106 65 -3 301
-26 0 31 6
65 14 -26 -92
1 0 41 -32
23 -35 26 72
-59 -74 0 0
70 13 -37 15
37 -23 47 -11
-59 -24 -64 -11
-12 17 7 28
-117 50 -128 -59
25 -36 -86 32
74 -182 114 40
-8 -63 110 -77
-59 102 -6 1
-160 38 -51 -4
-40 -3 45 114
-162 41 -51 -27
-141 -25 -20 32
-1 84 -83 108
-75 -90 -108 -32
-100 -43 -7 -21
54 7 -43 -33
-46 -9 64 74
-119 76 -103 23
97 -103 -50 -90
-108 -12 -18 -64
74 -97 68 -56
-29 -11 -94 4
-30 -56 148 -62
25 76 2 30
106 -10 116 55
-23 -102 -21 -44
-69 -37 75 -20
0 0 65 88
65 -26 30 34
-4 -38 0 0
56 138 62 34
81 -6 -15 -91
-83 -14 90 97
51 56 30 -1
83 16 74 53
-158 3 -155 -15
-29 67 40 -105
4 9 -31 156
68 28 0 0
-35 103 116 41
-114 21 7 17
-146 102 -100 58
-7 -115 41 160
-7 1 -95 86
-101 -15 85 -106
40 190 211 2
-56 83 4 -1
128 -87 -16 -65
-12 -12 -1 73
-34 -77 -138 66
74 -41 131 -83
-15 29 9 -28
-65 -44 188 170
-49 -15 -9 52
-151 -95 85 -87
7 -133 -126 -141
-34 51 88 49
128 96 -76 -118
-64 -28 -2 -47
-51 -77 17 -83
2 -35 -49 -40
14 -38 5 -45
11 -108 24 -37
148 128 -73 -153
55 103 -80 -138
-30 39 13 -40
-15 25 -2 -84
108 -21 88 -124
-57 -76 -4 103
-140 -64 0 0
78 79 57 111
61 1 -95 101
-5 -38 78 90
-91 49 -68 -73
3 60 60 -30
47 69 -101 52
-92 -73 -14 40
38 -68 -36 81
-145 6 -5 -59
77 -64 -137 116
-15 -4 160 -63
0 0 59 162
118 15 65 26
-16 -59 76 -36
-62 -92 194 47
16 -33 86 -26
-72 -106 -3 1
10 8 100 -44
46 -88 39 -14
149 70 70 84
45 10 147 -31
-90 143 -109 14
-42 -44 28 50
-25 -83 78 -1
143 -40 -112 -84
145 7 -82 70
-6 38 66 7
47 -28 159 -43
-44 104 -28 19
58 -84 -62 68
49 -47 59 74
-127 -28 -13 35
153 73 37 -18
50 3 46 9
91 36 10 55
97 -91 15 49
38 19 15 28
69 3 127 -34
-34 26 96 -47
6 1 22 -53
128 62 21 30
91 -16 27 62
-195 -41 24 79
47 -82 -38 22
68 3 84 -98
-56 1 -145 176
71 -12 18 -117
111 101 -226 -137
11 90 19 -80
-76 -99 -63 132
82 -156 -120 20
45 3 35 -139
-127 41 5 134
8 -55 5 100
-18 -111 -125 58
22 125 26 -42
89 -130 -123 25
50 165 0 -45
36 37 32 -185
70 -57 19 24
-38 112 120 -92
-106 59 98 147
-72 -94 71 -165
124 -14 -78 -144
-58 -55 -69 87
27 97 -149 -35
-66 -70 43 -41
-22 101 69 61
-140 -40 -22 -107
42 -52 -41 116
-79 -2 -68 65
127 140 48 -45
40 26 -21 64
-59 3 -65 5
77 -70 -68 43
135 27 -72 -15
45 -44 -26 -46
139 -42 60 22
3 -88 18 32
-55 -23 -21 -24
12 -48 -11 39
37 -84 -59 105
-164 101 -35 10
-101 -100 5 20
-32 67 44 -25
-43 61 -129 -55
53 -12 35 67
11 48 -38 98
-49 64 132 61
75 -10 20 1
72 -10 -16 -56
67 -89 -2 18
20 20 92 -53
-57 31 -38 145
-10 -8 -47 18
60 -37 -65 -37
-188 -9 -84 -56
78 81 -58 -65
-28 28 69 -116
-38 -73 4 10
-23 -48 -55 0
72 -16 -130 -54
-223 -62 -34 -113
-126 93 40 185
-96 -5 90 -31
97 -31 150 78
-87 -9 15 -19
-29 48 70 -91
-125 18 48 -96
87 -2 68 101
-88 28 6 -95
51 72 0 115
113 -31 -2 51
33 28 55 28
-97 67 47 124
78 106 -6 35
-2 -75 -110 107
106 127 80 60
65 81 -28 -35
43 90 14 93
65 79 -17 -39
60 64 -63 16
-64 99 -11 -29
-51 -17 -57 90
2 45 161 19
34 95 -51 -105
76 -62 139 26
99 -29 43 -53
96 97 214 -10
152 5 14 59
62 4 145 101
148 59 133 -46
44 76 -26 -17
70 -23 64 9
18 -64 12 7
68 -141 33 -21
46 -69 74 1
62 -18 -25 76
-139 11 -29 -84
50 40 -39 -51
88 0 68 -68
36 -24 -54 101
50 -31 -27 -67
-130 103 88 119
-90 -68 -93 -25
-20 -34 115 1
-76 -123 -56 -81
-69 -30 37 -54
84 -27 -23 -102
-147 -33 -90 -71
31 9 -19 -71
-46 -5 28 -98
19 -57 -34 -55
0 120 -151 -34
139 99 110 28
75 41 26 49
31 133 -28 103
90 108 75 -74
110 92 -22 -65
49 27 50 -29
43 1 -27 46
0 145 -4 42
46 41 14 -91
-35 36 8 103
32 42 16 -114
41 11 -78 -65
-40 -56 -28 37
-26 -8 4 -110
-89 -95 -62 122
-44 -4 -62 -61
101 120 108 41
-22 105 63 -133
28 39 -25 79
-137 -24 136 -17
85 76 92 71
-2 -163 18 -9
93 21 104 -26
171 -125 -93 34
-96 53 127 99
34 42 124 -119
-55 8 -64 17
61 143 31 -11
103 65 84 -25
-112 -52 4 -137
-30 -51 87 3
-152 -50 -148 56
-55 61 -19 7
135 -73 -17 43
-59 -17 82 65
-195 83 4 18
-97 19 131 121
78 106 65 40
-75 -10 44 -26
17 -35 65 88
75 108 -80 37
94 -18 25 -121
29 54 49 149
-32 41 248 -103
113 -77 22 -75
53 -35 -72 175
-9 85 46 108
82 -7 -135 -30
-37 125 -43 -96
-42 1 -8 -85
-106 -4 -32 124
-16 118 75 -33
42 -87 -50 -16
-50 -4 -72 -26
4 -104 -22 -11
101 49 -32 -9
6 -6 -83 3
0 -13 94 37
32 57 -56 -105
-128 15 -86 -9
-20 -61 76 140
87 38 64 -71
-129 -132 57 77
-123 -13 -59 30
47 -23 -62 70
67 12 12 -1
44 -24 47 -30
-120 -3 -20 81
-18 88 -72 74
-171 15 90 -139
-18 15 0 82
-40 73 -147 24
89 -112 -20 37
-27 67 31 106
55 76 47 112
-103 -48 52 28
-159 0 -108 -8
-89 133 11 81
66 -52 146 54
-21 146 32 28
31 62 -17 -17
147 -24 128 19
-25 92 77 62
115 140 67 -95
122 -32 9 -10
-97 104 14 8
10 -49 -62 175
42 87 -245 2
-33 46 57 41
-120 134 -3 70
-150 27 3 -1
-106 144 49 -3
182 -26 -63 156
55 -83 74 53
55 53 87 -28
47 -49 -3 72
-110 154 7 26
74 48 -33 -74
109 154 -72 -136
3 45 -3 -129
2 74 79 8
184 27 237 -33
-151 3 45 19
35 -54 114 97
213 -7 -48 31
-12 29 103 -114
66 -10 -21 12
-167 -83 25 -19
94 16 48 86
-74 -54 37 -64
-23 49 59 67
-2 9 -9 -76
-22 -29 33 -41
41 -72 -150 21
50 78 -22 -121
9 11 57 109
-266 14 -74 -81
104 -62 37 -28
51 93 0 -49
83 64 88 -4
83 -24 61 70
-54 -15 -64 -54
10 136 119 30
68 -29 91 -163
-54 -98 99 -61
29 -5 97 -135
-113 -43 127 -17
24 -6 54 -4
28 -58 64 11
-84 -69 -81 -25
-22 111 -49 -7
-27 -3 21 0
-55 69 -33 42
-40 70 -3 73
-5 -17 -134 110
-50 -19 19 5
45 83 -65 5
-10 5 38 -4
134 -105 96 -112
66 -88 -109 -25
-26 -33 -103 -22
-156 19 -1 2
-66 7 -13 138
47 -6 -119 34
-38 65 74 84
-4 70 70 50
-70 70 -70 -18
-13 -106 126 -28
97 6 5 105
120 -118 88 -49
-141 81 20 -91
1 -51 92 -139
103 -35 -86 59
-19 -126 -48 -28
114 74 30 116
-57 -31 -47 13
32 18 -51 74
-185 -30 -83 -44
108 16 -19 67
86 -96 10 32
50 58 -18 -15
-70 105 -131 -57
-48 13 -42 -26
47 -7 -56 -3
-50 -4 49 47
-67 -72 30 14
-115 129 -12 25
-26 29 -45 -78
-94 52 -75 -5
-3 86 29 46
-121 -1 62 -143
57 89 42 -97
11 -15 129 68
-33 6 21 3
-79 5 -106 80
-154 -27 72 -153
-37 -59 46 -79
-76 61 46 66
58 -70 -90 -45
-29 -82 16 -142
-109 27 7 40
111 7 1 44
-114 -107 -106 51
40 6 188 48
-2 70 -101 -104
-101 -7 -20 -110
-52 -15 18 42
-13 14 24 -58
-123 48 -120 19
-32 -83 33 77
20 35 30 165
-5 16 -68 40
-4 -4 111 -82
44 -102 -64 16
-115 7 118 -48
-104 28 -28 57
-62 63 -193 -104
67 -38 -104 57
-56 73 -70 50
-115 -157 34 46
-115 -5 -60 -32
-50 -1 63 -24
85 -2 -51 20
73 -7 -122 111
34 39 -70 72
-142 -4 68 4
-65 169 110 -3
-39 -92 -27 36
46 -36 50 92
30 -78 60 113
-59 58 -14 -165
61 53 -146 55
-31 -63 111 76
-81 -16 -113 -59
-34 -63 -79 52
73 71 -82 -15
-133 -91 -14 -83
95 88 -102 48
99 212 -45 7
137 114 -159 -8
87 68 -72 54
-65 62 80 -37
-37 90 29 -18
16 9 8 90
-10 107 73 -13
-37 -27 -87 -143
134 56 -50 76
-81 -24 -49 -67
40 86 145 20
-28 78 -3 39
-32 42 158 60
-4 -7 -77 -135
84 -56 57 32
56 -201 50 -8
-63 -9 7 -57
-23 9 130 -46
60 85 -36 -9
-3 -39 -50 5
-77 91 -79 -2
-10 -30 -33 80
-31 2 -115 -65
37 117 109 54
84 16 -23 1
78 -43 62 -79
-45 141 -38 67
6 -10 76 -74
47 -45 -78 108
7 60 55 15
56 -98 -52 -28
14 -63 49 33
-44 -28 -67 -116
-5 -36 -83 -11
-44 61 113 130
-62 -5 36 147
-14 -19 -51 171
43 53 5 -1
13 -41 55 28
87 44 22 -26
162 97 -97 -28
-26 9 -88 -10
46 -60 116 63
-34 8 -75 -31
-20 41 6 29
117 21 -24 -149
102 -63 82 -35
-27 85 -10 -50
-156 -36 -121 81
205 -34 19 91
1 -42 41 -26
23 91 77 66
18 181 -34 -154
-20 57 -149 101
82 75 48 50
132 -238 172 34
-49 0 21 42
-104 -32 14 110
-12 46 68 29
-13 -113 -69 -68
-75 116 -26 -16
96 10 -13 -136
-72 46 61 -13
-54 89 75 75
-61 -55 -5 -49
-9 -25 0 -167
-65 -17 37 -67
-26 19 -15 -111
-51 -47 -35 10
141 23 -84 95
-36 11 -160 23
-25 85 -9 25
-13 -29 -27 -48
78 -17 -61 55
-59 -24 10 22
25 29 101 16
-9 -6 -104 15
-104 92 -42 84
-21 44 7 121
4 73 2 142
-81 -4 31 69
-24 71 15 1
43 -29 -34 88
109 102 49 33
-100 -147 10 -72
-200 6 -65 -171
49 -77 5 -12
-13 15 -67 68
-44 -127 -59 27
116 -56 20 135
-28 86 -55 3
-84 -27 100 -64
5 114 -77 126
-56 19 -103 34
-57 -154 -4 -140
41 59 -195 122
113 30 55 85
63 -14 -92 -46
-5 -124 -87 56
70 -77 -18 -187
16 13 -38 -127
110 -92 121 -59
-13 -65 -140 4
-94 -27 46 71
33 -91 35 -12
-75 9 -91 -54
10 32 32 -40
37 8 120 -82
60 58 -2 134
-14 -1 90 5
36 76 53 -35
-110 146 -48 -128
114 55 -50 -36
92 0 -2 12
-44 -39 87 96
88 59 -57 -13
-67 33 -44 8
-123 -92 -73 42
66 26 20 116
-49 29 47 40
185 48 -54 -30
43 121 -42 0
-20 39 159 9
-94 -57 32 107
-26 14 -29 41
0 -9 -2 -15
91 -44 -132 63
-58 43 -100 -3
73 -38 58 -25
-39 129 -6 -12
13 -39 66 12
-53 46 4 -128
-73 28 -96 94
-6 0 -96 -11
-117 -22 -49 -69
85 1 -39 17
45 82 -60 37
-15 8 32 -24
-1 9 -84 90
-15 -14 -112 26
40 -29 -68 -65
-30 -167 97 -13
-123 -127 72 -50
51 -1 20 -11
-36 -20 144 85
75 -30 -21 -45
-41 16 51 13
10 -5 -56 98
-60 -70 127 58
-82 -73 -17 67
-31 151 86 41
101 3 86 -27
103 78 -74 -42
33 -34 27 88
-15 -32 0 117
24 -36 -72 -34
-48 9 160 -41
5 -76 51 -6
126 49 -66 -6
18 25 -33 19
-51 -22 -39 -45
-33 149 10 -54
-148 -90 104 118
-151 66 -69 52
67 -43 87 -10
19 2 87 15
136 -68 9 -71
24 -37 -56 -44
59 24 173 -88
15 -111 -12 -46
-10 -100 71 31
-45 -45 13 102
83 4 41 -39
24 -42 91 -79
26 -86 -146 -142
104 162 -70 72
48 11 52 15
119 -56 -16 37
-20 21 124 16
89 -42 25 39
-88 82 168 -39
39 -138 -34 -26
12 249 153 79
-62 22 -29 -143
-47 0 24 207
22 -119 -14 8
-54 -84 -25 2
-31 216 59 -107
-22 226 221 74
-5 155 -122 -98
62 -78 -227 -57
123 7 -108 -195
-16 -158 32 -39
92 -37 112 -78
49 -49 -50 190
-104 -53 41 69
129 -83 -126 0
17 79 -11 42
41 22 -113 74
90 97 27 84
-70 31 -49 35
-139 148 95 102
127 -94 -116 -29
-25 21 6 -150
3 -52 -12 27
-18 -31 87 -76
19 -9 62 13
137 0 -35 -100
-68 -35 36 20
47 -104 -21 133
106 -117 8 88
53 14 -15 42
31 77 42 -30
115 -5 53 1
121 -47 -185 -85
-62 33 -119 122
71 105 -4 86
-131 -121 -111 -15
-75 84 41 78
-30 45 8 3
145 -88 20 -134
3 76 -52 -152
50 -97 -81 -81
88 -49 28 7
86 31 14 85
100 -21 130 -49
-99 -25 30 -32
-29 47 -46 79
-120 -34 -2 -37
-86 21 -81 -34
73 50 95 -27
28 -35 -88 -95
-27 76 -15 99
185 -15 -89 68
-64 52 66 37
-162 107 66 4
52 -77 -56 67
-19 167 8 -158
53 40 -11 18
-20 -41 -65 62
-149 -14 -53 83
-78 134 47 -46
107 -26 -93 -49
-29 118 -84 -184
74 -38 72 66
-36 131 17 -17
37 226 -20 165
146 -19 151 -21
-84 104 48 162
-57 153 78 -5
168 30 -43 185
25 93 34 13
73 2 -111 16
-4 11 20 -19
119 16 -63 -3
28 59 -4 -69
59 -136 24 -113
145 -137 -13 -4
-22 -50 3 -123
104 -144 0 -10
-9 60 6 -87
-46 63 -32 -95
10 18 -19 1
-8 -22 -46 57
-23 3 -14 51
117 -125 25 30
26 -18 -120 80
-15 -3 -132 98
-45 5 -17 -111
-104 79 11 -75
-56 37 40 68
38 -110 -41 -96
-15 91 -176 3
-83 -1 42 45
26 -73 51 -106
-57 146 143 -46
-91 -19 -37 -24
130 24 61 8
2 -15 -75 98
47 114 -143 84
78 -4 -36 -42
-75 71 42 128
-81 70 75 -27
130 -18 -16 31
-175 -13 4 27
26 168 -31 -22
47 116 -123 -65
17 94 138 -13
130 29 20 37
6 1 -42 -4
22 45 66 28
20 -52 6 65
80 22 -70 5
26 62 -109 -66
-1 73 49 26
-4 44 5 109
-109 -16 57 -22
21 -80 -73 50
48 -58 98 -12
107 -148 19 8
-56 -38 -96 -65
-59 -1 2 4
118 130 12 -73
-12 -1 -29 3
-62 35 -111 -11
44 -79 1 58
31 61 -67 -30
-97 84 34 133
37 72 -77 -117
-50 -26 -178 -93
9 45 -56 -92
-77 -32 62 72
-155 -53 23 5
-114 -152 -111 21
52 83 -59 -139
-181 100 10 115
-109 -11 -98 115
47 71 204 -36
9 16 114 -6
158 22 -94 7
8 -1 -82 -94
-70 -6 -20 -58
8 -46 22 23
-84 -26 -17 -21
-177 -25 32 -50
71 227 5 -32
-22 -29 -81 -18
17 -27 44 128
27 -20 -18 -34
-2 -38 2 2
-24 96 -2 48
-22 105 121 -48
105 42 -40 65
130 -64 -24 -83
-35 13 -26 -15
98 149 -40 115
-27 103 -135 -56
58 89 -62 172
-55 -30 -69 143
175 -201 50 -88
24 -48 -68 -130
-109 -39 -15 186
27 145 38 6
-53 -132 -121 2
12 236 -51 88
18 15 85 -71
30 -39 -47 -49
-81 95 -147 -15
-105 -56 2 22
35 -10 -19 40
-36 -31 14 -10
33 4 129 234
-38 -33 24 -102
-71 -120 26 102
25 -25 11 172
-114 37 -29 38
11 67 -67 11
34 185 -30 31
-73 -40 96 54
-35 -73 40 43
-1 -16 -1 -60
-76 -8 -180 229
-30 -43 25 -35
16 72 76 86
-1 -70 80 4
-64 -55 68 -60
-2 -20 48 -5
-69 93 -15 91
8 63 81 49
-47 3 29 63
-89 -19 -58 -9
35 -43 74 62
68 95 -62 46
58 50 45 4
-116 -51 134 112
-114 52 -34 87
92 21 -131 2
67 -39 3 -25
-12 -49 76 35
34 64 2 165
121 -82 28 27
-10 -59 -27 -75
93 45 -43 -13
-39 26 -93 116
-53 119 -58 -19
12 -13 -65 21
40 -110 -97 -48
-63 147 -61 50
-129 75 56 -118
-22 -45 -62 120
27 71 -20 148
15 -9 -62 -1
57 72 119 -113
1 -65 -16 35
71 21 72 -133
5 62 -4 -185
16 -34 77 55
21 29 81 148
-51 -39 51 7
43 75 -7 110
-34 87 144 -8
-148 -89 -165 60
157 -109 120 -29
3 -51 -63 43
4 26 82 -28
-88 -48 -42 -5
53 52 -125 -124
-45 117 4 19
102 72 75 67
62 -164 27 26
82 2 -32 -38
58 12 -110 -62
21 -91 127 78
65 -49 12 -69
-12 28 -122 -16
-164 88 -74 90
135 17 -77 -1
25 12 88 143
-2 60 -156 25
44 28 0 6
59 79 -2 -62
-188 -18 72 78
-44 28 -74 9
22 -2 -50 27
-238 30 17 -2
54 -89 -117 -48
2 -25 -66 -20
93 -58 65 -57
-76 33 -16 -109
42 -129 -51 31
-96 -42 27 40
79 40 139 -104
46 15 -8 -26
-77 26 211 24
-4 -6 -53 -55
-48 38 14 -153
-9 37 25 60
57 77 -40 39
77 -64 49 71
-24 146 46 156
67 -54 -61 -38
-96 -80 14 0
85 34 -57 18
37 22 3 -45
-33 -134 -35 25
111 -112 -129 -36
-4 -35 -85 -72
88 -13 94 -115
-90 -116 -6 -16
97 -12 -38 5
-46 -109 69 63
-117 -35 31 -41
-48 12 -57 -87
95 140 -124 -34
-21 -70 -9 20
27 -76 19 82
-79 -93 -3 28
-60 24 -44 -10
221 -69 -140 -12
-32 -20 -37 -99
-7 -72 -4 -149
-120 -10 141 211
25 -67 68 -74
-3 45 -110 26
-230 -6 -78 55
-74 -74 8 -107
-38 4 -105 -126
5 -46 141 -61
4 -29 -19 -185
-60 -157 -21 44
82 -73 37 -60
-12 -140 -29 -73
-19 -22 34 25
50 29 34 -41
3 20 43 -40
69 -3 -34 -16
-53 170 64 -68
-26 58 -80 -64
112 93 93 121
-34 82 70 -147
62 -69 -142 -102
-20 -59 46 -5
-22 94 31 28
-183 -66 72 -49
70 61 -30 86
108 11 64 -132
98 8 -56 -192
58 -53 30 47
11 -6 -179 37
-4 -89 -22 53
8 35 19 2
22 25 -2 -51
-49 119 32 51
-43 114 -18 41
1 -85 69 37
20 33 16 -20
-46 -22 32 -36
-96 -5 -118 40
53 31 -126 -37
-44 -87 18 -142
-98 -17 27 -90
-50 -16 -65 -88
52 -69 -115 35
-112 32 -84 34
-70 124 181 -9
63 23 9 -51
96 -27 151 -99
50 45 -76 38
22 -48 15 -96
7 -121 1 151
-100 -7 -15 -73
34 -39 23 66
-143 -7 48 22
-25 142 -4 -74
9 68 -88 -1
93 34 -76 177
35 -69 -19 31
-20 -11 -19 44
49 -64 99 111
-3 21 -17 42
-71 -30 -123 -13
-139 118 98 36
16 76 149 37
-135 102 117 30
1 163 27 33
-15 -37 -110 -51
-27 125 -37 -54
90 -164 -28 95
29 37 -129 145
-2 -35 -113 -18
37 65 -72 -36
-20 -32 28 -20
-55 -19 -11 18
-81 -46 -84 -42
29 34 -157 82
-56 -107 23 9
95 26 -5 -15
9 220 -90 81
-22 -104 116 39
-56 49 30 -6
81 4 75 -51
109 21 -65 -6
-33 72 -63 0
-93 -38 144 -51
130 24 35 -28
72 32 73 -7
101 -41 94 -38
-20 -41 80 43
81 48 -129 12
-172 -17 -59 -1
20 23 6 -50
-12 -78 -217 -21
-94 -102 -75 79
-35 -31 -98 -36
-35 -71 31 -39
110 94 17 126
41 17 -34 16
-84 -59 1 -51
34 70 10 51
5 55 102 -6
-14 77 -59 66
11 -15 10 146
-73 110 70 -86
-14 179 -40 -64
40 158 -131 29
-4 -52 -1 108
-9 58 -47 8
-93 -33 -25 -48
12 56 -13 10
24 52 -38 32
72 127 57 94
-94 -15 -69 -9
11 28 -96 -113
-12 -6 -175 -12
-107 28 96 76
123 58 -3 -48
-58 62 5 -28
84 82 95 61
-31 -44 -150 92
-41 -5 102 36
-69 -43 152 89
-123 -43 -36 29
24 -38 -64 -16
-82 92 152 24
-27 80 -44 -21
-40 -50 -78 -48
-29 105 -83 -56
-34 -27 140 76
-58 -23 68 -70
57 -94 -25 -2
80 68 -45 -74
-16 -84 -13 78
168 -10 19 148
124 32 14 -24
-32 -98 -70 -37
67 171 191 40
75 52 -35 -63
-68 11 -76 37
111 -43 27 -1
103 42 15 45
0 -54 57 177
37 61 -93 -39
-37 -70 121 -5
-21 40 -100 -148
95 53 -157 -92
-80 118 -9 80
21 132 4 30
-30 -83 54 71
-55 -64 -7 114
-77 -67 -37 -34
106 94 -128 -116
-2 94 -9 61
68 47 -50 -59
74 -141 79 59
26 120 9 -33
-54 -24 38 12
82 -14 -68 -101
97 2 99 66
-57 109 -83 16
-157 110 -68 13
113 65 74 67
4 25 -43 -27
-115 19 -109 -30
-51 -15 8 -16
121 28 -201 -154
-15 -87 62 7
-8 152 36 -9
-219 -110 -86 -30
102 57 37 84
5 -17 16 -16
33 123 86 79
153 84 75 -111
-36 -21 -33 73
105 66 91 88
-75 -17 -99 -11
114 100 149 -98
35 130 19 10
-33 37 112 93
10 -63 -121 -13
77 116 -31 47
-83 107 36 -53
-94 -48 22 104
-50 22 -17 95
-52 -30 46 82
44 8 -10 -10
-87 -3 126 112
21 13 -49 5
136 -73 -27 -113
-28 6 102 -103
-79 -117 -97 62
63 24 -142 -76
128 34 73 22
57 -28 5 8
-12 -32 66 -54
13 -82 24 158
96 -158 -39 115
-58 -104 -100 72
-18 14 139 80
-14 72 88 -68
-32 -115 135 -87
22 58 140 0
128 -135 20 71
98 87 -26 -7
-14 -125 119 -49
-66 -93 25 -23
117 37 8 -126
-85 -36 -8 -15
-76 -79 -19 101
-63 -73 38 -7
107 64 8 84
52 45 98 -145
-12 31 -35 -42
-33 50 21 34
69 -124 24 -63
-37 -4 14 42
102 46 -20 64
-116 2 9 -61
99 -134 117 30
2 151 -49 -16
124 -7 -199 -101
-19 -8 -115 68
27 -88 42 55
-21 14 52 6
-25 -26 81 10
10 -64 51 -12
-120 91 -88 86
94 -15 37 -56
16 -79 21 -84
18 22 57 -12
-4 38 57 -26
-33 -63 40 5
-5 37 0 9
9 20 -41 -17
139 45 -100 -29
-22 139 -156 34
-94 -29 -21 47
-153 -65 59 134
102 18 152 -152
-14 43 -54 89
48 -30 40 111
75 54 28 0
-14 31 79 41
38 56 5 37
102 -104 12 67
38 -17 -58 97
23 -7 162 -74
12 66 78 49
23 -124 -68 56
-71 2 17 34
118 -7 118 94
-50 -114 21 11
57 80 90 -29
-38 68 -114 17
70 41 14 -81
79 -70 -2 -63
-29 69 44 34
80 40 86 42
2 -71 99 -105
146 -41 90 -39
0 -20 -68 -19
-38 -36 -172 32
110 -72 -66 9
38 48 -49 -49
-127 44 80 -67
160 20 -103 -56
162 114 47 -56
148 -14 -100 56
18 19 -2 158
37 -20 -52 94
-164 10 2 -1
-92 62 81 -21
-14 118 -82 -39
107 -3 -203 34
102 -83 25 -60
-57 170 -106 -70
-107 53 45 -129
50 -116 5 132
13 -66 -82 -34
82 -26 83 76
-78 -102 -103 -7
92 42 65 -52
-91 -62 -136 6
84 -11 -56 -10
109 19 58 53
-83 -46 -165 190
38 -31 79 48
42 178 -111 -20
87 -41 -175 91
-78 69 60 40
-125 61 93 38
-91 54 79 -64
94 41 38 -51
69 74 -116 79
94 -89 52 33
5 -39 61 48
-69 77 68 -39
72 -6 67 3
-39 17 37 124
50 16 21 32
-13 7 42 38
-12 22 86 135
94 -58 -20 25
142 84 36 -57
-59 27 2 26
-11 62 32 15
9 -37 66 -111
80 41 -27 -28
56 64 -36 -67
91 -83 23 64
-26 12 19 -4
82 130 -9 80
-44 44 52 -134
-85 -19 19 36
-54 126 129 -42
-54 -45 -31 36
58 46 20 -103
27 -173 83 39
66 -38 -7 26
-107 -35 133 75
-102 -39 -119 -101
129 -63 -61 -26
-54 129 55 82
-80 35 24 11
95 -26 3 -36
47 114 -69 55
64 86 94 -6
-23 -54 -26 -56
22 94 60 146
78 72 -39 39
140 0 56 -8
-46 -59 -10 68
-51 -23 -33 55
27 -78 -62 22
27 -9 -98 77
-41 -34 -30 234
15 -8 142 -93
100 -65 74 16
-1 -33 -57 21
196 -81 50 3
77 -35 -58 -77
-44 10 -15 198
46 -64 94 122
8 -143 163 -155
70 55 39 19
91 37 38 25
6 27 -27 97
12 -36 -55 -150
51 60 46 11
74 54 -58 65
71 1 -33 86
-11 140 -51 50
-91 -31 25 -66
93 -39 60 -54
26 11 6 -70
-4 -37 -42 57
-10 2 30 42
-29 -56 6 -25
-51 12 -59 -39
99 -19 76 -6
-56 88 -77 -59
87 -45 77 -31
-11 -22 53 111
-43 -18 37 -2
-40 -67 90 127
-10 103 25 70
11 151 90 11
70 93 -28 3
-5 50 11 19
47 -89 157 -73
0 130 18 58
-30 -54 -88 -62
190 -108 -114 134
96 108 -35 46
-119 -29 81 -2
-101 96 122 99
-15 -20 -128 93
-108 95 86 100
38 -100 -1 -90
86 38 -7 169
60 -69 -125 -5
22 60 8 80
118 -17 20 110
-44 -111 118 -73
126 58 15 -2
89 -2 -78 16
81 -28 -6 138
-77 -25 -85 -112
-122 -83 63 -15
51 87 -97 -51
-117 -83 -43 -17
30 -47 15 15
-48 -144 48 -31
3 -62 11 109
17 58 -60 20
-49 -73 -2 21
53 -39 100 136
33 31 -16 -41
-148 -36 -8 28
-42 6 -52 89
-47 -8 -43 -1
-34 18 -3 33
-54 104 41 -85
-8 10 -118 58
-22 55 18 74
-48 -35 -60 -50
121 -12 -7 140
-22 46 54 133
-85 -58 -57 -50
-102 -101 45 5
26 -54 69 26
-40 -65 -259 137
71 -99 -42 64
-65 -73 -14 -8
-76 -45 79 17
30 91 36 23
33 37 -11 -33
16 72 78 102
-41 -80 -143 49
-47 106 51 42
2 33 -79 51
-154 72 -13 96
39 -75 -53 -40
58 42 115 -24
-65 169 80 -98
82 -62 93 36
11 175 -211 -78
-173 -46 -39 -77
-28 -161 -68 53
132 -29 -53 -120
-53 49 -41 109
-28 76 72 -46
-49 50 -61 -65
-23 83 -34 94
43 -61 -37 146
-90 -40 30 96
-125 -9 -53 80
-84 -13 24 16
-171 60 33 27
9 22 -6 4
8 -32 35 1
27 73 66 -60
-22 83 188 -97
61 -47 -136 -30
7 54 2 -81
41 34 -146 5
-63 -62 108 20
-49 -11 88 -8
-10 12 -16 23
81 -181 -51 -115
133 -157 34 8
-66 10 -27 -178
-126 -69 72 -12
-29 0 10 58
-74 78 -90 42
-45 -87 36 -92
-62 -7 60 11
51 43 -4 -91
-47 43 -37 78
-58 -45 54 -57
-43 89 5 -117
-52 175 15 -14
-107 102 234 59
-28 -19 -19 -46
18 -82 -41 91
125 20 17 -4
-45 -62 6 -171
-33 124 -18 -34
-25 96 -120 91
3 -59 -90 -85
107 -11 -123 111
-64 46 -139 -33
36 86 103 15
-23 -3 71 66
13 -48 -86 132
-105 -16 -12 74
26 -70 -41 -70
-28 -73 30 -19
-113 -21 27 -1
-10 -15 -146 32
104 -83 68 83
-93 83 -221 26
-8 -10 42 -102
117 165 -90 97
-166 53 26 23
-65 -3 -182 89
18 -60 55 -40
-149 47 -172 71
-28 -20 -7 42
-11 26 -152 6
1 24 -101 45
-204 104 -50 -159
-46 23 5 -9
61 -31 29 -62
-13 128 -168 -8
-41 46 20 12
-57 -116 4 117
-120 -54 -7 56
-17 43 -32 -45
65 -55 -40 -65
-131 -45 135 -81
76 68 -167 40
-121 12 -33 -5
-69 -90 81 -2
3 66 77 1
-60 14 4 23
-2 -36 45 -131
-73 120 -107 -31
-56 59 -30 85
8 111 -125 -23
-49 21 42 -110
60 38 63 -61
89 -77 -14 -6
130 -93 -31 28
93 -31 74 -167
-46 10 122 -112
-51 -34 58 -93
65 -42 -90 -186
62 29 -32 79
-65 -10 -4 132
-65 -36 -76 34
112 -82 -40 78
-24 32 -22 -3
100 128 -114 -22
9 93 175 82
-1 56 -29 -81
-42 -176 -28 39
82 109 33 -1
-34 -72 13 -181
-53 38 183 81
103 -9 195 79
21 36 26 -42
-80 56 -61 -91
-1 -39 -113 -27
-33 -63 185 64
68 191 26 -21
-92 70 2 -69
-3 -73 37 -26
-9 36 -130 38
40 63 -69 -3
-54 -47 80 -5
58 84 -82 70
-9 18 63 2
10 108 47 -96
28 68 -22 -13
22 -24 -43 109
-35 -96 9 4
-58 6 56 -57
9 6 50 8
-57 11 -60 -93
-113 -106 -105 1
-6 135 -12 76
132 -109 -61 -75
78 -19 -24 -41
104 -5 -43 -91
44 -16 -48 27
-58 59 120 -39
-1 49 -113 -7
-5 115 25 58
75 -15 -6 37
-65 65 -55 121
13 -4 32 23
-11 -46 160 16
-92 99 43 -112
76 39 77 -33
142 57 93 79
19 -25 108 137
48 29 -29 1
-4 -3 134 -76
-17 44 169 5
38 -28 135 20
122 -69 62 95
57 102 77 -181
-10 -29 -54 -27
-61 -8 2 59
163 74 1 25
67 38 -38 -89
-22 36 151 -95
7 -2 91 -60
-16 -29 -91 -24
-95 32 3 -90
-11 76 34 39
-280 71 -33 94
-72 25 -49 -106
-26 -33 10 42
-35 17 -76 -101
-48 -117 -1 -70
-66 32 -63 -14
-62 -45 -37 -220
41 -57 -117 18
-58 -85 -70 -34
-111 -198 31 -67
-90 67 -63 -86
-7 -63 -77 -58
-74 -51 -128 69
12 -27 96 -72
59 124 73 -89
-39 126 129 8
-114 206 47 -122
60 108 -60 7
-20 77 -109 -31
-76 -13 47 83
57 137 -15 23
66 166 -30 50
-28 24 -110 134
22 -7 -24 95
53 114 57 147
-43 -46 -124 -6
9 16 33 156
9 45 -67 -69
-106 -8 3 8
-67 -32 -56 72
-52 -44 -93 66
28 69 8 120
-29 94 -35 -60
61 90 121 50
-59 -68 -39 9
-30 -91 -3 -218
18 -39 -67 -123
41 -28 -23 6
-72 -74 48 -170
-15 111 -31 113
-154 32 -64 10
48 -184 9 52
-23 118 -22 36
77 -43 -15 15
-108 115 -37 -9
-39 144 -33 -30
-43 -53 100 31
84 8 18 -44
-71 43 19 -33
-41 -64 -41 9
13 112 -133 4
-12 -57 32 -108
63 46 -28 -14
134 -118 -19 -56
23 30 -99 30
-84 -85 -40 96
-50 193 28 -9
-59 19 -81 -27
28 83 -22 102
42 3 -79 -35
-84 -55 -90 19
-54 -20 -6 85
-24 128 -64 85
-25 -78 -36 19
13 61 113 -4
40 -24 -111 -101
-85 -5 21 1
-106 -92 -119 -10
-59 10 11 -78
168 -71 1 36
-53 5 -60 84
-107 -24 -24 79
0 -85 -19 36
21 45 -84 -23
-67 -29 -8 -134
249 -18 48 -15
152 47 -51 -2
-4 -125 -43 28
-78 179 79 14
77 34 42 11
-23 -4 -15 108
-17 -91 68 -54
35 -2 -68 -41
-43 77 35 83
-2 83 10 -34
11 -66 49 -59
-59 130 55 137
-111 147 -66 131
-20 106 138 -18
41 34 -43 125
-76 184 11 41
120 40 6 59
-56 145 40 100
-135 -47 25 -1
72 -46 23 -56
83 88 -61 -32
181 126 -75 -117
50 -12 44 74
71 -51 -94 77
24 -102 -107 0
-64 28 -56 -29
223 -69 102 41
-76 45 -183 123
62 -31 202 -42
78 28 -125 56
-212 108 52 30
20 51 -96 -26
-196 -27 164 -71
-40 -47 -14 129
-49 -86 2 -28
33 27 -77 -114
-94 -77 35 32
-9 -167 57 33
41 -46 74 1
-46 27 -83 158
-35 -20 85 -142
80 15 -83 131
50 -40 -22 44
-10 31 0 -48
-8 -111 -91 -39
48 -28 4 34
3 -13 88 56
-85 -84 -83 47
-1 -79 -63 27
46 -28 12 52
28 -37 84 84
-32 -27 -83 12
-22 17 -89 21
204 -41 -82 24
-33 -34 1 23
-6 77 61 -171
-45 39 28 37
53 44 150 -99
43 52 56 -91
-90 -7 54 90
106 -128 -10 26
4 -74 -111 -3
6 100 35 85
15 -23 -61 -106
-81 41 -142 -15
37 39 -209 -107
7 63 33 135
-34 59 -38 -115
53 -126 -93 -126
-52 -41 90 -56
-68 55 32 -41
48 -11 0 -12
-26 64 -13 88
-2 44 78 43
11 43 -34 81
-107 48 -215 100
-10 29 108 3
-55 -119 -32 15
-253 61 16 -17
126 -52 -23 -99
37 -6 -76 29
56 -188 32 106
65 -63 -82 53
-99 -113 -129 -118
-43 -51 87 -110
-67 -6 87 4
-67 70 -80 -10
120 -65 -218 110
-54 55 14 59
25 174 -37 152
-95 11 24 16
48 66 38 138
-40 169 -74 -9
-51 -2 12 86
-70 -2 12 63
-131 -89 4 44
21 71 -96 -140
-115 -22 26 24
-73 60 -25 52
57 93 -29 -127
-12 -88 21 -33
-28 115 -79 154
-133 -64 42 107
121 -24 4 20
-13 -50 -62 30
-40 -32 115 73
103 64 -68 -33
-121 -21 17 -89
73 5 14 25
-53 -69 -132 -85
-15 -43 35 66
42 -13 59 98
49 59 -23 11
75 -59 139 -104
-47 18 -28 -132
32 64 45 -173
131 66 22 -20
-43 -101 190 -20
-70 -51 60 -52
66 10 19 -148
-12 -80 -7 77
81 -85 62 12
-42 9 -68 107
49 108 53 -71
35 -59 -49 3
-14 65 90 -110
35 -87 15 29
38 -137 -31 -33
-7 53 100 60
-12 105 -50 65
-95 45 -89 -38
-93 73 28 -20
23 150 5 -52
-126 -65 -67 -89
39 13 -82 10
33 -36 -176 166
-26 108 35 44
42 65 73 109
-62 123 33 107
8 51 31 2
90 21 -33 -9
16 130 -38 38
67 50 179 52
-43 97 99 28
64 -40 151 -75
68 -6 68 -100
-85 24 -97 -18
-82 -78 33 -146
-101 62 7 -3
-13 1 13 -85
-76 10 -11 70
26 -153 44 -88
43 -81 1 -22
-4 6 122 -155
128 85 42 16
45 -25 -27 -30
116 -136 148 53
-17 -110 22 -120
-70 85 77 91
-4 72 -20 -16
40 116 46 21
-10 -93 68 7
78 79 23 -130
81 47 -66 -26
-49 -52 41 -25
79 -38 55 -10
-99 -41 49 118
-9 -46 7 106
16 -26 63 49
-52 -40 -77 -53
-19 14 -96 46
-63 86 78 34
-42 -6 63 7
-109 42 36 76
78 56 42 -11
-64 -32 21 -65
-24 -96 56 -44
72 -96 -6 52
-109 2 -78 1
214 21 -189 22
21 -27 53 -154
-53 -2 -65 3
100 57 -69 -188
-98 90 -123 29
-50 -13 106 -27
101 -4 -42 91
-74 40 -134 -63
50 11 105 -3
-69 95 -57 -209
-31 104 79 -6
84 121 -10 55
-4 100 -66 18
-8 86 108 74
5 -63 -121 28
-6 -88 -75 43
35 -12 56 -124
62 3 -27 -78
-26 74 37 -167
-116 -24 -74 -67
-86 -70 -40 34
-77 125 -50 139
-47 24 -21 58
-58 140 27 -27
4 -33 -131 36
-74 49 -107 79
53 19 -1 -29
-16 140 -26 187
39 100 -40 -55
-109 -164 -44 69
-145 -6 -35 -68
75 96 -23 -92
-31 -37 14 9
41 61 153 -39
-110 -49 152 36
6 13 50 98
93 -93 -75 -108
-11 -62 46 -37
23 -48 113 -102
-73 -9 -17 22
24 -32 5 -41
76 0 88 110
-26 52 75 -60
67 21 -50 -1
-102 55 -6 -33
54 -42 43 -72
-71 -72 69 30
25 -37 -48 -108
-53 24 54 -60
-65 22 -129 68
6 50 78 -36
15 -47 -104 110
-61 -24 0 48
7 -127 -27 105
-83 -71 -18 114
120 -40 -179 -76
-27 81 -64 -42
46 103 177 -26
-144 -76 39 54
-92 -135 59 -7
84 -12 -45 -44
121 159 9 161
78 -14 31 229
55 18 41 -50
-25 61 -57 11
-59 -75 -117 -22
57 -36 13 -198
-58 -85 39 -26
-75 -75 113 -29
-149 -131 -33 110
10 -42 -128 -142
173 -17 -125 -122
24 78 74 -194
-58 -19 21 -22
-46 -18 -38 69
-11 104 106 -6
30 -48 -20 -79
92 -1 59 10
73 -19 6 -70
-30 144 -47 175
25 -52 -32 -26
-17 185 -29 -46
-151 -98 63 -54
11 -7 13 -84
148 3 -65 3
39 -110 176 -98
-34 -42 54 7
70 10 50 -86
145 -26 12 -108
36 36 117 44
115 38 -38 9
95 -46 80 54
-14 84 18 -5
43 -63 41 -74
27 20 -40 40
75 -42 -140 -137
-1 -54 -27 2
25 64 86 -35
10 162 53 -33
41 119 -126 -66
-35 19 -72 -66
29 181 -31 -51
-198 -88 -40 -46
-73 -19 -3 124
-34 63 20 -90
18 -2 4 16
-100 -81 -11 -75
165 49 4 -77
38 52 13 73
33 -21 5 98
-35 -66 -108 -36
121 54 -110 -31
30 4 3 -71
-11 -100 -8 -71
-41 74 2 -10
-39 -64 -44 70
-4 58 38 -46
147 70 -109 -39
-8 -25 -41 -67
