0 0 
0 0 
0 0 
0 0 
0 0 
0 0 
0 0 
0 0 
0 0 
0 0 
0 0 
0 0 
0 0 
0 0 
0 0 
0 0 
0 0 
0 0 
0 0 
0 0 
0 0 
-1 0 
0 0 
1 0 
1 0 
1 0 
-1 0 
-2 0 
-1 1 
2 0 
2 -1 
0 -1 
-3 0 
-3 1 
0 1 
4 -1 
4 -2 
-1 -1 
-6 1 
-5 3 
3 2 
10 -2 
7 -5 
-6 -3 
-16 5 
-11 15 
7 16 
18 -2 
0 -43 
-49 -94 
-103 -135 
-126 -141 
-100 -102 
-43 -33 
5 31 
16 52 
-3 18 
-24 -52 
-22 -111 
-5 -116 
0 -58 
-29 34 
-77 105 
-106 118 
-79 75 
6 14 
108 -21 
175 -11 
175 27 
116 55 
32 49 
-39 14 
-75 -23 
-73 -40 
-43 -38 
-3 -37 
31 -50 
46 -69 
41 -71 
29 -38 
28 18 
47 69 
78 90 
98 88 
90 97 
57 145 
19 228 
-3 301 
-7 312 
-9 243 
-26 131 
-56 39 
-82 11 
-87 35 
-71 58 
-51 33 
-46 -34 
-62 -92 
-86 -85 
-101 -15 
-100 58 
-85 65 
-64 -11 
-42 -110 
-27 -149 
-25 -95 
-42 4 
-70 60 
-87 26 
-68 -60 
-12 -112 
53 -77 
88 16 
70 84 
12 67 
-49 -15 
-79 -88 
-75 -90 
-51 -27 
-24 44 
1 73 
34 55 
74 25 
106 11 
110 9 
81 -2 
38 -32 
5 -62 
-1 -68 
10 -52 
14 -38 
-2 -47 
-31 -73 
-50 -90 
-40 -83 
-4 -65 
33 -63 
41 -80 
10 -92 
-42 -68 
-81 -7 
-79 55 
-33 76 
31 52 
79 22 
92 29 
78 79 
61 131 
56 138 
65 88 
69 17 
54 -26 
22 -21 
-11 8 
-20 18 
3 -14 
49 -75 
88 -130 
87 -150 
31 -125 
-61 -66 
-145 6 
-172 69 
-126 106 
-35 103 
44 66 
70 13 
41 -32 
-2 -61 
-18 -82 
5 -106 
37 -130 
40 -131 
4 -90 
-49 -17 
-77 45 
-55 55 
10 8 
85 -57 
128 -87 
111 -60 
32 -3 
-86 32 
-197 13 
-259 -46 
-251 -94 
-187 -93 
-109 -45 
-53 9 
-28 25 
-20 -9 
-10 -63 
5 -93 
9 -68 
-6 -5 
-34 51 
-53 53 
-46 -9 
-16 -94 
22 -140 
56 -108 
76 -14 
79 73 
56 85 
3 10 
-65 -96 
-114 -149 
-110 -104 
-53 6 
20 97 
55 103 
36 25 
-8 -68 
-23 -102 
14 -58 
72 19 
92 57 
40 26 
-53 -43 
-118 -89 
-107 -74 
-39 -11 
21 51 
16 78 
-46 68 
-101 52 
-91 49 
-20 57 
51 56 
59 39 
3 21 
-54 23 
-47 41 
30 48 
113 13 
127 -57 
56 -120 
-37 -124 
-65 -60 
3 29 
119 76 
194 47 
175 -35 
85 -106 
-7 -115 
-42 -60 
-12 17 
47 62 
99 48 
122 -9 
114 -72 
74 -103 
3 -90 
-82 -44 
-140 8 
-133 39 
-56 37 
45 10 
101 -22 
74 -41 
-17 -41 
-108 -32 
-141 -25 
-102 -17 
-24 1 
48 29 
89 49 
102 35 
104 -19 
106 -87 
108 -123 
103 -107 
85 -60 
53 -31 
5 -45 
-51 -77 
-96 -76 
-108 -12 
-75 88 
-6 160 
68 159 
113 95 
109 17 
69 -30 
21 -40 
-7 -37 
-6 -33 
16 -19 
40 21 
54 76 
57 111 
58 94 
62 34 
65 -26 
58 -42 
31 -13 
-5 27 
-25 42 
-10 30 
41 15 
95 16 
118 27 
93 23 
43 -9 
4 -47 
-5 -59 
3 -27 
-2 29 
-29 67 
-53 61 
-37 15 
23 -35 
88 -52 
101 -18 
47 50 
-31 116 
-60 142 
-3 115 
104 50 
184 -13 
178 -45 
100 -44 
15 -40 
-16 -65 
13 -119 
59 -171 
74 -182 
50 -142 
17 -80 
7 -36 
18 -25 
15 -31 
-25 -26 
-92 -2 
-144 19 
-142 16 
-87 -6 
-8 -19 
56 2 
88 49 
88 84 
64 74 
19 22 
-43 -37 
-100 -66 
-118 -56 
-78 -32 
2 -25 
76 -48 
98 -86 
59 -119 
-11 -133 
-68 -134 
-88 -135 
-80 -138 
-63 -135 
-48 -109 
-30 -56 
-10 8 
-3 56 
-25 67 
-72 44 
-111 15 
-105 11 
-51 39 
13 75 
37 81 
2 40 
-59 -26 
-92 -73 
-68 -73 
-10 -36 
30 -1 
22 3 
-16 -16 
-37 -29 
-8 -20 
55 -5 
110 -16 
122 -65 
95 -124 
62 -145 
50 -101 
57 -8 
65 92 
59 162 
46 192 
40 190 
41 160 
34 101 
7 28 
-29 -25 
-42 -19 
-12 47 
44 123 
80 141 
61 72 
-2 -44 
-51 -128 
-34 -132 
50 -77 
147 -31 
184 -40 
131 -83 
15 -96 
-100 -43 
-160 38 
-154 63 
-103 -17 
-39 -160 
15 -258 
48 -224 
57 -71 
43 100 
15 176 
-10 126 
-17 8 
-6 -85 
11 -108 
17 -83 
5 -60 
-18 -64 
-41 -77 
-58 -74 
-71 -53 
-79 -43 
-78 -66 
-64 -109 
-39 -136 
-17 -125 
-5 -90 
1 -71 
16 -88 
50 -120 
88 -124 
105 -76 
81 -6 
30 34 
-15 9 
-24 -65 
-6 -133 
3 -147 
-31 -98 
-101 -22 
-158 42 
-153 67 
-81 57 
14 25 
74 -18 
77 -64 
48 -103 
30 -119 
40 -105 
55 -66 
37 -23 
-26 0 
-108 -3 
-173 -20 
-199 -32 
-194 -27 
-169 -13 
-128 -8 
-70 -24 
-5 -56 
42 -85 
46 -88 
16 -59 
-12 -12 
-1 30 
52 49 
114 40 
139 4 
108 -49 
37 -109 
-43 -153 
-104 -156 
-132 -103 
-118 -10 
-58 79 
36 119 
126 100 
158 57 
104 35 
-9 52 
-107 81 
-119 76 
-26 18 
121 -62 
239 -114 
268 -117 
207 -92 
103 -81 
8 -101 
-55 -123 
-90 -107 
-111 -46 
-117 27 
-93 62 
-30 39 
57 -15 
129 -56 
148 -62 
104 -46 
27 -33 
-34 -40 
-47 -59 
-12 -76 
41 -84 
78 -89 
82 -91 
58 -83 
24 -54 
-4 -6 
-14 40 
3 60 
43 45 
83 16 
90 6 
41 39 
-50 104 
-134 164 
-157 179 
-104 137 
-16 67 
40 14 
28 5 
-23 32 
-45 57 
9 49 
118 15 
209 -10 
211 2 
116 41 
-19 69 
-117 50 
-140 -9 
-107 -71 
-62 -98 
-38 -87 
-31 -59 
-25 -36 
-17 -13 
-19 28 
-43 87 
-77 137 
-90 143 
-63 96 
-15 29 
12 -16 
-7 -21 
-51 -4 
-64 4 
-9 -10 
89 -27 
156 -22 
129 7 
17 39 
-104 43 
-152 14 
-107 -28 
-22 -54 
30 -52 
24 -37 
2 -35 
17 -61 
74 -97 
119 -107 
91 -63 
-16 26 
-134 110 
-182 132 
-132 67 
-31 -53 
40 -158 
37 -191 
-19 -151 
-73 -90 
-83 -60 
-57 -76 
-26 -100 
-15 -91 
-21 -44 
-27 3 
-24 9 
-17 -30 
-14 -71 
-12 -71 
-2 -22 
16 42 
27 84 
10 95 
-40 96 
-101 105 
-137 116 
-121 103 
-63 60 
4 9 
44 -19 
47 -11 
31 6 
26 -3 
49 -47 
88 -99 
114 -124 
103 -113 
61 -89 
14 -80 
-8 -85 
-1 -77 
16 -33 
18 31 
-1 73 
-25 58 
-30 -3 
-8 -63 
24 -77 
38 -41 
21 11 
-16 41 
-48 39 
-55 25 
-35 24 
-8 35 
2 32 
-19 -2 
-68 -59 
-120 -100 
-151 -95 
-143 -42 
-103 23 
-53 54 
-23 35 
-21 -15 
-35 -53 
-42 -52 
-24 -23 
13 -6 
48 -36 
61 -112 
49 -190 
25 -212 
10 -154 
13 -40 
27 67 
36 110 
25 76 
-8 3 
-53 -52 
-90 -53 
-100 -6 
-79 48 
-36 66 
6 31 
29 -40 
31 -109 
24 -142 
24 -124 
38 -68 
61 1 
76 48 
74 53 
56 13 
31 -51 
13 -105 
4 -117 
-1 -77 
-12 -11 
-33 37 
-54 29 
-55 -30 
-26 -97 
25 -115 
66 -64 
65 26 
16 89 
-56 83 
-114 21 
-135 -44 
-128 -59 
-117 -25 
-117 15 
-117 16 
-95 -18 
-49 -41 
-7 -10 
-4 73 
-50 151 
-113 164 
-140 103 
-109 14 
-42 -39 
9 -28 
12 14 
-20 32 
-40 -3 
-16 -70 
45 -118 
94 -113 
91 -66 
35 -16 
-31 3 
-58 -9 
-26 -23 
43 -5 
110 47 
146 105 
148 128 
128 96 
99 21 
68 -56 
41 -92 
30 -70 
43 -7 
72 59 
91 94 
75 84 
25 48 
-26 20 
-44 25 
-20 64 
17 110 
28 129 
-4 103 
-54 43 
-83 -14 
-69 -37 
-29 -24 
0 1 
-6 5 
-36 -20 
-57 -56 
-47 -73 
-9 -61 
31 -38 
49 -26 
38 -32 
12 -34 
-15 -4 
-33 60 
-38 126 
-31 156 
-10 131 
26 72 
65 14 
90 -17 
83 -26 
45 -30 
-2 -42 
-23 -54 
3 -55 
65 -41 
123 -23 
135 -16 
86 -26 
11 -50 
-34 -77 
-14 -98 
53 -101 
110 -77 
106 -24 
42 42 
-28 89 
-40 88 
21 39 
110 -23 
156 -49 
122 -18 
34 48 
-39 93 
-47 74 
11 -2 
85 -87 
120 -128 
97 -103 
37 -38 
-22 23 
-49 53 
-36 55 
5 52 
59 55 
102 55 
115 31 
85 -17 
26 -67 
-29 -82 
-46 -45 
-15 25 
31 82 
46 86 
2 30 
-80 -50 
-145 -101 
-144 -88 
-74 -23 
20 45 
88 64 
104 20 
82 -52 
51 -93 
29 -68 
6 8 
-36 81 
-95 101 
-147 63 
-158 3 
-115 -34 
-36 -35 
38 -23 
78 -29 
76 -57 
53 -79 
35 -66 
32 -20 
37 25 
37 32 
22 -1 
1 -45 
-16 -59 
-17 -36 
-7 1 
7 17 
17 -1 
25 -36 
37 -62 
52 -70 
60 -68 
53 -63 
32 -53 
14 -24 
18 24 
48 70 
80 82 
81 47 
39 -14 
-24 -55 
-65 -44 
-53 16 
-1 84 
45 114 
40 84 
-18 13 
-89 -63 
-120 -106 
-87 -106 
-12 -72 
58 -35 
82 -21 
56 -45 
4 -95 
-45 -142 
-73 -153 
-76 -118 
-60 -60 
-29 -11 
7 11 
32 22 
28 50 
-7 103 
-58 152 
-91 153 
-85 88 
-43 -11 
-1 -91 
1 -118 
-47 -102 
-113 -76 
-140 -64 
-97 -56 
-4 -38 
75 -20 
84 -33 
21 -95 
-58 -175 
-86 -207 
-40 -145 
42 -14 
95 106 
91 138 
57 72 
47 -27 
90 -82 
160 -63 
196 -2 
160 39 
68 28 
-23 -23 
-59 -74 
-26 -92 
43 -68 
100 -14 
110 54 
72 114 
11 140 
-43 113 
-69 33 
-68 -62 
-62 -121 
-72 -106 
-103 -28 
-138 66 
-149 126 
-119 131 
-59 102 
3 72 
42 59 
50 57 
38 53 
20 48 
1 60 
-17 95 
-34 132 
-41 130 
-34 65 
-18 -39 
-4 -123 
7 -133 
22 -72 
54 7 
92 37 
110 -3 
81 -76 
13 -118 
-56 -98 
-80 -38 
-50 10 
2 6 
28 -42 
10 -95 
-27 -119 
-38 -109 
-2 -84 
59 -62 
104 -43 
106 -10 
72 39 
29 90 
-6 114 
-33 91 
-60 29 
-83 -42 
-85 -91 
-52 -102 
9 -81 
66 -50 
87 -30 
60 -30 
-5 -38 
-85 -38 
-155 -15 
-191 25 
-176 60 
-106 65 
-6 30 
71 -23 
72 -60 
-13 -59 
-133 -27 
-204 2 
-173 -1 
-60 -31 
50 -54 
76 -36 
6 24 
-95 86 
-146 102 
-120 55 
-59 -24 
-32 -84 
-63 -91 
-120 -55 
-147 -11 
-122 8 
-78 -4 
-53 -28 
-50 -42 
-30 -30 
43 10 
149 70 
218 132 
188 170 
63 162 
-83 108 
-162 41 
-139 10 
-48 40 
42 110 
86 158 
80 132 
48 34 
14 -83 
-14 -156 
-33 -158 
-42 -113 
-45 -66 
-49 -40 
-64 -28 
-85 -12 
-94 4 
-77 -7 
-40 -61 
-11 -133 
-14 -169 
-36 -128 
-41 -20 
-2 91 
64 138 
108 97 
90 2 
23 -82 
-35 -108 
-33 -74 
29 -12 
94 37 
101 49 
38 28 
-44 -4 
-74 -24 
-26 -17 
62 4 
112 14 
72 -10 
-45 -66 
-170 -120 
-226 -137 
-182 -106 
-74 -54 
29 -20 
72 -19 
47 -30 
-12 -21 
-64 17 
-96 53 
-117 53 
-139 11 
-152 -38 
-130 -54 
-65 -37 
18 -25 
70 -57 
62 -121 
14 -161 
-22 -121 
-7 -8 
47 112 
87 162 
71 116 
4 18 
-65 -58 
-90 -71 
-69 -30 
-37 20 
-29 48 
-48 56 
-68 65 
-69 87 
-56 109 
-44 104 
-35 56 
-5 -22 
67 -95 
168 -127 
248 -103 
256 -42 
183 18 
75 41 
-6 16 
-28 -35 
-2 -75 
32 -77 
45 -44 
40 -3 
38 19 
46 9 
55 -20 
47 -49 
15 -59 
-25 -46 
-50 -16 
-48 16 
-28 37 
-5 42 
6 39 
2 45 
-15 69 
-38 98 
-59 105 
-69 69 
-56 1 
-18 -54 
35 -54 
79 8 
93 92 
76 140 
44 123 
21 57 
18 -9 
28 -36 
33 -21 
21 9 
-12 28 
-57 31 
-98 28 
-123 25 
-120 20 
-84 4 
-22 -29 
45 -71 
89 -112 
90 -139 
53 -149 
4 -137 
-23 -105 
-9 -61 
36 -24 
80 -12 
90 -31 
52 -67 
-15 -94 
-72 -94 
-85 -71 
-42 -44 
37 -28 
111 -24 
147 -24 
136 -20 
94 -18 
44 -26 
1 -43 
-34 -55 
-62 -44 
-83 -8 
-88 28 
-78 36 
-65 5 
-67 -42 
-92 -63 
-127 -28 
-143 52 
-120 134 
-62 175 
3 158 
46 108 
54 62 
32 42 
-4 42 
-38 38 
-63 16 
-76 -17 
-74 -36 
-55 -23 
-20 21 
24 79 
68 129 
100 157 
109 154 
86 118 
32 57 
-32 -9 
-73 -54 
-62 -61 
-2 -41 
70 -23 
99 -29 
61 -51 
-16 -56 
-71 -18 
-58 47 
11 90 
72 67 
66 -10 
-11 -82 
-99 -82 
-120 -3 
-51 98 
61 143 
127 99 
92 -1 
-29 -84 
-160 -102 
-223 -62 
-188 -9 
-87 21 
19 24 
76 20 
67 18 
9 11 
-60 -14 
-103 -48 
-102 -63 
-66 -40 
-19 7 
16 34 
31 9 
37 -54 
50 -103 
70 -91 
83 -19 
69 61 
27 97 
-16 72 
-28 19 
5 -19 
68 -29 
122 -32 
138 -50 
113 -77 
69 -77 
35 -28 
26 49 
35 101 
43 90 
33 28 
3 -33 
-26 -46 
-28 -12 
15 28 
91 36 
161 8 
182 -26 
134 -37 
38 -22 
-50 -4 
-77 0 
-26 -8 
72 -11 
152 -1 
161 19 
82 39 
-49 64 
-164 101 
-204 147 
-145 176 
-17 160 
114 97 
184 27 
167 1 
87 38 
1 101 
-40 126 
-25 79 
18 -10 
46 -69 
33 -44 
-7 51 
-38 145 
-33 165 
5 100 
45 3 
56 -53 
33 -41 
-1 9 
-20 37 
-18 15 
-14 -32 
-30 -51 
-62 -13 
-80 58 
-54 101 
17 70 
97 -31 
137 -144 
121 -201 
71 -165 
32 -59 
28 50 
51 93 
70 46 
66 -52 
45 -127 
25 -121 
17 -35 
12 71 
0 120 
-16 81 
-19 -14 
6 -95 
48 -112 
77 -70 
70 -12 
30 24 
-13 35 
-28 46 
-3 70 
42 87 
77 63 
82 -7 
56 -85 
16 -114 
-22 -65 
-49 28 
-64 99 
-64 101 
-49 43 
-21 -24 
8 -55 
22 -53 
7 -54 
-31 -87 
-72 -136 
-85 -154 
-56 -105 
6 -6 
68 88 
101 120 
94 82 
64 9 
43 -53 
47 -81 
67 -89 
77 -93 
59 -96 
19 -80 
-15 -38 
-21 12 
2 35 
33 16 
47 -23 
41 -39 
31 -11 
34 42 
48 69 
50 40 
19 -25 
-38 -73 
-84 -56 
-85 21 
-38 112 
24 162 
60 154 
57 109 
42 62 
52 28 
95 0 
137 -36 
135 -73 
73 -90 
-19 -71 
-93 -25 
-124 14 
-125 18 
-127 -11 
-140 -40 
-149 -35 
-130 12 
-82 70 
-29 94 
3 61 
9 -10 
9 -71 
22 -75 
41 -16 
47 71 
31 133 
10 139 
14 93 
55 28 
110 -23 
139 -42 
122 -31 
69 3 
10 55 
-33 113 
-63 156 
-90 154 
-111 94 
-106 -4 
-62 -88 
4 -110 
58 -59 
68 28 
34 95 
-14 103 
-43 61 
-35 10 
7 -16 
71 -12 
146 -1 
213 -7 
237 -33 
186 -60 
64 -71 
-77 -60 
-159 -41 
-137 -24 
-33 -12 
74 1 
109 14 
64 16 
-10 -8 
-44 -57 
-18 -111 
35 -139 
60 -122 
37 -64 
-7 10 
-27 67 
0 82 
51 55 
87 3 
85 -45 
59 -60 
50 -31 
84 26 
150 78 
202 90 
196 52 
124 -14 
29 -70 
-25 -83 
0 -49 
81 7 
146 54 
131 71 
29 54 
-97 19 
-169 -17 
-151 -34 
-73 -22 
5 17 
51 72 
81 119 
127 140 
185 131 
211 103 
153 73 
11 49 
-150 27 
-245 2 
-231 -21 
-135 -30 
-25 -16 
41 11 
49 27 
22 12 
-11 -29 
-31 -70 
-25 -80 
12 -48 
71 8 
128 62 
143 91 
94 92 
-3 72 
-95 42 
-128 15 
-83 3 
14 11 
108 41 
155 77 
145 101 
96 97 
40 65 
-2 18 
-27 -31 
-46 -72 
-76 -99 
-121 -105 
-167 -83 
-186 -35 
-150 24 
-62 70 
40 85 
103 65 
93 21 
27 -25 
-39 -51 
-50 -40 
4 10 
78 81 
106 143 
50 165 
-74 136 
-200 73 
-266 14 
-244 -12 
-159 0 
-68 28 
-17 47 
-17 43 
-39 23 
-46 -5 
-20 -34 
23 -66 
48 -96 
30 -114 
-22 -107 
-66 -70 
-63 -14 
-6 38 
72 64 
126 55 
128 19 
93 -21 
53 -35 
26 -10 
5 47 
-28 103 
-76 126 
-110 107 
-97 67 
-29 35 
60 22 
121 7 
127 -34 
97 -91 
66 -121 
55 -83 
48 16 
20 110 
-32 124 
-79 37 
-89 -95 
-62 -181 
-37 -174 
-51 -105 
-97 -50 
-129 -55 
-101 -100 
-21 -121 
47 -82 
39 -10 
-48 31 
-151 3 
-189 -73 
-129 -132 
-9 -129 
96 -74 
136 -17 
112 1 
62 -18 
20 -36 
-12 -23 
-47 18 
-90 53 
-125 58 
-127 41 
-87 31 
-23 49 
28 86 
31 106 
-20 81 
-97 17 
-152 -50 
-149 -84 
-94 -81 
-27 -67 
-1 -74 
-34 -113 
-93 -158 
-119 -174 
-78 -144 
9 -77 
78 -1 
83 64 
31 113 
-21 146 
-17 160 
49 149 
131 121 
168 97 
139 99 
72 124 
15 141 
0 115 
19 43 
48 -45 
66 -103 
68 -112 
58 -84 
36 -43 
3 -1 
-33 46 
-52 96 
-37 125 
6 106 
46 41 
50 -29 
8 -52 
-51 -17 
-82 39 
-62 62 
-11 39 
28 12 
21 30 
-27 99 
-83 160 
-110 154 
-105 76 
-86 -9 
-72 -26 
-59 32 
-22 105 
54 118 
148 59 
214 -10 
209 -13 
132 61 
28 153 
-48 185 
-63 132 
-27 42 
25 -19 
61 -23 
71 1 
67 12 
68 -4 
84 -25 
104 -26 
111 -9 
88 0 
36 -17 
-23 -48 
-58 -65 
-49 -59 
0 -45 
55 -47 
75 -64 
41 -72 
-33 -49 
-108 -8 
-144 21 
-124 14 
-59 -17 
20 -38 
84 -27 
115 1 
112 15 
87 -2 
59 -35 
42 -52 
43 -41 
56 -14 
66 7 
56 22 
22 46 
-25 92 
-64 145 
-72 175 
-39 166 
25 132 
90 108 
124 112 
106 127 
47 124 
-23 89 
-68 43 
-69 18 
-34 26 
15 49 
56 59 
74 53 
65 51 
31 75 
-16 118 
-55 144 
-62 122 
-29 53 
29 -23 
76 -62 
85 -51 
53 -12 
5 20 
-31 29 
-38 22 
-27 20 
-12 29 
3 45 
24 61 
57 77 
91 93 
104 99 
85 76 
47 15 
18 -64 
19 -118 
42 -109 
60 -37 
50 59 
22 125 
5 134 
21 101 
59 67 
81 60 
55 76 
-18 88 
-100 79 
-148 56 
-151 45 
-135 65 
-130 103 
-137 122 
-126 93 
-70 21 
27 -54 
120 -92 
163 -80 
143 -40 
88 -4 
44 14 
32 28 
46 53 
65 88 
78 106 
91 85 
110 28 
129 -29 
132 -51 
113 -31 
78 5 
40 26 
6 27 
-27 33 
-62 68 
-92 119 
-106 144 
-97 104 
-72 5 
-43 -96 
-15 -136 
14 -91 
43 1 
64 74 
65 79 
48 22 
32 -49 
37 -84 
64 -66 
91 -16 
89 29 
54 44 
7 26 
-22 -14 
-20 -61 
4 -104 
33 -132 
63 -133 
97 -101 
133 -46 
152 5 
132 22 
75 -10 
14 -70 
-10 -118 
18 -117 
68 -61 
94 16 
73 65 
29 57 
12 -1 
52 -72 
124 -119 
171 -125 
150 -102 
68 -68 
-18 -33 
-55 0 
-28 28 
21 43 
36 37 
-8 16 
-87 3 
-150 21 
-151 72 
-89 133 
1 164 
69 140 
82 65 
42 -29 
-23 -102 
-76 -123 
-97 -86 
-87 -9 
-63 71 
-41 116 
-22 101 
6 38 
47 -28 
87 -49 
102 -9 
77 62 
27 107 
-9 85 
-5 10 
34 -61 
75 -74 
89 -20 
80 60 
78 106 
102 89 
135 27 
139 -31 
96 -47 
37 -18 
16 26 
55 53 
118 45 
136 9 
75 -33 
-24 -62 
-78 -65 
-36 -44 
66 -9 
139 26 
120 52 
35 67 
-32 67 
-14 47 
68 3 
130 -59 
103 -114 
-3 -129 
-105 -90 
-123 -13 
-52 60 
45 90 
92 71 
68 32 
12 7 
-20 10 
-10 23 
20 20 
36 -8 
26 -42 
8 -55 
-1 -34 
-2 9 
-12 51 
-40 73 
-72 74 
-82 66 
-55 61 
2 67 
58 86 
88 119 
79 157 
40 185 
-13 183 
-66 139 
-106 59 
-123 -28 
-112 -84 
-74 -81 
-21 -20 
31 62 
65 116 
75 108 
65 40 
45 -46 
28 -98 
17 -86 
9 -21 
-2 51 
-15 84 
-21 64 
-10 11 
18 -35 
49 -47 
63 -29 
49 -3 
14 8 
-22 4 
-42 1 
-44 13 
-35 36 
-27 46 
-22 20 
-17 -39 
-9 -101 
-2 -123 
3 -88 
10 -12 
27 62 
54 98 
76 87 
74 48 
43 9 
0 -13 
-22 -11 
-8 9 
28 39 
53 67 
44 76 
14 59 
-2 25 
20 1 
69 11 
109 54 
111 101 
80 115 
48 86 
41 33 
49 -10 
44 -24 
4 -13 
-55 8 
-93 34 
-80 60 
-25 76 
38 55 
72 -16 
69 -116 
48 -188 
32 -185 
31 -103 
41 5 
50 78 
44 94 
11 81 
-52 77 
-132 88 
-195 83 
-205 38 
-147 -33 
-56 -81 
12 -70 
15 -19 
-35 17 
-79 -2 
-58 -55 
39 -83 
159 -43 
230 47 
208 125 
115 140 
15 96 
-32 41 
-8 24 
57 52 
110 92 
113 106 
65 81 
-6 35 
-60 -2 
-72 -15 
-43 -9 
6 1 
50 3 
77 -8 
87 -28 
84 -53 
70 -75 
42 -87 
2 -83 
-40 -56 
-69 -8 
-75 48 
-57 90 
-26 93 
11 48 
44 -25 
71 -86 
84 -98 
76 -53 
45 19 
2 74 
-38 79 
-59 30 
-58 -47 
-36 -119 
-2 -163 
36 -169 
68 -141 
88 -96 
94 -59 
92 -53 
89 -83 
89 -130 
82 -156 
51 -136 
-9 -76 
-85 -11 
-147 24 
-171 15 
-152 -19 
-112 -52 
-80 -68 
-74 -71 
-90 -68 
-106 -50 
-96 -5 
-50 66 
23 131 
98 147 
144 96 
145 7 
104 -62 
43 -67 
-17 -17 
-60 34 
-80 37 
-75 -10 
-40 -59 
19 -57 
78 3 
101 75 
68 101 
-2 63 
-59 3 
-60 -21 
-5 15 
59 74 
84 93 
57 41 
10 -49 
-15 -108 
-8 -85 
7 6 
8 103 
0 145 
13 119 
60 64 
108 27 
102 25 
18 32 
-107 13 
-195 -41 
-191 -104 
-103 -138 
4 -128 
74 -93 
100 -64 
116 -56 
155 -54 
205 -34 
218 11 
158 60 
40 86 
-75 76 
-123 48 
-85 30 
0 36 
70 50 
86 43 
51 -1 
1 -68 
-31 -120 
-38 -127 
-33 -84 
-26 -16 
-12 46 
19 80 
60 85 
76 71 
34 46 
-64 16 
-162 -13 
-185 -30 
-104 -23 
32 10 
127 58 
110 105 
-2 134 
-119 141 
-152 127 
-84 95 
14 54 
55 15 
6 -10 
-85 -14 
-142 -4 
-129 3 
-75 -5 
-42 -26 
-62 -44 
-113 -43 
-142 -22 
-123 10 
-73 42 
-38 67 
-42 84 
-68 81 
-81 50 
-62 -5 
-29 -61 
-14 -83 
-34 -63 
-67 -21 
-79 5 
-52 -2 
-5 -17 
21 0 
5 61 
-39 129 
-68 144 
-51 83 
5 -12 
63 -66 
82 -35 
54 51 
3 113 
-37 90 
-43 -9 
-20 -110 
16 -142 
43 -90 
47 -6 
25 38 
-15 8 
-49 -69 
-51 -134 
-4 -140 
78 -86 
150 -12 
172 34 
128 30 
50 -8 
-14 -40 
-30 -33 
-5 16 
25 79 
30 116 
5 105 
-28 60 
-41 16 
-25 6 
10 32 
46 71 
70 91 
75 75 
61 33 
30 -10 
-10 -30 
-42 -17 
-51 20 
-29 60 
11 77 
50 58 
74 14 
83 -24 
86 -27 
90 12 
88 59 
67 72 
25 29 
-27 -48 
-64 -108 
-67 -116 
-37 -80 
9 -41 
46 -36 
58 -65 
42 -97 
4 -104 
-43 -87 
-84 -69 
-105 -62 
-94 -57 
-54 -30 
-4 21 
31 69 
26 78 
-20 41 
-88 -10 
-142 -33 
-159 -8 
-137 40 
-99 71 
-76 61 
-80 19 
-103 -22 
-119 -35 
-109 -14 
-73 28 
-28 75 
5 114 
20 135 
21 127 
19 91 
13 39 
-4 -7 
-37 -27 
-82 -15 
-120 19 
-134 56 
-116 77 
-70 70 
-13 31 
40 -29 
78 -86 
101 -112 
110 -92 
109 -40 
96 10 
68 29 
21 15 
-36 -9 
-87 -17 
-115 -5 
-115 7 
-97 -6 
-83 -44 
-82 -84 
-88 -96 
-82 -73 
-55 -31 
-14 -1 
21 0 
36 -28 
37 -67 
40 -95 
56 -98 
76 -74 
83 -34 
68 4 
43 22 
30 14 
47 -7 
88 -21 
127 -17 
139 2 
115 20 
66 26 
14 28 
-21 44 
-29 82 
-8 125 
36 147 
79 131 
95 88 
61 53 
-18 51 
-106 80 
-155 110 
-134 110 
-55 69 
37 6 
91 -44 
86 -59 
39 -34 
-13 15 
-37 62 
-27 85 
2 72 
27 28 
29 -18 
1 -36 
-52 -15 
-109 27 
-139 50 
-119 34 
-51 -5 
32 -24 
85 1 
85 47 
41 59 
-9 2 
-34 -94 
-34 -154 
-37 -120 
-63 -9 
-99 99 
-110 119 
-68 40 
15 -75 
92 -139 
120 -118 
94 -44 
51 13 
28 11 
32 -40 
33 -91 
0 -98 
-61 -55 
-108 14 
-98 69 
-33 80 
41 47 
73 -7 
49 -48 
2 -51 
-18 -15 
8 35 
61 70 
103 78 
118 68 
114 55 
109 40 
101 16 
78 -17 
36 -43 
-5 -36 
-15 10 
12 68 
50 92 
56 58 
11 -15 
-57 -75 
-98 -79 
-81 -25 
-22 51 
32 107 
43 121 
13 102 
-24 71 
-28 45 
6 29 
55 28 
86 43 
87 68 
67 91 
50 93 
46 66 
49 25 
38 -4 
3 2 
-51 42 
-96 94 
-107 128 
-77 126 
-28 86 
6 25 
1 -42 
-37 -99 
-77 -135 
-87 -143 
-64 -123 
-32 -83 
-21 -42 
-40 -18 
-70 -18 
-83 -38 
-68 -65 
-37 -88 
-13 -106 
-5 -124 
-9 -137 
-13 -136 
-13 -113 
-11 -74 
-3 -39 
21 -27 
67 -38 
118 -48 
139 -30 
108 16 
41 67 
-15 87 
-17 67 
34 28 
90 5 
97 10 
45 24 
-26 19 
-64 -9 
-52 -28 
-23 1 
-23 82 
-65 169 
-112 196 
-115 129 
-56 -3 
30 -124 
91 -163 
97 -104 
60 12 
20 116 
2 155 
7 121 
16 51 
10 -7 
-14 -19 
-54 10 
-102 48 
-146 55 
-169 22 
-154 -27 
-104 -48 
-50 -19 
-33 42 
-69 83 
-132 63 
-173 -16 
-159 -105 
-100 -147 
-39 -119 
-10 -50 
-8 9 
-5 26 
16 9 
41 -6 
40 6 
7 40 
-31 68 
-38 65 
-15 36 
-1 9 
-39 17 
-123 63 
-195 122 
-195 151 
-118 126 
-20 57 
29 -17 
7 -57 
-41 -52 
-52 -23 
-4 -4 
65 -12 
103 -35 
88 -49 
46 -38 
20 -11 
23 9 
37 8 
35 -12 
15 -35 
-5 -49 
-10 -47 
-11 -31 
-31 2 
-76 53 
-122 111 
-138 151 
-112 149 
-70 105 
-46 39 
-54 -15 
-74 -42 
-76 -44 
-50 -36 
-17 -24 
-9 -6 
-36 11 
-72 15 
-83 -11 
-54 -58 
-4 -93 
30 -78 
27 -7 
-3 86 
-31 151 
-36 156 
-22 111 
-14 54 
-26 14 
-42 0 
-34 -1 
15 1 
81 6 
117 21 
87 44 
5 60 
-72 54 
-89 23 
-33 -24 
58 -70 
125 -99 
134 -105 
95 -87 
40 -52 
-6 -12 
-38 15 
-56 19 
-55 3 
-21 -18 
41 -26 
108 -12 
145 20 
134 56 
87 79 
33 77 
-2 41 
-13 -27 
-13 -106 
-17 -164 
-30 -167 
-50 -109 
-72 -18 
-87 56 
-88 77 
-72 46 
-49 0 
-38 -18 
-50 5 
-80 44 
-104 57 
-104 28 
-82 -16 
-57 -31 
-46 12 
-43 90 
-31 151 
1 147 
36 76 
46 -21 
21 -92 
-15 -111 
-24 -91 
14 -63 
78 -43 
121 -26 
110 -3 
52 21 
-12 25 
-50 -4 
-57 -56 
-54 -98 
-57 -102 
-64 -66 
-57 -13 
-30 35 
4 73 
17 111 
-6 151 
-51 171 
-85 141 
-79 52 
-31 -63 
32 -146 
72 -153 
66 -88 
19 5 
-40 70 
-73 80 
-58 43 
-11 -10 
26 -53 
10 -72 
-65 -65 
-156 -36 
-193 10 
-131 60 
8 90 
144 85 
188 48 
111 7 
-36 -6 
-156 19 
-173 63 
-84 90 
45 82 
127 51 
113 30 
19 42 
-91 78 
-149 101 
-120 78 
-23 9 
84 -70 
139 -108 
111 -82 
18 -10 
-86 59 
-141 81 
-119 45 
-36 -20 
60 -71 
120 -82 
121 -59 
69 -32 
-9 -25 
-79 -42 
-117 -62 
-115 -65 
-86 -50 
-60 -32 
-62 -27 
-95 -39 
-131 -57 
-127 -64 
-64 -54 
33 -34 
102 -14 
92 0 
5 8 
-104 15 
-160 23 
-130 38 
-44 61 
39 89 
73 111 
60 113 
35 89 
29 46 
39 5 
43 -15 
24 -6 
-9 20 
-29 41 
-20 39 
12 12 
43 -29 
55 -60 
46 -60 
22 -26 
-16 25 
-65 62 
-111 60 
-128 17 
-90 -45 
-1 -94 
96 -112 
141 -100 
106 -72 
13 -39 
-74 -4 
-103 34 
-67 68 
-9 88 
23 91 
9 84 
-28 78 
-50 76 
-32 66 
18 42 
74 6 
113 -22 
126 -28 
117 -18 
97 -13 
77 -29 
68 -59 
70 -77 
74 -61 
61 -13 
21 42 
-35 79 
-77 91 
-83 85 
-56 73 
-28 57 
-25 36 
-47 13 
-63 -3 
-42 -6 
10 -5 
54 -13 
53 -35 
6 -56 
-44 -61 
-51 -47 
-8 -34 
47 -45 
62 -79 
21 -107 
-39 -92 
-64 -34 
-26 29 
49 47 
105 5 
99 -61 
38 -92 
-34 -54 
-67 33 
-46 114 
2 142 
40 118 
50 76 
43 53 
46 57 
73 71 
111 76 
136 70 
129 68 
93 75 
45 83 
-3 73 
-50 39 
-100 -3 
-152 -29 
-191 -25 
-200 6 
-173 47 
-121 81 
-67 102 
-28 111 
-10 107 
-4 93 
-2 70 
1 44 
2 21 
-1 2 
-10 -11 
-15 -14 
-6 0 
20 36 
55 85 
81 122 
88 121 
82 75 
77 4 
84 -56 
93 -86 
83 -94 
44 -102 
-4 -119 
-19 -126 
20 -91 
93 -7 
144 85 
131 119 
60 58 
-13 -65 
-36 -165 
0 -167 
51 -68 
68 57 
37 117 
-15 81 
-50 -1 
-52 -47 
-35 -15 
-19 67 
-6 132 
10 136 
27 88 
27 34 
-2 12 
-44 25 
-61 55 
-25 85 
50 111 
113 130 
112 131 
40 105 
-59 58 
-124 16 
-121 -1 
-60 3 
13 7 
54 -4 
46 -17 
0 -9 
-49 29 
-67 73 
-34 88 
38 73 
116 63 
162 97 
154 166 
99 212 
29 174 
-21 51 
-29 -82 
8 -138 
66 -88 
113 9 
116 58 
66 12 
-8 -88 
-57 -154 
-44 -127 
20 -27 
77 66 
71 88 
-3 39 
-81 -24 
-91 -37 
-13 14 
91 87 
133 122 
74 84 
-40 -15 
-123 -127 
-123 -205 
-65 -223 
-18 -187 
-25 -125 
-69 -68 
-104 -32 
-102 -16 
-79 -2 
-67 22 
-70 50 
-62 63 
-22 47 
32 18 
55 6 
18 37 
-56 98 
-111 148 
-110 146 
-66 94 
-30 31 
-35 10 
-66 47 
-78 108 
-45 141 
9 113 
34 39 
7 -38 
-45 -78 
-67 -72 
-33 -38 
29 -5 
59 13 
27 15 
-44 8 
-92 0 
-81 -4 
-27 -3 
15 0 
5 -1 
-43 -8 
-82 -15 
-81 -16 
-51 -7 
-33 6 
-46 11 
-65 5 
-49 -7 
11 -21 
73 -38 
78 -71 
15 -121 
-65 -171 
-86 -187 
-24 -149 
71 -77 
116 -18 
73 -13 
-25 -57 
-101 -104 
-114 -107 
-84 -58 
-66 7 
-86 40 
-112 26 
-96 -11 
-24 -30 
63 -14 
107 22 
90 47 
48 50 
32 38 
57 32 
87 37 
77 43 
20 35 
-38 7 
-48 -28 
1 -51 
62 -51 
75 -30 
18 -5 
-75 9 
-140 4 
-134 -11 
-65 -17 
26 0 
91 33 
109 54 
91 35 
63 -24 
48 -92 
58 -124 
86 -96 
115 -29 
119 30 
86 41 
22 6 
-44 -39 
-76 -54 
-59 -24 
-9 25 
37 53 
49 33 
26 -32 
-7 -111 
-14 -165 
16 -174 
62 -143 
89 -100 
74 -70 
28 -58 
-9 -47 
-2 -15 
47 40 
100 90 
109 102 
54 66 
-34 8 
-97 -28 
-97 -21 
-45 7 
6 15 
9 -16 
-37 -59 
-91 -69 
-109 -25 
-87 41 
-57 74 
-53 46 
-74 -9 
-84 -27 
-59 27 
-12 122 
18 181 
5 150 
-32 42 
-49 -67 
-22 -106 
24 -58 
44 27 
23 81 
-4 70 
11 10 
72 -50 
124 -72 
105 -46 
16 13 
-72 77 
-75 116 
14 110 
116 50 
130 -46 
29 -131 
-115 -157 
-193 -104 
-155 -6 
-51 74 
21 83 
6 20 
-60 -70 
-95 -129 
-48 -128 
54 -81 
135 -22 
141 23 
80 47 
7 60 
-38 67 
-54 71 
-70 72 
-91 68 
-94 52 
-48 13 
35 -55 
97 -135 
81 -186 
-15 -173 
-123 -92 
-162 16 
-104 92 
-4 96 
50 37 
13 -41 
-75 -89 
-133 -91 
-113 -59 
-39 -22 
21 3 
24 10 
-10 5 
-27 -3 
3 -12 
58 -25 
90 -43 
77 -62 
49 -77 
53 -77 
102 -63 
154 -44 
153 -34 
80 -37 
-26 -35 
-101 -7 
-106 51 
-58 113 
-13 138 
-13 105 
-60 37 
-117 -22 
-135 -43 
-92 -46 
-3 -75 
87 -151 
132 -238 
114 -270 
56 -201 
3 -54 
-8 92 
30 165 
84 145 
114 74 
97 6 
43 -30 
-21 -45 
-68 -55 
-91 -54 
-94 -27 
-82 31 
-54 89 
-9 108 
42 74 
84 16 
100 -18 
85 -2 
51 38 
19 57 
10 32 
30 -12 
68 -29 
101 3 
109 61 
87 96 
47 77 
10 22 
-13 -29 
-29 -44 
-44 -28 
-58 -3 
-56 16 
-27 36 
19 63 
57 89 
67 90 
59 58 
64 11 
103 -11 
159 9 
185 48 
145 63 
49 33 
-45 -15 
-75 -31 
-26 9 
66 76 
137 114 
149 81 
107 -3 
46 -79 
-1 -91 
-26 -33 
-43 55 
-65 115 
-93 116 
-115 66 
-121 2 
-109 -39 
-85 -37 
-59 -1 
-36 39 
-14 51 
10 18 
33 -45 
50 -97 
54 -98 
43 -41 
25 39 
10 85 
5 62 
9 -13 
18 -84 
24 -102 
27 -59 
23 5 
9 45 
-19 47 
-56 37 
-87 44 
-89 68 
-46 79 
34 56 
123 7 
184 -29 
191 -28 
144 -8 
69 -12 
-1 -60 
-42 -120 
-45 -129 
-20 -58 
15 54 
42 128 
47 114 
25 34 
-20 -41 
-74 -59 
-116 -29 
-126 0 
-100 -4 
-51 -22 
-1 -16 
28 25 
29 63 
14 54 
2 2 
4 -35 
14 -2 
17 94 
-3 180 
-43 185 
-84 104 
-98 6 
-68 -35 
-5 -11 
59 24 
87 15 
59 -33 
-10 -59 
-80 -14 
-106 80 
-69 143 
14 108 
98 -12 
138 -136 
117 -182 
59 -136 
11 -51 
8 3 
53 1 
106 -33 
119 -56 
69 -55 
-22 -45 
-97 -48 
-107 -58 
-47 -49 
35 -3 
73 71 
34 133 
-57 144 
-132 98 
-129 26 
-35 -24 
100 -21 
203 26 
221 74 
153 79 
43 29 
-51 -39 
-90 -72 
-73 -40 
-29 38 
6 104 
10 115 
-16 69 
-55 15 
-83 -1 
-84 29 
-56 67 
-10 66 
32 15 
49 -49 
31 -72 
-15 -32 
-63 43 
-86 97 
-69 93 
-25 36 
17 -27 
32 -50 
20 -22 
4 27 
14 53 
57 30 
107 -26 
125 -73 
87 -76 
2 -31 
-92 29 
-151 66 
-155 67 
-114 52 
-62 46 
-32 58 
-40 65 
-75 40 
-109 -16 
-109 -66 
-61 -70 
20 -19 
93 46 
110 67 
53 14 
-52 -78 
-146 -142 
-177 -120 
-133 -16 
-53 119 
5 216 
12 236 
-15 186 
-30 97 
2 4 
67 -73 
117 -125 
104 -144 
24 -128 
-81 -81 
-152 -19 
-152 41 
-88 82 
-1 93 
57 72 
58 21 
4 -50 
-71 -120 
-121 -161 
-114 -152 
-56 -92 
12 -5 
40 68 
6 92 
-64 52 
-120 -34 
-130 -130 
-108 -195 
-94 -204 
-114 -159 
-148 -89 
-145 -31 
-76 -8 
34 -14 
117 -21 
114 -6 
28 32 
-81 70 
-143 84 
-130 74 
-65 62 
-1 68 
27 84 
17 79 
-11 31 
-39 -45 
-63 -100 
-81 -90 
-89 -19 
-73 63 
-24 96 
50 65 
116 9 
138 -13 
101 25 
25 93 
-36 131 
-34 101 
36 20 
128 -58 
173 -88 
136 -68 
50 -41 
-12 -49 
7 -101 
94 -166 
175 -201 
181 -188 
107 -148 
16 -114 
-19 -106 
24 -113 
102 -112 
145 -88 
121 -47 
52 -3 
-16 37 
-53 78 
-62 120 
-63 147 
-70 141 
-81 95 
-92 35 
-104 -6 
-111 -11 
-97 3 
-45 5 
39 -17 
114 -45 
130 -49 
73 -25 
-14 8 
-62 22 
-31 14 
51 7 
112 23 
96 54 
11 67 
-78 40 
-109 -11 
-68 -43 
2 -22 
42 45 
29 119 
-19 167 
-61 184 
-71 189 
-50 190 
-20 174 
0 117 
4 26 
-1 -56 
-1 -70 
15 4 
44 128 
71 227 
69 241 
26 168 
-42 59 
-94 -23 
-93 -49 
-41 -34 
19 -9 
35 8 
-8 25 
-69 52 
-87 81 
-34 87 
58 50 
125 -14 
130 -64 
90 -66 
57 -22 
66 28 
101 42 
119 16 
89 -13 
29 -5 
-15 42 
-15 93 
13 102 
25 59 
-5 2 
-58 -19 
-84 18 
-51 88 
27 145 
99 159 
118 130 
81 80 
25 30 
0 -10 
27 -38 
88 -49 
145 -43 
173 -33 
168 -39 
146 -71 
119 -113 
84 -130 
31 -98 
-36 -31 
-93 22 
-111 21 
-77 -32 
-14 -92 
38 -110 
51 -76 
28 -35 
-2 -37 
-15 -93 
-16 -158 
-34 -165 
-89 -81 
-165 60 
-211 184 
-180 229 
-70 187 
67 100 
158 22 
158 -18 
75 -27 
-37 -24 
-121 -22 
-149 -14 
-124 6 
-70 31 
-11 42 
35 27 
51 -6 
29 -35 
-18 -36 
-58 -9 
-57 26 
-2 48 
77 49 
132 38 
130 29 
83 24 
34 13 
17 -17 
32 -62 
47 -104 
38 -124 
15 -111 
9 -71 
38 -18 
76 35 
82 79 
37 105 
-27 103 
-44 68 
19 8 
124 -58 
188 -110 
145 -137 
10 -139 
-131 -121 
-185 -85 
-128 -34 
-20 21 
49 61 
27 71 
-61 50 
-138 15 
-147 -15 
-86 -35 
-3 -54 
44 -79 
33 -104 
-17 -111 
-70 -88 
-99 -50 
-99 -25 
-80 -36 
-54 -84 
-29 -143 
-11 -184 
-4 -185 
-12 -144 
-35 -73 
-67 11 
-93 83 
-98 115 
-71 91 
-22 18 
26 -73 
40 -141 
8 -158 
-53 -131 
-103 -87 
-104 -53 
-51 -39 
24 -36 
82 -28 
98 -11 
80 4 
51 2 
27 -20 
8 -46 
-12 -52 
-31 -22 
-41 37 
-38 96 
-29 118 
-25 88 
-25 21 
-15 -42 
19 -65 
67 -43 
100 -2 
92 21 
45 4 
-5 -41 
-24 -83 
-6 -96 
21 -80 
20 -52 
-18 -26 
-63 -3 
-75 25 
-36 58 
31 77 
81 60 
83 4 
43 -61 
-5 -94 
-27 -75 
-14 -23 
18 15 
38 6 
34 -39 
12 -73 
-11 -59 
-19 1 
-9 60 
10 66 
28 7 
41 -78 
45 -136 
39 -138 
22 -102 
1 -65 
-13 -48 
-8 -39 
14 -10 
41 41 
52 83 
37 72 
0 -1 
-41 -96 
-72 -141 
-88 -95 
-86 21 
-60 129 
-5 155 
73 83 
142 -32 
157 -109 
92 -106 
-30 -43 
-141 20 
-169 36 
-94 7 
35 -23 
130 -18 
130 24 
46 68 
-53 83 
-93 64 
-49 35 
41 22 
113 31 
126 49 
85 64 
26 76 
-15 91 
-28 105 
-22 105 
-11 80 
2 45 
20 37 
39 81 
48 162 
37 226 
9 218 
-21 133 
-31 22 
-12 -46 
24 -37 
48 20 
34 64 
-21 53 
-92 -2 
-135 -56 
-120 -68 
-56 -38 
12 0 
32 12 
-13 -4 
-82 -24 
-111 -15 
-62 33 
35 103 
104 162 
82 181 
-20 148 
-129 75 
-163 -5 
-105 -56 
-13 -54 
33 -5 
1 58 
-68 93 
-104 79 
-74 31 
-10 -16 
30 -32 
17 -17 
-25 2 
-47 0 
-27 -20 
16 -34 
43 -14 
40 43 
26 102 
27 118 
47 71 
65 -16 
64 -92 
51 -106 
48 -51 
66 37 
89 104 
84 113 
41 69 
-23 8 
-72 -34 
-88 -48 
-80 -50 
-64 -55 
-46 -57 
-18 -34 
22 23 
52 91 
47 116 
0 60 
-59 -63 
-84 -184 
-55 -223 
6 -150 
46 -8 
30 115 
-33 149 
-100 92 
-131 2 
-116 -51 
-75 -39 
-35 13 
-11 59 
-1 73 
6 65 
16 58 
28 59 
38 50 
43 17 
42 -30 
40 -58 
41 -39 
52 13 
72 54 
93 45 
100 -11 
85 -71 
50 -88 
13 -52 
-12 -1 
-17 15 
-8 -22 
6 -87 
18 -133 
20 -134 
9 -99 
-13 -58 
-34 -26 
-38 2 
-16 35 
20 64 
44 59 
33 4 
-12 -82 
-59 -139 
-77 -117 
-54 -19 
-15 91 
0 133 
-27 76 
-81 -34 
-124 -111 
-122 -98 
-73 -17 
-5 61 
43 75 
51 26 
25 -35 
-8 -56 
-17 -33 
8 -1 
51 6 
78 -4 
61 8 
-1 61 
-78 134 
-131 174 
-139 148 
-113 74 
-82 9 
-66 -6 
-60 28 
-40 65 
8 63 
72 15 
121 -48 
124 -84 
77 -66 
6 1 
-48 87 
-57 153 
-20 165 
33 110 
62 13 
43 -75 
-10 -100 
-56 -44 
-54 65 
2 165 
72 205 
100 171 
58 89 
-28 1 
-96 -65 
-104 -97 
-62 -91 
-22 -50 
-28 17 
-75 84 
-119 122 
-118 115 
-70 72 
-14 22 
15 -9 
12 -13 
0 1 
2 22 
17 44 
29 61 
31 61 
27 31 
26 -18 
22 -53 
3 -34 
-29 47 
-49 150 
-31 216 
24 207 
73 137 
77 55 
35 4 
-1 -16 
25 -25 
115 -37 
204 -36 
207 3 
100 77 
-57 146 
-164 161 
-162 107 
-77 23 
10 -35 
32 -39 
-6 -10 
-48 9 
-42 -5 
13 -39 
68 -60 
69 -52 
5 -32 
-84 -26 
-138 -42 
-123 -65 
-49 -71 
33 -56 
74 -38 
56 -36 
3 -52 
-39 -67 
-35 -67 
10 -54 
57 -41 
67 -39 
35 -43 
-10 -36 
-26 -15 
2 12 
49 26 
80 22 
82 9 
73 2 
79 5 
102 6 
115 -5 
88 -26 
24 -42 
-41 -39 
-67 -24 
-43 -13 
2 -20 
30 -39 
24 -48 
-3 -32 
-29 3 
-42 38 
-46 57 
-46 63 
-34 68 
3 76 
58 77 
108 54 
124 16 
103 -7 
71 21 
64 104 
92 196 
129 234 
128 183 
62 72 
-50 -26 
-148 -50 
-176 3 
-119 75 
-15 99 
73 50 
97 -32 
62 -78 
10 -50 
-18 33 
-7 110 
15 126 
16 72 
-15 -13 
-58 -77 
-82 -94 
-71 -73 
-36 -42 
2 -15 
30 9 
53 40 
77 77 
95 102 
90 97 
58 64 
18 25 
2 10 
28 24 
81 49 
118 59 
105 42 
46 14 
-20 -3 
-42 -4 
-2 1 
78 -5 
146 -19 
166 -21 
137 0 
92 29 
71 31 
87 -10 
117 -66 
121 -82 
80 -22 
5 88 
-62 172 
-90 161 
-73 50 
-38 -86 
-10 -158 
3 -123 
15 -17 
41 78 
71 105 
80 67 
48 11 
-12 -14 
-62 -1 
-65 21 
-20 20 
35 -10 
51 -46 
9 -58 
-67 -30 
-123 25 
-120 80 
-57 107 
28 89 
86 31 
92 -46 
59 -107 
22 -119 
9 -68 
21 29 
37 129 
34 185 
11 172 
-6 103 
9 16 
59 -46 
117 -65 
143 -46 
119 -15 
66 4 
28 1 
39 -17 
92 -37 
147 -45 
160 -41 
120 -29 
53 -20 
-2 -20 
-24 -26 
-22 -29 
-17 -21 
-18 2 
-16 31 
6 56 
45 67 
72 66 
55 52 
-12 27 
-98 -12 
-154 -58 
-148 -90 
-84 -83 
3 -25 
74 62 
106 133 
98 149 
57 107 
-4 44 
-70 5 
-114 4 
-111 16 
-54 0 
34 -55 
106 -117 
126 -132 
91 -79 
31 5 
-17 55 
-39 26 
-44 -60 
-53 -132 
-68 -130 
-75 -53 
-62 35 
-38 62 
-23 3 
-32 -95 
-52 -161 
-52 -152 
-17 -91 
42 -40 
89 -42 
97 -90 
72 -133 
34 -130 
0 -83 
-38 -33 
-94 -22 
-155 -53 
-178 -93 
-120 -104 
11 -75 
143 -35 
185 -15 
95 -27 
-78 -52 
-227 -57 
-261 -25 
-173 33 
-34 87 
64 107 
76 86 
25 40 
-36 1 
-70 -6 
-75 24 
-75 71 
-75 98 
-60 79 
-11 18 
65 -53 
127 -94 
129 -83 
63 -35 
-33 19 
-96 46 
-94 36 
-47 3 
-4 -28 
-2 -38 
-26 -21 
-29 14 
22 45 
108 54 
168 30 
151 -21 
63 -73 
-35 -100 
-77 -88 
-45 -45 
19 2 
53 29 
28 27 
-29 7 
-68 -16 
-55 -30 
-3 -42 
48 -58 
64 -78 
38 -88 
-4 -69 
-31 -19 
-30 45 
-4 86 
29 76 
52 15 
61 -66 
56 -118 
40 -110 
15 -45 
-19 40 
-60 101 
-92 115 
-97 84 
-67 35 
-15 -3 
30 -10 
39 22 
14 85 
-18 162 
-22 226 
12 249 
60 219 
81 148 
47 73 
-30 31 
-114 37 
-168 73 
-181 100 
-166 90 
-135 42 
-91 -19 
-26 -62 
52 -77 
119 -74 
143 -72 
112 -78 
51 -84 
5 -76 
3 -51 
33 -22 
48 -5 
10 -7 
-81 -18 
-177 -25 
-218 -21 
-175 -13 
-77 -13 
13 -27 
47 -46 
22 -53 
-18 -31 
-21 19 
30 77 
104 118 
149 127 
134 112 
68 95 
-4 96 
-40 115 
-29 127 
5 109 
26 62 
19 17 
-4 11 
-17 47 
-10 90 
8 88 
21 19 
26 -86 
41 -164 
85 -166 
149 -98 
197 -10 
191 40 
124 32 
31 -7 
-35 -31 
-47 -14 
-19 31 
9 68 
12 65 
3 20 
17 -43 
70 -91 
139 -104 
173 -89 
136 -73 
35 -75 
-81 -90 
-157 -92 
-169 -52 
-131 29 
-73 110 
-22 135 
16 76 
44 -37 
64 -132 
70 -147 
59 -78 
37 22 
17 81 
9 68 
5 8 
-10 -46 
-50 -59 
-107 -37 
-158 -14 
-175 -12 
-146 -29 
-84 -42 
-20 -32 
18 -4 
22 25 
5 36 
-9 20 
-6 -16 
10 -59 
21 -91 
11 -96 
-16 -70 
-43 -27 
-50 11 
-36 29 
-20 32 
-25 36 
-56 49 
-96 57 
-115 35 
-98 -17 
-55 -68 
-7 -72 
30 -13 
59 79 
88 143 
109 136 
105 66 
63 -16 
0 -67 
-45 -74 
-40 -60 
6 -50 
54 -49 
60 -50 
22 -48 
-22 -52 
-29 -73 
8 -107 
47 -133 
42 -129 
-19 -94 
-94 -48 
-121 -13 
-72 2 
27 -1 
115 -8 
142 -12 
102 -6 
34 13 
-17 42 
-33 71 
-27 80 
-26 58 
-42 10 
-61 -38 
-53 -55 
-5 -30 
63 24 
111 75 
106 94 
54 71 
-4 14 
-25 -48 
-6 -85 
14 -79 
-15 -37 
-96 13 
-179 37 
-195 21 
-121 -15 
-4 -35 
72 -11 
53 52 
-39 115 
-131 139 
-157 110 
-112 49 
-41 -5 
5 -28 
10 -23 
-5 -15 
-12 -28 
-5 -60 
1 -85 
-12 -71 
-44 -10 
-85 70 
-125 117 
-164 88 
-200 -6 
-219 -110 
-201 -154 
-138 -112 
-44 -21 
40 48 
81 48 
73 -7 
38 -55 
9 -51 
2 -1 
6 46 
-3 45 
-33 6 
-66 -20 
-71 7 
-31 75 
35 130 
83 120 
75 52 
14 -24 
-60 -54 
-98 -36 
-78 -9 
-20 -11 
34 -39 
54 -58 
43 -40 
27 2 
28 26 
46 15 
58 -6 
44 8 
0 65 
-52 122 
-80 118 
-63 41 
-4 -52 
70 -86 
128 -39 
149 37 
133 61 
98 8 
62 -69 
30 -94 
3 -45 
-21 22 
-29 33 
-12 -32 
30 -117 
74 -141 
96 -77 
85 27 
57 94 
35 88 
29 34 
28 -20 
17 -46 
-2 -51 
-5 -49 
31 -41 
97 -12 
145 35 
127 78 
40 90 
-65 64 
-115 19 
-74 -18 
24 -38 
104 -41 
105 -31 
30 -6 
-63 23 
-112 32 
-96 -5 
-45 -81 
-4 -149 
6 -148 
-2 -62 
-2 60 
15 137 
33 123 
32 42 
10 -43 
-16 -84 
-24 -85 
-12 -78 
8 -88 
19 -102 
15 -96 
0 -62 
-19 -22 
-38 4 
-52 15 
-51 31 
-26 65 
22 104 
77 116 
110 89 
103 42 
62 9 
8 6 
-34 16 
-58 8 
-71 -30 
-82 -77 
-88 -94 
-80 -64 
-58 -6 
-40 39 
-48 38 
-90 -10 
-142 -76 
-162 -120 
-128 -116 
-55 -64 
6 7 
12 56 
-37 56 
-95 10 
-110 -51 
-67 -90 
-4 -89 
23 -66 
-13 -55 
-85 -72 
-136 -106 
-125 -124 
-58 -104 
24 -58 
82 -14 
105 13 
102 36 
84 82 
52 155 
9 220 
-22 226 
-7 154 
69 37 
168 -55 
221 -69 
178 -10 
54 64 
-74 90 
-125 47 
-86 -30 
-15 -87 
9 -90 
-40 -50 
-112 -5 
-129 12 
-63 0 
40 -21 
96 -27 
61 -13 
-34 10 
-110 26 
-112 30 
-50 27 
18 25 
43 22 
19 10 
-17 -20 
-35 -63 
-32 -98 
-29 -104 
-35 -71 
-38 -12 
-19 44 
23 66 
61 44 
69 -3 
45 -43 
11 -49 
-8 -26 
-10 -2 
-10 -10 
-22 -48 
-36 -83 
-37 -70 
-18 5 
-1 108 
-14 179 
-66 175 
-135 102 
-182 7 
-183 -66 
-142 -102 
-84 -119 
-33 -134 
6 -139 
38 -115 
66 -54 
84 18 
79 59 
42 49 
-22 8 
-94 -15 
-146 13 
-157 82 
-129 145 
-82 159 
-49 119 
-43 56 
-48 12 
-38 5 
-4 18 
27 26 
18 12 
-41 -13 
-109 -30 
-126 -29 
-64 -16 
36 -5 
101 -1 
81 4 
-2 17 
-84 34 
-118 40 
-115 22 
-120 -10 
-156 -30 
-188 -18 
-156 25 
-46 67 
86 79 
147 51 
85 7 
-58 -23 
-186 -27 
-217 -21 
-149 -31 
-50 -70 
7 -121 
-6 -156 
-60 -157 
-105 -126 
-115 -83 
-96 -42 
-70 -8 
-50 22 
-31 47 
-7 58 
15 45 
13 10 
-24 -32 
-84 -59 
-130 -53 
-123 -13 
-55 46 
41 92 
112 93 
122 35 
77 -64 
14 -153 
-25 -176 
-27 -113 
-11 1 
-2 94 
-7 114 
-15 66 
-13 10 
-5 7 
-9 64 
-27 125 
-40 126 
-22 53 
29 -37 
81 -67 
88 -13 
35 75 
-45 117 
-100 72 
-100 -26 
-68 -101 
-50 -103 
-69 -43 
-107 28 
-121 71 
-90 81 
-33 76 
10 64 
20 33 
15 -21 
27 -76 
65 -94 
111 -54 
135 17 
129 66 
102 57 
62 7 
3 -39 
-78 -48 
-154 -28 
-172 -17 
-93 -38 
47 -77 
151 -99 
124 -85 
-37 -44 
-230 -6 
-316 16 
-238 30 
-64 52 
75 79 
91 88 
10 63 
-68 11 
-70 -37 
-10 -55 
31 -39 
-3 -13 
-88 -1 
-143 -7 
-116 -18 
-34 -16 
22 1 
-1 20 
-77 26 
-125 16 
-87 -3 
18 -19 
110 -21 
121 -5 
59 25 
-9 58 
-14 77 
47 67 
117 30 
131 -16 
72 -49 
-20 -59 
-86 -63 
-96 -80 
-62 -110 
-19 -122 
13 -82 
27 15 
26 120 
7 162 
-29 107 
-69 -9 
-84 -101 
-56 -107 
-2 -35 
39 41 
32 51 
-16 -11 
-57 -87 
-46 -109 
18 -64 
82 2 
88 33 
22 23 
-68 13 
-114 41 
-82 92 
-1 110 
65 54 
75 -51 
46 -121 
27 -90 
53 31 
107 160 
141 211 
123 164 
72 78 
44 28 
78 44 
153 84 
202 85 
171 22 
68 -70 
-42 -127 
-94 -102 
-73 -10 
-23 96 
1 151 
-9 128 
-21 44 
5 -46 
60 -88 
93 -58 
63 22 
-17 95 
-83 107 
-76 44 
0 -54 
75 -124 
80 -122 
1 -51 
-99 45 
-139 118 
-88 146 
15 140 
93 121 
100 98 
49 71 
-9 37 
-35 10 
-28 6 
-14 28 
-9 61 
-9 80 
3 75 
24 52 
34 24 
11 -7 
-37 -54 
-71 -122 
-56 -192 
6 -228 
72 -198 
94 -115 
59 -27 
4 19 
-18 14 
21 -7 
97 2 
154 47 
152 89 
96 76 
23 -4 
-22 -104 
-26 -153 
-4 -116 
16 -20 
21 64 
19 82 
25 34 
45 -30 
65 -49 
66 -2 
37 84 
-8 152 
-40 161 
-29 105 
27 21 
101 -41 
144 -51 
126 -12 
50 45 
-38 82 
-88 83 
-78 55 
-27 22 
17 -2 
19 -14 
-23 -19 
-75 -17 
-100 1 
-76 37 
-13 78 
59 101 
110 94 
121 63 
93 34 
48 22 
19 25 
34 25 
94 16 
169 9 
211 24 
193 66 
126 112 
49 128 
-1 97 
-21 40 
-31 -2 
-47 8 
-59 66 
-45 133 
1 163 
52 132 
70 61 
46 -5 
12 -26 
14 0 
61 42 
117 58 
128 34 
80 -9 
9 -33 
-28 -20 
-16 12 
11 28 
1 10 
-55 -19 
-113 -18 
-113 35 
-43 114 
49 162 
95 140 
69 63 
6 -13 
-32 -38 
-11 -8 
52 41 
113 65 
146 51 
152 24 
151 9 
142 14 
109 21 
41 10 
-50 -16 
-126 -37 
-157 -36 
-140 -12 
-94 17 
-44 28 
0 6 
40 -47 
75 -111 
98 -157 
94 -154 
57 -94 
-5 -1 
-75 79 
-128 102 
-140 62 
-100 -7 
-14 -60 
82 -73 
141 -61 
133 -52 
65 -57 
-13 -59 
-52 -30 
-33 37 
18 119 
57 177 
63 187 
46 145 
34 70 
40 -9 
49 -64 
39 -66 
5 -9 
-34 82 
-48 151 
-24 146 
25 60 
75 -49 
102 -103 
99 -60 
68 47 
21 132 
-22 127 
-38 32 
-14 -90 
40 -165 
90 -164 
100 -112 
58 -53 
-8 -16 
-51 5 
-35 25 
30 50 
102 72 
139 80 
130 75 
99 66 
82 62 
95 61 
123 58 
137 50 
116 39 
64 26 
3 7 
-46 -22 
-74 -60 
-79 -93 
-62 -107 
-27 -97 
12 -69 
29 -37 
5 -17 
-51 -15 
-97 -32 
-83 -56 
-3 -64 
94 -38 
130 24 
62 92 
-70 124 
-173 92 
-171 10 
-74 -74 
30 -111 
54 -89 
-11 -39 
-92 -6 
-99 -11 
-9 -35 
111 -43 
168 -10 
122 55 
17 126 
-67 172 
-76 177 
-25 142 
30 83 
50 29 
38 3 
25 13 
27 40 
34 49 
21 13 
-21 -58 
-72 -125 
-100 -148 
-87 -119 
-40 -64 
11 -15 
37 13 
27 33 
-5 58 
-30 86 
-22 94 
23 73 
85 34 
126 7 
122 8 
73 22 
6 17 
-54 -24 
-92 -84 
-106 -124 
-96 -113 
-63 -54 
-11 18 
37 65 
49 67 
8 35 
-67 -7 
-124 -34 
-117 -35 
-42 -16 
58 12 
124 38 
124 56 
74 67 
13 76 
-27 80 
-44 71 
-54 42 
-65 -6 
-72 -57 
-65 -88 
-44 -87 
-28 -57 
-32 -20 
-53 4 
-74 9 
-77 -1 
-60 -14 
-36 -21 
-18 -20 
-15 -12 
-25 -2 
-41 4 
-59 -1 
-67 -21 
-53 -50 
-15 -73 
25 -78 
37 -60 
4 -29 
-50 4 
-76 33 
-38 59 
46 82 
112 93 
108 86 
37 61 
-38 37 
-49 31 
10 51 
83 83 
99 111 
45 130 
-29 148 
-53 170 
-13 182 
46 156 
57 77 
1 -32 
-79 -117 
-115 -130 
-77 -67 
4 30 
66 104 
72 127 
32 113 
-13 98 
-28 95 
-8 87 
30 47 
68 -28 
97 -98 
111 -112 
106 -46 
75 67 
24 158 
-27 173 
-57 109 
-56 16 
-31 -44 
-3 -48 
15 -15 
23 9 
27 1 
32 -25 
32 -36 
19 -14 
-3 28 
-22 59 
-26 57 
-12 28 
7 -2 
16 -16 
8 -16 
-13 -17 
-34 -27 
-41 -39 
-20 -41 
35 -28 
113 -12 
181 -9 
198 -25 
139 -49 
25 -67 
-82 -67 
-117 -48 
-62 -11 
39 41 
114 100 
117 151 
67 171 
19 148 
14 89 
41 17 
57 -40 
35 -69 
-4 -74 
-11 -63 
34 -41 
99 -10 
124 22 
79 40 
-1 32 
-49 5 
-25 -15 
44 -1 
95 53 
87 120 
40 158 
10 146 
36 93 
98 36 
136 7 
108 11 
31 28 
-40 33 
-57 18 
-21 -9 
30 -28 
57 -28 
53 -10 
38 12 
26 24 
14 18 
-12 -6 
-52 -33 
-81 -46 
-72 -36 
-28 -11 
19 2 
26 -19 
-21 -70 
-90 -116 
-129 -116 
-110 -62 
-48 9 
4 46 
4 25 
-53 -23 
-123 -43 
-151 -9 
-113 50 
-33 72 
36 24 
52 -69 
18 -142 
-26 -149 
-37 -99 
-10 -38 
22 -2 
25 12 
-5 34 
-33 73 
-21 107 
31 106 
80 68 
79 28 
20 23 
-55 51 
-92 70 
-76 38 
-35 -48 
-12 -140 
-19 -185 
-30 -165 
-16 -109 
18 -64 
36 -53 
10 -63 
-48 -64 
-93 -39 
-88 4 
-41 41 
5 55 
16 46 
-3 21 
-13 -10 
14 -42 
64 -68 
93 -76 
67 -54 
-4 -6 
-73 44 
-97 62 
-73 29 
-37 -34 
-30 -83 
-59 -82 
-93 -33 
-90 26 
-38 53 
29 37 
55 6 
11 -6 
-77 2 
-143 3 
-129 -36 
-39 -107 
62 -164 
96 -158 
32 -84 
-83 16 
-163 83 
-150 92 
-58 62 
46 32 
95 26 
77 37 
25 45 
-18 41 
-40 32 
-60 24 
-94 17 
-126 3 
-122 -16 
-61 -25 
36 -9 
121 28 
156 63 
140 76 
104 63 
80 43 
72 32 
69 31 
63 23 
59 -5 
64 -46 
68 -74 
51 -67 
2 -25 
-59 27 
-92 59 
-68 53 
0 20 
63 -15 
81 -28 
50 -9 
6 27 
-8 58 
23 64 
80 41 
128 7 
148 -14 
140 -13 
115 2 
81 10 
44 -4 
8 -32 
-18 -55 
-26 -57 
-16 -41 
-1 -26 
6 -25 
-4 -37 
-27 -47 
-54 -45 
-74 -37 
-82 -34 
-82 -39 
-82 -42 
-94 -29 
-118 -5 
-142 12 
-146 5 
-118 -24 
-60 -50 
8 -48 
62 -20 
90 11 
96 16 
94 -6 
95 -26 
102 -18 
109 19 
104 54 
78 49 
28 0 
-30 -62 
-66 -93 
-53 -73 
7 -24 
79 17 
112 23 
81 -2 
7 -31 
-52 -40 
-51 -23 
4 11 
61 48 
69 74 
22 80 
-38 68 
-59 51 
-33 50 
8 84 
24 139 
11 175 
7 149 
46 51 
118 -73 
173 -156 
163 -155 
91 -85 
13 -7 
-12 22 
25 -9 
80 -67 
99 -105 
70 -107 
27 -88 
16 -70 
43 -61 
72 -46 
63 -18 
15 15 
-28 25 
-24 -5 
25 -66 
68 -121 
52 -134 
-29 -98 
-123 -36 
-164 10 
-127 15 
-41 -17 
37 -56 
71 -69 
61 -47 
29 -11 
-8 10 
-43 -1 
-71 -33 
-77 -59 
-48 -63 
10 -50 
66 -38 
87 -42 
65 -52 
23 -45 
-7 -8 
-14 43 
-11 79 
-14 72 
-16 23 
8 -45 
71 -99 
149 -120 
190 -108 
157 -73 
62 -22 
-39 39 
-81 103 
-43 156 
42 178 
112 157 
118 94 
59 10 
-24 -58 
-76 -79 
-64 -42 
2 33 
78 102 
113 128 
86 100 
17 46 
-44 10 
-57 21 
-18 71 
37 124 
59 142 
30 118 
-29 69 
-66 20 
-49 -16 
19 -39 
95 -47 
132 -29 
111 20 
51 87 
-6 138 
-32 142 
-27 97 
-16 39 
-26 12 
-59 27 
-94 55 
-100 56 
-66 16 
-16 -38 
10 -64 
-16 -48 
-84 -13 
-152 2 
-177 -14 
-148 -36 
-93 -30 
-51 12 
-42 57 
-47 68 
-31 36 
20 -9 
82 -26 
107 -3 
67 35 
-21 47 
-103 18 
-122 -31 
-63 -62 
38 -52 
121 -12 
144 23 
104 26 
37 -2 
-14 -38 
-23 -54 
3 -36 
40 7 
58 53 
45 76 
12 67 
-14 31 
-10 -7 
25 -23 
64 -2 
72 45 
30 91 
-43 110 
-101 96 
-111 68 
-75 50 
-33 55 
-28 71 
-69 77 
-125 61 
-147 34 
-114 17 
-44 19 
21 34 
52 45 
56 45 
58 42 
79 47 
110 56 
126 58 
109 53 
70 55 
40 80 
46 118 
86 135 
135 98 
160 20 
146 -41 
100 -29 
42 55 
-7 141 
-37 146 
-49 50 
-51 -79 
-48 -144 
-45 -102 
-48 -1 
-58 65 
-74 49 
-85 -19 
-80 -63 
-48 -47 
2 -1 
47 14 
57 -26 
16 -79 
-63 -85 
-136 -30 
-160 38 
-118 58 
-34 18 
47 -35 
87 -45 
79 -6 
40 34 
-7 26 
-52 -25 
-91 -62 
-116 -36 
-108 39 
-54 89 
27 50 
88 -68 
81 -181 
1 -198 
-102 -101 
-155 42 
-114 134 
0 130 
109 62 
140 0 
75 -17 
-34 -7 
-111 -20 
-110 -69 
-50 -114 
11 -96 
22 -4 
-19 101 
-68 131 
-79 51 
-41 -80 
12 -155 
38 -100 
21 53 
-15 198 
-30 234 
-2 148 
50 16 
87 -61 
82 -41 
44 34 
2 85 
-20 64 
-24 -15 
-31 -92 
-53 -120 
-84 -95 
-97 -51 
-77 -25 
-31 -26 
12 -36 
29 -30 
19 -4 
2 26 
0 35 
18 19 
42 -9 
55 -23 
51 -12 
37 9 
24 16 
8 -6 
-17 -45 
-49 -73 
-71 -71 
-59 -39 
-10 2 
45 31 
58 46 
1 53 
-107 53 
-203 34 
-224 -10 
-153 -65 
-29 -94 
75 -63 
108 20 
66 107 
-7 140 
-60 95 
-67 6 
-40 -67 
-18 -84 
-26 -56 
-61 -26 
-91 -26 
-83 -46 
-31 -51 
38 -17 
79 41 
68 79 
20 71 
-20 32 
-15 6 
36 23 
96 70 
122 99 
100 71 
55 -6 
27 -78 
36 -92 
68 -39 
93 38 
91 76 
70 41 
57 -45 
69 -124 
98 -145 
120 -101 
115 -24 
84 41 
46 67 
22 60 
22 39 
39 19 
60 -1 
79 -27 
94 -58 
107 -78 
110 -72 
90 -39 
43 -1 
-21 14 
-74 -4 
-90 -40 
-61 -65 
-5 -59 
48 -31 
79 -4 
83 5 
71 1 
50 7 
19 36 
-22 74 
-66 91 
-92 62 
-80 -2 
-33 -63 
21 -84 
49 -54 
35 1 
-1 46 
-22 55 
-3 33 
43 -2 
77 -31 
58 -45 
-16 -45 
-107 -35 
-158 -15 
-136 6 
-58 18 
20 7 
48 -30 
18 -79 
-32 -115 
-51 -115 
-17 -69 
45 5 
92 75 
96 108 
70 93 
49 43 
56 -8 
82 -35 
99 -37 
87 -41 
55 -71 
23 -124 
1 -163 
-23 -148 
-63 -73 
-117 21 
-154 72 
-143 49 
-81 -24 
-1 -90 
48 -103 
46 -64 
15 -8 
-3 26 
21 32 
72 28 
105 32 
80 40 
-6 33 
-116 2 
-202 -41 
-232 -72 
-211 -78 
-163 -74 
-117 -83 
-85 -112 
-67 -145 
-55 -150 
-42 -108 
-27 -28 
-11 62 
0 130 
-2 158 
-25 150 
-68 122 
-120 91 
-161 70 
-171 60 
-142 52 
-79 40 
-2 21 
64 0 
99 -19 
93 -39 
57 -67 
20 -103 
11 -132 
45 -129 
102 -83 
145 -11 
139 45 
82 55 
5 23 
-49 -11 
-57 -6 
-22 46 
30 109 
74 140 
90 127 
74 98 
22 94 
-54 129 
-128 175 
-165 190 
-139 156 
-58 97 
38 56 
99 57 
98 87 
49 111 
-10 103 
-42 64 
-37 15 
-15 -20 
-4 -30 
-21 -14 
-62 22 
-103 62 
-116 79 
-91 54 
-37 -12 
14 -81 
38 -107 
24 -63 
-12 31 
-48 123 
-65 169 
-59 159 
-32 119 
8 80 
55 54 
91 37 
93 26 
50 22 
-20 25 
-72 25 
-66 9 
0 -20 
83 -33 
124 -7 
97 51 
30 96 
-23 83 
-27 12 
3 -62 
26 -75 
11 -9 
-33 86 
-65 143 
-54 126 
-3 61 
54 1 
81 -21 
71 -12 
40 5 
18 22 
17 45 
27 73 
32 90 
18 74 
-8 28 
-24 -16 
-11 -22 
36 13 
95 56 
133 75 
128 72 
83 76 
32 102 
13 129 
40 111 
93 26 
135 -87 
133 -157 
88 -139 
26 -54 
-20 27 
-35 46 
-28 3 
-24 -50 
-46 -59 
-94 -14 
-148 51 
-175 91 
-149 88 
-68 56 
34 26 
109 19 
117 37 
62 67 
-13 96 
-47 106 
-8 88 
86 38 
173 -28 
196 -81 
142 -93 
52 -57 
-13 7 
-14 61 
37 74 
86 42 
80 -14 
9 -61 
-93 -79 
-166 -68 
-173 -46 
-119 -28 
-43 -17 
15 -2 
42 26 
51 60 
56 80 
56 64 
32 15 
-28 -38 
-103 -56 
-154 -22 
-147 40 
-88 86 
-15 80 
33 27 
46 -33 
45 -58 
53 -39 
69 -7 
76 -6 
60 -54 
36 -126 
27 -173 
39 -167 
50 -116 
25 -60 
-37 -31 
-100 -29 
-115 -28 
-69 0 
7 54 
57 108 
54 133 
16 125 
-15 107 
-10 103 
20 113 
47 114 
55 82 
47 23 
38 -31 
32 -42 
23 -7 
5 37 
-15 42 
-26 -7 
-28 -76 
-36 -109 
-65 -73 
-105 13 
-128 93 
-109 116 
-47 70 
27 -9 
79 -72 
94 -89 
79 -64 
52 -21 
21 11 
-12 17 
-37 -4 
-35 -42 
8 -79 
80 -98 
141 -88 
155 -55 
118 -17 
64 10 
38 25 
61 38 
111 60 
142 84 
118 85 
38 48 
-68 -19 
-157 -81 
-199 -101 
-184 -70 
-125 -9 
-53 49 
-1 88 
11 109 
-8 124 
-25 135 
-11 140 
36 136 
82 130 
88 128 
45 128 
-14 118 
-38 86 
-5 37 
57 -12 
91 -46 
66 -60 
1 -56 
-48 -35 
-42 6 
10 63 
53 111 
39 113 
-30 55 
-102 -39 
-124 -108 
-78 -102 
-2 -22 
52 79 
59 134 
36 118 
22 58 
34 8 
59 0 
69 26 
51 52 
18 58 
-5 50 
-10 51 
-10 68 
-23 88 
-51 90 
-78 69 
-87 36 
-71 2 
-44 -35 
-16 -82 
8 -126 
28 -133 
39 -75 
33 37 
11 140 
-7 169 
4 107 
50 3 
100 -65 
112 -58 
72 -6 
9 26 
-24 -3 
2 -71 
63 -126 
99 -134 
76 -107 
11 -82 
-39 -77 
-30 -73 
30 -47 
89 -2 
96 27 
46 11 
-16 -37 
-36 -67 
9 -37 
93 42 
162 114 
174 126 
125 73 
52 6 
4 -17 
9 22 
53 91 
96 139 
100 136 
66 93 
30 42 
26 11 
56 12 
83 39 
66 83 
5 132 
-57 170 
-68 177 
-22 139 
36 63 
48 -22 
2 -81 
-62 -92 
-85 -58 
-49 -3 
7 46 
25 70 
-14 70 
-69 55 
-80 35 
-18 14 
84 -11 
159 -40 
162 -74 
102 -104 
29 -124 
-14 -125 
-17 -105 
-6 -64 
-14 -8 
-53 50 
-108 95 
-147 116 
-145 106 
-98 77 
-22 46 
52 33 
94 41 
91 64 
57 80 
22 75 
14 42 
38 -7 
70 -50 
82 -62 
62 -28 
30 40 
20 110 
47 144 
94 122 
119 56 
97 -15 
36 -57 
-24 -63 
-49 -49 
-38 -36 
-19 -27 
-19 -8 
-39 32 
-53 80 
-41 109 
-7 97 
17 58 
10 24 
-23 22 
-51 50 
-46 79 
-9 80 
31 48 
49 5 
37 -20 
15 -16 
0 9 
-4 38 
-8 63 
-22 83 
-42 99 
-54 104 
-52 89 
-43 45 
-43 -18 
-60 -79 
-91 -111 
-119 -101 
-127 -58 
-103 -7 
-47 26 
29 31 
102 18 
146 5 
140 0 
88 -8 
15 -31 
-40 -65 
-55 -82 
-30 -54 
11 19 
44 102 
60 146 
63 132 
63 83 
60 40 
46 29 
17 34 
-24 27 
-63 -2 
-85 -36 
-81 -49 
-53 -40 
-11 -33 
30 -45 
60 -69 
75 -71 
77 -35 
74 16 
70 37 
67 3 
65 -61 
67 -96 
79 -70 
100 -7 
117 30 
107 -3 
54 -89 
-28 -161 
-100 -160 
-122 -83 
-78 16 
2 72 
74 54 
103 -15 
91 -83 
66 -111 
52 -93 
47 -56 
35 -28 
6 -22 
-25 -26 
-33 -21 
-6 4 
35 37 
54 51 
33 31 
-10 -14 
-29 -56 
6 -70 
77 -57 
129 -42 
110 -47 
13 -66 
-106 -70 
-175 -33 
-156 34 
-70 89 
15 89 
41 34 
2 -31 
-57 -50 
-83 0 
-53 87 
11 151 
61 148 
64 86 
24 11 
-28 -27 
-56 -10 
-40 36 
12 66 
75 54 
118 5 
119 -49 
72 -76 
-4 -69 
-76 -45 
-118 -29 
-119 -29 
-95 -37 
-65 -39 
-41 -34 
-21 -31 
5 -39 
38 -51 
70 -51 
90 -29 
98 10 
102 46 
107 64 
109 59 
93 36 
50 -4 
-6 -56 
-44 -111 
-39 -148 
8 -143 
63 -92 
82 -19 
42 38 
-42 56 
-127 44 
-172 32 
-162 41 
-115 68 
-65 91 
-34 94 
-28 76 
-40 49 
-60 20 
-81 -7 
-94 -28 
-91 -31 
-71 -5 
-44 44 
-31 91 
-38 110 
-52 94 
-44 58 
9 20 
94 -15 
169 -55 
188 -97 
137 -116 
41 -85 
-47 -8 
-84 68 
-56 88 
16 38 
89 -35 
129 -63 
123 -21 
92 42 
74 48 
99 -35 
152 -152 
180 -204 
128 -135 
-10 12 
-171 130 
-259 137 
-221 43 
-88 -62 
47 -89 
104 -23 
78 72 
32 123 
31 104 
79 48 
126 5 
118 -7 
58 -7 
0 -11 
-8 -15 
28 3 
51 42 
16 72 
-63 56 
-125 -5 
-119 -66 
-58 -77 
-1 -33 
3 17 
-39 17 
-71 -37 
-54 -85 
-2 -63 
29 37 
2 151 
-62 197 
-107 154 
-94 77 
-47 48 
-22 102 
-50 193 
-102 242 
-114 206 
-57 111 
32 23 
75 -15 
32 -12 
-65 -10 
-134 -33 
-120 -65 
-41 -70 
30 -31 
33 27 
-27 59 
-94 42 
-119 -10 
-99 -57 
-67 -69 
-43 -46 
-14 -7 
48 29 
135 58 
195 79 
175 82 
77 51 
-28 -20 
-61 -105 
-2 -156 
85 -142 
113 -77 
48 -15 
-56 -9 
-109 -62 
-67 -123 
28 -129 
91 -60 
67 38 
-18 94 
-92 70 
-98 -5 
-40 -65 
29 -62 
62 -7 
51 43 
25 46 
12 6 
10 -34 
-3 -38 
-37 -9 
-71 15 
-70 5 
-26 -33 
33 -62 
56 -57 
22 -24 
-39 6 
-60 14 
1 9 
125 20 
234 59 
257 108 
181 126 
62 91 
-18 16 
-19 -56 
38 -87 
96 -72 
116 -35 
101 -11 
78 -19 
65 -54 
58 -93 
42 -110 
20 -92 
13 -48 
35 -2 
78 28 
102 41 
74 54 
-6 85 
-95 131 
-140 158 
-110 134 
-20 57 
77 -33 
120 -75 
80 -44 
-24 32 
-132 92 
-182 89 
-146 32 
-50 -29 
41 -46 
68 -11 
21 45 
-60 84 
-109 88 
-93 66 
-28 34 
32 1 
38 -28 
-20 -43 
-113 -27 
-193 20 
-226 77 
-204 104 
-143 76 
-66 10 
0 -48 
36 -55 
35 -2 
8 72 
-23 118 
-31 113 
-8 73 
34 39 
68 37 
70 56 
40 63 
-3 38 
-33 -5 
-41 -25 
-38 9 
-43 89 
-60 165 
-76 184 
-66 131 
-26 37 
18 -44 
30 -76 
-7 -63 
-70 -34 
-112 -13 
-105 1 
-65 21 
-38 47 
-56 59 
-106 32 
-139 -33 
-116 -103 
-46 -132 
24 -102 
52 -40 
42 3 
28 -9 
34 -68 
47 -122 
35 -120 
-11 -46 
-58 59 
-58 133 
-4 132 
54 64 
52 -23 
-28 -73 
-136 -67 
-196 -27 
-175 10 
-107 21 
-59 10 
-67 -4 
-106 -8 
-124 -6 
-91 -3 
-29 1 
17 14 
21 36 
-1 56 
-17 59 
-7 42 
21 18 
52 7 
80 15 
113 33 
152 47 
180 53 
172 55 
121 50 
46 24 
-16 -29 
-38 -89 
-23 -113 
2 -69 
13 29 
4 117 
-13 128 
-17 41 
-4 -91 
16 -180 
25 -168 
11 -66 
-17 62 
-39 144 
-39 149 
-17 101 
10 42 
20 9 
9 6 
-9 18 
-12 26 
4 23 
23 11 
17 -4 
-28 -19 
-92 -34 
-135 -47 
-123 -46 
-58 -21 
23 30 
70 90 
59 124 
10 104 
-30 36 
-24 -41 
22 -76 
65 -42 
60 38 
-3 111 
-86 132 
-135 100 
-125 56 
-76 45 
-34 79 
-24 128 
-29 149 
-10 126 
47 83 
115 55 
142 57 
106 68 
33 52 
-22 -3 
-16 -69 
42 -102 
104 -83 
120 -34 
74 1 
-10 -1 
-84 -23 
-107 -24 
-63 13 
28 69 
121 98 
164 77 
135 20 
53 -33 
-33 -63 
-78 -81 
-74 -112 
-50 -159 
-34 -193 
-27 -178 
-8 -111 
36 -25 
77 34 
66 48 
-22 36 
-154 32 
-260 49 
-280 71 
-218 71 
-128 43 
-69 -3 
-58 -49 
-69 -90 
-65 -123 
-33 -138 
5 -117 
23 -50 
11 41 
-20 106 
-51 106 
-71 43 
-79 -32 
-77 -58 
-63 -14 
-37 69 
-6 135 
13 148 
5 118 
-30 85 
-79 79 
-120 91 
-136 91 
-127 57 
-107 0 
-90 -42 
-79 -35 
-59 19 
-13 82 
60 108 
131 79 
160 16 
120 -39 
28 -56 
-65 -36 
-102 -8 
-62 1 
30 -19 
121 -51 
164 -71 
148 -68 
95 -48 
40 -24 
8 -5 
3 8 
9 16 
9 15 
-4 -3 
-23 -38 
-34 -72 
-29 -81 
-15 -45 
-11 26 
-28 102 
-60 144 
-83 131 
-79 72 
-51 -2 
-26 -59 
-28 -79 
-59 -68 
-91 -42 
-91 -24 
-54 -27 
-11 -49 
-3 -73 
-48 -79 
-120 -54 
-168 -8 
-156 32 
-90 42 
-7 15 
46 -28 
49 -59 
13 -57 
-33 -30 
-64 1 
-64 17 
-35 17 
10 12 
50 8 
63 2 
42 -12 
-2 -36 
-40 -57 
-45 -62 
-19 -46 
14 -20 
25 -1 
8 -3 
-14 -25 
-12 -57 
24 -84 
73 -89 
106 -69 
111 -33 
104 -5 
99 -4 
93 -31 
63 -61 
-8 -61 
-105 -16 
-185 53 
-212 108 
-183 123 
-123 104 
-64 85 
-19 92 
20 120 
57 137 
84 120 
93 79 
87 53 
85 72 
100 128 
121 176 
117 165 
68 83 
-11 -33 
-77 -114 
-95 -111 
-67 -29 
-24 79 
2 141 
8 120 
20 37 
59 -46 
122 -69 
176 -19 
185 64 
137 115 
48 96 
-46 23 
-111 -47 
-126 -69 
-91 -39 
-25 2 
42 11 
81 -16 
77 -43 
41 -28 
-4 32 
-33 94 
-41 102 
-41 40 
-54 -47 
-88 -89 
-131 -45 
-152 59 
-127 153 
-52 175 
45 122 
120 40 
138 -18 
95 -36 
19 -33 
-47 -38 
-74 -51 
-62 -45 
-34 0 
-12 76 
-2 143 
2 158 
8 111 
12 26 
3 -59 
-21 -114 
-52 -130 
-75 -117 
-84 -88 
-84 -55 
-81 -27 
-75 -7 
-60 7 
-33 21 
-6 37 
-1 49 
-27 50 
-76 34 
-121 10 
-136 -10 
-113 -21 
-71 -29 
-40 -47 
-41 -75 
-73 -99 
-111 -101 
-116 -73 
-67 -32 
22 -7 
106 -23 
134 -76 
92 -141 
13 -181 
-42 -176 
-36 -126 
18 -60 
71 -11 
82 -4 
50 -40 
11 -93 
-4 -125 
1 -111 
-5 -56 
-39 9 
-81 44 
-95 32 
-61 -8 
-2 -37 
37 -26 
31 18 
-7 56 
-41 46 
-51 -14 
-45 -87 
-45 -120 
-58 -94 
-68 -41 
-61 -17 
-43 -53 
-35 -121 
-51 -153 
-76 -101 
-78 13 
-43 109 
10 108 
46 4 
45 -131 
22 -203 
6 -171 
18 -82 
48 -23 
72 -46 
76 -119 
59 -160 
32 -108 
-1 16 
-39 126 
-71 140 
-78 45 
-43 -91 
19 -178 
74 -167 
89 -77 
65 27 
36 86 
32 81 
52 30 
62 -31 
33 -72 
-25 -78 
-68 -49 
-62 -6 
-15 23 
26 15 
19 -25 
-33 -66 
-90 -70 
-114 -22 
-105 50 
-90 97 
-93 83 
-103 11 
-94 -77 
-54 -134 
-8 -134 
11 -78 
-5 9 
-29 94 
-22 147 
20 146 
62 95 
66 19 
26 -42 
-21 -61 
-31 -40 
5 -9 
53 1 
72 -12 
48 -28 
5 -25 
-23 -4 
-23 14 
-15 15 
-23 6 
-50 7 
-72 25 
-58 44 
1 37 
80 -5 
136 -56 
135 -81 
77 -59 
1 -7 
-47 43 
-40 66 
6 59 
41 34 
25 -6 
-41 -64 
-106 -136 
-111 -198 
-37 -220 
70 -184 
132 -109 
97 -37 
-15 -7 
-125 -23 
-154 -61 
-90 -85 
12 -78 
72 -46 
50 -12 
-26 9 
-90 19 
-99 30 
-59 50 
-20 77 
-22 90 
-65 65 
-113 -7 
-125 -106 
-90 -186 
-33 -196 
13 -123 
27 -1 
14 101 
-14 129 
-44 85 
-70 21 
-85 -5 
-81 23 
-56 72 
-24 95 
-7 77 
-17 44 
-43 30 
-53 38 
-28 39 
20 8 
55 -40 
46 -64 
1 -33 
-46 27 
-60 60 
-43 28 
-20 -47 
-17 -102 
-30 -91 
-36 -28 
-22 36 
2 59 
8 47 
-9 36 
-27 41 
-17 43 
20 12 
50 -49 
36 -92 
-16 -74 
-59 2 
-43 77 
29 91 
100 31 
106 -56 
39 -111 
-48 -117 
-81 -102 
-35 -96 
47 -96 
97 -71 
81 -2 
19 82 
-33 124 
-41 91 
-12 9 
23 -56 
42 -57 
48 -4 
63 46 
94 49 
129 8 
140 -35 
108 -42 
44 -16 
-20 10 
-46 10 
-14 -6 
52 -9 
103 15 
93 45 
20 51 
-64 28 
-90 5 
-36 19 
56 76 
105 139 
66 166 
-27 143 
-92 99 
-78 75 
-16 81 
9 93 
-55 84 
-166 53 
-221 26 
-144 22 
35 32 
200 24 
249 -18 
168 -71 
40 -94 
-35 -60 
-22 13 
34 78 
57 102 
11 86 
-80 56 
-160 33 
-185 19 
-152 6 
-88 -6 
-29 0 
4 34 
6 82 
-15 108 
-43 83 
-64 10 
-72 -74 
-66 -121 
-49 -106 
-20 -41 
19 35 
58 84 
82 91 
76 68 
42 45 
-3 47 
-37 78 
-53 121 
-56 145 
-59 130 
-57 77 
-41 9 
-6 -45 
31 -67 
41 -57 
7 -26 
-57 11 
-108 36 
-108 39 
-49 21 
38 -3 
107 -11 
127 12 
99 52 
44 74 
-11 48 
-54 -20 
-84 -85 
-104 -93 
-109 -31 
-93 61 
-55 121 
-5 115 
40 65 
62 29 
56 39 
26 73 
-12 74 
-42 11 
-49 -86 
-32 -144 
-3 -110 
21 1 
30 114 
33 156 
53 114 
103 42 
169 5 
210 28 
183 81 
82 109 
-50 88 
-149 47 
-174 35 
-135 79 
-83 158 
-62 210 
-78 179 
-95 57 
-73 -104 
-3 -218 
86 -215 
151 -95 
163 74 
128 191 
68 191 
10 86 
-32 -45 
-57 -116 
-66 -92 
-62 -7 
-43 72 
-8 102 
35 83 
72 44 
84 8 
67 -24 
30 -53 
-1 -70 
-7 -52 
9 4 
28 68 
26 96 
3 66 
-21 4 
-18 -34 
15 -14 
59 45 
83 88 
71 76 
29 23 
-28 -14 
-84 4 
-128 69 
-146 120 
-121 106 
-48 27 
48 -66 
122 -112 
130 -93 
68 -40 
-23 -3 
-89 -4 
-96 -26 
-56 -29 
-8 4 
13 61 
0 104 
-24 102 
-30 50 
-5 -32 
43 -112 
93 -154 
120 -142 
112 -82 
73 -11 
26 23 
-8 -10 
-17 -93 
-9 -167 
-1 -170 
0 -85 
1 36 
20 112 
61 90 
105 -13 
116 -127 
77 -181 
4 -158 
-61 -91 
-79 -30 
-47 5 
1 24 
25 43 
10 58 
-22 44 
-36 -11 
-17 -91 
21 -158 
48 -184 
48 -170 
27 -134 
3 -90 
-17 -38 
-42 21 
-82 70 
-132 81 
-167 40 
-164 -25 
-122 -65 
-58 -45 
2 26 
40 100 
55 137 
46 133 
13 112 
-38 93 
-90 67 
-117 18 
-103 -49 
-60 -93 
-25 -70 
-30 20 
-73 120 
-118 160 
-123 111 
-72 13 
9 -57 
71 -51 
77 16 
28 83 
-40 96 
-83 49 
-76 -13 
-32 -37 
13 -4 
25 58 
2 96 
-32 79 
-41 16 
-14 -46 
26 -70 
38 -52 
2 -28 
-62 -35 
-109 -71 
-106 -92 
-55 -53 
9 45 
57 147 
87 185 
108 137 
121 48 
103 -9 
33 -1 
-76 45 
-172 71 
-198 51 
-138 5 
-35 -20 
50 -9 
79 14 
62 15 
34 -13 
18 -39 
13 -35 
7 -2 
1 25 
5 16 
26 -21 
52 -53 
65 -55 
61 -31 
56 -4 
60 11 
65 22 
48 46 
-2 83 
-66 113 
-108 115 
-109 89 
-85 55 
-66 32 
-64 19 
-58 6 
-22 -13 
37 -20 
77 1 
55 50 
-25 96 
-107 102 
-126 53 
-61 -32 
46 -109 
125 -140 
134 -118 
82 -68 
12 -27 
-38 -21 
-59 -46 
-61 -75 
-58 -74 
-51 -34 
-31 28 
9 71 
71 66 
142 17 
202 -42 
223 -69 
191 -50 
113 -4 
22 32 
-33 38 
-28 24 
24 19 
76 39 
81 73 
31 92 
-40 78 
-81 37 
-65 -3 
-10 -15 
43 4 
57 33 
28 48 
-19 36 
-53 5 
-62 -27 
-52 -44 
-36 -43 
-22 -34 
-10 -29 
0 -33 
-1 -39 
-23 -32 
-63 -1 
-101 45 
-110 81 
-74 78 
-10 31 
48 -28 
68 -54 
47 -21 
9 52 
-15 111 
-15 118 
-11 76 
-28 30 
-76 19 
-130 38 
-153 47 
-121 12 
-48 -52 
25 -90 
54 -57 
25 36 
-43 125 
-111 147 
-144 93 
-133 4 
-96 -63 
-63 -86 
-58 -85 
-81 -90 
-113 -106 
-132 -111 
-128 -84 
-107 -31 
-83 21 
-64 46 
-48 40 
-33 21 
-27 2 
-38 -17 
-64 -42 
-83 -71 
-63 -84 
5 -63 
94 -9 
148 53 
128 85 
45 69 
-47 18 
-89 -29 
-62 -41 
0 -12 
45 31 
38 52 
-12 33 
-74 -5 
-117 -22 
-127 10 
-107 79 
-58 140 
11 144 
78 79 
112 -23 
90 -110 
19 -148 
-59 -139 
-99 -113 
-86 -93 
-43 -83 
-8 -71 
7 -50 
21 -22 
59 2 
116 20 
152 36 
125 56 
36 76 
-63 86 
-113 84 
-93 73 
-33 66 
12 63 
14 59 
-11 44 
-22 17 
-2 -14 
36 -39 
63 -54 
70 -61 
75 -60 
103 -46 
159 -17 
214 21 
227 49 
179 52 
90 21 
11 -33 
-12 -88 
32 -123 
106 -128 
150 -99 
121 -45 
27 20 
-77 76 
-128 109 
-104 110 
-43 86 
-10 55 
-35 35 
-87 38 
-101 62 
-40 89 
59 98 
115 73 
72 19 
-52 -41 
-169 -81 
-198 -88 
-126 -66 
-13 -34 
59 -7 
56 12 
4 27 
-40 34 
-45 22 
-20 -16 
1 -69 
-9 -108 
-43 -101 
-74 -46 
-76 29 
-34 81 
40 87 
121 54 
174 11 
173 -17 
113 -29 
26 -39 
-40 -55 
-48 -70 
5 -68 
79 -38 
120 11 
100 60 
32 91 
-38 94 
-67 70 
-44 30 
3 -13 
38 -46 
42 -58 
25 -52 
14 -39 
24 -32 
46 -37 
61 -46 
56 -44 
41 -27 
33 -3 
39 13 
43 18 
26 24 
-8 42 
-30 67 
-6 77 
66 45 
145 -26 
176 -98 
133 -122 
43 -72 
-39 22 
-69 95 
-42 91 
13 8 
68 -100 
107 -158 
127 -125 
121 -24 
86 81 
33 135 
-8 125 
-10 87 
25 64 
58 76 
46 103 
-18 114 
-92 87 
-121 28 
-85 -45 
-17 -110 
26 -153 
16 -163 
-28 -132 
-61 -63 
-57 16 
-26 64 
4 55 
18 -2 
24 -60 
37 -73 
57 -36 
66 11 
53 19 
27 -27 
13 -93 
23 -130 
41 -118 
35 -87 
-12 -80 
-80 -103 
-129 -118 
-129 -81 
-87 3 
-41 74 
-27 69 
-46 -18 
-72 -119 
-68 -151 
-23 -92 
37 4 
78 56 
78 34 
51 -16 
28 -20 
28 48 
38 138 
25 174 
-25 121 
-89 21 
-117 -51 
-76 -52 
11 -7 
79 28 
67 21 
-27 -8 
-139 -15 
-189 22 
-145 75 
-43 97 
42 65 
59 5 
21 -33 
-18 -19 
-10 26 
43 52 
93 23 
95 -46 
43 -101 
-25 -94 
-61 -24 
-47 60 
-4 100 
26 76 
24 23 
7 -3 
10 19 
49 59 
103 64 
125 14 
90 -56 
17 -84 
-40 -46 
-35 19 
24 41 
84 -12 
90 -97 
36 -133 
-27 -78 
-33 33 
40 116 
149 113 
216 44 
190 -20 
87 -26 
-32 15 
-107 48 
-124 30 
-110 -31 
-106 -92 
-125 -122 
-149 -131 
-149 -143 
-109 -164 
-42 -161 
23 -107 
55 -10 
40 77 
-12 105 
-73 68 
-104 12 
-80 -10 
-4 16 
88 56 
147 70 
145 43 
92 -1 
31 -31 
5 -41 
23 -48 
59 -69 
72 -96 
39 -100 
-25 -60 
-82 10 
-100 64 
-73 60 
-18 -9 
35 -106 
61 -171 
51 -168 
12 -108 
-34 -42 
-65 -24 
-71 -72 
-61 -155 
-57 -209 
-69 -188 
-87 -92 
-85 24 
-54 97 
-13 90 
4 20 
-20 -61 
-61 -106 
-69 -101 
-12 -67 
86 -35 
166 -22 
177 -26 
120 -40 
42 -60 
-6 -88 
-5 -114 
22 -120 
44 -88 
46 -17 
32 64 
14 118 
-2 123 
-13 88 
-14 42 
4 16 
35 15 
59 23 
55 18 
26 -4 
-1 -29 
4 -33 
41 -5 
81 47 
87 94 
49 108 
-7 77 
-43 13 
-43 -51 
-20 -82 
1 -64 
2 -10 
-15 45 
-38 69 
-53 50 
-51 4 
-31 -37 
5 -45 
42 -11 
63 49 
56 109 
23 150 
-16 169 
-40 169 
-37 152 
-15 113 
12 52 
30 -19 
31 -73 
13 -84 
-19 -50 
-50 -1 
-60 23 
-35 5 
21 -27 
77 -27 
99 28 
73 109 
17 152 
-28 115 
-33 16 
4 -74 
56 -91 
88 -29 
80 54 
36 95 
-21 72 
-65 22 
-80 -1 
-66 18 
-37 48 
-15 46 
-13 1 
-30 -52 
-53 -69 
-68 -33 
-71 24 
-68 55 
-69 35 
-73 -19 
-72 -66 
-61 -76 
-45 -44 
-34 8 
-32 54 
-26 74 
2 61 
46 21 
69 -28 
33 -60 
-70 -51 
-190 -2 
-253 61 
-215 100 
-100 98 
13 73 
57 60 
24 78 
-33 110 
-58 114 
-44 69 
-31 -2 
-54 -51 
-99 -41 
-111 15 
-50 65 
58 63 
136 6 
120 -65 
19 -100 
-85 -84 
-109 -39 
-40 -1 
59 10 
108 4 
76 0 
6 13 
-32 36 
-6 52 
51 46 
75 13 
33 -36 
-56 -77 
-131 -89 
-149 -62 
-108 -9 
-45 39 
6 55 
36 36 
54 7 
69 1 
69 30 
35 76 
-31 104 
-98 90 
-125 40 
-97 -18 
-41 -60 
-3 -70 
-13 -50 
-53 -8 
-81 41 
-73 78 
-46 81 
-40 40 
-81 -26 
-144 -76 
-179 -76 
-151 -23 
-75 43 
3 66 
42 16 
43 -81 
36 -163 
45 -173 
60 -103 
49 -6 
-2 44 
-67 10 
-100 -81 
-74 -153 
-10 -144 
41 -50 
38 70 
-16 140 
-77 125 
-98 50 
-66 -26 
-3 -63 
53 -71 
81 -85 
79 -130 
56 -188 
23 -210 
-13 -165 
-39 -64 
-39 43 
-11 104 
26 101 
40 57 
14 9 
-34 -20 
-64 -32 
-52 -40 
-14 -49 
5 -52 
-23 -37 
-74 -9 
-95 11 
-52 1 
28 -37 
78 -74 
52 -74 
-32 -26 
-102 36 
-102 55 
-37 3 
33 -91 
53 -154 
18 -125 
-33 -9 
-62 123 
-70 187 
-79 154 
-99 65 
-111 -3 
-90 -7 
-44 39 
-14 84 
-35 94 
-92 77 
-129 68 
-97 78 
-8 86 
73 58 
82 -11 
13 -85 
-79 -115 
-132 -85 
-121 -21 
-74 32 
-34 59 
-16 81 
-3 124 
29 181 
79 208 
121 159 
126 40 
91 -93 
37 -167 
-3 -156 
-10 -93 
12 -41 
44 -33 
60 -52 
48 -53 
16 -17 
-10 29 
-5 36 
33 -21 
74 -117 
74 -194 
13 -198 
-81 -123 
-145 -6 
-131 95 
-46 138 
49 118 
78 67 
15 29 
-101 33 
-196 72 
-218 110 
-167 104 
-83 47 
-8 -25 
42 -56 
73 -19 
91 58 
88 110 
50 98 
-22 40 
-109 2 
-179 31 
-204 109 
-176 166 
-100 141 
4 44 
109 -55 
183 -86 
204 -41 
173 23 
117 44 
70 10 
45 -33 
25 -37 
-14 3 
-74 40 
-123 29 
-127 -27 
-82 -78 
-28 -76 
-17 -23 
-62 30 
-124 34 
-142 -15 
-89 -71 
4 -83 
75 -42 
81 19 
39 54 
0 48 
2 16 
35 -12 
60 -24 
45 -25 
1 -22 
-33 -12 
-23 11 
25 43 
71 62 
78 43 
42 -14 
-11 -75 
-44 -92 
-43 -40 
-25 61 
-14 155 
-26 187 
-50 139 
-64 40 
-49 -52 
-10 -89 
35 -59 
62 12 
58 78 
32 106 
7 88 
4 45 
30 4 
72 -15 
106 -6 
111 22 
85 51 
41 61 
-4 40 
-42 -6 
-77 -53 
-109 -77 
-126 -65 
-109 -33 
-51 -2 
24 16 
79 38 
84 84 
47 152 
2 201 
-17 185 
-12 91 
-6 -33 
-21 -110 
-46 -93 
-53 -2 
-25 92 
16 130 
33 107 
11 65 
-25 52 
-31 75 
6 100 
54 90 
63 44 
18 -5 
-39 -21 
-49 6 
6 50 
81 78 
108 74 
60 51 
-23 27 
-76 10 
-64 -9 
-15 -43 
17 -89 
2 -124 
-38 -115 
-58 -46 
-34 63 
10 162 
32 200 
9 161 
-46 73 
-96 -5 
-116 -24 
-102 20 
-70 85 
-30 115 
16 83 
66 10 
108 -49 
126 -52 
108 3 
61 71 
5 98 
-38 60 
-58 -19 
-58 -85 
-47 -101 
-35 -68 
-26 -25 
-19 -14 
-9 -46 
9 -98 
38 -137 
71 -146 
92 -132 
87 -110 
51 -93 
-1 -79 
-41 -67 
-40 -62 
6 -70 
73 -89 
113 -102 
93 -93 
14 -56 
-78 1 
-125 56 
-98 94 
-26 108 
30 99 
21 71 
-43 40 
-98 21 
-82 24 
11 39 
115 38 
148 3 
78 -59 
-48 -108 
-139 -108 
-134 -63 
-50 -13 
39 -4 
64 -40 
23 -82 
-31 -82 
-40 -32 
-1 26 
37 39 
18 -8 
-60 -83 
-140 -137 
-157 -148 
-92 -135 
7 -127 
67 -131 
56 -124 
4 -86 
-27 -30 
-4 6 
47 -8 
75 -59 
56 -101 
24 -95 
32 -41 
95 21 
165 49 
168 38 
77 16 
-57 11 
-144 25 
-131 36 
-47 24 
30 -5 
41 -25 
-5 -19 
-49 3 
-42 9 
12 -18 
65 -63 
75 -95 
42 -95 
3 -71 
-4 -50 
30 -48 
87 -57 
136 -57 
153 -39 
128 -12 
63 7 
-19 14 
-83 23 
-95 45 
-52 73 
12 86 
48 66 
27 21 
-32 -27 
-80 -53 
-78 -54 
-29 -46 
30 -42 
54 -42 
29 -38 
-24 -21 
-65 3 
-70 24 
-38 38 
8 51 
45 71 
57 93 
49 104 
35 85 
28 37 
32 -21 
43 -63 
55 -74 
66 -60 
78 -36 
86 -18 
79 -6 
52 10 
14 38 
-11 70 
-3 86 
35 66 
73 5 
80 -71 
53 -126 
22 -132 
20 -90 
53 -33 
86 -1 
78 -14 
19 -56 
-51 -85 
-74 -67 
-23 3 
77 91 
163 147 
182 138 
131 66 
47 -28 
-23 -99 
-55 -119 
-53 -98 
-35 -66 
-14 -48 
10 -42 
39 -26 
64 23 
75 96 
65 154 
38 160 
7 106 
-17 26 
-31 -33 
-43 -47 
-55 -29 
-67 -6 
-72 8 
-63 27 
-44 70 
-29 123 
-30 144 
-49 96 
-73 -9 
-75 -108 
-40 -132 
21 -65 
74 34 
82 85 
35 44 
-39 -56 
-96 -140 
-105 -155 
-72 -103 
-33 -34 
-20 5 
-38 9 
-65 3 
-74 8 
-53 24 
-7 30 
50 11 
106 -27 
147 -61 
151 -75 
97 -70 
-10 -61 
-133 -64 
-212 -82 
-209 -107 
-137 -120 
-50 -104 
-1 -54 
-4 18 
-27 81 
-27 105 
10 74 
62 3 
101 -78 
116 -136 
122 -155 
131 -140 
139 -104 
130 -59 
94 -23 
48 -11 
15 -32 
4 -77 
-1 -118 
-21 -121 
-59 -75 
-86 -4 
-74 49 
-21 58 
40 31 
68 7 
44 20 
-14 65 
-68 107 
-91 106 
-82 53 
-55 -23 
-29 -82 
-11 -100 
-8 -91 
-20 -79 
-48 -78 
-83 -75 
-110 -49 
-118 -1 
-109 42 
-96 46 
-89 8 
-89 -38 
-84 -45 
-70 -2 
-54 55 
-55 67 
-83 12 
-127 -73 
-159 -123 
-151 -98 
-101 -20 
-26 52 
43 78 
86 68 
100 57 
92 58 
67 50 
31 2 
-7 -76 
-29 -127 
-21 -105 
15 -23 
53 44 
65 25 
41 -74 
4 -165 
-9 -159 
15 -47 
58 81 
84 121 
76 41 
49 -84 
33 -146 
38 -103 
42 -13 
14 25 
-43 -32 
-93 -126 
-90 -150 
-31 -51 
41 119 
69 240 
31 229 
-40 105 
-89 -27 
-86 -70 
-46 -13 
-4 72 
15 100 
17 51 
22 -20 
34 -45 
37 -6 
11 43 
-46 38 
-108 -36 
-142 -120 
-128 -142 
-75 -75 
-10 33 
39 100 
57 85 
44 20 
16 -26 
-7 -8 
-7 53 
20 94 
59 72 
87 4 
83 -48 
46 -28 
-4 58 
-39 148 
-47 175 
-34 121 
-17 22 
-11 -62 
-16 -98 
-24 -96 
-32 -87 
-44 -88 
-67 -89 
-97 -68 
-115 -22 
-103 28 
-57 48 
1 23 
42 -32 
50 -86 
39 -110 
36 -97 
54 -60 
85 -23 
105 -3 
101 -4 
83 -12 
68 -6 
64 25 
59 72 
42 107 
18 105 
7 63 
