112 0
256 0
400 0
544 0
688 0
832 0
976 0
336 0
480 0
624 0
768 0
912 0
48 0
192 0
560 0
704 0
848 0
992 0
128 0
272 0
416 0
784 0
928 0
64 0
208 0
352 0
496 0
640 0
63 0
207 0
351 0
495 0
639 0
783 0
927 0
287 0
431 0
575 0
719 0
863 0
1007 0
143 0
511 0
655 0
799 0
943 0
79 0
223 0
367 0
735 0
879 0
15 0
159 0
303 0
447 0
591 0
959 0
95 0
239 0
383 0
527 0
671 0
815 0
238 0
382 0
526 0
670 0
814 0
958 0
94 0
462 0
606 0
750 0
894 0
30 0
174 0
318 0
686 0
830 0
974 0
110 0
254 0
398 0
542 0
910 0
46 0
190 0
334 0
478 0
622 0
766 0
189 0
333 0
477 0
621 0
765 0
909 0
45 0
413 0
557 0
701 0
845 0
989 0
125 0
269 0
637 0
781 0
925 0
61 0
205 0
349 0
493 0
861 0
1005 0
141 0
285 0
429 0
573 0
717 0
77 0
221 0
365 0
509 0
653 0
797 0
941 0
364 0
508 0
652 0
796 0
940 0
76 0
220 0
588 0
732 0
876 0
12 0
156 0
300 0
444 0
812 0
956 0
92 0
236 0
380 0
524 0
668 0
28 0
172 0
316 0
460 0
604 0
748 0
892 0
315 0
459 0
603 0
747 0
891 0
27 0
171 0
539 0
683 0
827 0
971 0
107 0
251 0
395 0
763 0
907 0
43 0
187 0
331 0
475 0
619 0
987 0
123 0
267 0
411 0
555 0
699 0
843 0
203 0
347 0
491 0
635 0
779 0
923 0
59 0
490 0
634 0
778 0
922 0
58 0
202 0
346 0
714 0
858 0
1002 0
138 0
282 0
426 0
570 0
938 0
74 0
218 0
362 0
506 0
650 0
794 0
154 0
298 0
442 0
586 0
730 0
874 0
10 0
441 0
585 0
729 0
873 0
9 0
153 0
297 0
665 0
809 0
953 0
89 0
233 0
377 0
521 0
889 0
25 0
169 0
313 0
457 0
601 0
745 0
105 0
249 0
393 0
537 0
681 0
825 0
969 0
329 0
473 0
617 0
761 0
905 0
41 0
185 0
616 0
760 0
904 0
40 0
184 0
328 0
472 0
840 0
984 0
120 0
264 0
408 0
552 0
696 0
56 0
200 0
344 0
488 0
632 0
776 0
920 0
280 0
424 0
568 0
712 0
856 0
1000 0
136 0
567 0
711 0
855 0
999 0
135 0
279 0
423 0
791 0
935 0
71 0
215 0
359 0
503 0
647 0
7 0
151 0
295 0
439 0
583 0
727 0
871 0
231 0
375 0
519 0
663 0
807 0
951 0
87 0
455 0
599 0
743 0
887 0
23 0
167 0
311 0
742 0
886 0
22 0
166 0
310 0
454 0
598 0
966 0
102 0
246 0
390 0
534 0
678 0
822 0
182 0
326 0
470 0
614 0
758 0
902 0
38 0
406 0
550 0
694 0
838 0
982 0
118 0
262 0
693 0
837 0
981 0
117 0
261 0
405 0
549 0
917 0
53 0
197 0
341 0
485 0
629 0
773 0
133 0
277 0
421 0
565 0
709 0
853 0
997 0
357 0
501 0
645 0
789 0
933 0
69 0
213 0
581 0
725 0
869 0
5 0
149 0
293 0
437 0
868 0
4 0
148 0
292 0
436 0
580 0
724 0
84 0
228 0
372 0
516 0
660 0
804 0
948 0
308 0
452 0
596 0
740 0
884 0
20 0
164 0
532 0
676 0
820 0
964 0
100 0
244 0
388 0
819 0
963 0
99 0
243 0
387 0
531 0
675 0
35 0
179 0
323 0
467 0
611 0
755 0
899 0
259 0
403 0
547 0
691 0
835 0
979 0
115 0
483 0
627 0
771 0
915 0
51 0
195 0
339 0
707 0
851 0
995 0
131 0
275 0
419 0
563 0
994 0
130 0
274 0
418 0
562 0
706 0
850 0
210 0
354 0
498 0
642 0
786 0
930 0
66 0
434 0
578 0
722 0
866 0
2 0
146 0
290 0
658 0
802 0
946 0
82 0
226 0
370 0
514 0
945 0
81 0
225 0
369 0
513 0
657 0
801 0
161 0
305 0
449 0
593 0
737 0
881 0
17 0
385 0
529 0
673 0
817 0
961 0
97 0
241 0
609 0
753 0
897 0
33 0
177 0
321 0
465 0
833 0
977 0
113 0
257 0
401 0
545 0
689 0
112 0
256 0
400 0
544 0
688 0
832 0
976 0
336 0
480 0
624 0
768 0
912 0
48 0
192 0
560 0
704 0
848 0
992 0
128 0
272 0
416 0
784 0
928 0
64 0
208 0
352 0
496 0
640 0
63 0
207 0
351 0
495 0
639 0
783 0
927 0
287 0
431 0
575 0
719 0
863 0
1007 0
143 0
511 0
655 0
799 0
943 0
79 0
223 0
367 0
735 0
879 0
15 0
159 0
303 0
447 0
591 0
959 0
95 0
239 0
383 0
527 0
671 0
815 0
238 0
382 0
526 0
670 0
814 0
958 0
94 0
462 0
606 0
750 0
894 0
30 0
174 0
318 0
686 0
830 0
974 0
110 0
254 0
398 0
542 0
910 0
46 0
190 0
334 0
478 0
622 0
766 0
189 0
333 0
477 0
621 0
765 0
909 0
45 0
413 0
557 0
701 0
845 0
989 0
125 0
269 0
637 0
781 0
925 0
61 0
205 0
349 0
493 0
861 0
1005 0
141 0
285 0
429 0
573 0
717 0
77 0
221 0
365 0
509 0
653 0
797 0
941 0
364 0
508 0
652 0
796 0
940 0
76 0
220 0
588 0
732 0
876 0
12 0
156 0
300 0
444 0
812 0
956 0
92 0
236 0
380 0
524 0
668 0
28 0
172 0
316 0
460 0
604 0
748 0
892 0
315 0
459 0
603 0
747 0
891 0
27 0
171 0
539 0
683 0
827 0
971 0
107 0
251 0
395 0
763 0
907 0
43 0
187 0
331 0
475 0
619 0
987 0
123 0
267 0
411 0
555 0
699 0
843 0
203 0
347 0
491 0
635 0
779 0
923 0
59 0
490 0
634 0
778 0
922 0
58 0
202 0
346 0
714 0
858 0
1002 0
138 0
282 0
426 0
570 0
938 0
74 0
218 0
362 0
506 0
650 0
794 0
154 0
298 0
442 0
586 0
730 0
874 0
10 0
441 0
585 0
729 0
873 0
9 0
153 0
297 0
665 0
809 0
953 0
89 0
233 0
377 0
521 0
889 0
25 0
169 0
313 0
457 0
601 0
745 0
105 0
249 0
393 0
537 0
681 0
825 0
969 0
329 0
473 0
617 0
761 0
905 0
41 0
185 0
616 0
760 0
904 0
40 0
184 0
328 0
472 0
840 0
984 0
120 0
264 0
408 0
552 0
696 0
56 0
200 0
344 0
488 0
632 0
776 0
920 0
280 0
424 0
568 0
712 0
856 0
1000 0
136 0
567 0
711 0
855 0
999 0
135 0
279 0
423 0
791 0
935 0
71 0
215 0
359 0
503 0
647 0
7 0
151 0
295 0
439 0
583 0
727 0
871 0
231 0
375 0
519 0
663 0
807 0
951 0
87 0
455 0
599 0
743 0
887 0
23 0
167 0
311 0
742 0
886 0
22 0
166 0
310 0
454 0
598 0
966 0
102 0
246 0
390 0
534 0
678 0
822 0
182 0
326 0
470 0
614 0
758 0
902 0
38 0
406 0
550 0
694 0
838 0
982 0
118 0
262 0
693 0
837 0
981 0
117 0
261 0
405 0
549 0
917 0
53 0
197 0
341 0
485 0
629 0
773 0
133 0
277 0
421 0
565 0
709 0
853 0
997 0
357 0
501 0
645 0
789 0
933 0
69 0
213 0
581 0
725 0
869 0
5 0
149 0
293 0
437 0
868 0
4 0
148 0
292 0
436 0
580 0
724 0
84 0
228 0
372 0
516 0
660 0
804 0
948 0
308 0
452 0
596 0
740 0
884 0
20 0
164 0
532 0
676 0
820 0
964 0
100 0
244 0
388 0
819 0
963 0
99 0
243 0
387 0
531 0
675 0
35 0
179 0
323 0
467 0
611 0
755 0
899 0
259 0
403 0
547 0
691 0
835 0
979 0
115 0
483 0
627 0
771 0
915 0
51 0
195 0
339 0
707 0
851 0
995 0
131 0
275 0
419 0
563 0
994 0
130 0
274 0
418 0
562 0
706 0
850 0
210 0
354 0
498 0
642 0
786 0
930 0
66 0
434 0
578 0
722 0
866 0
2 0
146 0
290 0
658 0
802 0
946 0
82 0
226 0
370 0
514 0
945 0
81 0
225 0
369 0
513 0
657 0
801 0
161 0
305 0
449 0
593 0
737 0
881 0
17 0
385 0
529 0
673 0
817 0
961 0
97 0
241 0
609 0
753 0
897 0
33 0
177 0
321 0
465 0
833 0
977 0
113 0
257 0
401 0
545 0
689 0
112 0
256 0
400 0
544 0
688 0
832 0
976 0
336 0
480 0
624 0
768 0
912 0
48 0
192 0
560 0
704 0
848 0
992 0
128 0
272 0
416 0
784 0
928 0
64 0
208 0
352 0
496 0
640 0
63 0
207 0
351 0
495 0
639 0
783 0
927 0
287 0
431 0
575 0
719 0
863 0
1007 0
143 0
511 0
655 0
799 0
943 0
79 0
223 0
367 0
735 0
879 0
15 0
159 0
303 0
447 0
591 0
959 0
95 0
239 0
383 0
527 0
671 0
815 0
238 0
382 0
526 0
670 0
814 0
958 0
94 0
462 0
606 0
750 0
894 0
30 0
174 0
318 0
686 0
830 0
974 0
110 0
254 0
398 0
542 0
910 0
46 0
190 0
334 0
478 0
622 0
766 0
189 0
333 0
477 0
621 0
765 0
909 0
45 0
413 0
557 0
701 0
845 0
989 0
125 0
269 0
637 0
781 0
925 0
61 0
205 0
349 0
493 0
861 0
1005 0
141 0
285 0
429 0
573 0
717 0
77 0
221 0
365 0
509 0
653 0
797 0
941 0
364 0
508 0
652 0
796 0
940 0
76 0
220 0
588 0
732 0
876 0
12 0
156 0
300 0
444 0
812 0
956 0
92 0
236 0
380 0
524 0
668 0
28 0
172 0
316 0
460 0
604 0
748 0
892 0
315 0
459 0
603 0
747 0
891 0
27 0
171 0
539 0
683 0
827 0
971 0
107 0
251 0
395 0
763 0
907 0
43 0
187 0
331 0
475 0
619 0
987 0
123 0
267 0
411 0
555 0
699 0
843 0
203 0
347 0
491 0
635 0
779 0
923 0
59 0
490 0
634 0
778 0
922 0
58 0
202 0
346 0
714 0
858 0
1002 0
138 0
282 0
426 0
570 0
938 0
74 0
218 0
362 0
506 0
650 0
794 0
154 0
298 0
442 0
586 0
730 0
874 0
10 0
441 0
585 0
729 0
873 0
9 0
153 0
297 0
665 0
809 0
953 0
89 0
233 0
377 0
521 0
889 0
25 0
169 0
313 0
457 0
601 0
745 0
105 0
249 0
393 0
537 0
681 0
825 0
969 0
329 0
473 0
617 0
761 0
905 0
41 0
185 0
616 0
760 0
904 0
40 0
184 0
328 0
472 0
840 0
984 0
120 0
264 0
408 0
552 0
696 0
56 0
200 0
344 0
488 0
632 0
776 0
920 0
280 0
424 0
568 0
712 0
856 0
1000 0
136 0
567 0
711 0
855 0
999 0
135 0
279 0
423 0
791 0
935 0
71 0
215 0
359 0
503 0
647 0
7 0
151 0
295 0
439 0
583 0
727 0
871 0
231 0
375 0
519 0
663 0
807 0
951 0
87 0
455 0
599 0
743 0
887 0
23 0
167 0
311 0
742 0
886 0
22 0
166 0
310 0
454 0
598 0
966 0
102 0
246 0
390 0
534 0
678 0
822 0
182 0
326 0
470 0
614 0
758 0
902 0
38 0
406 0
550 0
694 0
838 0
982 0
118 0
262 0
693 0
837 0
981 0
117 0
261 0
405 0
549 0
917 0
53 0
197 0
341 0
485 0
629 0
773 0
133 0
277 0
421 0
565 0
709 0
853 0
997 0
357 0
501 0
645 0
789 0
933 0
69 0
213 0
581 0
725 0
869 0
5 0
149 0
293 0
437 0
868 0
4 0
148 0
292 0
436 0
580 0
724 0
84 0
228 0
372 0
516 0
660 0
804 0
948 0
308 0
452 0
596 0
740 0
884 0
20 0
164 0
532 0
676 0
820 0
964 0
100 0
244 0
388 0
819 0
963 0
99 0
243 0
387 0
531 0
675 0
35 0
179 0
323 0
467 0
611 0
755 0
899 0
259 0
403 0
547 0
691 0
835 0
979 0
115 0
483 0
627 0
771 0
915 0
51 0
195 0
339 0
707 0
851 0
995 0
131 0
275 0
419 0
563 0
994 0
130 0
274 0
418 0
562 0
706 0
850 0
210 0
354 0
498 0
642 0
786 0
930 0
66 0
434 0
578 0
722 0
866 0
2 0
146 0
290 0
658 0
802 0
946 0
82 0
226 0
370 0
514 0
945 0
81 0
225 0
369 0
513 0
657 0
801 0
161 0
305 0
449 0
593 0
737 0
881 0
17 0
385 0
529 0
673 0
817 0
961 0
97 0
241 0
609 0
753 0
897 0
33 0
177 0
321 0
465 0
833 0
977 0
113 0
257 0
401 0
545 0
689 0
112 0
256 0
400 0
544 0
688 0
832 0
976 0
336 0
480 0
624 0
768 0
912 0
48 0
192 0
560 0
704 0
848 0
992 0
128 0
272 0
416 0
784 0
928 0
64 0
208 0
352 0
496 0
640 0
63 0
207 0
351 0
495 0
639 0
783 0
927 0
287 0
431 0
575 0
719 0
863 0
1007 0
143 0
511 0
655 0
799 0
943 0
79 0
223 0
367 0
735 0
879 0
15 0
159 0
303 0
447 0
591 0
959 0
95 0
239 0
383 0
527 0
671 0
815 0
238 0
382 0
526 0
670 0
814 0
958 0
94 0
462 0
606 0
750 0
894 0
30 0
174 0
318 0
686 0
830 0
974 0
110 0
254 0
398 0
542 0
910 0
46 0
190 0
334 0
478 0
622 0
766 0
189 0
333 0
477 0
621 0
765 0
909 0
45 0
413 0
557 0
701 0
845 0
989 0
125 0
269 0
637 0
781 0
925 0
61 0
205 0
349 0
493 0
861 0
1005 0
141 0
285 0
429 0
573 0
717 0
77 0
221 0
365 0
509 0
653 0
797 0
941 0
364 0
508 0
652 0
796 0
940 0
76 0
220 0
588 0
732 0
876 0
12 0
156 0
300 0
444 0
812 0
956 0
92 0
236 0
380 0
524 0
668 0
28 0
172 0
316 0
460 0
604 0
748 0
892 0
315 0
459 0
603 0
747 0
891 0
27 0
171 0
539 0
683 0
827 0
971 0
107 0
251 0
395 0
763 0
907 0
43 0
187 0
331 0
475 0
619 0
987 0
123 0
267 0
411 0
555 0
699 0
843 0
203 0
347 0
491 0
635 0
779 0
923 0
59 0
490 0
634 0
778 0
922 0
58 0
202 0
346 0
714 0
858 0
1002 0
138 0
282 0
426 0
570 0
938 0
74 0
218 0
362 0
506 0
650 0
794 0
154 0
298 0
442 0
586 0
730 0
874 0
10 0
441 0
585 0
729 0
873 0
9 0
153 0
297 0
665 0
809 0
953 0
89 0
233 0
377 0
521 0
889 0
25 0
169 0
313 0
457 0
601 0
745 0
105 0
249 0
393 0
537 0
681 0
825 0
969 0
329 0
473 0
617 0
761 0
905 0
41 0
185 0
616 0
760 0
904 0
40 0
184 0
328 0
472 0
840 0
984 0
120 0
264 0
408 0
552 0
696 0
56 0
200 0
344 0
488 0
632 0
776 0
920 0
280 0
424 0
568 0
712 0
856 0
1000 0
136 0
567 0
711 0
855 0
999 0
135 0
279 0
423 0
791 0
935 0
71 0
215 0
359 0
503 0
647 0
7 0
151 0
295 0
439 0
583 0
727 0
871 0
231 0
375 0
519 0
663 0
807 0
951 0
87 0
455 0
599 0
743 0
887 0
23 0
167 0
311 0
742 0
886 0
22 0
166 0
310 0
454 0
598 0
966 0
102 0
246 0
390 0
534 0
678 0
822 0
182 0
326 0
470 0
614 0
758 0
902 0
38 0
406 0
550 0
694 0
838 0
982 0
118 0
262 0
693 0
837 0
981 0
117 0
261 0
405 0
549 0
917 0
53 0
197 0
341 0
485 0
629 0
773 0
133 0
277 0
421 0
565 0
709 0
853 0
997 0
357 0
501 0
645 0
789 0
933 0
69 0
213 0
581 0
725 0
869 0
5 0
149 0
293 0
437 0
868 0
4 0
148 0
292 0
436 0
580 0
724 0
84 0
228 0
372 0
516 0
660 0
804 0
948 0
308 0
452 0
596 0
740 0
884 0
20 0
164 0
532 0
676 0
820 0
964 0
100 0
244 0
388 0
819 0
963 0
99 0
243 0
387 0
531 0
675 0
35 0
179 0
323 0
467 0
611 0
755 0
899 0
259 0
403 0
547 0
691 0
835 0
979 0
115 0
483 0
627 0
771 0
915 0
51 0
195 0
339 0
707 0
851 0
995 0
131 0
275 0
419 0
563 0
994 0
130 0
274 0
418 0
562 0
706 0
850 0
210 0
354 0
498 0
642 0
786 0
930 0
66 0
434 0
578 0
722 0
866 0
2 0
146 0
290 0
658 0
802 0
946 0
82 0
226 0
370 0
514 0
945 0
81 0
225 0
369 0
513 0
657 0
801 0
161 0
305 0
449 0
593 0
737 0
881 0
17 0
385 0
529 0
673 0
817 0
961 0
97 0
241 0
609 0
753 0
897 0
33 0
177 0
321 0
465 0
833 0
977 0
113 0
257 0
401 0
545 0
689 0
112 0
256 0
400 0
544 0
688 0
832 0
976 0
336 0
480 0
624 0
768 0
912 0
48 0
192 0
560 0
704 0
848 0
992 0
128 0
272 0
416 0
784 0
928 0
64 0
208 0
352 0
496 0
640 0
63 0
207 0
351 0
495 0
639 0
783 0
927 0
287 0
431 0
575 0
719 0
863 0
1007 0
143 0
511 0
655 0
799 0
943 0
79 0
223 0
367 0
735 0
879 0
15 0
159 0
303 0
447 0
591 0
959 0
95 0
239 0
383 0
527 0
671 0
815 0
238 0
382 0
526 0
670 0
814 0
958 0
94 0
462 0
606 0
750 0
894 0
30 0
174 0
318 0
686 0
830 0
974 0
110 0
254 0
398 0
542 0
910 0
46 0
190 0
334 0
478 0
622 0
766 0
189 0
333 0
477 0
621 0
765 0
909 0
45 0
413 0
557 0
701 0
845 0
989 0
125 0
269 0
637 0
781 0
925 0
61 0
205 0
349 0
493 0
861 0
1005 0
141 0
285 0
429 0
573 0
717 0
77 0
221 0
365 0
509 0
653 0
797 0
941 0
364 0
508 0
652 0
796 0
940 0
76 0
220 0
588 0
732 0
876 0
12 0
156 0
300 0
444 0
812 0
956 0
92 0
236 0
380 0
524 0
668 0
28 0
172 0
316 0
460 0
604 0
748 0
892 0
315 0
459 0
603 0
747 0
891 0
27 0
171 0
539 0
683 0
827 0
971 0
107 0
251 0
395 0
763 0
907 0
43 0
187 0
331 0
475 0
619 0
987 0
123 0
267 0
411 0
555 0
699 0
843 0
203 0
347 0
491 0
635 0
779 0
923 0
59 0
490 0
634 0
778 0
922 0
58 0
202 0
346 0
714 0
858 0
1002 0
138 0
282 0
426 0
570 0
938 0
74 0
218 0
362 0
506 0
650 0
794 0
154 0
298 0
442 0
586 0
730 0
874 0
10 0
441 0
585 0
729 0
873 0
9 0
153 0
297 0
665 0
809 0
953 0
89 0
233 0
377 0
521 0
889 0
25 0
169 0
313 0
457 0
601 0
745 0
105 0
249 0
393 0
537 0
681 0
825 0
969 0
329 0
473 0
617 0
761 0
905 0
41 0
185 0
616 0
760 0
904 0
40 0
184 0
328 0
472 0
840 0
984 0
120 0
264 0
408 0
552 0
696 0
56 0
200 0
344 0
488 0
632 0
776 0
920 0
280 0
424 0
568 0
712 0
856 0
1000 0
136 0
567 0
711 0
855 0
999 0
135 0
279 0
423 0
791 0
935 0
71 0
215 0
359 0
503 0
647 0
7 0
151 0
295 0
439 0
583 0
727 0
871 0
231 0
375 0
519 0
663 0
807 0
951 0
87 0
455 0
599 0
743 0
887 0
23 0
167 0
311 0
742 0
886 0
22 0
166 0
310 0
454 0
598 0
966 0
102 0
246 0
390 0
534 0
678 0
822 0
182 0
326 0
470 0
614 0
758 0
902 0
38 0
406 0
550 0
694 0
838 0
982 0
118 0
262 0
693 0
837 0
981 0
117 0
261 0
405 0
549 0
917 0
53 0
197 0
341 0
485 0
629 0
773 0
133 0
277 0
421 0
565 0
709 0
853 0
997 0
357 0
501 0
645 0
789 0
933 0
69 0
213 0
581 0
725 0
869 0
5 0
149 0
293 0
437 0
868 0
4 0
148 0
292 0
436 0
580 0
724 0
84 0
228 0
372 0
516 0
660 0
804 0
948 0
308 0
452 0
596 0
740 0
884 0
20 0
164 0
532 0
676 0
820 0
964 0
100 0
244 0
388 0
819 0
963 0
99 0
243 0
387 0
531 0
675 0
35 0
179 0
323 0
467 0
611 0
755 0
899 0
259 0
403 0
547 0
691 0
835 0
979 0
115 0
483 0
627 0
771 0
915 0
51 0
195 0
339 0
707 0
851 0
995 0
131 0
275 0
419 0
563 0
994 0
130 0
274 0
418 0
562 0
706 0
850 0
210 0
354 0
498 0
642 0
786 0
930 0
66 0
434 0
578 0
722 0
866 0
2 0
146 0
290 0
658 0
802 0
946 0
82 0
226 0
370 0
514 0
945 0
81 0
225 0
369 0
513 0
657 0
801 0
161 0
305 0
449 0
593 0
737 0
881 0
17 0
385 0
529 0
673 0
817 0
961 0
97 0
241 0
609 0
753 0
897 0
33 0
177 0
321 0
465 0
833 0
977 0
113 0
257 0
401 0
545 0
689 0
112 0
256 0
400 0
544 0
688 0
832 0
976 0
336 0
480 0
624 0
768 0
912 0
48 0
192 0
560 0
704 0
848 0
992 0
128 0
272 0
416 0
784 0
928 0
64 0
208 0
352 0
496 0
640 0
63 0
207 0
351 0
495 0
639 0
783 0
927 0
287 0
431 0
575 0
719 0
863 0
1007 0
143 0
511 0
655 0
799 0
943 0
79 0
223 0
367 0
735 0
879 0
15 0
159 0
303 0
447 0
591 0
959 0
95 0
239 0
383 0
527 0
671 0
815 0
238 0
382 0
526 0
670 0
814 0
958 0
94 0
462 0
606 0
750 0
894 0
30 0
174 0
318 0
686 0
830 0
974 0
110 0
254 0
398 0
542 0
910 0
46 0
190 0
334 0
478 0
622 0
766 0
189 0
333 0
477 0
621 0
765 0
909 0
45 0
413 0
557 0
701 0
845 0
989 0
125 0
269 0
637 0
781 0
925 0
61 0
205 0
349 0
493 0
861 0
1005 0
141 0
285 0
429 0
573 0
717 0
77 0
221 0
365 0
509 0
653 0
797 0
941 0
364 0
508 0
652 0
796 0
940 0
76 0
220 0
588 0
732 0
876 0
12 0
156 0
300 0
444 0
812 0
956 0
92 0
236 0
380 0
524 0
668 0
28 0
172 0
316 0
460 0
604 0
748 0
892 0
315 0
459 0
603 0
747 0
891 0
27 0
171 0
539 0
683 0
827 0
971 0
107 0
251 0
395 0
763 0
907 0
43 0
187 0
331 0
475 0
619 0
987 0
123 0
267 0
411 0
555 0
699 0
843 0
203 0
347 0
491 0
635 0
779 0
923 0
59 0
490 0
634 0
778 0
922 0
58 0
202 0
346 0
714 0
858 0
1002 0
138 0
282 0
426 0
570 0
938 0
74 0
218 0
362 0
506 0
650 0
794 0
154 0
298 0
442 0
586 0
730 0
874 0
10 0
441 0
585 0
729 0
873 0
9 0
153 0
297 0
665 0
809 0
953 0
89 0
233 0
377 0
521 0
889 0
25 0
169 0
313 0
457 0
601 0
745 0
105 0
249 0
393 0
537 0
681 0
825 0
969 0
329 0
473 0
617 0
761 0
905 0
41 0
185 0
616 0
760 0
904 0
40 0
184 0
328 0
472 0
840 0
984 0
120 0
264 0
408 0
552 0
696 0
56 0
200 0
344 0
488 0
632 0
776 0
920 0
280 0
424 0
568 0
712 0
856 0
1000 0
136 0
567 0
711 0
855 0
999 0
135 0
279 0
423 0
791 0
935 0
71 0
215 0
359 0
503 0
647 0
7 0
151 0
295 0
439 0
583 0
727 0
871 0
231 0
375 0
519 0
663 0
807 0
951 0
87 0
455 0
599 0
743 0
887 0
23 0
167 0
311 0
742 0
886 0
22 0
166 0
310 0
454 0
598 0
966 0
102 0
246 0
390 0
534 0
678 0
822 0
182 0
326 0
470 0
614 0
758 0
902 0
38 0
406 0
550 0
694 0
838 0
982 0
118 0
262 0
693 0
837 0
981 0
117 0
261 0
405 0
549 0
917 0
53 0
197 0
341 0
485 0
629 0
773 0
133 0
277 0
421 0
565 0
709 0
853 0
997 0
357 0
501 0
645 0
789 0
933 0
69 0
213 0
581 0
725 0
869 0
5 0
149 0
293 0
437 0
868 0
4 0
148 0
292 0
436 0
580 0
724 0
84 0
228 0
372 0
516 0
660 0
804 0
948 0
308 0
452 0
596 0
740 0
884 0
20 0
164 0
532 0
676 0
820 0
964 0
100 0
244 0
388 0
819 0
963 0
99 0
243 0
387 0
531 0
675 0
35 0
179 0
323 0
467 0
611 0
755 0
899 0
259 0
403 0
547 0
691 0
835 0
979 0
115 0
483 0
627 0
771 0
915 0
51 0
195 0
339 0
707 0
851 0
995 0
131 0
275 0
419 0
563 0
994 0
130 0
274 0
418 0
562 0
706 0
850 0
210 0
354 0
498 0
642 0
786 0
930 0
66 0
434 0
578 0
722 0
866 0
2 0
146 0
290 0
658 0
802 0
946 0
82 0
226 0
370 0
514 0
945 0
81 0
225 0
369 0
513 0
657 0
801 0
161 0
305 0
449 0
593 0
737 0
881 0
17 0
385 0
529 0
673 0
817 0
961 0
97 0
241 0
609 0
753 0
897 0
33 0
177 0
321 0
465 0
833 0
977 0
113 0
257 0
401 0
545 0
689 0
112 0
256 0
400 0
544 0
688 0
832 0
976 0
336 0
480 0
624 0
768 0
912 0
48 0
192 0
560 0
704 0
848 0
992 0
128 0
272 0
416 0
784 0
928 0
64 0
208 0
352 0
496 0
640 0
63 0
207 0
351 0
495 0
639 0
783 0
927 0
287 0
431 0
575 0
719 0
863 0
1007 0
143 0
511 0
655 0
799 0
943 0
79 0
223 0
367 0
735 0
879 0
15 0
159 0
303 0
447 0
591 0
959 0
95 0
239 0
383 0
527 0
671 0
815 0
238 0
382 0
526 0
670 0
814 0
958 0
94 0
462 0
606 0
750 0
894 0
30 0
174 0
318 0
686 0
830 0
974 0
110 0
254 0
398 0
542 0
910 0
46 0
190 0
334 0
478 0
622 0
766 0
189 0
333 0
477 0
621 0
765 0
909 0
45 0
413 0
557 0
701 0
845 0
989 0
125 0
269 0
637 0
781 0
925 0
61 0
205 0
349 0
493 0
861 0
1005 0
141 0
285 0
429 0
573 0
717 0
77 0
221 0
365 0
509 0
653 0
797 0
941 0
364 0
508 0
652 0
796 0
940 0
76 0
220 0
588 0
732 0
876 0
12 0
156 0
300 0
444 0
812 0
956 0
92 0
236 0
380 0
524 0
668 0
28 0
172 0
316 0
460 0
604 0
748 0
892 0
315 0
459 0
603 0
747 0
891 0
27 0
171 0
539 0
683 0
827 0
971 0
107 0
251 0
395 0
763 0
907 0
43 0
187 0
331 0
475 0
619 0
987 0
123 0
267 0
411 0
555 0
699 0
843 0
203 0
347 0
491 0
635 0
779 0
923 0
59 0
490 0
634 0
778 0
922 0
58 0
202 0
346 0
714 0
858 0
1002 0
138 0
282 0
426 0
570 0
938 0
74 0
218 0
362 0
506 0
650 0
794 0
154 0
298 0
442 0
586 0
730 0
874 0
10 0
441 0
585 0
729 0
873 0
9 0
153 0
297 0
665 0
809 0
953 0
89 0
233 0
377 0
521 0
889 0
25 0
169 0
313 0
457 0
601 0
745 0
105 0
249 0
393 0
537 0
681 0
825 0
969 0
329 0
473 0
617 0
761 0
905 0
41 0
185 0
616 0
760 0
904 0
40 0
184 0
328 0
472 0
840 0
984 0
120 0
264 0
408 0
552 0
696 0
56 0
200 0
344 0
488 0
632 0
776 0
920 0
280 0
424 0
568 0
712 0
856 0
1000 0
136 0
567 0
711 0
855 0
999 0
135 0
279 0
423 0
791 0
935 0
71 0
215 0
359 0
503 0
647 0
7 0
151 0
295 0
439 0
583 0
727 0
871 0
231 0
375 0
519 0
663 0
807 0
951 0
87 0
455 0
599 0
743 0
887 0
23 0
167 0
311 0
742 0
886 0
22 0
166 0
310 0
454 0
598 0
966 0
102 0
246 0
390 0
534 0
678 0
822 0
182 0
326 0
470 0
614 0
758 0
902 0
38 0
406 0
550 0
694 0
838 0
982 0
118 0
262 0
693 0
837 0
981 0
117 0
261 0
405 0
549 0
917 0
53 0
197 0
341 0
485 0
629 0
773 0
133 0
277 0
421 0
565 0
709 0
853 0
997 0
357 0
501 0
645 0
789 0
933 0
69 0
213 0
581 0
725 0
869 0
5 0
149 0
293 0
437 0
868 0
4 0
148 0
292 0
436 0
580 0
724 0
84 0
228 0
372 0
516 0
660 0
804 0
948 0
308 0
452 0
596 0
740 0
884 0
20 0
164 0
532 0
676 0
820 0
964 0
100 0
244 0
388 0
819 0
963 0
99 0
243 0
387 0
531 0
675 0
35 0
179 0
323 0
467 0
611 0
755 0
899 0
259 0
403 0
547 0
691 0
835 0
979 0
115 0
483 0
627 0
771 0
915 0
51 0
195 0
339 0
707 0
851 0
995 0
131 0
275 0
419 0
563 0
994 0
130 0
274 0
418 0
562 0
706 0
850 0
210 0
354 0
498 0
642 0
786 0
930 0
66 0
434 0
578 0
722 0
866 0
2 0
146 0
290 0
658 0
802 0
946 0
82 0
226 0
370 0
514 0
945 0
81 0
225 0
369 0
513 0
657 0
801 0
161 0
305 0
449 0
593 0
737 0
881 0
17 0
385 0
529 0
673 0
817 0
961 0
97 0
241 0
609 0
753 0
897 0
33 0
177 0
321 0
465 0
833 0
977 0
113 0
257 0
401 0
545 0
689 0
112 0
256 0
400 0
544 0
688 0
832 0
976 0
336 0
480 0
624 0
768 0
912 0
48 0
192 0
560 0
704 0
848 0
992 0
128 0
272 0
416 0
784 0
928 0
64 0
208 0
352 0
496 0
640 0
63 0
207 0
351 0
495 0
639 0
783 0
927 0
287 0
431 0
575 0
719 0
863 0
1007 0
143 0
511 0
655 0
799 0
943 0
79 0
223 0
367 0
735 0
879 0
15 0
159 0
303 0
447 0
591 0
959 0
95 0
239 0
383 0
527 0
671 0
815 0
238 0
382 0
526 0
670 0
814 0
958 0
94 0
462 0
606 0
750 0
894 0
30 0
174 0
318 0
686 0
830 0
974 0
110 0
254 0
398 0
542 0
910 0
46 0
190 0
334 0
478 0
622 0
766 0
189 0
333 0
477 0
621 0
765 0
909 0
45 0
413 0
557 0
701 0
845 0
989 0
125 0
269 0
637 0
781 0
925 0
61 0
205 0
349 0
493 0
861 0
1005 0
141 0
285 0
429 0
573 0
717 0
77 0
221 0
365 0
509 0
653 0
797 0
941 0
364 0
508 0
652 0
796 0
940 0
76 0
220 0
588 0
732 0
876 0
12 0
156 0
300 0
444 0
812 0
956 0
92 0
236 0
380 0
524 0
668 0
28 0
172 0
316 0
460 0
604 0
748 0
892 0
315 0
459 0
603 0
747 0
891 0
27 0
171 0
539 0
683 0
827 0
971 0
107 0
251 0
395 0
763 0
907 0
43 0
187 0
331 0
475 0
619 0
987 0
123 0
267 0
411 0
555 0
699 0
843 0
203 0
347 0
491 0
635 0
779 0
923 0
59 0
490 0
634 0
778 0
922 0
58 0
202 0
346 0
714 0
858 0
1002 0
138 0
282 0
426 0
570 0
938 0
74 0
218 0
362 0
506 0
650 0
794 0
154 0
298 0
442 0
586 0
730 0
874 0
10 0
441 0
585 0
729 0
873 0
9 0
153 0
297 0
665 0
809 0
953 0
89 0
233 0
377 0
521 0
889 0
25 0
169 0
313 0
457 0
601 0
745 0
105 0
249 0
393 0
537 0
681 0
825 0
969 0
329 0
473 0
617 0
761 0
905 0
41 0
185 0
616 0
760 0
904 0
40 0
184 0
328 0
472 0
840 0
984 0
120 0
264 0
408 0
552 0
696 0
56 0
200 0
344 0
488 0
632 0
776 0
920 0
280 0
424 0
568 0
712 0
856 0
1000 0
136 0
567 0
711 0
855 0
999 0
135 0
279 0
423 0
791 0
935 0
71 0
215 0
359 0
503 0
647 0
7 0
151 0
295 0
439 0
583 0
727 0
871 0
231 0
375 0
519 0
663 0
807 0
951 0
87 0
455 0
599 0
743 0
887 0
23 0
167 0
311 0
742 0
886 0
22 0
166 0
310 0
454 0
598 0
966 0
102 0
246 0
390 0
534 0
678 0
822 0
182 0
326 0
470 0
614 0
758 0
902 0
38 0
406 0
550 0
694 0
838 0
982 0
118 0
262 0
693 0
837 0
981 0
117 0
261 0
405 0
549 0
917 0
53 0
197 0
341 0
485 0
629 0
773 0
133 0
277 0
421 0
565 0
709 0
853 0
997 0
357 0
501 0
645 0
789 0
933 0
69 0
213 0
581 0
725 0
869 0
5 0
149 0
293 0
437 0
868 0
4 0
148 0
292 0
436 0
580 0
724 0
84 0
228 0
372 0
516 0
660 0
804 0
948 0
308 0
452 0
596 0
740 0
884 0
20 0
164 0
532 0
676 0
820 0
964 0
100 0
244 0
388 0
819 0
963 0
99 0
243 0
387 0
531 0
675 0
35 0
179 0
323 0
467 0
611 0
755 0
899 0
259 0
403 0
547 0
691 0
835 0
979 0
115 0
483 0
627 0
771 0
915 0
51 0
195 0
339 0
707 0
851 0
995 0
131 0
275 0
419 0
563 0
994 0
130 0
274 0
418 0
562 0
706 0
850 0
210 0
354 0
498 0
642 0
786 0
930 0
66 0
434 0
578 0
722 0
866 0
2 0
146 0
290 0
658 0
802 0
946 0
82 0
226 0
370 0
514 0
945 0
81 0
225 0
369 0
513 0
657 0
801 0
161 0
305 0
449 0
593 0
737 0
881 0
17 0
385 0
529 0
673 0
817 0
961 0
97 0
241 0
609 0
753 0
897 0
33 0
177 0
321 0
465 0
833 0
977 0
113 0
257 0
401 0
545 0
689 0
