0 0 
1 1 
6 6 
15 15 
31 31 
54 54 
87 87 
131 131 
188 188 
255 255 
332 332 
417 417 
508 508 
603 603 
702 702 
802 802 
903 903 
1003 1003 
1103 1103 
1203 1203 
1304 1304 
1404 1404 
1504 1504 
1604 1604 
1704 1704 
1803 1803 
1903 1903 
2003 2003 
2102 2102 
2202 2202 
2301 2301 
2401 2401 
2500 2500 
2599 2599 
2698 2698 
2797 2797 
2896 2896 
2995 2995 
3094 3094 
3192 3192 
3291 3291 
3389 3389 
3487 3487 
3585 3585 
3683 3683 
3781 3781 
3878 3878 
3976 3976 
4073 4073 
4170 4170 
4267 4267 
4364 4364 
4461 4461 
4557 4557 
4654 4654 
4750 4750 
4846 4846 
4942 4942 
5037 5037 
5133 5133 
5228 5228 
5323 5323 
5418 5418 
5513 5513 
5607 5607 
5701 5701 
5795 5795 
5889 5889 
5983 5983 
6076 6076 
6169 6169 
6262 6262 
6355 6355 
6447 6447 
6539 6539 
6631 6631 
6723 6723 
6814 6814 
6905 6905 
6996 6996 
7087 7087 
7177 7177 
7267 7267 
7357 7357 
7447 7447 
7536 7536 
7625 7625 
7714 7714 
7802 7802 
7890 7890 
7978 7978 
8066 8066 
8153 8153 
8240 8240 
8326 8326 
8413 8413 
8499 8499 
8584 8584 
8670 8670 
8755 8755 
8839 8839 
8924 8924 
9008 9008 
9091 9091 
9174 9174 
9257 9257 
9340 9340 
9422 9422 
9504 9504 
9586 9586 
9667 9667 
9748 9748 
9828 9828 
9908 9908 
9988 9988 
10067 10067 
10146 10146 
10225 10225 
10303 10303 
10381 10381 
10459 10459 
10536 10536 
10612 10612 
10688 10688 
10764 10764 
10840 10840 
10915 10915 
10989 10989 
11063 11063 
11137 11137 
11211 11211 
11284 11284 
11356 11356 
11428 11428 
11500 11500 
11571 11571 
11642 11642 
11712 11712 
11782 11782 
11852 11852 
11920 11920 
11989 11989 
12057 12057 
12125 12125 
12192 12192 
12259 12259 
12325 12325 
12391 12391 
12456 12456 
12521 12521 
12586 12586 
12650 12650 
12713 12713 
12776 12776 
12839 12839 
12901 12901 
12962 12962 
13023 13023 
13084 13084 
13144 13144 
13203 13203 
13262 13262 
13321 13321 
13379 13379 
13437 13437 
13494 13494 
13550 13550 
13606 13606 
13662 13662 
13717 13717 
13771 13771 
13825 13825 
13879 13879 
13932 13932 
13984 13984 
14036 14036 
14087 14087 
14138 14138 
14189 14189 
14238 14238 
14288 14288 
14336 14336 
14385 14385 
14432 14432 
14479 14479 
14526 14526 
14572 14572 
14617 14617 
14662 14662 
14706 14706 
14750 14750 
14793 14793 
14836 14836 
14878 14878 
14919 14919 
14960 14960 
15001 15001 
15041 15041 
15080 15080 
15119 15119 
15157 15157 
15194 15194 
15231 15231 
15268 15268 
15303 15303 
15339 15339 
15373 15373 
15408 15408 
15441 15441 
15474 15474 
15506 15506 
15538 15538 
15569 15569 
15600 15600 
15630 15630 
15660 15660 
15688 15688 
15717 15717 
15744 15744 
15771 15771 
15798 15798 
15824 15824 
15849 15849 
15874 15874 
15898 15898 
15922 15922 
15944 15944 
15967 15967 
15988 15988 
16010 16010 
16030 16030 
16050 16050 
16069 16069 
16088 16088 
16106 16106 
16123 16123 
16140 16140 
16157 16157 
16172 16172 
16187 16187 
16202 16202 
16215 16215 
16229 16229 
16241 16241 
16253 16253 
16265 16265 
16275 16275 
16286 16286 
16295 16295 
16304 16304 
16312 16312 
16320 16320 
16327 16327 
16334 16334 
16339 16339 
16345 16345 
16349 16349 
16353 16353 
16357 16357 
16359 16359 
16362 16362 
16363 16363 
16364 16364 
16364 16364 
16364 16364 
16363 16363 
16362 16362 
16359 16359 
16357 16357 
16353 16353 
16349 16349 
16345 16345 
16339 16339 
16334 16334 
16327 16327 
16320 16320 
16312 16312 
16304 16304 
16295 16295 
16286 16286 
16275 16275 
16265 16265 
16253 16253 
16241 16241 
16229 16229 
16215 16215 
16202 16202 
16187 16187 
16172 16172 
16157 16157 
16140 16140 
16123 16123 
16106 16106 
16088 16088 
16069 16069 
16050 16050 
16030 16030 
16010 16010 
15988 15988 
15967 15967 
15944 15944 
15922 15922 
15898 15898 
15874 15874 
15849 15849 
15824 15824 
15798 15798 
15771 15771 
15744 15744 
15717 15717 
15688 15688 
15660 15660 
15630 15630 
15600 15600 
15569 15569 
15538 15538 
15506 15506 
15474 15474 
15441 15441 
15408 15408 
15373 15373 
15339 15339 
15303 15303 
15268 15268 
15231 15231 
15194 15194 
15157 15157 
15119 15119 
15080 15080 
15041 15041 
15001 15001 
14960 14960 
14919 14919 
14878 14878 
14836 14836 
14793 14793 
14750 14750 
14706 14706 
14662 14662 
14617 14617 
14572 14572 
14526 14526 
14479 14479 
14432 14432 
14385 14385 
14336 14336 
14288 14288 
14238 14238 
14189 14189 
14138 14138 
14087 14087 
14036 14036 
13984 13984 
13932 13932 
13879 13879 
13825 13825 
13771 13771 
13717 13717 
13662 13662 
13606 13606 
13550 13550 
13494 13494 
13437 13437 
13379 13379 
13321 13321 
13262 13262 
13203 13203 
13144 13144 
13084 13084 
13023 13023 
12962 12962 
12901 12901 
12839 12839 
12776 12776 
12713 12713 
12650 12650 
12586 12586 
12521 12521 
12456 12456 
12391 12391 
12325 12325 
12259 12259 
12192 12192 
12125 12125 
12057 12057 
11989 11989 
11920 11920 
11852 11852 
11782 11782 
11712 11712 
11642 11642 
11571 11571 
11500 11500 
11428 11428 
11356 11356 
11284 11284 
11211 11211 
11137 11137 
11063 11063 
10989 10989 
10915 10915 
10840 10840 
10764 10764 
10688 10688 
10612 10612 
10536 10536 
10459 10459 
10381 10381 
10303 10303 
10225 10225 
10146 10146 
10067 10067 
9988 9988 
9908 9908 
9828 9828 
9748 9748 
9667 9667 
9586 9586 
9504 9504 
9422 9422 
9340 9340 
9257 9257 
9174 9174 
9091 9091 
9008 9008 
8924 8924 
8839 8839 
8755 8755 
8670 8670 
8584 8584 
8499 8499 
8413 8413 
8326 8326 
8240 8240 
8153 8153 
8066 8066 
7978 7978 
7890 7890 
7802 7802 
7714 7714 
7625 7625 
7536 7536 
7447 7447 
7357 7357 
7267 7267 
7177 7177 
7087 7087 
6996 6996 
6905 6905 
6814 6814 
6723 6723 
6631 6631 
6539 6539 
6447 6447 
6355 6355 
6262 6262 
6169 6169 
6076 6076 
5983 5983 
5889 5889 
5795 5795 
5701 5701 
5607 5607 
5513 5513 
5418 5418 
5323 5323 
5228 5228 
5133 5133 
5037 5037 
4942 4942 
4846 4846 
4750 4750 
4654 4654 
4557 4557 
4461 4461 
4364 4364 
4267 4267 
4170 4170 
4073 4073 
3976 3976 
3878 3878 
3781 3781 
3683 3683 
3585 3585 
3487 3487 
3389 3389 
3291 3291 
3192 3192 
3094 3094 
2995 2995 
2896 2896 
2797 2797 
2698 2698 
2599 2599 
2500 2500 
2401 2401 
2301 2301 
2202 2202 
2102 2102 
2003 2003 
1903 1903 
1803 1803 
1704 1704 
1604 1604 
1504 1504 
1404 1404 
1304 1304 
1203 1203 
1103 1103 
1003 1003 
903 903 
802 802 
702 702 
602 602 
502 502 
401 401 
301 301 
200 200 
100 100 
0 0 
-101 -101 
-201 -201 
-302 -302 
-402 -402 
-503 -503 
-603 -603 
-703 -703 
-803 -803 
-904 -904 
-1004 -1004 
-1104 -1104 
-1204 -1204 
-1305 -1305 
-1405 -1405 
-1505 -1505 
-1605 -1605 
-1705 -1705 
-1804 -1804 
-1904 -1904 
-2004 -2004 
-2103 -2103 
-2203 -2203 
-2302 -2302 
-2402 -2402 
-2501 -2501 
-2600 -2600 
-2699 -2699 
-2798 -2798 
-2897 -2897 
-2996 -2996 
-3095 -3095 
-3193 -3193 
-3292 -3292 
-3390 -3390 
-3488 -3488 
-3586 -3586 
-3684 -3684 
-3782 -3782 
-3879 -3879 
-3977 -3977 
-4074 -4074 
-4171 -4171 
-4268 -4268 
-4365 -4365 
-4462 -4462 
-4558 -4558 
-4655 -4655 
-4751 -4751 
-4847 -4847 
-4943 -4943 
-5038 -5038 
-5134 -5134 
-5229 -5229 
-5324 -5324 
-5419 -5419 
-5514 -5514 
-5608 -5608 
-5702 -5702 
-5796 -5796 
-5890 -5890 
-5984 -5984 
-6077 -6077 
-6170 -6170 
-6263 -6263 
-6356 -6356 
-6448 -6448 
-6540 -6540 
-6632 -6632 
-6724 -6724 
-6815 -6815 
-6906 -6906 
-6997 -6997 
-7088 -7088 
-7178 -7178 
-7268 -7268 
-7358 -7358 
-7448 -7448 
-7537 -7537 
-7626 -7626 
-7715 -7715 
-7803 -7803 
-7891 -7891 
-7979 -7979 
-8067 -8067 
-8154 -8154 
-8241 -8241 
-8327 -8327 
-8414 -8414 
-8500 -8500 
-8585 -8585 
-8671 -8671 
-8756 -8756 
-8840 -8840 
-8925 -8925 
-9009 -9009 
-9092 -9092 
-9175 -9175 
-9258 -9258 
-9341 -9341 
-9423 -9423 
-9505 -9505 
-9587 -9587 
-9668 -9668 
-9749 -9749 
-9829 -9829 
-9909 -9909 
-9989 -9989 
-10068 -10068 
-10147 -10147 
-10226 -10226 
-10304 -10304 
-10382 -10382 
-10460 -10460 
-10537 -10537 
-10613 -10613 
-10689 -10689 
-10765 -10765 
-10841 -10841 
-10916 -10916 
-10990 -10990 
-11064 -11064 
-11138 -11138 
-11212 -11212 
-11285 -11285 
-11357 -11357 
-11429 -11429 
-11501 -11501 
-11572 -11572 
-11643 -11643 
-11713 -11713 
-11783 -11783 
-11853 -11853 
-11921 -11921 
-11990 -11990 
-12058 -12058 
-12126 -12126 
-12193 -12193 
-12260 -12260 
-12326 -12326 
-12392 -12392 
-12457 -12457 
-12522 -12522 
-12587 -12587 
-12651 -12651 
-12714 -12714 
-12777 -12777 
-12840 -12840 
-12902 -12902 
-12963 -12963 
-13024 -13024 
-13085 -13085 
-13145 -13145 
-13204 -13204 
-13263 -13263 
-13322 -13322 
-13380 -13380 
-13438 -13438 
-13495 -13495 
-13551 -13551 
-13607 -13607 
-13663 -13663 
-13718 -13718 
-13772 -13772 
-13826 -13826 
-13880 -13880 
-13933 -13933 
-13985 -13985 
-14037 -14037 
-14088 -14088 
-14139 -14139 
-14190 -14190 
-14239 -14239 
-14289 -14289 
-14337 -14337 
-14386 -14386 
-14433 -14433 
-14480 -14480 
-14527 -14527 
-14573 -14573 
-14618 -14618 
-14663 -14663 
-14707 -14707 
-14751 -14751 
-14794 -14794 
-14837 -14837 
-14879 -14879 
-14920 -14920 
-14961 -14961 
-15002 -15002 
-15042 -15042 
-15081 -15081 
-15120 -15120 
-15158 -15158 
-15195 -15195 
-15232 -15232 
-15269 -15269 
-15304 -15304 
-15340 -15340 
-15374 -15374 
-15409 -15409 
-15442 -15442 
-15475 -15475 
-15507 -15507 
-15539 -15539 
-15570 -15570 
-15601 -15601 
-15631 -15631 
-15661 -15661 
-15689 -15689 
-15718 -15718 
-15745 -15745 
-15772 -15772 
-15799 -15799 
-15825 -15825 
-15850 -15850 
-15875 -15875 
-15899 -15899 
-15923 -15923 
-15945 -15945 
-15968 -15968 
-15989 -15989 
-16011 -16011 
-16031 -16031 
-16051 -16051 
-16070 -16070 
-16089 -16089 
-16107 -16107 
-16124 -16124 
-16141 -16141 
-16158 -16158 
-16173 -16173 
-16188 -16188 
-16203 -16203 
-16216 -16216 
-16230 -16230 
-16242 -16242 
-16254 -16254 
-16266 -16266 
-16276 -16276 
-16287 -16287 
-16296 -16296 
-16305 -16305 
-16313 -16313 
-16321 -16321 
-16328 -16328 
-16335 -16335 
-16340 -16340 
-16346 -16346 
-16350 -16350 
-16354 -16354 
-16358 -16358 
-16360 -16360 
-16363 -16363 
-16364 -16364 
-16365 -16365 
-16365 -16365 
-16365 -16365 
-16364 -16364 
-16363 -16363 
-16360 -16360 
-16358 -16358 
-16354 -16354 
-16350 -16350 
-16346 -16346 
-16340 -16340 
-16335 -16335 
-16328 -16328 
-16321 -16321 
-16313 -16313 
-16305 -16305 
-16296 -16296 
-16287 -16287 
-16276 -16276 
-16266 -16266 
-16254 -16254 
-16242 -16242 
-16230 -16230 
-16216 -16216 
-16203 -16203 
-16188 -16188 
-16173 -16173 
-16158 -16158 
-16141 -16141 
-16124 -16124 
-16107 -16107 
-16089 -16089 
-16070 -16070 
-16051 -16051 
-16031 -16031 
-16011 -16011 
-15989 -15989 
-15968 -15968 
-15945 -15945 
-15923 -15923 
-15899 -15899 
-15875 -15875 
-15850 -15850 
-15825 -15825 
-15799 -15799 
-15772 -15772 
-15745 -15745 
-15718 -15718 
-15689 -15689 
-15661 -15661 
-15631 -15631 
-15601 -15601 
-15570 -15570 
-15539 -15539 
-15507 -15507 
-15475 -15475 
-15442 -15442 
-15409 -15409 
-15374 -15374 
-15340 -15340 
-15304 -15304 
-15269 -15269 
-15232 -15232 
-15195 -15195 
-15158 -15158 
-15120 -15120 
-15081 -15081 
-15042 -15042 
-15002 -15002 
-14961 -14961 
-14920 -14920 
-14879 -14879 
-14837 -14837 
-14794 -14794 
-14751 -14751 
-14707 -14707 
-14663 -14663 
-14618 -14618 
-14573 -14573 
-14527 -14527 
-14480 -14480 
-14433 -14433 
-14386 -14386 
-14337 -14337 
-14289 -14289 
-14239 -14239 
-14190 -14190 
-14139 -14139 
-14088 -14088 
-14037 -14037 
-13985 -13985 
-13933 -13933 
-13880 -13880 
-13826 -13826 
-13772 -13772 
-13718 -13718 
-13663 -13663 
-13607 -13607 
-13551 -13551 
-13495 -13495 
-13438 -13438 
-13380 -13380 
-13322 -13322 
-13263 -13263 
-13204 -13204 
-13145 -13145 
-13085 -13085 
-13024 -13024 
-12963 -12963 
-12902 -12902 
-12840 -12840 
-12777 -12777 
-12714 -12714 
-12651 -12651 
-12587 -12587 
-12522 -12522 
-12457 -12457 
-12392 -12392 
-12326 -12326 
-12260 -12260 
-12193 -12193 
-12126 -12126 
-12058 -12058 
-11990 -11990 
-11921 -11921 
-11853 -11853 
-11783 -11783 
-11713 -11713 
-11643 -11643 
-11572 -11572 
-11501 -11501 
-11429 -11429 
-11357 -11357 
-11285 -11285 
-11212 -11212 
-11138 -11138 
-11064 -11064 
-10990 -10990 
-10916 -10916 
-10841 -10841 
-10765 -10765 
-10689 -10689 
-10613 -10613 
-10537 -10537 
-10460 -10460 
-10382 -10382 
-10304 -10304 
-10226 -10226 
-10147 -10147 
-10068 -10068 
-9989 -9989 
-9909 -9909 
-9829 -9829 
-9749 -9749 
-9668 -9668 
-9587 -9587 
-9505 -9505 
-9423 -9423 
-9341 -9341 
-9258 -9258 
-9175 -9175 
-9092 -9092 
-9009 -9009 
-8925 -8925 
-8840 -8840 
-8756 -8756 
-8671 -8671 
-8585 -8585 
-8500 -8500 
-8414 -8414 
-8327 -8327 
-8241 -8241 
-8154 -8154 
-8067 -8067 
-7979 -7979 
-7891 -7891 
-7803 -7803 
-7715 -7715 
-7626 -7626 
-7537 -7537 
-7448 -7448 
-7358 -7358 
-7268 -7268 
-7178 -7178 
-7088 -7088 
-6997 -6997 
-6906 -6906 
-6815 -6815 
-6724 -6724 
-6632 -6632 
-6540 -6540 
-6448 -6448 
-6356 -6356 
-6263 -6263 
-6170 -6170 
-6077 -6077 
-5984 -5984 
-5890 -5890 
-5796 -5796 
-5702 -5702 
-5608 -5608 
-5514 -5514 
-5419 -5419 
-5324 -5324 
-5229 -5229 
-5134 -5134 
-5038 -5038 
-4943 -4943 
-4847 -4847 
-4751 -4751 
-4655 -4655 
-4558 -4558 
-4462 -4462 
-4365 -4365 
-4268 -4268 
-4171 -4171 
-4074 -4074 
-3977 -3977 
-3879 -3879 
-3782 -3782 
-3684 -3684 
-3586 -3586 
-3488 -3488 
-3390 -3390 
-3292 -3292 
-3193 -3193 
-3095 -3095 
-2996 -2996 
-2897 -2897 
-2798 -2798 
-2699 -2699 
-2600 -2600 
-2501 -2501 
-2402 -2402 
-2302 -2302 
-2203 -2203 
-2103 -2103 
-2004 -2004 
-1904 -1904 
-1804 -1804 
-1705 -1705 
-1605 -1605 
-1505 -1505 
-1405 -1405 
-1305 -1305 
-1204 -1204 
-1104 -1104 
-1004 -1004 
-904 -904 
-803 -803 
-703 -703 
-603 -603 
-503 -503 
-402 -402 
-302 -302 
-201 -201 
-101 -101 
0 0 
100 100 
200 200 
301 301 
401 401 
502 502 
602 602 
702 702 
802 802 
903 903 
1003 1003 
1103 1103 
1203 1203 
1304 1304 
1404 1404 
1504 1504 
1604 1604 
1704 1704 
1803 1803 
1903 1903 
2003 2003 
2102 2102 
2202 2202 
2301 2301 
2401 2401 
2500 2500 
2599 2599 
2698 2698 
2797 2797 
2896 2896 
2995 2995 
3094 3094 
3192 3192 
3291 3291 
3389 3389 
3487 3487 
3585 3585 
3683 3683 
3781 3781 
3878 3878 
3976 3976 
4073 4073 
4170 4170 
4267 4267 
4364 4364 
4461 4461 
4557 4557 
4654 4654 
4750 4750 
4846 4846 
4942 4942 
5037 5037 
5133 5133 
5228 5228 
5323 5323 
5418 5418 
5513 5513 
5607 5607 
5701 5701 
5795 5795 
5889 5889 
5983 5983 
6076 6076 
6169 6169 
6262 6262 
6355 6355 
6447 6447 
6539 6539 
6631 6631 
6723 6723 
6814 6814 
6905 6905 
6996 6996 
7087 7087 
7177 7177 
7267 7267 
7357 7357 
7447 7447 
7536 7536 
7625 7625 
7714 7714 
7802 7802 
7890 7890 
7978 7978 
8066 8066 
8153 8153 
8240 8240 
8326 8326 
8413 8413 
8499 8499 
8584 8584 
8670 8670 
8755 8755 
8839 8839 
8924 8924 
9008 9008 
9091 9091 
9174 9174 
9257 9257 
9340 9340 
9422 9422 
9504 9504 
9586 9586 
9667 9667 
9748 9748 
9828 9828 
9908 9908 
9988 9988 
10067 10067 
10146 10146 
10225 10225 
10303 10303 
10381 10381 
10459 10459 
10536 10536 
10612 10612 
10688 10688 
10764 10764 
10840 10840 
10915 10915 
10989 10989 
11063 11063 
11137 11137 
11211 11211 
11284 11284 
11356 11356 
11428 11428 
11500 11500 
11571 11571 
11642 11642 
11712 11712 
11782 11782 
11852 11852 
11920 11920 
11989 11989 
12057 12057 
12125 12125 
12192 12192 
12259 12259 
12325 12325 
12391 12391 
12456 12456 
12521 12521 
12586 12586 
12650 12650 
12713 12713 
12776 12776 
12839 12839 
12901 12901 
12962 12962 
13023 13023 
13084 13084 
13144 13144 
13203 13203 
13262 13262 
13321 13321 
13379 13379 
13437 13437 
13494 13494 
13550 13550 
13606 13606 
13662 13662 
13717 13717 
13771 13771 
13825 13825 
13879 13879 
13932 13932 
13984 13984 
14036 14036 
14087 14087 
14138 14138 
14189 14189 
14238 14238 
14288 14288 
14336 14336 
14385 14385 
14432 14432 
14479 14479 
14526 14526 
14572 14572 
14617 14617 
14662 14662 
14706 14706 
14750 14750 
14793 14793 
14836 14836 
14878 14878 
14919 14919 
14960 14960 
15001 15001 
15041 15041 
15080 15080 
15119 15119 
15157 15157 
15194 15194 
15231 15231 
15268 15268 
15303 15303 
15339 15339 
15373 15373 
15408 15408 
15441 15441 
15474 15474 
15506 15506 
15538 15538 
15569 15569 
15600 15600 
15630 15630 
15660 15660 
15688 15688 
15717 15717 
15744 15744 
15771 15771 
15798 15798 
15824 15824 
15849 15849 
15874 15874 
15898 15898 
15922 15922 
15944 15944 
15967 15967 
15988 15988 
16010 16010 
16030 16030 
16050 16050 
16069 16069 
16088 16088 
16106 16106 
16123 16123 
16140 16140 
16157 16157 
16172 16172 
16187 16187 
16202 16202 
16215 16215 
16229 16229 
16241 16241 
16253 16253 
16265 16265 
16275 16275 
16286 16286 
16295 16295 
16304 16304 
16312 16312 
16320 16320 
16327 16327 
16334 16334 
16339 16339 
16345 16345 
16349 16349 
16353 16353 
16357 16357 
16359 16359 
16362 16362 
16363 16363 
16364 16364 
16364 16364 
16364 16364 
16363 16363 
16362 16362 
16359 16359 
16357 16357 
16353 16353 
16349 16349 
16345 16345 
16339 16339 
16334 16334 
16327 16327 
16320 16320 
16312 16312 
16304 16304 
16295 16295 
16286 16286 
16275 16275 
16265 16265 
16253 16253 
16241 16241 
16229 16229 
16215 16215 
16202 16202 
16187 16187 
16172 16172 
16157 16157 
16140 16140 
16123 16123 
16106 16106 
16088 16088 
16069 16069 
16050 16050 
16030 16030 
16010 16010 
15988 15988 
15967 15967 
15944 15944 
15922 15922 
15898 15898 
15874 15874 
15849 15849 
15824 15824 
15798 15798 
15771 15771 
15744 15744 
15717 15717 
15688 15688 
15660 15660 
15630 15630 
15600 15600 
15569 15569 
15538 15538 
15506 15506 
15474 15474 
15441 15441 
15408 15408 
15373 15373 
15339 15339 
15303 15303 
15268 15268 
15231 15231 
15194 15194 
15157 15157 
15119 15119 
15080 15080 
15041 15041 
15001 15001 
14960 14960 
14919 14919 
14878 14878 
14836 14836 
14793 14793 
14750 14750 
14706 14706 
14662 14662 
14617 14617 
14572 14572 
14526 14526 
14479 14479 
14432 14432 
14385 14385 
14336 14336 
14288 14288 
14238 14238 
14189 14189 
14138 14138 
14087 14087 
14036 14036 
13984 13984 
13932 13932 
13879 13879 
13825 13825 
13771 13771 
13717 13717 
13662 13662 
13606 13606 
13550 13550 
13494 13494 
13437 13437 
13379 13379 
13321 13321 
13262 13262 
13203 13203 
13144 13144 
13084 13084 
13023 13023 
12962 12962 
12901 12901 
12839 12839 
12776 12776 
12713 12713 
12650 12650 
12586 12586 
12521 12521 
12456 12456 
12391 12391 
12325 12325 
12259 12259 
12192 12192 
12125 12125 
12057 12057 
11989 11989 
11920 11920 
11852 11852 
11782 11782 
11712 11712 
11642 11642 
11571 11571 
11500 11500 
11428 11428 
11356 11356 
11284 11284 
11211 11211 
11137 11137 
11063 11063 
10989 10989 
10915 10915 
10840 10840 
10764 10764 
10688 10688 
10612 10612 
10536 10536 
10459 10459 
10381 10381 
10303 10303 
10225 10225 
10146 10146 
10067 10067 
9988 9988 
9908 9908 
9828 9828 
9748 9748 
9667 9667 
9586 9586 
9504 9504 
9422 9422 
9340 9340 
9257 9257 
9174 9174 
9091 9091 
9008 9008 
8924 8924 
8839 8839 
8755 8755 
8670 8670 
8584 8584 
8499 8499 
8413 8413 
8326 8326 
8240 8240 
8153 8153 
8066 8066 
7978 7978 
7890 7890 
7802 7802 
7714 7714 
7625 7625 
7536 7536 
7447 7447 
7357 7357 
7267 7267 
7177 7177 
7087 7087 
6996 6996 
6905 6905 
6814 6814 
6723 6723 
6631 6631 
6539 6539 
6447 6447 
6355 6355 
6262 6262 
6169 6169 
6076 6076 
5983 5983 
5889 5889 
5795 5795 
5701 5701 
5607 5607 
5513 5513 
5418 5418 
5323 5323 
5228 5228 
5133 5133 
5037 5037 
4942 4942 
4846 4846 
4750 4750 
4654 4654 
4557 4557 
4461 4461 
4364 4364 
4267 4267 
4170 4170 
4073 4073 
3976 3976 
3878 3878 
3781 3781 
3683 3683 
3585 3585 
3487 3487 
3389 3389 
3291 3291 
3192 3192 
3094 3094 
2995 2995 
2896 2896 
2797 2797 
2698 2698 
2599 2599 
2500 2500 
2401 2401 
2301 2301 
2202 2202 
2102 2102 
2003 2003 
1903 1903 
1803 1803 
1704 1704 
1604 1604 
1504 1504 
1404 1404 
1304 1304 
1203 1203 
1103 1103 
1003 1003 
903 903 
802 802 
702 702 
602 602 
502 502 
401 401 
301 301 
200 200 
100 100 
0 0 
-101 -101 
-201 -201 
-302 -302 
-402 -402 
-503 -503 
-603 -603 
-703 -703 
-803 -803 
-904 -904 
-1004 -1004 
-1104 -1104 
-1204 -1204 
-1305 -1305 
-1405 -1405 
-1505 -1505 
-1605 -1605 
-1705 -1705 
-1804 -1804 
-1904 -1904 
-2004 -2004 
-2103 -2103 
-2203 -2203 
-2302 -2302 
-2402 -2402 
-2501 -2501 
-2600 -2600 
-2699 -2699 
-2798 -2798 
-2897 -2897 
-2996 -2996 
-3095 -3095 
-3193 -3193 
-3292 -3292 
-3390 -3390 
-3488 -3488 
-3586 -3586 
-3684 -3684 
-3782 -3782 
-3879 -3879 
-3977 -3977 
-4074 -4074 
-4171 -4171 
-4268 -4268 
-4365 -4365 
-4462 -4462 
-4558 -4558 
-4655 -4655 
-4751 -4751 
-4847 -4847 
-4943 -4943 
-5038 -5038 
-5134 -5134 
-5229 -5229 
-5324 -5324 
-5419 -5419 
-5514 -5514 
-5608 -5608 
-5702 -5702 
-5796 -5796 
-5890 -5890 
-5984 -5984 
-6077 -6077 
-6170 -6170 
-6263 -6263 
-6356 -6356 
-6448 -6448 
-6540 -6540 
-6632 -6632 
-6724 -6724 
-6815 -6815 
-6906 -6906 
-6997 -6997 
-7088 -7088 
-7178 -7178 
-7268 -7268 
-7358 -7358 
-7448 -7448 
-7537 -7537 
-7626 -7626 
-7715 -7715 
-7803 -7803 
-7891 -7891 
-7979 -7979 
-8067 -8067 
-8154 -8154 
-8241 -8241 
-8327 -8327 
-8414 -8414 
-8500 -8500 
-8585 -8585 
-8671 -8671 
-8756 -8756 
-8840 -8840 
-8925 -8925 
-9009 -9009 
-9092 -9092 
-9175 -9175 
-9258 -9258 
-9341 -9341 
-9423 -9423 
-9505 -9505 
-9587 -9587 
-9668 -9668 
-9749 -9749 
-9829 -9829 
-9909 -9909 
-9989 -9989 
-10068 -10068 
-10147 -10147 
-10226 -10226 
-10304 -10304 
-10382 -10382 
-10460 -10460 
-10537 -10537 
-10613 -10613 
-10689 -10689 
-10765 -10765 
-10841 -10841 
-10916 -10916 
-10990 -10990 
-11064 -11064 
-11138 -11138 
-11212 -11212 
-11285 -11285 
-11357 -11357 
-11429 -11429 
-11501 -11501 
-11572 -11572 
-11643 -11643 
-11713 -11713 
-11783 -11783 
-11853 -11853 
-11921 -11921 
-11990 -11990 
-12058 -12058 
-12126 -12126 
-12193 -12193 
-12260 -12260 
-12326 -12326 
-12392 -12392 
-12457 -12457 
-12522 -12522 
-12587 -12587 
-12651 -12651 
-12714 -12714 
-12777 -12777 
-12840 -12840 
-12902 -12902 
-12963 -12963 
-13024 -13024 
-13085 -13085 
-13145 -13145 
-13204 -13204 
-13263 -13263 
-13322 -13322 
-13380 -13380 
-13438 -13438 
-13495 -13495 
-13551 -13551 
-13607 -13607 
-13663 -13663 
-13718 -13718 
-13772 -13772 
-13826 -13826 
-13880 -13880 
-13933 -13933 
-13985 -13985 
-14037 -14037 
-14088 -14088 
-14139 -14139 
-14190 -14190 
-14239 -14239 
-14289 -14289 
-14337 -14337 
-14386 -14386 
-14433 -14433 
-14480 -14480 
-14527 -14527 
-14573 -14573 
-14618 -14618 
-14663 -14663 
-14707 -14707 
-14751 -14751 
-14794 -14794 
-14837 -14837 
-14879 -14879 
-14920 -14920 
-14961 -14961 
-15002 -15002 
-15042 -15042 
-15081 -15081 
-15120 -15120 
-15158 -15158 
-15195 -15195 
-15232 -15232 
-15269 -15269 
-15304 -15304 
-15340 -15340 
-15374 -15374 
-15409 -15409 
-15442 -15442 
-15475 -15475 
-15507 -15507 
-15539 -15539 
-15570 -15570 
-15601 -15601 
-15631 -15631 
-15661 -15661 
-15689 -15689 
-15718 -15718 
-15745 -15745 
-15772 -15772 
-15799 -15799 
-15825 -15825 
-15850 -15850 
-15875 -15875 
-15899 -15899 
-15923 -15923 
-15945 -15945 
-15968 -15968 
-15989 -15989 
-16011 -16011 
-16031 -16031 
-16051 -16051 
-16070 -16070 
-16089 -16089 
-16107 -16107 
-16124 -16124 
-16141 -16141 
-16158 -16158 
-16173 -16173 
-16188 -16188 
-16203 -16203 
-16216 -16216 
-16230 -16230 
-16242 -16242 
-16254 -16254 
-16266 -16266 
-16276 -16276 
-16287 -16287 
-16296 -16296 
-16305 -16305 
-16313 -16313 
-16321 -16321 
-16328 -16328 
-16335 -16335 
-16340 -16340 
-16346 -16346 
-16350 -16350 
-16354 -16354 
-16358 -16358 
-16360 -16360 
-16363 -16363 
-16364 -16364 
-16365 -16365 
-16365 -16365 
-16365 -16365 
-16364 -16364 
-16363 -16363 
-16360 -16360 
-16358 -16358 
-16354 -16354 
-16350 -16350 
-16346 -16346 
-16340 -16340 
-16335 -16335 
-16328 -16328 
-16321 -16321 
-16313 -16313 
-16305 -16305 
-16296 -16296 
-16287 -16287 
-16276 -16276 
-16266 -16266 
-16254 -16254 
-16242 -16242 
-16230 -16230 
-16216 -16216 
-16203 -16203 
-16188 -16188 
-16173 -16173 
-16158 -16158 
-16141 -16141 
-16124 -16124 
-16107 -16107 
-16089 -16089 
-16070 -16070 
-16051 -16051 
-16031 -16031 
-16011 -16011 
-15989 -15989 
-15968 -15968 
-15945 -15945 
-15923 -15923 
-15899 -15899 
-15875 -15875 
-15850 -15850 
-15825 -15825 
-15799 -15799 
-15772 -15772 
-15745 -15745 
-15718 -15718 
-15689 -15689 
-15661 -15661 
-15631 -15631 
-15601 -15601 
-15570 -15570 
-15539 -15539 
-15507 -15507 
-15475 -15475 
-15442 -15442 
-15409 -15409 
-15374 -15374 
-15340 -15340 
-15304 -15304 
-15269 -15269 
-15232 -15232 
-15195 -15195 
-15158 -15158 
-15120 -15120 
-15081 -15081 
-15042 -15042 
-15002 -15002 
-14961 -14961 
-14920 -14920 
-14879 -14879 
-14837 -14837 
-14794 -14794 
-14751 -14751 
-14707 -14707 
-14663 -14663 
-14618 -14618 
-14573 -14573 
-14527 -14527 
-14480 -14480 
-14433 -14433 
-14386 -14386 
-14337 -14337 
-14289 -14289 
-14239 -14239 
-14190 -14190 
-14139 -14139 
-14088 -14088 
-14037 -14037 
-13985 -13985 
-13933 -13933 
-13880 -13880 
-13826 -13826 
-13772 -13772 
-13718 -13718 
-13663 -13663 
-13607 -13607 
-13551 -13551 
-13495 -13495 
-13438 -13438 
-13380 -13380 
-13322 -13322 
-13263 -13263 
-13204 -13204 
-13145 -13145 
-13085 -13085 
-13024 -13024 
-12963 -12963 
-12902 -12902 
-12840 -12840 
-12777 -12777 
-12714 -12714 
-12651 -12651 
-12587 -12587 
-12522 -12522 
-12457 -12457 
-12392 -12392 
-12326 -12326 
-12260 -12260 
-12193 -12193 
-12126 -12126 
-12058 -12058 
-11990 -11990 
-11921 -11921 
-11853 -11853 
-11783 -11783 
-11713 -11713 
-11643 -11643 
-11572 -11572 
-11501 -11501 
-11429 -11429 
-11357 -11357 
-11285 -11285 
-11212 -11212 
-11138 -11138 
-11064 -11064 
-10990 -10990 
-10916 -10916 
-10841 -10841 
-10765 -10765 
-10689 -10689 
-10613 -10613 
-10537 -10537 
-10460 -10460 
-10382 -10382 
-10304 -10304 
-10226 -10226 
-10147 -10147 
-10068 -10068 
-9989 -9989 
-9909 -9909 
-9829 -9829 
-9749 -9749 
-9668 -9668 
-9587 -9587 
-9505 -9505 
-9423 -9423 
-9341 -9341 
-9258 -9258 
-9175 -9175 
-9092 -9092 
-9009 -9009 
-8925 -8925 
-8840 -8840 
-8756 -8756 
-8671 -8671 
-8585 -8585 
-8500 -8500 
-8414 -8414 
-8327 -8327 
-8241 -8241 
-8154 -8154 
-8067 -8067 
-7979 -7979 
-7891 -7891 
-7803 -7803 
-7715 -7715 
-7626 -7626 
-7537 -7537 
-7448 -7448 
-7358 -7358 
-7268 -7268 
-7178 -7178 
-7088 -7088 
-6997 -6997 
-6906 -6906 
-6815 -6815 
-6724 -6724 
-6632 -6632 
-6540 -6540 
-6448 -6448 
-6356 -6356 
-6263 -6263 
-6170 -6170 
-6077 -6077 
-5984 -5984 
-5890 -5890 
-5796 -5796 
-5702 -5702 
-5608 -5608 
-5514 -5514 
-5419 -5419 
-5324 -5324 
-5229 -5229 
-5134 -5134 
-5038 -5038 
-4943 -4943 
-4847 -4847 
-4751 -4751 
-4655 -4655 
-4558 -4558 
-4462 -4462 
-4365 -4365 
-4268 -4268 
-4171 -4171 
-4074 -4074 
-3977 -3977 
-3879 -3879 
-3782 -3782 
-3684 -3684 
-3586 -3586 
-3488 -3488 
-3390 -3390 
-3292 -3292 
-3193 -3193 
-3095 -3095 
-2996 -2996 
-2897 -2897 
-2798 -2798 
-2699 -2699 
-2600 -2600 
-2501 -2501 
-2402 -2402 
-2302 -2302 
-2203 -2203 
-2103 -2103 
-2004 -2004 
-1904 -1904 
-1804 -1804 
-1705 -1705 
-1605 -1605 
-1505 -1505 
-1405 -1405 
-1305 -1305 
-1204 -1204 
-1104 -1104 
-1004 -1004 
-904 -904 
-803 -803 
