-135232
221824
0
0
0
0
0
0
191872
-11328
-101824
70272
-126336
350784
0
0
-21504
124864
189952
-279360
650048
-730944
0
0
-66176
160512
115840
-23936
322240
-449920
0
0
-94336
193024
20736
161216
84480
-149184
0
0
-99904
197952
-27904
179200
-6464
6080
0
0
-79488
146496
-39104
147392
-43776
46016
0
0
-62912
87232
-28736
90560
-44096
42304
0
0
0
0
0
0
0
0
0
0
0
0
0
0
0
0
0
0
0
0
0
0
0
0
0
0
0
0
0
0
0
0
0
0
0
0
0
0
0
0
0
0
0
0
0
0
0
0
0
0
0
0
0
0
0
0
0
0
0
0
0
0
0
0
0
0
0
0
0
0
0
0
0
0
-105664
198848
0
0
0
0
0
0
-5632
438720
0
0
0
0
0
0
177024
-283328
0
0
0
0
0
0
232256
-574080
0
0
0
0
0
0
184512
-508096
0
0
0
0
0
0
134272
-350400
0
0
0
0
0
0
66496
-216704
0
0
0
0
0
0
0
0
0
0
0
0
0
0
0
0
0
0
0
0
0
0
0
0
0
0
0
0
0
0
0
0
0
0
0
0
0
0
0
0
0
0
0
0
0
0
0
0
0
0
0
0
0
0
0
0
0
0
0
0
0
0
0
0
0
0
0
0
0
0
0
0
0
0
0
0
0
0
72896
-240384
13248
59904
0
0
0
0
-247232
109248
-602496
649408
0
0
0
0
-261184
204736
-370624
396608
0
0
0
0
-221696
260736
-165248
164608
0
0
0
0
-178304
208320
-75456
38720
0
0
0
0
-129152
136768
-44352
-7296
0
0
0
0
-90112
86912
-24064
-23872
0
0
0
0
0
0
0
0
0
0
0
0
0
0
0
0
0
0
0
0
0
0
0
0
0
0
0
0
0
0
0
0
0
0
0
0
0
0
0
0
0
0
0
0
0
0
0
0
0
0
0
0
0
0
0
0
0
0
0
0
0
0
0
0
0
0
0
0
0
0
259264
406976
-90880
-241472
0
0
13248
59904
323648
-379008
-234688
543872
0
0
-602496
649408
-167040
275840
683584
-817472
0
0
-370624
396608
-153856
260224
494528
-531392
0
0
-165248
164608
-107520
118848
192192
-140352
0
0
-75456
38720
-62208
31104
41984
27776
0
0
-44352
-7296
-56064
-8384
-20800
59520
0
0
-24064
-23872
-34752
-22848
-36992
47232
0
0
0
0
0
0
0
0
0
0
0
0
0
0
0
0
0
0
0
0
0
0
0
0
0
0
0
0
0
0
0
0
0
0
0
0
0
0
0
0
0
0
0
0
0
0
0
0
0
0
0
0
0
0
0
0
0
0
0
0
0
0
0
0
0
0
191680
-128896
0
0
0
0
0
0
68224
66048
-70272
13440
0
0
0
0
232512
-154688
-186496
89536
0
0
0
0
169856
-177088
-35968
-70400
0
0
0
0
61952
-121984
-24000
-79296
0
0
0
0
3328
-71424
-27840
-38784
0
0
0
0
-10432
-34112
-27264
-14848
0
0
0
0
-24704
-9152
-31680
-3584
0
0
0
0
0
0
0
0
0
0
0
0
0
0
0
0
0
0
0
0
0
0
0
0
0
0
0
0
0
0
0
0
0
0
0
0
0
0
0
0
0
0
0
0
0
0
0
0
0
0
0
0
0
0
0
0
0
0
0
0
0
0
0
0
0
0
0
0
191680
-128896
0
0
-135232
221824
0
0
68224
66048
-187968
-3712
191872
-11328
-221888
89664
232512
-154688
-266368
236288
-21504
124864
852544
-731712
169856
-177088
-190464
172544
-66176
160512
701504
-1096896
61952
-121984
-158336
180672
-94336
193024
480768
-916224
3328
-71424
-123776
162048
-99904
197952
293120
-604160
-10432
-34112
-87872
112128
-79488
146496
171392
-360512
-24704
-9152
-70336
73792
-62912
87232
85952
-209280
0
0
0
0
0
0
0
0
0
0
0
0
0
0
0
0
0
0
0
0
0
0
0
0
0
0
0
0
0
0
0
0
0
0
0
0
0
0
0
0
0
0
0
0
0
0
0
0
0
0
0
0
0
0
0
0
0
0
0
0
0
0
0
0
0
0
16462527
85056
0
0
-344640
218048
-187968
-3712
417600
-579264
-221888
89664
323712
-441152
-266368
236288
1485696
-1501312
852544
-731712
777216
-551104
-190464
172544
1097600
-1300224
701504
-1096896
717888
-857728
-158336
180672
689088
-902208
480768
-916224
579264
-805824
-123776
162048
414400
-551488
293120
-604160
388608
-621056
-87872
112128
224192
-321536
171392
-360512
238272
-402048
-70336
73792
112576
-179712
85952
-209280
120128
-234112
0
0
0
0
0
0
0
0
0
0
0
0
0
0
0
0
0
0
0
0
0
0
0
0
0
0
0
0
0
0
0
0
0
0
0
0
0
0
0
0
0
0
0
0
0
0
0
0
0
0
0
0
0
0
0
0
0
0
0
0
0
0
0
0
0
0
0
0
0
0
0
0
-126336
350784
-16640
-327808
0
0
0
0
650048
-730944
-346944
548160
0
0
0
0
322240
-449920
-301760
500992
0
0
0
0
84480
-149184
-211136
290880
0
0
0
0
-6464
6080
-126144
131648
0
0
0
0
-43776
46016
-75712
48320
0
0
0
0
-44096
42304
-47680
3584
0
0
0
0
0
0
0
0
0
0
0
0
0
0
0
0
0
0
0
0
0
0
0
0
0
0
0
0
0
0
0
0
0
0
0
0
0
0
0
0
0
0
0
0
0
0
0
0
0
0
0
0
0
0
0
0
0
0
0
0
0
0
0
0
0
0
0
0
