0
0
0
0
0
0
0
0
-70272
13440
-33984
-131904
0
0
0
0
-186496
89536
-237056
204416
0
0
0
0
-35968
-70400
-216192
251776
0
0
0
0
-24000
-79296
-179712
280896
0
0
0
0
-27840
-38784
-146176
247488
0
0
0
0
-27264
-14848
-85376
169536
0
0
0
0
-31680
-3584
-70464
96448
0
0
0
0
0
0
0
0
0
0
0
0
0
0
0
0
0
0
0
0
0
0
0
0
0
0
0
0
0
0
0
0
0
0
0
0
0
0
0
0
0
0
0
0
0
0
0
0
0
0
0
0
0
0
0
0
0
0
0
0
0
0
0
0
0
0
0
0
0
0
-300416
174528
0
0
0
0
-33984
-131904
367488
-199744
0
0
0
0
-237056
204416
874688
-882560
0
0
0
0
-216192
251776
481408
-455744
0
0
0
0
-179712
280896
177664
-82368
0
0
0
0
-146176
247488
36160
47168
0
0
0
0
-85376
169536
-7936
78592
0
0
0
0
-70464
96448
-22528
58432
0
0
0
0
0
0
0
0
0
0
0
0
0
0
0
0
0
0
0
0
0
0
0
0
0
0
0
0
0
0
0
0
0
0
0
0
0
0
0
0
0
0
0
0
0
0
0
0
0
0
0
0
0
0
0
0
0
0
0
0
0
0
0
0
0
0
0
0
0
0
-300416
174528
0
0
0
0
-101824
70272
367488
-199744
-168960
303680
0
0
189952
-279360
874688
-882560
899328
-1041408
0
0
115840
-23936
481408
-455744
810624
-879168
0
0
20736
161216
177664
-82368
552960
-582400
0
0
-27904
179200
36160
47168
361920
-352704
0
0
-39104
147392
-7936
78592
200320
-192512
0
0
-28736
90560
-22528
58432
105088
-108032
0
0
0
0
0
0
0
0
0
0
0
0
0
0
0
0
0
0
0
0
0
0
0
0
0
0
0
0
0
0
0
0
0
0
0
0
0
0
0
0
0
0
0
0
0
0
0
0
0
0
0
0
0
0
0
0
0
0
0
0
0
0
0
0
0
0
0
0
0
0
0
0
0
0
0
0
0
0
0
0
0
0
0
0
0
0
0
0
0
0
0
0
0
0
0
0
0
0
0
0
0
0
0
0
0
0
0
0
0
0
0
0
0
0
0
0
0
0
0
0
0
0
0
0
0
0
0
0
0
0
0
0
0
0
0
0
0
0
0
0
0
0
0
0
0
0
0
0
0
0
0
0
0
0
0
0
0
0
0
0
0
0
0
0
0
0
0
0
0
0
0
0
0
0
0
0
0
0
0
0
0
0
0
0
0
0
0
0
0
0
0
0
0
0
-344640
218048
16462527
85056
259264
406976
0
0
323712
-441152
417600
-579264
323648
-379008
0
0
777216
-551104
1485696
-1501312
-167040
275840
0
0
717888
-857728
1097600
-1300224
-153856
260224
0
0
579264
-805824
689088
-902208
-107520
118848
0
0
388608
-621056
414400
-551488
-62208
31104
0
0
238272
-402048
224192
-321536
-56064
-8384
0
0
120128
-234112
112576
-179712
-34752
-22848
0
0
0
0
0
0
0
0
0
0
0
0
0
0
0
0
0
0
0
0
0
0
0
0
0
0
0
0
0
0
0
0
0
0
0
0
0
0
0
0
0
0
0
0
0
0
0
0
0
0
0
0
0
0
0
0
0
0
0
0
0
0
0
0
0
0
0
0
0
0
0
0
0
0
-168960
303680
-16640
-327808
-124864
194688
-105664
198848
899328
-1041408
-346944
548160
546496
-451392
-5632
438720
810624
-879168
-301760
500992
692480
-726528
177024
-283328
552960
-582400
-211136
290880
600768
-739072
232256
-574080
361920
-352704
-126144
131648
434560
-540864
184512
-508096
200320
-192512
-75712
48320
268928
-359040
134272
-350400
105088
-108032
-47680
3584
139456
-208640
66496
-216704
0
0
0
0
0
0
0
0
0
0
0
0
0
0
0
0
0
0
0
0
0
0
0
0
0
0
0
0
0
0
0
0
0
0
0
0
0
0
0
0
0
0
0
0
0
0
0
0
0
0
0
0
0
0
0
0
0
0
0
0
0
0
0
0
0
0
-90880
-241472
0
0
0
0
-124864
194688
-234688
543872
0
0
0
0
546496
-451392
683584
-817472
0
0
0
0
692480
-726528
494528
-531392
0
0
0
0
600768
-739072
192192
-140352
0
0
0
0
434560
-540864
41984
27776
0
0
0
0
268928
-359040
-20800
59520
0
0
0
0
139456
-208640
-36992
47232
0
0
0
0
0
0
0
0
0
0
0
0
0
0
0
0
0
0
0
0
0
0
0
0
0
0
0
0
0
0
0
0
0
0
0
0
0
0
0
0
0
0
0
0
0
0
0
0
0
0
0
0
0
0
0
0
0
0
0
0
0
0
0
0
0
0
0
0
0
0
0
0
0
0
0
0
0
0
0
0
0
0
0
0
0
0
0
0
0
0
0
0
0
0
0
0
0
0
0
0
0
0
0
0
0
0
0
0
0
0
0
0
0
0
0
0
0
0
0
0
0
0
0
0
0
0
0
0
0
0
0
0
0
0
0
0
0
0
0
0
0
0
0
0
0
0
0
0
0
0
0
0
0
0
0
0
0
0
0
0
0
0
0
0
0
0
0
0
0
0
0
0
0
0
0
0
0
0
0
0
0
0
0
0
0
0
0
0
0
0
0
0
0
0
0
0
