-4.096553955078125000e+02
-6.254269409179687500e+02
-8.094238891601562500e+02
-4.324883728027343750e+02
-5.701512451171875000e+02
-4.287925415039062500e+02
-5.718028640747070312e+01
9.899364471435546875e+01
6.902262573242187500e+02
9.770194091796875000e+02
-9.022638549804687500e+02
-5.357634887695312500e+02
2.866228637695312500e+02
-6.770668945312500000e+02
7.402918090820312500e+02
-5.651951293945312500e+02
4.835100708007812500e+02
3.060410156250000000e+02
5.977709960937500000e+02
-9.375048828125000000e+02
-5.408519287109375000e+02
4.092550048828125000e+02
-8.248750000000000000e+02
-9.388210449218750000e+02
-2.857301330566406250e+02
1.795639801025390625e+02
-8.955545654296875000e+02
-8.686726684570312500e+02
-9.129976196289062500e+02
-2.096984863281250000e+02
3.368540954589843750e+02
-6.039458007812500000e+02
-8.078186035156250000e+02
-6.756331176757812500e+02
3.884782409667968750e+02
-7.204730224609375000e+02
-4.667482299804687500e+02
6.063517456054687500e+02
-3.987764282226562500e+02
1.940330963134765625e+02
1.456245727539062500e+02
-4.691130676269531250e+02
-5.025314331054687500e+02
-4.206490173339843750e+02
7.518801269531250000e+02
-9.624837036132812500e+02
-8.167271728515625000e+02
-3.175800781250000000e+02
-5.593966674804687500e+02
1.257147979736328125e+02
7.892218780517578125e+01
-9.275994300842285156e+00
-3.984938659667968750e+02
2.289745140075683594e+01
5.724570312500000000e+02
6.250111694335937500e+02
6.568177795410156250e+01
6.126704101562500000e+02
-9.314490356445312500e+02
-6.918677368164062500e+02
4.963700561523437500e+02
-2.302602081298828125e+02
-3.642030334472656250e+02
1.440176239013671875e+02
-3.682156982421875000e+02
-5.286999511718750000e+02
8.659705200195312500e+02
5.974252319335937500e+02
-3.130834350585937500e+02
-1.003322525024414062e+02
-7.977800292968750000e+02
1.787592926025390625e+02
4.578129577636718750e+02
-5.440944213867187500e+02
-1.159693298339843750e+02
3.496951904296875000e+02
-1.147129745483398438e+02
1.010908813476562500e+02
-6.103015136718750000e+02
5.899963378906250000e+02
-7.807746582031250000e+02
-5.857056427001953125e+01
-4.177677612304687500e+02
-7.892202758789062500e+02
7.110859375000000000e+02
-5.996072998046875000e+02
-6.146443557739257812e+01
2.255178527832031250e+02
-4.607755737304687500e+02
-4.067272567749023438e+01
6.093770980834960938e+01
-1.103662567138671875e+02
-2.736826782226562500e+02
-4.879571533203125000e+02
8.123467407226562500e+02
1.896020507812500000e+01
-1.297103285789489746e+00
-1.683047294616699219e+00
-1.204403638839721680e+00
-2.816455364227294922e-01
5.672470331192016602e-01
-1.650483250617980957e+00
8.629223704338073730e-01
-1.593020796775817871e+00
-1.297603726387023926e+00
8.532862663269042969e-01
1.541054725646972656e+00
1.932553410530090332e+00
6.116278171539306641e-01
-8.905458450317382812e-02
-1.648849725723266602e+00
2.358031719923019409e-01
-1.275399088859558105e+00
5.760824307799339294e-02
4.357205927371978760e-01
1.332849979400634766e+00
-7.049976587295532227e-01
1.955448389053344727e+00
1.979801058769226074e+00
1.304603219032287598e+00
7.766101956367492676e-01
9.346792101860046387e-01
1.501075267791748047e+00
1.806040644645690918e+00
1.409051656723022461e+00
5.637545585632324219e-01
-1.706006407737731934e+00
4.935388565063476562e-01
-1.211918950080871582e+00
1.275662183761596680e+00
-1.710698723793029785e+00
1.384430885314941406e+00
-3.054042458534240723e-01
-1.437034606933593750e+00
-7.763314247131347656e-01
8.374477624893188477e-01
-2.148601263761520386e-01
-1.066942572593688965e+00
-1.044937968254089355e+00
7.726930379867553711e-01
5.910779237747192383e-01
-1.744299650192260742e+00
1.250070810317993164e+00
-1.439263224601745605e+00
-1.037742972373962402e+00
-1.944384694099426270e+00
2.501934207975864410e-02
1.403728246688842773e+00
1.718948364257812500e+00
-1.467608958482742310e-01
-1.589002847671508789e+00
-1.027795374393463135e-01
-8.381668925285339355e-01
-7.624108791351318359e-01
-1.028163671493530273e+00
1.814766168594360352e+00
-4.103586971759796143e-01
-1.985706210136413574e+00
-1.895135082304477692e-02
8.007909655570983887e-01
-6.591356396675109863e-01
1.765357375144958496e+00
-1.620352119207382202e-01
-5.282667279243469238e-01
2.933430373668670654e-01
1.642087578773498535e+00
1.920344710350036621e+00
7.829077839851379395e-01
-5.267769694328308105e-01
1.454376697540283203e+00
1.697277784347534180e+00
1.716916263103485107e-01
8.462032079696655273e-01
1.485995650291442871e+00
7.379252910614013672e-01
6.017293334007263184e-01
-4.771313071250915527e-01
4.016382098197937012e-01
-1.027270913124084473e+00
-1.520477414131164551e+00
-9.658702015876770020e-01
-2.150510996580123901e-01
-6.217439770698547363e-01
8.079093694686889648e-01
-4.698888063430786133e-01
1.944641955196857452e-02
-8.365768790245056152e-01
-1.643895268440246582e+00
8.671815991401672363e-01
-1.103558301925659180e+00
-1.382343471050262451e-01
3.758242428302764893e-01
4.359949035644531250e+02
2.592623138427734375e+01
5.496624755859375000e+02
4.353223876953125000e+02
4.203677978515625000e+02
3.303348083496093750e+02
2.046486358642578125e+02
6.192709960937500000e+02
2.996546630859375000e+02
2.668272705078125000e+02
6.211338500976562500e+02
5.291420898437500000e+02
1.345799407958984375e+02
5.135781250000000000e+02
1.844398651123046875e+02
7.853351440429687500e+02
8.539752807617187500e+02
4.942368469238281250e+02
8.465614624023437500e+02
7.964547729492187500e+01
5.052460937500000000e+02
6.528650665283203125e+01
4.281223144531250000e+02
9.653091430664062500e+01
1.271599731445312500e+02
5.967453002929687500e+02
2.260119934082031250e+02
1.069456863403320312e+02
2.203062133789062500e+02
3.498262939453125000e+02
4.677874755859375000e+02
2.017432250976562500e+02
7.525328979492187500e+02
-1.352218017578125000e+02
2.392829284667968750e+02
-4.191465148925781250e+02
2.305091400146484375e+02
9.073199462890625000e+02
-1.039705657958984375e+02
-5.859003295898437500e+02
-1.492654113769531250e+02
-1.108514709472656250e+02
1.523497295379638672e+01
5.146649932861328125e+01
-9.151416015625000000e+02
-6.711618041992187500e+02
-9.954563903808593750e+01
4.159423522949218750e+02
5.551758422851562500e+02
5.542059936523437500e+02
5.557505130767822266e+00
9.134951782226562500e+02
-3.362525634765625000e+02
-3.708367538452148438e+01
4.967479858398437500e+02
7.156790161132812500e+02
-1.710798950195312500e+02
6.973690185546875000e+02
-1.108581161499023438e+02
4.314941711425781250e+02
-9.831032714843750000e+02
-9.495971679687500000e+02
8.809010009765625000e+02
-7.957241210937500000e+02
-2.551589660644531250e+02
8.190598144531250000e+02
-2.260575561523437500e+02
6.724984130859375000e+02
2.035274353027343750e+02
8.240375366210937500e+02
-3.189285087585449219e+01
9.170281372070312500e+02
1.534193267822265625e+02
-9.445114135742187500e+02
4.777416992187500000e+02
7.228015747070312500e+02
-8.028999633789062500e+02
9.268861083984375000e+02
1.268520736694335938e+02
4.814038085937500000e+02
-5.519973754882812500e+02
8.823649902343750000e+02
2.866569213867187500e+02
8.663727569580078125e+01
9.227803955078125000e+02
1.139374618530273438e+02
6.333678436279296875e+01
-9.104660644531250000e+02
9.277793884277343750e+01
4.887217712402343750e+02
-2.631935424804687500e+02
3.586520385742187500e+02
1.282156219482421875e+02
-5.840499877929687500e+02
9.362784576416015625e+01
-4.802251815795898438e+01
4.026838989257812500e+02
6.802917480468750000e+01
-4.278754272460937500e+02
-4.271054458618164062e+01
6.464277954101562500e+02
7.519858398437500000e+02
8.815908203125000000e+02
-5.681676025390625000e+02
-3.095689392089843750e+02
-7.621041259765625000e+02
9.765104980468750000e+02
2.620228271484375000e+02
4.097497253417968750e+02
-1.385240936279296875e+02
-5.128984985351562500e+02
-2.255417633056640625e+02
-4.226232910156250000e+02
6.480802917480468750e+01
6.324418334960937500e+02
6.635671386718750000e+02
-4.275595703125000000e+02
-6.448358764648437500e+02
4.462517700195312500e+02
-1.659469604492187500e+02
-6.360968627929687500e+02
2.086938781738281250e+02
-7.749290771484375000e+02
-8.089647827148437500e+02
-9.758975830078125000e+02
-5.858267211914062500e+02
-4.198348999023437500e+01
-6.753807983398437500e+02
-5.871444344520568848e-01
-1.340885519981384277e+00
1.572664737701416016e+00
1.299561977386474609e+00
1.065536960959434509e-01
-1.462029814720153809e-01
-4.279484599828720093e-02
-9.571199417114257812e-01
-3.894483149051666260e-01
-2.533204853534698486e-01
-1.939775466918945312e+00
1.571623563766479492e+00
-1.883402705192565918e+00
-5.084284543991088867e-01
-1.616506695747375488e+00
-1.212142705917358398e+00
1.769682407379150391e+00
-5.149152874946594238e-01
9.160032272338867188e-01
-1.495359539985656738e+00
-9.948683381080627441e-01
1.524941205978393555e+00
1.613184571266174316e+00
-8.494589924812316895e-01
1.868452548980712891e+00
6.723973155021667480e-01
1.202709414064884186e-02
-4.879903793334960938e-01
-6.505268216133117676e-01
1.808042764663696289e+00
7.733353376388549805e-01
1.364067941904067993e-01
1.261081218719482422e+00
1.013547301292419434e+00
8.086490631103515625e-01
-1.207617521286010742e+00
-5.995784997940063477e-01
-1.621117442846298218e-01
-1.452150583267211914e+00
-2.904901206493377686e-01
-1.594047427177429199e+00
-1.650977492332458496e+00
1.344742894172668457e+00
-1.324209809303283691e+00
-1.085263490676879883e-01
4.996495842933654785e-01
1.755875587463378906e+00
-7.747070789337158203e-01
-1.275514245033264160e+00
1.501685380935668945e+00
-7.856568098068237305e-01
-8.893877267837524414e-01
-1.399488449096679688e+00
-2.212727069854736328e-01
-1.074101090431213379e+00
-5.645536184310913086e-01
-6.654136776924133301e-01
4.995502829551696777e-01
-2.171912044286727905e-01
7.117737531661987305e-01
-7.965725064277648926e-01
-7.104728221893310547e-01
1.993118166923522949e+00
-1.046904325485229492e+00
6.904895901679992676e-01
-3.410276770591735840e-01
-8.835996985435485840e-01
1.571112751960754395e+00
5.770972371101379395e-01
-1.007887482643127441e+00
1.072374939918518066e+00
1.472360938787460327e-01
-3.209241628646850586e-01
-1.610436439514160156e+00
-1.111354112625122070e+00
-1.578302145004272461e+00
7.889176011085510254e-01
9.905233383178710938e-01
-2.570130228996276855e-01
-1.782822012901306152e+00
-1.320253849029541016e+00
1.779623150825500488e+00
1.567662358283996582e+00
-4.069595932960510254e-01
-1.434257149696350098e+00
-2.261098474264144897e-01
-2.659080922603607178e-01
-1.921845078468322754e+00
8.759664893150329590e-01
6.297519207000732422e-01
3.463379442691802979e-01
1.227770805358886719e+00
1.283270597457885742e+00
-1.143412351608276367e+00
-1.718969345092773438e+00
-5.248966217041015625e-01
6.404067382812500000e+02
4.830698242187500000e+02
5.052367248535156250e+02
3.868926391601562500e+02
7.936374511718750000e+02
5.800041503906250000e+02
1.622985992431640625e+02
7.007523193359375000e+02
9.645510864257812500e+02
5.000083618164062500e+02
8.895200805664062500e+02
3.416136474609375000e+02
5.671441040039062500e+02
4.275459594726562500e+02
4.367472534179687500e+02
7.765592041015625000e+02
5.356041870117187500e+02
9.537422485351562500e+02
5.442081298828125000e+02
8.209492492675781250e+01
3.663424072265625000e+02
8.508505249023437500e+02
4.062750549316406250e+02
2.720236587524414062e+01
2.471772460937500000e+02
6.714437103271484375e+01
9.938519897460937500e+02
9.705803222656250000e+02
8.002583618164062500e+02
6.018171386718750000e+02
7.649598388671875000e+02
1.692254486083984375e+02
3.239355773925781250e+02
-4.334825134277343750e+02
-5.983153076171875000e+02
-2.233316345214843750e+02
8.518032226562500000e+02
1.405484161376953125e+02
8.334291992187500000e+02
4.045284729003906250e+02
2.432903289794921875e+00
1.217366695404052734e+01
-5.623583984375000000e+02
-9.906729736328125000e+02
-1.643275146484375000e+02
1.267522201538085938e+02
7.531237182617187500e+02
3.551696777343750000e+02
6.846660766601562500e+02
8.523225708007812500e+02
8.822317504882812500e+02
6.320383300781250000e+02
-7.372108154296875000e+02
-3.067399597167968750e+02
-5.829949951171875000e+02
7.347630615234375000e+02
5.846604614257812500e+02
-3.019967041015625000e+02
1.382810668945312500e+02
6.102630615234375000e+02
6.663225097656250000e+02
-5.884126586914062500e+02
4.613604125976562500e+02
6.068283081054687500e+02
-3.245607604980468750e+02
3.252704162597656250e+02
-8.776924438476562500e+02
-2.544571533203125000e+02
-1.317813110351562500e+02
9.477352294921875000e+02
3.963987121582031250e+02
2.515772399902343750e+02
-6.881109619140625000e+02
-1.298151397705078125e+02
-2.575298156738281250e+02
8.807951049804687500e+02
-9.436473846435546875e+01
7.101999511718750000e+02
3.072236938476562500e+02
7.585739135742187500e+02
-9.933291015625000000e+02
8.495764770507812500e+02
9.025875244140625000e+02
-6.901289672851562500e+02
-8.685786743164062500e+02
-3.654332885742187500e+02
1.711109008789062500e+02
4.826269149780273438e+01
-1.297547607421875000e+02
8.253543090820312500e+02
1.399533081054687500e+02
8.682734985351562500e+02
1.523087005615234375e+02
-6.296395874023437500e+02
9.641574096679687500e+02
9.970065307617187500e+02
-8.626248779296875000e+02
-1.497703170776367188e+01
8.062908935546875000e+02
-9.769982299804687500e+02
-5.438436279296875000e+02
8.026401977539062500e+02
2.684775390625000000e+02
6.609461059570312500e+02
8.186189575195312500e+02
-5.625064086914062500e+02
4.790692443847656250e+02
-4.779671325683593750e+02
8.768620605468750000e+02
9.142990112304687500e+02
-6.795751953125000000e+02
6.245081787109375000e+02
-9.057406616210937500e+02
1.988001556396484375e+02
-3.614221191406250000e+01
1.991584167480468750e+02
5.198371582031250000e+02
7.400515747070312500e+02
6.042821884155273438e+00
-8.526779785156250000e+02
8.275279541015625000e+02
-8.784363403320312500e+02
5.889425659179687500e+02
-7.575223999023437500e+02
8.052638549804687500e+02
2.688758850097656250e+02
-3.796501159667968750e+02
7.302890014648437500e+02
-1.826041221618652344e+00
-1.009796500205993652e+00
1.772682905197143555e+00
2.274406701326370239e-01
-5.699270963668823242e-01
-1.962198495864868164e+00
-9.858069419860839844e-01
-9.830932617187500000e-01
-1.317257881164550781e+00
-6.200801730155944824e-01
-1.189403772354125977e+00
-1.748393893241882324e+00
-1.608158469200134277e+00
-1.308999117463827133e-02
-1.721357583999633789e+00
1.740614295005798340e+00
-1.175609469413757324e+00
-1.431505978107452393e-01
-3.413269817829132080e-01
-8.346491456031799316e-01
-7.058859467506408691e-01
-1.153609633445739746e+00
-8.789268732070922852e-01
-1.531579852104187012e+00
7.570074796676635742e-01
5.781047344207763672e-01
-7.538824081420898438e-01
1.521195769309997559e+00
-4.544970989227294922e-01
4.443571865558624268e-01
9.267730265855789185e-02
-6.997727751731872559e-01
1.051445960998535156e+00
7.983467578887939453e-01
5.913625955581665039e-01
-1.513753652572631836e+00
-1.977710723876953125e+00
9.822130203247070312e-01
-1.667886018753051758e+00
-1.029123544692993164e+00
1.956910490989685059e+00
1.864456653594970703e+00
1.685299038887023926e+00
3.330579102039337158e-01
-1.750718504190444946e-01
-1.506495922803878784e-01
-6.410434246063232422e-01
1.869413256645202637e+00
1.263918161392211914e+00
1.967700958251953125e+00
-7.964731454849243164e-01
3.194029033184051514e-01
7.282714247703552246e-01
-4.654833674430847168e-01
3.367120027542114258e-01
-1.213931083679199219e+00
-7.445271611213684082e-01
-1.460212707519531250e+00
5.711148381233215332e-01
-6.634280681610107422e-01
-3.006550669670104980e-01
-4.777348935604095459e-01
-1.789000630378723145e+00
1.583415389060974121e+00
1.525178790092468262e+00
1.102084875106811523e+00
-9.785227775573730469e-01
9.338079094886779785e-01
2.666538953781127930e-01
-8.940215110778808594e-01
8.825892806053161621e-01
-8.658133745193481445e-01
-6.337214112281799316e-01
-1.190302252769470215e+00
2.314440310001373291e-01
-2.066254317760467529e-01
5.292437076568603516e-01
-1.957951307296752930e+00
-3.770629465579986572e-01
-1.849794268608093262e+00
-7.797878980636596680e-01
-1.654934287071228027e+00
1.821579188108444214e-01
1.681786298751831055e+00
1.417418718338012695e+00
-3.497469052672386169e-02
-6.232597231864929199e-01
-1.991163849830627441e+00
5.784413814544677734e-01
-7.118893265724182129e-01
-4.359921514987945557e-01
4.887409806251525879e-01
-1.261982917785644531e+00
2.445267885923385620e-01
-2.010442167520523071e-01
-4.938130676746368408e-01
2.930232238769531250e+02
5.240668945312500000e+02
3.566242675781250000e+02
4.567896652221679688e+01
9.831534423828125000e+02
4.413549194335937500e+02
5.040004272460937500e+02
3.235413208007812500e+02
2.597447509765625000e+02
3.868898925781250000e+02
8.320169067382812500e+02
7.367470703125000000e+02
3.792105712890625000e+02
1.301733684539794922e+01
7.974049682617187500e+02
2.693887939453125000e+02
5.826848754882812500e+02
2.555094146728515625e+01
6.622020263671875000e+02
3.875234375000000000e+02
4.970737915039062500e+02
4.149058227539062500e+02
3.508718872070312500e+02
5.509779052734375000e+02
9.729107055664062500e+02
1.127762145996093750e+02
3.132585144042968750e+02
4.179771041870117188e+01
7.383997802734375000e+02
6.575123901367187500e+02
2.146357421875000000e+02
4.167534484863281250e+02
-9.137419433593750000e+02
-7.856251831054687500e+02
-1.298327026367187500e+02
-5.582375488281250000e+02
7.612441406250000000e+02
4.393750610351562500e+02
4.260145874023437500e+02
5.397192993164062500e+02
-3.385059509277343750e+02
-5.427794799804687500e+02
2.526879119873046875e+02
-1.710415039062500000e+02
8.735621337890625000e+02
2.849048461914062500e+02
-2.261993103027343750e+02
7.102393188476562500e+02
-2.384148254394531250e+02
-6.433803710937500000e+02
5.633188476562500000e+02
-5.558282470703125000e+01
-4.810391845703125000e+02
3.847984924316406250e+02
9.609701538085937500e+02
-5.074928283691406250e+02
5.804876098632812500e+02
5.246704711914062500e+02
-7.599204101562500000e+02
6.778051757812500000e+02
-7.652219390869140625e+01
-7.484372558593750000e+02
7.268694305419921875e+01
-4.069744873046875000e+02
-1.070637817382812500e+02
5.248611450195312500e+02
2.731268310546875000e+02
-6.295120239257812500e+02
1.584039154052734375e+02
3.084838562011718750e+02
1.874807434082031250e+02
8.295327758789062500e+01
1.837581329345703125e+02
4.179823303222656250e+02
5.419559326171875000e+02
-8.218995971679687500e+02
8.269909667968750000e+02
-1.007499923706054688e+02
3.932422180175781250e+02
-2.247219085693359375e+02
-8.978856811523437500e+02
3.272825012207031250e+02
-2.686788635253906250e+02
1.055599212646484375e+02
-4.668203125000000000e+02
-5.922478637695312500e+02
-4.075900878906250000e+02
6.837352905273437500e+02
8.480303955078125000e+02
9.571671752929687500e+02
-1.713381042480468750e+02
5.463731689453125000e+02
-6.638937377929687500e+02
4.885117797851562500e+02
-1.515873565673828125e+02
6.881842041015625000e+02
-6.392188720703125000e+02
-5.688635253906250000e+02
-3.482182922363281250e+02
-1.723298950195312500e+02
-5.626564941406250000e+02
8.394207763671875000e+02
-1.191754989624023438e+02
9.036519165039062500e+02
-4.934981079101562500e+02
-6.289466857910156250e+01
6.032035522460937500e+02
9.786703491210937500e+02
-1.005157165527343750e+02
-5.998082351684570312e+01
8.813378906250000000e+02
-1.355940246582031250e+02
-1.191104278564453125e+02
9.062966308593750000e+02
-6.224004745483398438e+00
-7.475347290039062500e+02
8.829129638671875000e+02
2.951582670211791992e+00
-2.785874023437500000e+02
8.013959350585937500e+02
-9.657185058593750000e+02
8.952499389648437500e+02
-8.249871215820312500e+02
-8.490005493164062500e+02
8.845186157226562500e+02
-4.406797790527343750e+01
-6.405885620117187500e+02
9.645293579101562500e+02
1.719161748886108398e+00
1.392805695533752441e+00
1.364491820335388184e+00
1.817154526710510254e+00
-1.990070343017578125e+00
-3.152360022068023682e-02
1.751652479171752930e+00
-1.462292909622192383e+00
-1.020023465156555176e+00
2.024768292903900146e-02
7.136860489845275879e-01
-6.689601540565490723e-01
-7.745413184165954590e-01
1.103191614151000977e+00
-1.868584275245666504e+00
1.143191456794738770e+00
-2.858388721942901611e-01
5.160378217697143555e-01
8.220121264457702637e-01
-1.606125473976135254e+00
1.615384697914123535e+00
1.289249897003173828e+00
-4.984742403030395508e-01
-1.220822691917419434e+00
-1.748778223991394043e+00
-7.655643224716186523e-01
8.527678251266479492e-01
1.252726912498474121e+00
-6.936467885971069336e-01
-1.118840456008911133e+00
-6.904232501983642578e-01
1.857467293739318848e+00
9.098986983299255371e-01
-7.038671970367431641e-01
1.594797253608703613e+00
7.024928927421569824e-01
1.966684460639953613e+00
-1.471481472253799438e-01
-1.561568498611450195e+00
-1.513605952262878418e+00
9.858864545822143555e-01
3.149908185005187988e-01
-1.132762074470520020e+00
1.903835982084274292e-01
1.192155182361602783e-01
1.431105375289916992e+00
-1.787695050239562988e+00
-1.547794580459594727e+00
-2.295956164598464966e-01
-1.442331671714782715e+00
1.954969763755798340e+00
-1.206989645957946777e+00
4.785319566726684570e-01
-2.253720611333847046e-01
1.126697421073913574e+00
-1.789481759071350098e+00
-7.024197578430175781e-01
-1.209095343947410583e-01
-1.545464277267456055e+00
5.647092461585998535e-01
1.368586272001266479e-01
1.307234406471252441e+00
-2.308597713708877563e-01
-8.199167847633361816e-01
1.351095199584960938e+00
9.243815541267395020e-01
-1.367442011833190918e+00
1.646512389183044434e+00
-1.992304205894470215e+00
-1.027270078659057617e+00
-1.451717257499694824e+00
-6.345076560974121094e-01
-1.408043384552001953e+00
-8.753061294555664062e-01
-3.981831669807434082e-01
-1.064561754465103149e-01
-9.206047058105468750e-01
-1.728087306022644043e+00
1.622358560562133789e-01
5.335385203361511230e-01
6.237890720367431641e-01
-1.885285019874572754e+00
-1.576549410820007324e+00
6.730540394783020020e-01
-1.589719891548156738e+00
-1.733637332916259766e+00
-1.932532191276550293e-01
-5.410341024398803711e-01
6.933716535568237305e-01
-1.838754653930664062e+00
-1.098752856254577637e+00
-8.592587113380432129e-01
-6.989275217056274414e-01
-1.968264222145080566e+00
2.035314440727233887e-01
-1.947992205619812012e+00
6.438419189453125000e+02
6.614813232421875000e+02
1.704771270751953125e+02
8.816522216796875000e+02
7.780081787109375000e+02
1.339542083740234375e+02
8.689166259765625000e+02
7.487778930664062500e+02
7.985856323242187500e+02
5.433452148437500000e+02
2.208379211425781250e+02
9.184586181640625000e+02
5.920845947265625000e+02
3.462379150390625000e+02
2.637785339355468750e+02
9.139154663085937500e+02
4.197354736328125000e+02
5.401915283203125000e+02
6.084421386718750000e+02
8.262498168945312500e+02
6.235631713867187500e+02
1.767121582031250000e+02
5.912573242187500000e+02
4.892661743164062500e+02
5.479077758789062500e+02
6.995206298828125000e+02
2.458111572265625000e+02
1.866271514892578125e+02
1.105831451416015625e+02
2.740592651367187500e+02
1.025003910064697266e+01
6.293597412109375000e+02
