0 0 
0 0 
0 0 
0 0 
0 0 
0 0 
0 0 
0 0 
15 15 
15 15 
0 1 
2 3 
15 15 
15 15 
8 9 
10 11 
31 31 
31 31 
16 17 
18 19 
31 31 
31 31 
24 25 
26 27 
47 47 
47 47 
32 33 
34 35 
47 47 
47 47 
40 41 
42 43 
63 63 
63 63 
48 49 
50 51 
63 63 
63 63 
56 57 
58 59 
64 64 
64 64 
64 63 
62 61 
64 64 
64 64 
56 55 
54 53 
48 48 
48 48 
48 47 
46 45 
48 48 
48 48 
40 39 
38 37 
32 32 
32 32 
32 31 
30 29 
32 32 
32 32 
24 23 
22 21 
0 0 
0 0 
0 0 
0 0 
0 0 
0 0 
0 0 
0 0 
15 15 
15 15 
0 1 
2 3 
15 15 
15 15 
8 9 
10 11 
31 31 
31 31 
16 17 
18 19 
31 31 
31 31 
24 25 
26 27 
47 47 
47 47 
32 33 
34 35 
47 47 
47 47 
40 41 
42 43 
63 63 
63 63 
48 49 
50 51 
63 63 
63 63 
56 57 
58 59 
64 64 
64 64 
64 63 
62 61 
64 64 
64 64 
56 55 
54 53 
48 48 
48 48 
48 47 
46 45 
48 48 
48 48 
40 39 
38 37 
32 32 
32 32 
32 31 
30 29 
32 32 
32 32 
24 23 
22 21 
0 0 
0 0 
0 0 
0 0 
0 0 
0 0 
0 0 
0 0 
15 15 
15 15 
0 1 
2 3 
15 15 
15 15 
8 9 
10 11 
31 31 
31 31 
16 17 
18 19 
31 31 
31 31 
24 25 
26 27 
47 47 
47 47 
32 33 
34 35 
47 47 
47 47 
40 41 
42 43 
63 63 
63 63 
48 49 
50 51 
63 63 
63 63 
56 57 
58 59 
64 64 
64 64 
64 63 
62 61 
64 64 
64 64 
56 55 
54 53 
48 48 
48 48 
48 47 
46 45 
48 48 
48 48 
40 39 
38 37 
32 32 
32 32 
32 31 
30 29 
32 32 
32 32 
24 23 
22 21 
0 0 
0 0 
0 0 
0 0 
0 0 
0 0 
0 0 
0 0 
15 15 
15 15 
0 1 
2 3 
15 15 
15 15 
8 9 
10 11 
31 31 
31 31 
16 17 
18 19 
31 31 
31 31 
24 25 
26 27 
47 47 
47 47 
32 33 
34 35 
47 47 
47 47 
40 41 
42 43 
63 63 
63 63 
48 49 
50 51 
63 63 
63 63 
56 57 
58 59 
64 64 
64 64 
64 63 
62 61 
64 64 
64 64 
56 55 
54 53 
48 48 
48 48 
48 47 
46 45 
48 48 
48 48 
40 39 
38 37 
32 32 
32 32 
32 31 
30 29 
32 32 
32 32 
24 23 
22 21 
0 0 
0 0 
0 0 
0 0 
0 0 
0 0 
0 0 
0 0 
15 15 
15 15 
0 1 
2 3 
15 15 
15 15 
8 9 
10 11 
31 31 
31 31 
16 17 
18 19 
31 31 
31 31 
24 25 
26 27 
47 47 
47 47 
32 33 
34 35 
47 47 
47 47 
40 41 
42 43 
63 63 
63 63 
48 49 
50 51 
63 63 
63 63 
56 57 
58 59 
64 64 
64 64 
64 63 
62 61 
64 64 
64 64 
56 55 
54 53 
48 48 
48 48 
48 47 
46 45 
48 48 
48 48 
40 39 
38 37 
32 32 
32 32 
32 31 
30 29 
32 32 
32 32 
24 23 
22 21 
0 0 
0 0 
0 0 
0 0 
0 0 
0 0 
0 0 
0 0 
15 15 
15 15 
0 1 
2 3 
15 15 
15 15 
8 9 
10 11 
31 31 
31 31 
16 17 
18 19 
31 31 
31 31 
24 25 
26 27 
47 47 
47 47 
32 33 
34 35 
47 47 
47 47 
40 41 
42 43 
63 63 
63 63 
48 49 
50 51 
63 63 
63 63 
56 57 
58 59 
64 64 
64 64 
64 63 
62 61 
64 64 
64 64 
56 55 
54 53 
48 48 
48 48 
48 47 
46 45 
48 48 
48 48 
40 39 
38 37 
32 32 
32 32 
32 31 
30 29 
32 32 
32 32 
24 23 
22 21 
0 0 
0 0 
0 0 
0 0 
0 0 
0 0 
0 0 
0 0 
15 15 
15 15 
0 1 
2 3 
15 15 
15 15 
8 9 
10 11 
31 31 
31 31 
16 17 
18 19 
31 31 
31 31 
24 25 
26 27 
47 47 
47 47 
32 33 
34 35 
47 47 
47 47 
40 41 
42 43 
63 63 
63 63 
48 49 
50 51 
63 63 
63 63 
56 57 
58 59 
64 64 
64 64 
64 63 
62 61 
64 64 
64 64 
56 55 
54 53 
48 48 
48 48 
48 47 
46 45 
48 48 
48 48 
40 39 
38 37 
32 32 
32 32 
32 31 
30 29 
32 32 
32 32 
24 23 
22 21 
