-131077
0
524309
0
-1310785
0
3014814
0
-6488407
0
15598324
0
-75893417
-187044495
-284495548
-335545427
-311688612
-179043291
49809340
283251056
400170591
333719210
111616856
-158985048
-344063074
-355468327
-207486348
-14675548
70917300
-46196309
-338163420
-658704888
-827396765
-740756319
-439810682
-80735486
167973570
234357823
174977116
110551638
122216446
190113481
225046322
161149676
24506580
-85005253
-86120165
1370369
61991691
-16323025
-232131842
-448988435
-494467641
-303951839
8262837
220991509
171901914
-114035094
-437129406
-571084205
-430375517
-123008283
148444028
251270175
216468971
187630792
277740765
459536579
587790624
529661202
291111586
25364291
-85063509
26215940
258932925
430242800
421263986
263191749
96272553
44958448
118686265
219807818
242614452
166856074
65801461
25432539
57937813
90179037
39320033
-99224801
-234293685
-255721002
-137621834
26678513
95359158
-3341180
-205064376
-356585471
-336793071
-151061453
77269496
210638399
202448142
119610463
70128762
105318409
185465782
231732364
209974646
162200896
156174022
202443730
223611142
114491424
-151521550
-467471496
-647890968
-562101921
-243004920
121179392
312150345
231932358
-33162503
-283051967
-349046132
-207224620
19597626
161485253
121968745
-66577637
-278980462
-386395831
-332068905
-149487681
69794650
231340626
278919664
212531011
83489125
-30610880
-63118031
3990725
124512575
212398323
196213161
69599674
-101119999
-223409368
-241890905
-170392858
-68093776
17755972
86764330
164425253
249427324
283114393
186973181
-56822053
-352456421
-527896413
-453314729
-150077195
203163041
388825003
310112312
66445128
-122366297
-90252414
140176107
371194876
386860467
128124059
-252511170
-504564766
-468520659
-193661799
107149795
225377216
111802325
-99618740
-207820258
-101062234
169865178
448723449
600900494
602736999
530713449
475597899
465309561
458495602
401547125
286860842
159917615
74456520
45223716
42925885
31519523
4975982
-14553719
-13569754
-16189852
-68289292
-186841800
-323023268
-382790291
-298248534
-91090795
129238563
238222842
182779513
12650802
-169338596
-290642636
-352967154
-403039584
-460715805
-480642581
-387189704
-156108776
134742100
340526638
351274401
179044155
-46008643
-172298174
-139858425
-18485274
59896894
15792399
-112198476
-204014021
-163054146
-1246067
168557743
220987264
114820178
-79493053
-238745586
-276102473
-189727996
-43125219
94500852
187629577
230426962
218238380
138676841
-4521371
-162268228
-249103655
-199491901
-31194672
146210415
196801600
57731406
-208607731
-455938286
-561315555
-512552262
-407037374
-359328768
-398195643
-438045656
-354489412
-100995652
228521752
449053172
413665623
124652338
-256440244
-510590207
-501613008
-255984516
66387829
284624534
310054620
187896800
49549946
16321295
119865804
286391287
388234297
326959296
98960613
-196934342
-412745043
-439090716
-274921671
-32632221
129441207
110502374
-63890550
-257487346
-318635657
-190120816
48300030
239928858
270862232
155648330
23197322
8121956
139062790
311882957
374996199
257687514
35322676
-124587524
-94049762
112060471
344780022
434435472
317128250
71763046
-152565958
-255523142
-246217960
-203817744
-183175660
-157093516
-50663014
166393540
419954213
567214952
508363626
276692558
27260760
-75894071
15463229
200997013
317063321
270600354
109055662
-29617794
-40955810
54528844
130810786
67370064
-142673717
-381158649
-497614395
-427357981
-237565006
-64682016
-1311015
-27724654
-42013473
42920276
220260635
392293020
450227478
357888226
175568446
9174051
-66650000
-48234104
15204313
71368141
97910263
98107634
78775488
39781969
-12844028
-54132991
-51512736
-132890
51968772
24444641
-134020624
-389283107
-624426449
-710475408
-597098014
-349240372
-99613008
49940922
95489003
113380343
175638709
271712815
310966932
203093426
-47450468
-321651460
-462158741
-388692196
-160234928
70514981
172880630
134346206
58917212
73141693
216404314
405145636
498005912
406776682
166915346
-87229326
-217575575
-172680952
-11529473
150929941
223801956
187362876
83818233
-28310262
-110555475
-151711843
-152040560
-111474206
-35385687
54466325
121576501
136714573
104403002
66390023
76089104
157683122
284169758
389814576
410391595
319621737
139395566
-78774767
-281150208
-425461195
-481430683
-425661591
-251729830
12250743
292682785
487131772
511185435
346165243
60032755
-222823225
-387058240
-389877131
-283709188
-180621350
-180293760
-303238872
-474614651
-567150826
-484379127
-227938003
92007371
317778513
340389491
169604438
-70190689
-222431242
-203623922
-60297877
66580138
49018198
-126551055
-338232171
-411306437
-245895622
100527199
442561729
587859013
466555603
175446358
-93972808
-187822101
-87487682
94112568
206966077
172494056
28051647
-116259842
-165280846
-100464173
25170602
140515103
209195532
239928420
257160348
268757513
260892648
222227451
164884841
119207176
102299484
92994288
40567038
-91355223
-283112592
-454227347
-507443671
-392232336
-139722247
152372260
376374703
469173217
432799536
316340992
179305145
64945847
-7470082
-37878064
-40499736
-41548935
-70712587
-144636500
-249951940
-343996073
-378469542
-334169904
-237965668
-147068500
-108598321
-125373706
-155518163
-146931399
-77855770
27460493
121962755
173079917
184089286
181599175
183173693
178523301
140580226
58791467
-39842884
-104072545
-98112251
-36443027
20970090
10686019
-83617270
-214100936
-298451228
-276895967
-151921562
13297134
136379842
161813720
83369340
-65923991
-238943658
-392170170
-488638835
-496368437
-395766400
-199353181
35853448
218824961
262990885
134668225
-121053208
-394335826
-561646027
-546570415
-355597579
-72350854
187434295
335416101
352588915
293018786
246029816
279319851
394003431
521531551
564257596
459399358
221964387
-58461117
-268960466
-336658683
-262538539
-107809449
53801812
176551611
250216016
279381894
261034111
188815455
76881418
-24305831
-49145324
33230450
181076120
294975249
285537961
148700863
-18675371
-82374834
26938838
251660390
439747964
452135055
263982679
-17428697
-234224200
-291572481
-215554173
-113252376
-73533414
-96596400
-107668706
-40102776
92011994
197715443
187948269
58321037
-101187511
-180612187
-147319267
-77789258
-90901516
-238229334
-442373155
-545982398
-432995735
-128974367
207222578
393669269
354149681
163048071
-25364779
-101776689
-78968566
-64091923
-154008167
-345439554
-533003729
-594607151
-490207543
-294385078
-137884346
-108589521
-189002791
-276428992
-262208467
-108001481
135795149
373235564
526722841
577052953
557387045
517403696
488301428
469164978
434959073
356517141
221645950
48956124
-111350366
-197862918
-173485157
-58270426
69332804
114228862
30212909
-136184386
-265751332
-244256824
-49352325
220854217
405601879
390005294
184943439
-79887514
-247069799
-238288004
-100007474
40893961
73857306
-20187981
-166727123
-259788329
-235474081
-105843108
60684891
185269856
216072384
143720441
-1901545
-158271651
-247007989
-206244097
-32048126
198770817
359072138
349437821
176684585
-31784538
-106034558
43193481
348461501
620631899
680464565
490081537
180162868
-48293150
-74899299
57088153
189858005
186376829
40750359
-126169986
-178200398
-81265236
72881026
153426151
106565732
-1571630
-54329323
787387
96930015
107022120
-35455838
-262803450
-417666178
-384830428
-193788583
-2944064
29758896
-121042301
-324470010
-402197796
-276236300
-35060075
141825195
128915805
-50326800
-258799901
-372769578
-385025812
-391644672
-481362856
-630260265
-708182130
-594410580
-304084482
-4387134
105057625
-44432247
-322504537
-490933972
-387517599
-54723005
289999609
421138864
274534181
-12188023
-213713236
-188220236
29163708
277284520
405408259
381159788
287573736
229377337
241698072
277742802
275251833
227147353
186710845
203881482
257687747
257033706
117835501
-149225009
-420742927
-538513057
-426053881
-149818873
123270921
241302104
165804742
-18941436
-182584750
-244319253
-214369162
-157288156
-122097322
-101456021
-51585277
53795435
186505629
277076906
264429756
139192923
-49940185
-227538397
-330033480
-327149447
-221114783
-38273308
173077611
347207187
417202722
348000016
165548741
-45544766
-184156519
-192677312
-92076950
33888386
95037753
51784225
-64939776
-181076066
-228201264
-177739257
-46140049
124060828
283643155
387189651
400819416
313589765
151912530
-22084799
-137952131
-159120645
-110558608
-62060683
-77786587
-163963808
-261284343
-288025636
-204143835
-42862947
112326322
188875599
171447321
97066720
11542274
-73197634
-176680909
-307557175
-425718786
-450230012
-319225482
-51185515
246805743
442890854
471270922
378015679
281940101
277940236
359136438
421656037
352122259
128644836
-143527153
-296163228
-215360267
73128494
411821216
607975185
548930912
261031303
-117901423
-425794052
-558375456
-503585565
-321129247
-96927530
94175014
203223352
208724616
116187130
-39391716
-198507066
-294381255
-281272917
-157281735
32243604
213840254
317124411
303364092
178849005
-8712611
-187887577
-289142019
-268827955
-126288864
95222263
323878081
484966987
527959704
440862146
251985522
17363819
-195892543
-330372509
-357174297
-287964477
-171635065
-70840252
-25753756
-27264431
-22875558
44627323
187236960
350359910
442898830
401806811
246220720
73331994
-5708514
53075119
192339376
294578055
270858138
127469931
-40823040
-128640320
-104852847
-35651067
-26152578
-126359077
-279646440
-359072361
-263582672
-1109502
306056210
498728671
480637670
269938357
-26021210
-284165813
-425985065
-429918380
-307237172
-79894240
212266009
492959807
653723700
602936310
331945416
-55243362
-384630553
-508823832
-395709376
-142673830
89849487
179700226
105382235
-66125908
-244055643
-371455676
-438168715
-448980504
-394455011
-257093683
-49477437
158337899
259660219
174861292
-85052283
-410834569
-654111717
-714151493
-592915546
-378678277
-178723040
-51183931
14158890
63179286
125763377
190052204
220199461
193856702
127208908
63835553
40240402
55835809
73727232
49874764
-30600275
-136702049
-206434622
-181731620
-47909975
150926815
325583980
384308582
283844001
61872312
-172815507
-295960865
-243402443
-59704900
116456256
132053479
-81201417
-454428841
-813564372
-981923626
-885387240
-590279232
-249494982
1963265
126742387
185923027
268960754
410521630
561385970
630523868
562100119
384559534
194962418
91940568
110423782
204273712
285409430
286525325
200281179
73796928
-30930792
-78643467
-76549120
-60297992
-65081999
-101714710
-150864175
-175766217
-146013124
-60163055
