       1.0        74.0
      17.0        58.0
      33.0        42.0
      49.0        26.0
       2.0        73.0
      18.0        57.0
      34.0        41.0
      50.0        25.0
       3.0        72.0
      19.0        56.0
      35.0        40.0
      51.0        24.0
       4.0        71.0
      20.0        55.0
      36.0        39.0
      52.0        23.0
       5.0        70.0
      21.0        54.0
      37.0        38.0
      53.0        22.0
       6.0        69.0
      22.0        53.0
      38.0        37.0
      54.0        21.0
       7.0        68.0
      23.0        52.0
      39.0        36.0
      55.0        20.0
       8.0        67.0
      24.0        51.0
      40.0        35.0
      56.0        19.0
       9.0        66.0
      25.0        50.0
      41.0        34.0
      57.0        18.0
      10.0        65.0
      26.0        49.0
      42.0        33.0
      58.0        17.0
      11.0        64.0
      27.0        48.0
      43.0        32.0
      59.0        16.0
      12.0        63.0
      28.0        47.0
      44.0        31.0
      60.0        15.0
      13.0        62.0
      29.0        46.0
      45.0        30.0
      61.0        14.0
      14.0        61.0
      30.0        45.0
      46.0        29.0
      62.0        13.0
      15.0        60.0
      31.0        44.0
      47.0        28.0
      63.0        12.0
      16.0        59.0
      32.0        43.0
      48.0        27.0
      64.0        11.0
      99.0        26.0
      83.0        42.0
      67.0        58.0
      51.0        74.0
      98.0        27.0
      82.0        43.0
      66.0        59.0
      50.0        75.0
      97.0        28.0
      81.0        44.0
      65.0        60.0
      49.0        76.0
      96.0        29.0
      80.0        45.0
      64.0        61.0
      48.0        77.0
      95.0        30.0
      79.0        46.0
      63.0        62.0
      47.0        78.0
      94.0        31.0
      78.0        47.0
      62.0        63.0
      46.0        79.0
      93.0        32.0
      77.0        48.0
      61.0        64.0
      45.0        80.0
      92.0        33.0
      76.0        49.0
      60.0        65.0
      44.0        81.0
      91.0        34.0
      75.0        50.0
      59.0        66.0
      43.0        82.0
      90.0        35.0
      74.0        51.0
      58.0        67.0
      42.0        83.0
      89.0        36.0
      73.0        52.0
      57.0        68.0
      41.0        84.0
      88.0        37.0
      72.0        53.0
      56.0        69.0
      40.0        85.0
      87.0        38.0
      71.0        54.0
      55.0        70.0
      39.0        86.0
      86.0        39.0
      70.0        55.0
      54.0        71.0
      38.0        87.0
      85.0        40.0
      69.0        56.0
      53.0        72.0
      37.0        88.0
      84.0        41.0
      68.0        57.0
      52.0        73.0
      36.0        89.0
