  -1.5094048e+00   -1.1096131e+00
  -8.5188699e-01   -8.4555125e-01
  -7.5845331e-01   -6.4901376e-01
  -5.7266486e-01   -5.5868077e-01
  -2.4278954e-01   -1.9686145e-01
   1.6681343e-01    1.7838022e-01
   5.8644265e-01    8.0032068e-01
   8.7587416e-01    1.1811661e+00
  -1.9654187e+00   -1.8651226e+00
  -1.3677469e+00   -1.2700714e+00
  -1.0511070e+00   -4.1738206e-01
  -2.9253501e-01   -2.7515724e-01
   6.6009343e-02    6.0365844e-01
   1.1751713e+00    1.2708484e+00
   1.4021623e+00    1.7736583e+00
   1.7812519e+00    2.0291603e+00
  -1.1714048e+00   -1.0443435e+00
  -6.8558681e-01   -6.3578576e-01
  -5.3524798e-01   -4.9079037e-01
  -3.4563190e-01   -3.2220972e-01
  -1.5508038e-01    4.5129022e-01
   5.9069657e-01    6.0334659e-01
   6.1212236e-01    7.8840923e-01
   9.2873603e-01    1.7972006e+00
  -2.0186911e+00   -1.8575829e+00
  -1.4816753e+00   -1.4762924e+00
  -1.2700435e+00   -5.5805779e-01
  -4.8521882e-01   -2.7646491e-01
  -2.8453112e-02    4.0730812e-02
   1.9974026e-01    2.5889996e-01
   2.8297019e-01    4.2586431e-01
   5.9430760e-01    9.2621642e-01
  -1.7864118e+00   -1.2145656e+00
  -1.0497932e+00   -5.0749695e-01
  -3.2820854e-01    6.3561216e-02
   3.7721565e-01    4.2286035e-01
   4.3343008e-01    4.4694507e-01
   6.4582479e-01    8.1604308e-01
   8.9873046e-01    1.1118329e+00
   1.2995282e+00    1.4523916e+00
  -2.0714397e+00   -1.6365771e+00
  -1.0854304e+00   -6.2367743e-01
  -5.9523642e-01   -5.8284783e-01
  -3.4899804e-01   -2.4510904e-01
  -1.2890600e-01    1.6416748e-01
   1.7641194e-01    2.1108933e-01
   4.3285865e-01    5.8136553e-01
   1.6113237e+00    1.6808015e+00
  -1.4633834e+00   -1.0970612e+00
  -9.1860098e-01   -4.2479673e-01
   1.8168842e-02    3.6548987e-01
   4.9461448e-01    5.1753509e-01
   5.8048904e-01    6.2293613e-01
   6.5728432e-01    7.9486507e-01
   8.5393542e-01    1.4947780e+00
   1.6862432e+00    1.9302131e+00
  -2.1181884e+00   -1.4676592e+00
  -1.3068377e+00   -8.0122393e-01
  -7.4158877e-01   -7.1017200e-01
  -3.9167470e-01   -3.2565427e-01
   8.2783848e-02    1.6037335e-01
   2.8467631e-01    3.1467143e-01
   6.6392976e-01    7.8980505e-01
   8.4165883e-01    1.3096181e+00
  -2.3588350e+00   -2.0492389e+00
  -1.6592692e+00   -1.0434135e+00
  -9.5812374e-01   -9.4548053e-01
  -8.2323927e-01   -7.9300648e-01
  -3.1723356e-01    1.5909928e-01
   2.1766534e-01    2.2572987e-01
   6.9908798e-01    7.0708060e-01
   1.0682067e+00    1.4796767e+00
  -1.7472826e+00   -1.6645908e+00
  -1.4099751e+00   -1.0127680e+00
  -6.1922765e-01   -4.4177908e-01
  -4.0025732e-01   -1.2601283e-02
   1.5627538e-01    2.1489024e-01
   4.4810227e-01    5.4956311e-01
   7.7361238e-01    1.2152579e+00
   1.3923378e+00    1.6292120e+00
  -1.7899683e+00   -5.8329839e-01
  -4.7224614e-01   -4.3419218e-01
  -3.9702499e-01   -3.7293690e-01
  -2.6689434e-01   -6.0088243e-02
   1.0546693e-01    1.4076981e-01
   1.7843108e-01    2.0122221e-01
   4.3887857e-01    4.9912992e-01
   7.6479667e-01    1.2706243e+00
  -1.7189320e+00   -1.6435078e+00
  -1.3749933e+00   -1.1214453e+00
  -1.0520105e+00   -5.8650225e-01
  -3.5907513e-01    1.1210726e-01
   4.6451324e-01    4.6689922e-01
   5.3226668e-01    7.4104017e-01
   7.5667012e-01    1.0876955e+00
   1.4965444e+00    1.6296940e+00
  -8.3910686e-01   -5.2363330e-01
  -3.6410719e-01   -2.6025695e-01
  -2.5993204e-02    9.6723847e-02
   1.1458588e-01    1.4414303e-01
   2.7906930e-01    4.7199348e-01
   4.7751790e-01    7.5207984e-01
   1.1003349e+00    1.2221769e+00
   1.8562089e+00    2.3707323e+00
  -1.8027467e+00   -1.4434106e+00
  -1.4047825e+00   -1.3887663e+00
  -5.1795900e-01   -4.9972919e-01
  -3.6075279e-01    4.2480011e-03
   3.1966144e-01    4.0901834e-01
   8.1912142e-01    8.1952906e-01
   9.8843515e-01    1.1326594e+00
   2.4150057e+00    2.6290178e+00
  -2.7351804e+00   -6.1855328e-01
  -3.9668939e-01   -3.5765895e-01
  -1.4539558e-01   -1.1403188e-01
  -5.5026226e-02    1.1801616e-01
   1.3099061e-01    1.9351408e-01
   2.4145637e-01    2.5189254e-01
   9.7632867e-01    9.9969095e-01
   1.4545758e+00    1.7289033e+00
  -8.2319725e-01   -3.6435720e-01
  -2.7422324e-01   -9.3312226e-02
   1.9058079e-01    2.0835698e-01
   3.2787466e-01    3.3190560e-01
   3.4391388e-01    3.7974799e-01
   4.8980647e-01    6.7036319e-01
   6.7581648e-01    9.9485916e-01
   1.0889393e+00    1.4014313e+00
  -6.9171488e-01   -3.9918777e-01
  -3.2673097e-01   -3.1464934e-01
  -3.0841839e-01   -2.5492084e-01
  -1.2942067e-01   -1.2776347e-01
  -7.8043349e-02   -4.9218442e-02
   2.0860951e-01    3.0324832e-01
   4.0126821e-01    5.0601101e-01
   6.7078650e-01    1.3276832e+00
  -1.7991850e+00   -5.8942938e-01
  -5.6129658e-01   -1.8768890e-01
  -1.5011549e-01    5.4799128e-02
   9.1005839e-02    1.0339941e-01
   1.3036788e-01    2.2125210e-01
   2.6454136e-01    5.1074177e-01
   5.8646280e-01    1.1432765e+00
   1.7071911e+00    2.0565002e+00
  -1.2635642e+00   -1.0687799e+00
  -9.0258825e-01   -7.3520780e-01
  -4.7072738e-01   -4.6288401e-01
  -3.2432094e-01   -1.6759206e-01
   1.3488133e-01    4.2039406e-01
   5.0582314e-01    5.4784125e-01
   6.9266385e-01    1.2136632e+00
   1.3410964e+00    1.4758632e+00
  -1.9576908e+00   -1.1163632e+00
  -9.3833190e-01   -9.2207199e-01
  -9.0396988e-01   -6.9691896e-01
  -6.5255243e-01   -5.0278479e-01
  -1.5315330e-01   -4.7320005e-02
  -1.0417858e-03    6.7693174e-02
   1.5348957e-01    4.0243784e-01
   4.3389064e-01    4.5754817e-01
  -2.3603916e+00   -1.1570625e+00
  -4.7571263e-01   -4.6916267e-01
  -3.2498947e-01    1.6548052e-02
   7.9304054e-02    9.7205915e-02
   4.4400808e-01    4.7959343e-01
   5.2258497e-01    8.7253380e-01
   8.8714373e-01    9.0254176e-01
   1.1148055e+00    1.1547838e+00
  -1.5715139e+00   -1.1899619e+00
  -6.5082556e-01   -5.8543211e-01
  -5.1044387e-01   -1.8811642e-01
   3.0449289e-01    3.2082912e-01
   4.9270222e-01    5.5483139e-01
   5.9652907e-01    8.3609170e-01
   9.2687249e-01    1.1553239e+00
   1.4202980e+00    1.6364781e+00
  -1.5131383e+00   -1.1440585e+00
  -1.1369585e+00   -1.0703679e+00
  -9.2844421e-01   -7.0970213e-01
  -5.2616417e-01    1.1534587e-01
   1.1568759e-01    2.7409858e-01
   5.7857299e-01    5.7863575e-01
   1.2721924e+00    1.3095524e+00
   1.5781784e+00    2.8281264e+00
  -2.1503730e+00   -1.4228058e+00
  -1.1356194e+00   -9.5545691e-01
  -8.5949439e-01   -6.7946917e-01
  -6.1684340e-01   -5.3006142e-01
  -1.9039202e-01   -8.6329572e-02
   2.5231812e-02    1.3556042e-01
   1.8602338e-01    7.1495277e-01
   1.3063556e+00    1.4839945e+00
