2415853568
1136408627
-1019323237
1146327454
-1003453575
1131867261
1145788889
-998900713
1090194591
1143178994
-1011131466
-1028142425
1148618812
1133043421
-1000638911
1117005777
1134758021
1142025579
-999905690
-1030247566
-1031629071
-1005586467
1147230190
-1000375044
1144882527
-1007407054
1132362583
1146649919
1140699814
1145661125
1136336749
1134293116
1121621606
1125762527
1132634862
1133579458
-1017402821
1141362431
-999672204
-1002431207
-1017587349
1143769229
1142222326
-1001975487
-1004328708
1139057663
-1004559962
-1002478901
1147425381
-998803432
1137440368
1139169576
1148114718
1142042242
-1006116823
1144668368
-1003388360
1134084685
1142151214
-999841627
1144596574
-1000228644
1124158050
-998832511
-1013420734
1115754684
-1015669140
1140393826
1139856551
1134721638
-1016912396
-1006960335
-1005458099
-998829719
-1000672045
1144741001
-1005473959
-1007108094
-1000825552
-1003418119
-1013455699
1120636466
1146713897
-1007365290
-1003471036
1127712413
-1023989218
-999335681
-1009965068
1137240968
1143455984
1132756287
-1014992732
1137287259
1147420529
1134009043
1144067395
-1078616951
-1095953264
-1079174770
-1089738923
1043034590
1022837653
-1074915028
1055025337
970885574
1034365603
1069621692
-1094867069
-1073763099
-1081794696
-1099201965
-1077386526
1054381188
-1082062677
-1081572614
-1081605638
1067016301
-1086533850
-1085742668
-1076095445
1065258092
1055038538
1072726772
-1077531005
1040994518
-1095212975
1062169863
1061334573
1068004916
1066705459
-1078469951
-1076520688
-1088550016
-1075857159
-1083274053
-1075267228
-1087787570
-1078994479
1042440308
-1092075150
1068455379
-1081341658
-1089998065
-1077257814
-1080957318
-1083775975
-1088940754
1069821852
1069191924
-1077597385
-1076325823
1056347728
1046002335
1065831692
1070810915
1065626673
-1101280116
1046485406
-1086821384
1053061776
-1078423044
-1085502750
1042310219
1072444697
-1080883374
1047814168
1069529465
-1078581373
-1088377041
1066079545
-1089212518
1063124684
1065272646
1065255864
1071248950
1069557268
-1078968107
-1086698891
-1075161373
-1099004749
1068116655
1053336175
-1079205424
1069777802
1072540676
-1075744934
-1094640923
-1112273251
1071145870
1069729271
-1077749476
1066779064
1133922335
1147368671
1126052347
1142921002
1139033372
1147616232
1138514153
1128965768
1148774925
1144323170
1124182927
1141116216
1134108810
1146911307
1126233176
1143011633
1148151098
1147352331
1147215734
1143334320
1134003691
1117113967
1126947641
1147102716
1144060467
1120974785
1148387876
1140781628
1126944276
1139789144
1137153875
TLAST
1129701701
2415853569
1139677714
-1001568098
-1006024748
-1015270175
-1000282754
-1003873427
1138764302
-1016323165
-1016200685
1138328091
-1020933021
1145979239
-1008090674
1139928112
1137672381
1146792904
-1007378388
1147507672
-1014356333
-998812343
-1009894058
-1004351609
1114817605
-999602166
-1003697589
1147323653
1127320938
1127818800
1126725495
1138406394
-1009262008
1138657541
-1002944508
1109252621
1125723616
1136368179
-1014118178
1139400275
-1002337639
1130217053
-1010652296
-1000569526
-1011535969
-1020121362
-1001850467
-1001480144
1135826108
1143687539
1146445504
-1073101036
-1003184627
1141104333
1142481334
1135186333
-1000613499
1145994267
-1001023518
-1001424823
1125857220
1144414156
-1011210025
1142923291
-1011371766
1141958301
1137941324
-1011581962
-1012794076
1144239318
-1017966601
-1013304903
-1000724943
-1000294532
1142352571
-1000311298
-1007163249
1139008195
-1007946891
-1009582367
1126878994
-1005793566
-1035809220
1128616736
1132570509
1132538421
1092703347
1145530162
-1026819780
1144910457
-1005051616
-1000009651
1081664361
1133019125
-1032389780
-1033106712
1129901789
-1002665926
-1080068719
1063900858
1063151690
1070885509
-1080484764
1069818153
-1074036820
1069163498
-1089798934
-1115119038
1069435832
1057508185
1057682709
1053016189
-1100239339
1067335319
-1086929906
1069485525
1073682892
-1073951413
-1098538751
1067261623
-1094277664
1058502508
1072468894
-1079392614
1066624089
1068741487
-1079646742
-1080680285
1072071193
1071478688
1050923825
1043981915
1072794891
-1074022641
-1075308947
-1086908898
-1077596312
1017795071
1064760231
-1077272207
-1100332328
1049363093
1065706826
1073635149
1067897583
1071187648
-1080672912
1047543079
1060687205
1067554116
1049474410
1069426852
1071311779
1069732113
-1084432238
1040568425
-1076978143
1067328854
-1090685008
1070753653
-1085240612
1069303604
-1093586396
-1097850722
-1075942854
-1083262944
-1081694338
-1091505152
1063096532
-1084098773
1072037808
1045212950
-1073889845
-1074054897
-1082265965
1053867376
1070750769
1069542996
-1083614622
-1080442675
-1078712755
-1080849996
-1077472271
1032430184
-1076835458
-1085649573
1064924701
-1086935479
-1096428658
-1083720088
1043599868
-1078191171
1066575015
-1080895994
1142832120
1141081602
1133055754
1145614701
1141289927
1135196096
1126027316
1140439693
1125775009
1147462863
1140291050
1147416262
1134555167
1139155107
1141004133
1147180548
1123935644
1137135600
1118354816
1147442580
1145840531
1137199117
1143420350
1141359227
1142485555
1146424252
1148624546
1117898642
1141766389
1147261009
1137066654
TLAST
1132372067
2415853570
1144240774
1113143695
-1002870964
1139151423
1137237589
1146037129
-1001069623
1136120424
-1001395422
-1005113102
1146593675
1144055791
1147987902
-1012430722
-1021830597
1146646652
1146646978
-1001843910
-999674428
-1004792488
1108122293
-1000697109
1140882872
1130489179
-1014364653
1128162924
1146911223
-1001510326
1134801009
1142091957
1146135876
-1004554655
-1003711946
1140884290
-1028000488
-1004744649
1094217718
1125795852
-1009084294
-1000372582
-1010849025
1142517501
1134972311
1112116535
1084592758
-1003796493
1137922936
1136874747
1141109290
-1004031592
-1011853556
-1004102492
-1012602094
-1017454987
1146466527
-1006725372
1115026937
-1012880122
1132882508
-1015263855
-999175985
-1004101201
-998725045
-1004038769
1136807288
-1021159220
1144912540
-1044500940
1121713234
-1022766164
1146796681
1147112701
-1014654347
1135203837
1141864500
1144576004
1120892457
-1000290310
-1002708186
1145108504
1138060948
-1000066761
1144569489
1138931541
1116369060
1112021231
-1007567372
-1031317533
1144129747
1142390228
-1001031618
1148329841
-1002963069
-1008781579
-1000057016
-1010365808
1066265496
-1091846311
-1078764807
-1089719400
1063793151
-1083768836
1055924761
-1113224170
1037791523
1053885534
1073449933
-1079354851
1067062226
-1104380934
1066584996
-1093465150
1056932440
1070444165
1067444716
-1080059213
1072765845
1052073375
1064412712
-1130249825
-1090521887
-1089390228
-1075269850
1071887217
1056964503
1071211580
1055587340
-1081802762
-1089478857
-1081936813
-1109127048
-1074200334
1071701631
1067582127
-1075613092
-1079945488
1049595532
-1074641464
-1090195188
-1080019743
-1075622972
-1077283593
-1075287140
1060078180
1054582014
1068009478
-1075161380
-1081824474
1073467226
-1152162309
-1077853923
1069261187
-1098419127
-1089311846
-1089642968
-1080654929
-1091489910
-1089248511
1067733166
1071388622
-1086909324
-1098022657
1007833643
-1074185334
-1102005484
1066068511
-1099652278
1007072652
1070153757
1071289059
-1080248185
1065419917
1064529074
-1108915185
-1085659708
-1109286809
1071630928
1059426300
1066641249
1071545245
-1127258436
1072243100
1067478932
1072818319
-1080662886
-1076207868
1065184503
1072397979
-1077801734
-1078464319
-1084022311
-1084753912
1124281988
1142705692
1129514317
1136470808
1137221592
1142693025
1148113144
1148658850
1133868945
1132741119
1144262786
1143760478
1132965263
1147960970
1145591811
1128702022
1140344451
1119393621
1141062867
1141791317
1127568869
1117071332
1127486582
1140057863
1113570264
1127090509
1128406054
1138134347
1141247435
1136116243
1143036214
TLAST
1147732797
2415853571
1141082983
1128127333
1126050425
1136645553
-999675672
-1025866630
-999990553
1146683619
1145400108
1140129897
1136532856
-1023299042
1129429016
1135750665
-1000504396
1146802453
1143119032
-1000876541
1124109043
1132614703
-1002195757
-1003619656
1144593342
-1018423163
-1045609089
1134709649
1135711681
-1010475435
-1018212494
-1011530185
-1006090832
1144745825
1133205020
1141886029
-1005319290
1108547063
-999851214
1111821404
-1004024060
1148032353
1144747611
-1002815410
1124994245
-1017217346
-1006450752
1142991363
-1005021386
1133917090
1148804457
-1000393874
-1006160995
-1001522726
1143332238
-1006932027
-1015969304
1147648613
1142466519
-1001100544
1148517214
-1004806348
1145993474
1142967801
1137189435
1148818429
1144513491
1147789156
-1000441074
-1003171183
-1004979854
1147351718
1146734811
-1010488742
-1015671199
-1009211297
1125642033
-1019779038
1140693314
-1018214671
1144296199
1108548327
1139436684
1143685890
-1001047090
-1000701470
1107428399
-1020379103
-1002223968
-1006599305
-1011495105
-1003453663
-1007553376
1118703918
1142707320
1142947421
-1029481349
-1014944120
-1097264277
1001986590
-1103365825
1063930984
-1079529015
-1081118212
-1093953136
-1086168372
1072310484
-1080090557
-1083673074
1066111302
-1086805451
1023097559
-1077568110
1066155409
-1073946550
-1203259455
-1077478067
-1081352388
1060368019
1059940432
1069757910
-1081488555
-1075831380
-1078074511
-1081886769
-1083244101
1067683254
-1089550476
-1115011992
-1101492754
1069276689
-1075587849
1071421293
1068382918
-1074960027
-1087931479
1063962507
1073236861
1073482837
1066643722
-1082206098
1069972599
1061855904
1065527319
1073555203
-1074039512
-1075971101
-1079330441
-1084198780
-1091579666
-1085391231
-1088554180
1069458834
-1077086759
-1076951314
-1075687725
-1075982787
1039448621
1069275705
-1098541932
-1103105177
1036151548
-1080506438
-1094734428
1069368840
-1087486544
1069034692
-1124061663
1073722447
-1080024082
1066267394
1050498865
1071773447
1040523266
-1088586543
-1087607891
-1076019043
-1093526007
1070692327
1073284629
1063242381
1073693875
-1120943358
1071292225
-1077379643
-1085023708
-1076551557
-1106512453
-1084067827
1073575743
-1087131336
-1077285303
1063878807
1050413459
1130949686
1148682572
1135007229
1142267981
1135834567
1143609614
1146440906
1145452012
1142650349
1141728527
1125690308
1145789429
1148575121
1142842575
1141988352
1125422943
1133139507
1135887080
1128248773
1148688691
1147588920
1136265638
1125197783
1137035624
1126452722
1141280260
1127373490
1111764329
1142527414
1136558260
1143660133
TLAST
1141022773
