   26916.0     23268.0
   19620.0     15972.0
   12324.0      8676.0
    5028.0      1380.0
   27400.0     23688.0
   19976.0     16264.0
   12552.0      8840.0
    5128.0      1416.0
   27884.0     24108.0
   20332.0     16556.0
   12780.0      9004.0
    5228.0      1452.0
   28368.0     24528.0
   20688.0     16848.0
   13008.0      9168.0
    5328.0      1488.0
   28852.0     24948.0
   21044.0     17140.0
   13236.0      9332.0
    5428.0      1524.0
   29336.0     25368.0
   21400.0     17432.0
   13464.0      9496.0
    5528.0      1560.0
   29820.0     25788.0
   21756.0     17724.0
   13692.0      9660.0
    5628.0      1596.0
   30304.0     26208.0
   22112.0     18016.0
   13920.0      9824.0
    5728.0      1632.0
   30788.0     26628.0
   22468.0     18308.0
   14148.0      9988.0
    5828.0      1668.0
   31272.0     27048.0
   22824.0     18600.0
   14376.0     10152.0
    5928.0      1704.0
   31756.0     27468.0
   23180.0     18892.0
   14604.0     10316.0
    6028.0      1740.0
   32240.0     27888.0
   23536.0     19184.0
   14832.0     10480.0
    6128.0      1776.0
   32724.0     28308.0
   23892.0     19476.0
   15060.0     10644.0
    6228.0      1812.0
   33208.0     28728.0
   24248.0     19768.0
   15288.0     10808.0
    6328.0      1848.0
   33692.0     29148.0
   24604.0     20060.0
   15516.0     10972.0
    6428.0      1884.0
   34176.0     29568.0
   24960.0     20352.0
   15744.0     11136.0
    6528.0      1920.0
   30436.0     25508.0
   20580.0     15652.0
   10724.0      5796.0
     868.0     -4060.0
   30840.0     25848.0
   20856.0     15864.0
   10872.0      5880.0
     888.0     -4104.0
   31244.0     26188.0
   21132.0     16076.0
   11020.0      5964.0
     908.0     -4148.0
   31648.0     26528.0
   21408.0     16288.0
   11168.0      6048.0
     928.0     -4192.0
   32052.0     26868.0
   21684.0     16500.0
   11316.0      6132.0
     948.0     -4236.0
   32456.0     27208.0
   21960.0     16712.0
   11464.0      6216.0
     968.0     -4280.0
   32860.0     27548.0
   22236.0     16924.0
   11612.0      6300.0
     988.0     -4324.0
   33264.0     27888.0
   22512.0     17136.0
   11760.0      6384.0
    1008.0     -4368.0
   33668.0     28228.0
   22788.0     17348.0
   11908.0      6468.0
    1028.0     -4412.0
   34072.0     28568.0
   23064.0     17560.0
   12056.0      6552.0
    1048.0     -4456.0
   34476.0     28908.0
   23340.0     17772.0
   12204.0      6636.0
    1068.0     -4500.0
   34880.0     29248.0
   23616.0     17984.0
   12352.0      6720.0
    1088.0     -4544.0
   35284.0     29588.0
   23892.0     18196.0
   12500.0      6804.0
    1108.0     -4588.0
   35688.0     29928.0
   24168.0     18408.0
   12648.0      6888.0
    1128.0     -4632.0
   36092.0     30268.0
   24444.0     18620.0
   12796.0      6972.0
    1148.0     -4676.0
   36496.0     30608.0
   24720.0     18832.0
   12944.0      7056.0
    1168.0     -4720.0
