    2310.0      2050.0
    1910.0      3250.0
    1510.0      4450.0
    1110.0      5650.0
    2342.0      1982.0
    1974.0      3182.0
    1606.0      4382.0
    1238.0      5582.0
    2374.0      1914.0
    2038.0      3114.0
    1702.0      4314.0
    1366.0      5514.0
    2406.0      1846.0
    2102.0      3046.0
    1798.0      4246.0
    1494.0      5446.0
    2438.0      1778.0
    2166.0      2978.0
    1894.0      4178.0
    1622.0      5378.0
    2470.0      1710.0
    2230.0      2910.0
    1990.0      4110.0
    1750.0      5310.0
    2502.0      1642.0
    2294.0      2842.0
    2086.0      4042.0
    1878.0      5242.0
    2534.0      1574.0
    2358.0      2774.0
    2182.0      3974.0
    2006.0      5174.0
    2566.0      1506.0
    2422.0      2706.0
    2278.0      3906.0
    2134.0      5106.0
    2598.0      1438.0
    2486.0      2638.0
    2374.0      3838.0
    2262.0      5038.0
    2630.0      1370.0
    2550.0      2570.0
    2470.0      3770.0
    2390.0      4970.0
    2662.0      1302.0
    2614.0      2502.0
    2566.0      3702.0
    2518.0      4902.0
    2694.0      1234.0
    2678.0      2434.0
    2662.0      3634.0
    2646.0      4834.0
    2726.0      1166.0
    2742.0      2366.0
    2758.0      3566.0
    2774.0      4766.0
    2758.0      1098.0
    2806.0      2298.0
    2854.0      3498.0
    2902.0      4698.0
    2790.0      1030.0
    2870.0      2230.0
    2950.0      3430.0
    3030.0      4630.0
   -1490.0       850.0
   -1890.0     -1150.0
   -2290.0     -3150.0
   -2690.0     -5150.0
   -1498.0       822.0
   -1866.0     -1178.0
   -2234.0     -3178.0
   -2602.0     -5178.0
   -1506.0       794.0
   -1842.0     -1206.0
   -2178.0     -3206.0
   -2514.0     -5206.0
   -1514.0       766.0
   -1818.0     -1234.0
   -2122.0     -3234.0
   -2426.0     -5234.0
   -1522.0       738.0
   -1794.0     -1262.0
   -2066.0     -3262.0
   -2338.0     -5262.0
   -1530.0       710.0
   -1770.0     -1290.0
   -2010.0     -3290.0
   -2250.0     -5290.0
   -1538.0       682.0
   -1746.0     -1318.0
   -1954.0     -3318.0
   -2162.0     -5318.0
   -1546.0       654.0
   -1722.0     -1346.0
   -1898.0     -3346.0
   -2074.0     -5346.0
   -1554.0       626.0
   -1698.0     -1374.0
   -1842.0     -3374.0
   -1986.0     -5374.0
   -1562.0       598.0
   -1674.0     -1402.0
   -1786.0     -3402.0
   -1898.0     -5402.0
   -1570.0       570.0
   -1650.0     -1430.0
   -1730.0     -3430.0
   -1810.0     -5430.0
   -1578.0       542.0
   -1626.0     -1458.0
   -1674.0     -3458.0
   -1722.0     -5458.0
   -1586.0       514.0
   -1602.0     -1486.0
   -1618.0     -3486.0
   -1634.0     -5486.0
   -1594.0       486.0
   -1578.0     -1514.0
   -1562.0     -3514.0
   -1546.0     -5514.0
   -1602.0       458.0
   -1554.0     -1542.0
   -1506.0     -3542.0
   -1458.0     -5542.0
   -1610.0       430.0
   -1530.0     -1570.0
   -1450.0     -3570.0
   -1370.0     -5570.0
