2415853568
-1003108800
1103687958
-1002960248
-1013349801
1140477025
-1001025100
1116115183
1143808187
-1001432761
1131982887
1133112606
-1000610578
1144292753
-1003592471
-1014132273
-1011805782
-1007682020
1144538758
1103619078
-1004795987
1084940382
-1000335697
1134302094
-1004971570
-1025540501
-999556057
1146935143
1127092511
-1040558759
1131412478
1104291160
-1005633700
1145392572
-1005730381
1141074931
1125781927
-999143980
1142999485
-1025622908
1148581517
1144883269
1147047661
1148710102
1134253155
1143546871
1139264001
-1004720006
-1016338784
-1003092981
-1016153447
-1008527271
1147996995
1124675089
1135233678
1130555408
-1001189406
-1011306404
-1013210769
-1007743008
-1021201032
1133470160
1100949809
-1021438844
-1005298266
-1011151757
1132684285
1148731625
1148094125
1132968727
1143354000
-1004412569
1136874213
-1022581608
-1007125643
1147899208
1125903545
1131577894
-1008578986
-1002628083
-1011634916
-1020705625
1128302524
1143437250
-1010675158
1122384798
-1009382851
1143422944
1146602163
1135749845
1132961079
1147902558
-1010687895
1144566745
-1006731125
1133466989
-1015839955
-1076051567
1063608319
-1078045273
-1087260301
-1077888797
1038477881
-1082547251
1035420754
-1082481473
-1081227610
1069485987
1065985426
1062076529
1056428348
-1074511145
1063030655
1071380685
-1091870737
-1081860202
1073591175
-1098758559
-1090483289
-1078385554
1032173468
-1074964911
1061005684
1062257121
-1078664273
-1075175428
-1081953164
-1100010143
-1080949535
-1104776829
-1080916207
1059892388
-1095212956
1053757792
-1087590896
1069338611
1069142765
-1080325733
-1081151152
1059006939
1070940959
1052833363
1072188121
1049802576
1063124848
1073391814
-1077525496
-1077602156
1059361377
-1074245000
1050185999
-1102477493
-1076674469
-1079341844
1063938620
1065861278
-1077758148
-1080590169
1053289749
1065655829
1067109240
-1078188081
1044939118
-1125643989
1068449183
1071436218
-1085433252
-1077800682
1061875231
1069920185
1072029493
1012216473
-1086313082
1061601942
-1074444926
1049835750
1068535549
-1073805828
-1080478260
-1115773795
1051147022
1059549685
1054580975
-1079319816
1070082046
-1076237061
1062557017
1061163754
1042938999
1066024829
-1081572860
1071282272
-1078880435
1143026283
1130490419
1129174988
1135577678
1090368847
1143991802
1122154549
1130985245
1115055578
1138662235
1133005649
1140896422
1143514456
1128426432
1134950397
1141694978
1131495215
1147453672
1109108083
1125498199
1133718861
1143620363
1119129877
1146979216
1147284029
1143070203
1136657834
1133191509
1135334340
1146875466
1141156677
TLAST
1147672628
2415853569
1120157511
1134053041
1127279217
-1006046476
1138200522
1147518754
1146399544
-1006560996
-1087631482
1140526262
-1003583965
-1013954753
-1002851752
-1003414847
-1036064229
-1004164044
-1028416533
-1009448129
1144709947
1148336343
-1031673847
1147134582
-1000213302
-1012950611
1114716347
-1006715358
-1009266298
1113324627
1146759021
1116604422
-1015983326
1127504217
-1013160672
-1027916782
1148312472
1143879293
1146603739
1104076915
1144105482
-1000223346
1136440593
1137597052
-1002633129
1144360474
-1002102876
-1005111438
-1002902845
1145703639
-1001296390
-1011872225
1127550625
1146138381
-1006015978
-1014110180
1147683917
-1058110046
-1002965412
1143517084
1135326788
1146060156
1145927596
-1011570756
1148843710
-1030070279
-1002400330
-1026120642
-1020815468
-1002739932
1141652006
1107117403
-1014684979
-1010288314
1109978704
-1003331781
1133649821
-1002838728
-1001741263
-1019037115
-1003165412
-1013494616
-1023967555
-1005777765
1122891641
1139979052
1145510595
1102284222
1139078426
-999564736
-1001197288
1144643478
-1003689174
1148531216
-1002624249
-1017003299
-1029548218
-1020803739
1053356864
1067505349
-1102699675
1050166578
-1076368715
1069713219
-1093451762
-1101855927
1070611165
1067412249
-1077373698
1065629595
1057608695
1067863577
-1079669151
1070248623
-1094925269
1067689400
1066321565
-1079486859
-1086210323
-1125569864
1042215202
-1080426306
1062636957
-1119716098
-1098033438
1059012486
-1115638775
-1085291684
-1096613165
-1077233787
1068277337
-1084260240
-1075117410
-1093588854
1067310282
1071229747
-1081699975
-1084689992
1069501088
1071453206
-1076188724
-1089542548
-1111755170
-1084334069
-1078511392
-1078259328
-1081155664
-1076850681
-1076753616
1048198353
-1078073732
-1113322992
1071538922
1051747426
1065814276
-1080038538
1060960810
-1076053024
1066538115
-1098823816
-1085766983
1066564040
-1078882057
1041907536
1056775461
-1077537028
-1088371345
1057809502
1064229300
1058289084
1066387227
-1101759608
-1080996991
1060837767
-1079945696
1066603297
1067146883
1072926253
1041482677
1067190705
-1097517479
1061698095
-1079655213
-1079553653
1060522378
-1114622557
1050701273
-1124355503
1051922635
-1089586762
1058845218
1072457089
1063675145
1073601407
1140443920
1129476229
1119809214
1143480646
1133700147
1142845550
1147712829
1099636754
1113158841
1135042530
1134164496
1136756803
1138638566
1137538697
1119829556
1134989650
1123071958
1129311721
1142202159
1111859033
1133553998
1142260324
1132804102
1140992235
1138580464
1142572337
1146293822
1133322951
1146927670
1143053059
1137538464
TLAST
1145560703
2415853570
1136350658
-1012157760
-1002207940
1128065783
-999608573
-1004966698
1133914696
-1018886101
1138043304
1145002901
-1009028588
-999232217
1133979340
-1007360402
1127179017
1135141111
-1003759906
-1003135476
-1000156437
1136570185
-1017007632
-1027379703
1132486296
-1004097238
-1004205595
-1002697589
1137107201
1144505000
1146462443
-1005877163
-1002020687
-1023578246
-1004940934
1138182198
1141013494
1136445209
1130388126
1133633733
1137490741
1126910209
1144273398
1133625389
1148490080
1143635562
1132422851
-1005180699
1144911030
-1004394155
1147415116
-1013466830
-999645212
-1000340803
-999037121
-1000020217
-1011738842
-1006375660
-1011186236
1136532389
1138395478
1143121755
-1001272093
-1017372481
1143069658
1147247533
-1004086639
1143801064
1144324046
-1015969321
-1000458445
-1024110800
1122408125
1132784095
1147347703
1135480672
-1004277543
-1010130353
-1012457900
1136018103
1147302877
1131463842
-1011281058
1130295167
-1010062355
1143269399
1125630317
-1000476112
-999923699
1148708926
1146507029
1147147194
1142324012
-1012121387
-1026160131
1140881485
-1001821782
-1002950425
-1089645020
-1073988612
1063538167
1071259850
-1076397615
1046548795
1051975281
-1081001988
-1090380570
-1074814063
1070583215
1052697258
1060820246
-1079066868
1070486022
-1106322618
-1081824598
1068306011
-1076992802
1071308375
-1087894466
1060142908
-1078230581
-1074665751
-1153418531
-1090209209
1067102951
-1073804660
1070619070
-1089683546
-1089835604
-1081075731
-1073761868
-1075900137
-1119461822
1067927846
1060382308
1043170833
-1098173366
-1076350137
-1078190521
-1111089753
1066822423
1071883275
1056505827
-1085796436
-1097165350
-1079994226
1056945525
-1077859873
1059386403
-1074787543
1057503096
1065692802
-1084281637
1072636721
-1101731106
1041769825
1070895963
-1076286190
-1074118465
1065711751
1063832972
-1078931937
1061614068
1061332574
1057333333
-1096085334
1066731546
-1076122402
-1091782018
1056271015
-1078177113
1070755620
1065756492
1056613812
1060499968
1067818849
-1081622456
1069998876
1059300783
1068357746
-1101131898
-1074901668
1062314150
-1079125459
-1104684024
-1073987588
-1074261800
1059702578
1059562543
-1106412415
-1081490541
1071298491
1066588966
-1083905674
1138282406
1143442010
1146777630
1134636468
1139504265
1137230018
1122507614
1120951297
1120981011
1146784469
1147134726
1135211153
1146953861
1147870331
1144907093
1131158280
1143740058
1132806043
1146564330
1147582386
1148631489
1144525475
1131260554
1145798010
1129940659
1122485119
1125449248
1132260461
1142037930
1145736602
1132269901
TLAST
1141614941
2415853571
1145669439
1144926643
1127014021
1140815664
-999559992
1147183545
-1008596621
1119215457
1144559577
-1005878395
-1002645551
1141247948
1146722923
1147432847
1129946052
1135098882
1144949168
1144566275
-1022619933
-1001136187
1139175934
1143657054
-1023636969
-1006495522
1147048123
1148319718
1148215147
-1021791013
-1003002576
1142028765
-1013690597
1141271758
-1000891643
1147979017
1142239504
-1014184965
-1000708203
-1001892440
-1022690851
-1001436154
1139451548
-1038361475
-1021873715
-999656777
-1008653236
-1005346802
-1029540463
-1026272029
-1019330844
-1023181191
-1000542462
-1002358710
-1000736480
-1051126206
-1002639263
1147856370
1148771805
-1013893474
-1001320198
-1006900177
-1003771545
-999787115
1138158096
1126843161
1134313792
1134986371
-1026493676
-1008971561
1142465909
-999848186
1140394309
-1055247906
1146773076
1129686271
-1002597143
-1042241417
-1050349885
-1005548261
-1064743849
-1040016500
1140092288
-1010560163
1125976159
1148658125
1147406400
-1001634014
1119860644
-1000940134
-999180185
1142911511
1137719690
1141795611
1146490147
1130249336
1138932299
-1000919961
1040271608
-1077092202
1067869168
1050607190
1072619204
1066725544
1063070804
1068914216
1051730775
1062353141
1057614281
1057969966
1070784646
-1095320709
1064203325
-1076950488
-1092140313
-1086953657
1072797442
-1074287112
1068339589
1058098404
-1079067894
1072686242
1070553249
-1078772164
1063860264
1072441716
1050062208
1067917324
-1092161308
-1083329931
-1079667084
1052719132
1070989135
-1077530967
-1077984125
-1123984169
-1081269117
1062611090
1036133234
1067990934
1069979467
-1086492512
1069075231
1059941526
-1107982034
1067416173
1037004108
1059327004
1066286688
1059332755
-1098866509
-1087289740
-1111033868
1071710480
1051640132
1065425618
1068026628
1025873830
-1093027181
-1082374625
-1080843360
-1077725979
-1095924340
1070533496
1072252458
1072570113
-1079416557
1068821839
1037792759
1058848702
1068600119
1065284038
1065937680
1050498106
-1087097156
1072783988
1059132686
-1138300291
1066186711
1041398560
-1092973216
1071411847
1040465086
1060346820
1067337675
1040950360
1060320291
-1081247965
-1076257796
-1077453189
1067717862
1052668770
1070065138
1070651010
1146926503
1139261385
1110398715
1141391319
1147598662
1137393813
1135506334
1139921411
1141314062
1117915905
1140116081
1131429404
1143099017
1141108775
1141766864
1145464175
1141084758
1133497436
1121273116
1118226313
1136413700
1134964414
1133888447
1144721397
1142247417
1147919913
1124451300
1125008819
1136823368
1147096635
1145316414
TLAST
1139132351
