2415853568
1127590623
1140621021
1148434971
1145626959
-1018975081
1136602508
1133591950
1108755054
-1007628574
-999745743
-1035080350
1135978174
1142423960
-1003621553
-1032642685
1117815139
1138898917
1145719559
-1004899741
1146150641
-1003275939
1132826110
-1024656696
1133684783
1133107928
-1016317384
-1006684958
-998700671
-1026901729
-1003502754
1138575344
-1014653804
1142340082
1140245814
-1002715746
-998801026
-1009112158
1141216905
1105074832
-999943829
-1022339887
1147136627
-1000045130
1141608556
-1003148442
-1004218952
1111972642
1089140668
-1040914251
1129876458
1137268004
-1003206218
-1039187779
-1009662355
1129044878
-1000873156
-1022837841
-1079173624
-1003405304
-1003376779
1141071047
1145704267
-1006275268
1144609502
1144163484
1126619664
1112735952
1133504734
1145430452
-1000316257
1140936871
-1009831936
-1013322266
1146506174
1139655372
-1013582251
-1012038122
-999049548
1141769931
-1049484204
1137160720
1140545122
1144338806
-999581761
-1000232179
-1010250220
-1000005678
-1009766068
-1010248653
1134574355
-1004604895
1112351768
-1009127902
-1016219807
1125154002
-1004813695
-1084061605
1070604146
-1080091034
-1092579364
1070833627
-1093397993
1069020705
-1075083144
-1082358482
-1074348062
1051454128
1051711513
1063356769
1032639368
-1077508793
1071657267
1054721703
1070354897
1059392839
-1081541070
-1080814304
-1081540773
-1118307294
-1079059232
1044681648
1031389182
-1075692054
-1075049665
-1090237578
-1074778586
1072930278
1068834637
1057990948
1072719199
1059449480
-1073747415
-1076284151
-1088191657
-1073761313
1058904517
1065173728
-1078671003
1073510627
1070602698
1060026971
-1088364934
1069982978
1070248408
-1082115449
-1090363938
-1074806279
-1078408454
1069074927
1073117981
1068282111
-1077641845
1058930645
-1083395698
-1080972500
-1118183006
1066265391
-1097512609
-1085607516
1048048416
1066086035
-1081941694
-1087516668
1060546976
1060225067
-1083042270
-1102996866
1039237739
-1075507082
-1076944692
-1077470882
1049681226
1059071544
1033008078
-1079202147
1069872708
1056746819
1069966947
1069358901
1066989875
1071589985
-1079404000
1059405685
1065393522
-1090429019
1064442449
1051044906
1023588103
-1076187366
-1080477173
1067095130
1051159626
1136180229
1148112288
1141360307
1128232041
1141199247
1137801235
1113372106
1148296092
1140040358
1142005911
1141603513
1142737275
1142495347
1140964677
1148619781
1128516520
1144102841
1145290613
1136791697
1140798024
1145103133
1147128148
1143805865
1119558465
1119709338
1147551890
1133643322
1136601875
1139730945
1140049373
1141273345
TLAST
1125955869
2415853569
1132400389
-1001978832
-1005418502
1141947158
-1009701371
1129167655
1141779467
1121442981
1144275116
1115476921
-1002615539
1137374969
-1012927002
-1005774279
-1004284829
1120097598
1148009101
1145534723
-1026790094
1132875798
-1006760439
1140803882
-1005820626
1142771303
1138510786
-1000845996
1134066624
-1011164109
1140913766
-1020485956
1145507634
-1006516390
-1008388064
1146564942
1125891007
-1020299776
1145898915
1146568649
-1045252015
-1000657268
-1001695166
1133153609
1143774804
1146158429
1146279398
-1009524731
1147397800
1137664978
1100495635
1112480553
-1005881626
1137193446
1138248518
-1002095386
1139778481
1135218160
-1001648145
1129631022
1148414439
1148413769
-1012407574
1146459157
-1004365089
1147877821
1134228555
-1001223989
1118783332
-1002306034
1144135678
-1004209792
1139515864
1126287384
-1016443142
1118544537
1143848617
1133234342
1140462396
-1000724231
1148548121
-1000365458
-1008009087
-1000273763
1145115090
-1002658861
1140624535
-1012741582
1135517460
-1006044494
1130052667
-999746978
-1002531798
-1004279858
-1001079242
-1013617230
1141395695
1133737340
-1084506380
-1084211753
1070589678
1068297349
1068511084
-1080900283
1073506990
-1109064505
1057907418
-1076968054
1061961203
1058228380
-1082668464
-1090136321
-1081761682
1049315229
1046938669
-1077308503
-1089352626
-1099229208
-1122718665
1055890140
-1074208151
-1081371979
1073493619
1058001469
-1077570096
1062797772
-1086536824
1068613937
-1082187896
1067241295
1055620798
-1098613094
-1093419359
-1106110753
1060080700
1070902355
-1078167608
1062492624
1059851351
1073424226
1064692359
-1081751063
1067459131
1059095700
-1078591079
-1076619046
-1089935734
1038629764
1065721282
1063323709
1070858251
-1075766620
1064072308
-1074193973
-1081292328
-1074068106
1046499273
-1105983916
1068763473
1057043512
1068893732
1073347074
-1076663452
1067325675
-1093723349
-1077316479
1046430351
-1098032538
1058806822
-1077486087
-1087237621
-1074804812
1072451151
1063325138
1057367383
1072561799
-1095757340
-1078471988
1050369145
-1073818412
-1081786740
-1074195712
-1092811440
1061470942
1040847621
1069405035
1065303843
-1078052946
1042365224
1022107213
1052395194
-1075710678
-1084581178
1073738182
1138780964
1133730441
1129289482
1142087980
1136110594
1143719062
1143922647
1145719152
1120057294
1137791535
1147093603
1109159436
1124187059
1142243853
1143401801
1091282299
1135218318
1131877110
1144728238
1128687154
1134537249
1136075617
1136821752
1114786148
1133694231
1144718426
1132668808
1138064694
1145689792
1139870008
1147797293
TLAST
1146399188
2415853570
-1010757501
1144773501
-999989671
-1005719878
-1002172154
-1010697531
-1002246751
1148302062
1125892927
1143456862
1138087016
1143875186
1143638104
1131176358
-1003865485
1142590018
-1020895412
1148430138
-1002205961
1123713177
1127597885
1118331841
-1007012539
-1009782630
1142789350
1136727241
-1002318898
1144471578
-1020574126
-1002637149
1148220144
-1009545225
-1006507645
-1004776219
-1004000476
-1007788080
1117272581
1121353040
1145209538
-1006038998
-1014193572
1143622114
1128569758
-1005000192
1118424768
-1013588168
-1015908069
1138900483
-1024365846
1125240186
1145345429
-1006175893
1123521070
1127238270
-1032954764
1141849853
-1007173508
-1004646705
1146529921
-1005879740
-1003206527
-1044180564
1140305928
1137263792
-1034083758
1137419577
-1026767874
-1017659576
-1002337730
-1001392293
-999831414
1144072731
1131390093
1145955057
-1002430373
1127588868
-1021530212
-1001650054
-1015298813
-1017860830
1139106062
-999765311
1148463006
-1005239915
1139447920
-1031586144
1143766923
-1011321188
1133584477
-1020523191
1082360343
1140529719
-1032006854
1138874603
1142731063
-1020537859
1065903722
1052623061
-1082192950
-1099714693
-1088556201
1067559124
-1089734031
1072386398
-1076894913
1041421402
-1077774688
-1083233358
-1090967993
-1076585715
-1096496952
-1137571505
-1079735891
1050848321
1057917572
-1076747610
-1114835238
1037240791
-1090244792
1068985947
-1088748601
-1095145697
-1076611082
1050659049
1060763034
1040678225
-1089483311
1057802967
1066624500
-1094234426
1049575815
-1078791409
-1097452208
-1080107681
1055085183
-1077829485
-1084103929
1060937716
1058693862
-1075955296
1012585946
1063471865
-1079967769
-1078026959
-1112682286
-1094609872
1066599379
1068766067
-1081074926
1053857663
-1087640769
-1081242309
-1080554433
-1076734752
-1079114942
-1087415737
-1084766364
-1099863395
1069210440
1058292893
1064057843
1060611986
-1096909573
1055617771
1066208043
-1086481556
-1074751300
-1077961767
1058784603
-1080690008
1067134416
1073521012
1064823285
-1084835446
1067409578
1066309807
1058056525
-1081738614
1038434710
1065198358
-1076144652
1033777083
-1077996448
1061773247
-1077827486
1068112790
1048369294
-1091609842
-1076739312
1068088161
1069925862
-1081454107
1120139337
1120410586
1136001939
1138495849
1137710307
1125672790
1141138394
1116624515
1143321794
1147299795
1138572909
1143116502
1139744561
1142359580
1140986092
1137802018
1135444345
1127425110
1104633905
1141740598
1140964135
1143889626
1147761547
1138141934
1117221767
1142547150
1140068933
1144899015
1136953385
1145180700
1115338058
TLAST
1138176145
2415853571
1118306140
1127806043
-1002875628
-1027003727
-1009648787
-1020266624
-1007538089
-1005694248
-1005736766
1117928261
-1050933635
-1002758463
-1020478522
-1021895584
-1005684409
-1021935036
-1005665690
-999102000
-1006718738
-1009672200
1146805529
1146279877
1132999416
1139214788
-1010310107
-998649826
1137032073
1130777552
1143163709
1123626397
1128672745
1132912968
-1035904296
-1065304424
1121624248
-1024495092
-1008471546
1143621393
1139445964
-1016132462
-1044296983
1145694755
-1004874715
-1003062060
-1022876689
-1025793644
-1020463898
1144893078
-999598742
-1001222017
1139858544
1112321538
1134596767
1135997330
-1005393144
1128643332
1142091758
-1002337333
-1001189668
-1022719860
-1020178711
1146588218
-1008339429
1131781093
-1000463928
1132958236
-1012464648
1145212952
1127284984
-1002658966
-1010303083
-1008888206
-1001958368
-1001390225
-1010366974
-1016119295
1144235562
1142168079
1146428333
1142578990
1134873576
1140169649
1116411779
-1011270094
1147509782
-1000642006
-1001306366
-1013980123
1141567472
1127107991
-1005184523
-1010733983
-1001521213
1146556593
-1012935352
1137514104
1067113803
-1075598584
-1079880152
1071474754
1069878790
-1081366021
-1081148787
-1077480645
-1074412144
-1077879878
1069897127
-1074270129
1062400998
1054204284
-1079875688
-1081643492
-1091834675
-1074093722
1071825269
1061533477
1050227875
-1079432285
-1079145163
-1092401217
-1074251683
1068551808
-1088963381
-1077282486
1031400013
-1087755938
-1079998598
-1082745055
1070710904
-1077657740
-1096828028
1065465160
-1087450875
-1131187855
-1079926415
1065389163
-1077950057
1069670456
-1084259491
1050698999
-1089755629
1072820429
-1087083152
1049202452
-1076721592
-1086212358
1065481427
1041525840
-1087190042
1068167209
1071552679
-1119930570
1067580133
1059087686
1059939159
1053689951
-1085786023
-1081078799
1067216610
1071546964
-1083127801
1059916453
1049381950
1057496165
-1079199422
-1074711111
-1075665374
-1126772501
-1080323575
-1076996944
-1081224257
-1095348371
1069905227
-1083779497
1053597350
1072511902
1065633851
-1075031233
1070121092
1066588254
1073538458
-1076482127
-1080508635
-1085903601
1062516992
1021390598
-1079601459
1066675976
1071687334
-1082570300
1071272377
-1073972097
1134437986
1115313565
1135313048
1145285979
1130485991
1146158870
1143920791
1141964884
1135826167
1144125194
1146936673
1133317433
1128680463
1125531009
1137853519
1123404734
1133746586
1127327477
1142236739
1138816880
1134248268
1128902849
1142125686
1137392323
1135924967
1146606188
1136564870
1135901622
1119023207
1144595113
1141200758
TLAST
1147252142
