2415853568
1.638296508789062500e+02
8.958633422851562500e+01
9.772427978515625000e+02
2.979739379882812500e+02
-7.219608764648437500e+02
-7.883323974609375000e+02
6.246439819335937500e+02
-9.519580078125000000e+02
-4.008628234863281250e+02
-2.172240295410156250e+02
2.632350463867187500e+02
2.514008178710937500e+02
6.212729492187500000e+02
4.725132751464843750e+02
-1.407247009277343750e+02
-4.152701721191406250e+02
-5.650727539062500000e+02
-1.027430725097656250e+02
-3.104169654846191406e+01
-1.933160781860351562e+01
5.806162109375000000e+02
-2.840865783691406250e+02
3.769682312011718750e+02
5.313497066497802734e+00
-1.131997833251953125e+02
8.460732421875000000e+02
-9.637254333496093750e+01
9.919627685546875000e+02
8.249743041992187500e+02
4.528213806152343750e+02
-9.705255126953125000e+02
6.048884887695312500e+02
-2.355344085693359375e+02
7.703631591796875000e+02
8.037935791015625000e+02
-8.153959960937500000e+02
6.616318969726562500e+02
-6.156102371215820312e+01
-3.384566345214843750e+02
4.163010559082031250e+02
-5.125594711303710938e+01
7.137034912109375000e+02
-7.587649536132812500e+02
5.554122924804687500e+02
3.710506896972656250e+02
5.989000244140625000e+02
-3.355385131835937500e+02
-8.873350143432617188e+00
-6.673116455078125000e+02
9.138545532226562500e+02
9.602373657226562500e+02
-2.647707214355468750e+02
-8.224658203125000000e+02
-1.452276306152343750e+02
3.021497497558593750e+02
-5.109022827148437500e+02
-7.835681152343750000e+02
6.373976230621337891e+00
9.279566040039062500e+02
3.238589782714843750e+02
7.737721557617187500e+02
-1.537758636474609375e+02
4.809971923828125000e+02
6.859353637695312500e+02
2.314718322753906250e+02
-4.036053466796875000e+02
-3.634911499023437500e+02
7.548538818359375000e+02
2.880097351074218750e+02
-5.132970581054687500e+02
-3.597823791503906250e+02
2.616945495605468750e+02
-4.824339904785156250e+02
8.994318847656250000e+02
6.518724975585937500e+02
-7.677749633789062500e+02
4.858926391601562500e+02
1.554838409423828125e+02
-7.806974487304687500e+02
4.794985046386718750e+02
8.504116058349609375e+01
4.770219726562500000e+02
2.728013305664062500e+02
1.789332885742187500e+02
-5.859367065429687500e+02
-6.432136230468750000e+02
2.812899475097656250e+02
1.828261871337890625e+02
-7.397251586914062500e+02
6.782315673828125000e+02
-6.405200195312500000e+02
5.250040893554687500e+02
-3.438649597167968750e+02
9.535590820312500000e+02
1.275994586944580078e+01
-6.348688964843750000e+02
-1.090674877166748047e+00
-1.733417749404907227e+00
1.986543655395507812e+00
1.542225718498229980e+00
-1.914272457361221313e-01
8.081598877906799316e-01
1.676902174949645996e+00
-5.397123694419860840e-01
-4.428775906562805176e-01
-3.853380084037780762e-01
-1.606108188629150391e+00
8.414253592491149902e-01
8.467929959297180176e-01
-1.081525206565856934e+00
-1.444441437721252441e+00
-9.962368607521057129e-01
1.605093240737915039e+00
-1.747559547424316406e+00
-1.997233390808105469e+00
1.940400242805480957e+00
3.548985719680786133e-01
-1.275082468986511230e+00
-1.566050291061401367e+00
6.347382068634033203e-01
-1.935105323791503906e+00
-1.259206295013427734e+00
1.552625894546508789e+00
-3.387985825538635254e-01
1.341115355491638184e+00
9.360582381486892700e-02
-9.371442347764968872e-02
1.661060690879821777e+00
-5.353085398674011230e-01
-1.388675451278686523e+00
1.991047620773315430e+00
7.681769728660583496e-01
-1.472049236297607422e+00
1.242079138755798340e+00
-1.337099790573120117e+00
-9.114891886711120605e-01
1.502671360969543457e+00
1.801910400390625000e+00
-1.729933768510818481e-01
-5.466882586479187012e-01
1.996860980987548828e+00
-1.484181165695190430e+00
-9.848048686981201172e-01
1.186353087425231934e+00
1.412676453590393066e+00
6.241932883858680725e-02
-2.969231605529785156e-01
-1.038434505462646484e+00
-2.471998780965805054e-01
3.451448976993560791e-01
6.227559447288513184e-01
1.661820650100708008e+00
2.214560508728027344e-01
-1.227566525340080261e-01
1.336384415626525879e+00
5.848493576049804688e-01
-1.390748381614685059e+00
-1.327624678611755371e+00
4.413451254367828369e-01
-7.604111433029174805e-01
-4.826772511005401611e-01
-1.423760294914245605e+00
1.089513376355171204e-01
-3.573815524578094482e-01
-5.191121697425842285e-01
-8.983497023582458496e-01
-1.143647074699401855e+00
-1.199392199516296387e+00
1.413360238075256348e+00
1.622388839721679688e+00
5.549754500389099121e-01
1.308352112770080566e+00
-6.548683047294616699e-01
6.581490039825439453e-01
1.549008250236511230e+00
1.810566425323486328e+00
-2.733496129512786865e-01
-4.096508622169494629e-01
-1.071113228797912598e+00
3.080691397190093994e-01
-1.826861858367919922e+00
5.094320178031921387e-01
-3.210278749465942383e-01
-1.835017919540405273e+00
1.195611953735351562e+00
-6.335676312446594238e-01
1.994089245796203613e+00
-1.370223522186279297e+00
-6.212086677551269531e-01
7.962610721588134766e-01
-1.356361657381057739e-01
5.934352874755859375e-01
6.276311035156250000e+02
3.184925231933593750e+02
5.822276611328125000e+02
4.945729980468750000e+02
5.943170166015625000e+02
7.683681964874267578e+00
9.648978881835937500e+02
2.351075439453125000e+02
7.668562316894531250e+01
2.948224487304687500e+02
6.929346313476562500e+02
9.327334594726562500e+02
8.441509399414062500e+02
3.266936340332031250e+02
8.321708984375000000e+02
5.439583587646484375e+01
9.283046722412109375e+01
1.863475341796875000e+02
7.877663574218750000e+02
7.242438354492187500e+02
1.311378326416015625e+02
7.081286621093750000e+02
7.617781982421875000e+02
1.908604583740234375e+02
6.706971435546875000e+02
4.056005554199218750e+02
7.340798187255859375e+01
5.174545288085937500e+02
4.925671997070312500e+02
8.819086914062500000e+02
5.601917114257812500e+02
TLAST
8.402487182617187500e+02
2415853569
-2.948208312988281250e+02
-1.911959533691406250e+02
-4.196904602050781250e+02
1.128758926391601562e+02
3.452708435058593750e+02
4.594078979492187500e+02
9.461608886718750000e+02
1.873738555908203125e+02
8.392046508789062500e+02
7.760621337890625000e+02
8.856414794921875000e+02
-5.090505065917968750e+02
8.305889282226562500e+02
2.953049468994140625e+01
6.069031982421875000e+02
8.671461181640625000e+02
-6.790270996093750000e+01
7.479054565429687500e+02
-1.581075897216796875e+02
2.568212585449218750e+02
-9.591777801513671875e+00
-5.615661010742187500e+02
-1.988823852539062500e+02
4.963033142089843750e+02
8.100227661132812500e+02
-9.332742309570312500e+02
-3.364280700683593750e+02
-2.185196228027343750e+02
-4.100025939941406250e+02
7.498113403320312500e+02
-3.182352294921875000e+02
3.368185729980468750e+02
1.872422180175781250e+02
8.879873657226562500e+02
-2.277747192382812500e+02
-4.246496276855468750e+02
-1.260957031250000000e+02
6.540109863281250000e+02
-3.283681945800781250e+02
-3.384513244628906250e+02
3.728259277343750000e+02
-5.841688232421875000e+02
2.660663757324218750e+02
-2.414365005493164062e+01
-5.948228149414062500e+02
6.536557617187500000e+02
-9.810852661132812500e+02
8.843283843994140625e+01
-4.705539855957031250e+02
6.224234619140625000e+02
-8.904639892578125000e+02
6.485545043945312500e+02
-8.618444824218750000e+02
-9.817984619140625000e+02
-6.695862426757812500e+02
-4.854844665527343750e+01
6.827842712402343750e+01
6.904485473632812500e+02
6.523296508789062500e+02
-4.889132690429687500e+02
6.586726684570312500e+02
-5.265117797851562500e+02
5.942026367187500000e+02
-4.272257690429687500e+02
6.798964233398437500e+02
5.401171875000000000e+02
-3.134875488281250000e+02
-6.847257995605468750e+01
-1.046863021850585938e+02
7.526406860351562500e+02
9.428915405273437500e+02
-7.277046508789062500e+02
5.504713134765625000e+02
9.524556884765625000e+02
7.068027954101562500e+02
5.326169433593750000e+02
-8.727560424804687500e+02
-5.613649291992187500e+02
6.476815185546875000e+02
-9.626798095703125000e+02
3.502871704101562500e+02
-9.686528930664062500e+02
-5.894788818359375000e+02
1.324226074218750000e+02
4.871782531738281250e+02
8.781878662109375000e+02
-9.326146697998046875e+01
1.540917816162109375e+02
-7.823792724609375000e+02
7.281882324218750000e+02
-4.516009521484375000e+02
7.250114135742187500e+02
1.815499572753906250e+02
1.952351074218750000e+02
7.436400756835937500e+02
-9.885457153320312500e+02
-1.235970854759216309e+00
3.681197166442871094e-01
-6.369345784187316895e-01
-4.323052465915679932e-01
1.194943904876708984e+00
1.406382799148559570e+00
-9.826881289482116699e-01
6.197199821472167969e-01
1.399474859237670898e+00
1.867976069450378418e+00
1.357223033905029297e+00
1.181313842535018921e-01
-1.957631856203079224e-02
-8.036625385284423828e-01
-3.872721195220947266e-01
-1.400705814361572266e+00
2.412534505128860474e-01
5.214042663574218750e-01
-9.329874515533447266e-01
-1.073935151100158691e+00
-1.602206349372863770e+00
-1.115563631057739258e+00
-6.674035787582397461e-01
1.948302507400512695e+00
9.793151617050170898e-01
1.235343933105468750e+00
1.332956671714782715e+00
-1.754638195037841797e+00
-7.573031783103942871e-01
1.673626899719238281e+00
-1.668973088264465332e+00
1.790105700492858887e+00
-5.255091190338134766e-01
-7.682455182075500488e-01
1.982690095901489258e+00
5.752143859863281250e-01
5.561779737472534180e-01
1.084238290786743164e+00
3.744885921478271484e-01
1.976065874099731445e+00
-1.955425143241882324e+00
-4.775899648666381836e-01
-2.962138950824737549e-01
-2.619964480400085449e-01
5.239697098731994629e-01
1.911161303520202637e+00
1.274657845497131348e+00
1.898346781730651855e+00
1.091046214103698730e+00
-1.230346322059631348e+00
-1.433207392692565918e+00
1.371065258979797363e+00
-1.453173518180847168e+00
1.432314515113830566e+00
-3.895289599895477295e-01
5.524139404296875000e-01
1.549926519393920898e+00
1.920417994260787964e-01
1.768673360347747803e-01
-1.154476284980773926e+00
-1.520964860916137695e+00
-1.317381143569946289e+00
-3.140846490859985352e-01
1.825691461563110352e+00
-1.570370435714721680e+00
-8.542629480361938477e-01
8.215010166168212891e-01
-1.504738330841064453e+00
3.179344236850738525e-01
6.500996351242065430e-01
1.545338511466979980e+00
1.383556604385375977e+00
8.375447988510131836e-01
-9.835619926452636719e-01
-1.211587071418762207e+00
-1.590873479843139648e+00
9.594977498054504395e-01
-1.148320078849792480e+00
-1.110646247863769531e+00
1.806714892387390137e+00
1.433206558227539062e+00
-1.553970336914062500e+00
1.913432002067565918e+00
-1.229339957237243652e+00
-5.948855876922607422e-01
3.097260892391204834e-01
9.588126540184020996e-01
-1.775170564651489258e+00
-1.111108422279357910e+00
-5.214945673942565918e-01
-1.268388748168945312e+00
-1.621004343032836914e+00
-2.110490500926971436e-01
1.947738409042358398e+00
9.437376856803894043e-01
1.379404544830322266e+00
4.532565917968750000e+02
7.155395507812500000e+02
9.698640136718750000e+02
2.111554145812988281e+01
4.513064880371093750e+02
4.298542785644531250e+02
7.800700073242187500e+02
1.853849792480468750e+01
5.798528442382812500e+02
2.788243103027343750e+02
4.765785217285156250e+02
7.172543945312500000e+02
6.298960571289062500e+02
2.461964111328125000e+02
2.054060058593750000e+02
8.506564331054687500e+02
5.075354614257812500e+02
9.795599365234375000e+02
6.635206909179687500e+02
2.256716003417968750e+02
1.693611602783203125e+02
3.242624206542968750e+02
7.636850585937500000e+02
4.602584533691406250e+02
5.679287109375000000e+02
5.952058105468750000e+02
1.745637207031250000e+02
3.431691894531250000e+02
2.945036926269531250e+02
9.362808837890625000e+02
7.554776191711425781e+00
TLAST
9.561787719726562500e+02
2415853570
-9.751423339843750000e+02
6.822877197265625000e+02
3.232354431152343750e+02
2.218711395263671875e+02
6.023756713867187500e+02
-8.925963745117187500e+02
-4.835549011230468750e+02
-9.098426513671875000e+02
3.381983032226562500e+02
-7.367479248046875000e+02
4.685547790527343750e+02
2.790356750488281250e+02
-6.580189819335937500e+02
7.029360198974609375e+01
-5.412388916015625000e+02
1.380218658447265625e+02
-1.023833084106445312e+02
-3.217030334472656250e+02
7.419524536132812500e+02
-5.932569580078125000e+02
-2.687640380859375000e+02
2.358424682617187500e+02
3.889602661132812500e+02
4.464380798339843750e+02
3.335249328613281250e+02
-6.508679809570312500e+02
9.537213745117187500e+02
3.146105957031250000e+02
-1.747823028564453125e+02
-9.440101623535156250e+01
-4.240345153808593750e+02
-4.362020874023437500e+02
5.587880859375000000e+02
2.932632751464843750e+02
5.483106689453125000e+02
7.623900604248046875e+01
7.119099121093750000e+02
3.104104614257812500e+02
7.874130249023437500e+02
6.489137573242187500e+02
9.137044067382812500e+02
-5.401789550781250000e+02
3.792066345214843750e+02
5.480537109375000000e+02
8.337031860351562500e+02
-3.140879516601562500e+02
2.498004760742187500e+02
-1.550314178466796875e+02
-6.786109924316406250e+01
-5.976744079589843750e+01
6.223691406250000000e+02
-2.960925598144531250e+02
-4.478652648925781250e+02
-9.774540405273437500e+02
-1.902102203369140625e+02
-2.349004974365234375e+02
7.830846557617187500e+02
-7.332320556640625000e+02
9.364452362060546875e+01
-1.136860198974609375e+02
-6.415145874023437500e+02
-8.603917236328125000e+02
-6.629344940185546875e+01
-6.098868408203125000e+02
7.438143920898437500e+01
-1.497038726806640625e+02
4.291508178710937500e+02
-6.852860717773437500e+02
-2.166866455078125000e+02
5.365132446289062500e+02
5.984920043945312500e+02
2.798881835937500000e+02
1.014746704101562500e+02
-3.405884704589843750e+02
-8.618234252929687500e+01
-4.183348693847656250e+02
-6.667709960937500000e+02
7.538229370117187500e+01
-3.879772644042968750e+02
4.681639404296875000e+02
2.205600128173828125e+02
-8.475476684570312500e+02
8.073002319335937500e+02
6.554696655273437500e+01
-1.649278869628906250e+02
-3.168480224609375000e+02
7.179375000000000000e+02
-9.219923706054687500e+02
-2.080798339843750000e+02
3.331302642822265625e+01
8.518875732421875000e+02
-8.187402954101562500e+02
2.175190429687500000e+02
7.363164062500000000e+02
7.797318115234375000e+02
-7.505530395507812500e+02
-9.753466248512268066e-01
-1.184653639793395996e+00
-1.813817262649536133e+00
8.938435912132263184e-01
1.541426777839660645e+00
-1.637603938579559326e-01
8.477072715759277344e-01
3.239122927188873291e-01
1.398865938186645508e+00
-1.661379337310791016e+00
2.844393551349639893e-01
-1.245181083679199219e+00
-1.773917302489280701e-02
-7.198914885520935059e-02
1.220935225486755371e+00
1.533797740936279297e+00
-1.233785390853881836e+00
-3.391567384824156761e-03
1.199169397354125977e+00
1.793814182281494141e+00
1.013316631317138672e+00
6.972276568412780762e-01
-8.489801883697509766e-01
1.991503000259399414e+00
-4.648822247982025146e-01
6.298551559448242188e-01
1.183150410652160645e-01
-4.536677300930023193e-01
7.665162682533264160e-01
1.660068511962890625e+00
-7.648060321807861328e-01
1.534558296203613281e+00
-7.281437516212463379e-01
7.891328930854797363e-01
2.144064903259277344e-01
-1.046214222908020020e+00
-1.134232521057128906e+00
-1.709398865699768066e+00
1.915534853935241699e+00
1.969663381576538086e+00
-2.082664519548416138e-01
-1.803524613380432129e+00
-3.514374494552612305e-01
-1.248865842819213867e+00
5.955041050910949707e-01
1.315520524978637695e+00
-8.995710015296936035e-01
3.926369249820709229e-01
-1.883062124252319336e+00
-1.210343360900878906e+00
9.865820407867431641e-01
-9.677311778068542480e-01
-3.039403855800628662e-01
1.094695925712585449e+00
-1.059652566909790039e+00
2.980314791202545166e-01
1.898361086845397949e+00
-3.708023726940155029e-01
-5.702074989676475525e-02
-1.241560339927673340e+00
-1.538519978523254395e+00
1.664820194244384766e+00
-1.579491615295410156e+00
-1.395381450653076172e+00
-1.050353050231933594e+00
1.405308604240417480e+00
-1.704013466835021973e+00
6.414806246757507324e-01
-8.278993368148803711e-01
2.729584872722625732e-01
1.025688409805297852e+00
-1.571606516838073730e+00
6.547423005104064941e-01
-4.727333486080169678e-01
1.347204208374023438e+00
-4.912504255771636963e-01
3.862728476524353027e-01
-6.416408419609069824e-01
7.542812824249267578e-01
-1.807008862495422363e+00
-1.063401252031326294e-01
4.294680655002593994e-01
-1.326907277107238770e+00
1.462709665298461914e+00
-1.167906641960144043e+00
2.491179555654525757e-01
-6.018444895744323730e-01
-9.541238099336624146e-02
1.571224093437194824e+00
1.741227149963378906e+00
-9.048892855644226074e-01
-9.102039933204650879e-01
-7.148500680923461914e-01
1.300472736358642578e+00
-1.771026492118835449e+00
1.704226732254028320e+00
1.411820526123046875e+02
5.441323242187500000e+02
2.625568847656250000e+02
3.044166259765625000e+02
7.626648559570312500e+02
6.910556640625000000e+02
7.653961181640625000e+02
1.890467834472656250e+02
2.027608947753906250e+02
7.577139892578125000e+02
1.212853164672851562e+02
9.072003173828125000e+02
9.237278442382812500e+02
5.051445617675781250e+02
7.032941284179687500e+02
3.344876708984375000e+02
6.367722778320312500e+02
2.502082061767578125e+01
2.192808380126953125e+02
4.537084655761718750e+02
4.902183837890625000e+02
9.857320556640625000e+02
9.989014282226562500e+02
1.230973434448242188e+02
2.761552124023437500e+02
8.258583831787109375e+01
3.414169311523437500e+02
9.489180297851562500e+02
5.697825927734375000e+02
3.995352172851562500e+01
5.206310424804687500e+02
TLAST
9.330972900390625000e+02
2415853571
-1.428493194580078125e+02
4.916803894042968750e+02
7.279483032226562500e+02
7.610689086914062500e+02
4.221408996582031250e+02
-3.062727355957031250e+01
4.808708953857421875e+01
2.346490020751953125e+02
-6.774531860351562500e+02
-4.307848205566406250e+02
-5.855984497070312500e+02
6.185068969726562500e+02
-4.418044433593750000e+02
4.696573257446289062e+01
-5.165531005859375000e+02
-9.576070556640625000e+02
3.111944198608398438e+01
2.403760070800781250e+02
1.097924041748046875e+02
-2.211807250976562500e+02
-3.521318664550781250e+02
3.046849060058593750e+02
2.458502655029296875e+02
5.984078369140625000e+02
-8.436522827148437500e+02
-2.936455688476562500e+02
-8.251577758789062500e+02
-6.618117065429687500e+02
8.356130981445312500e+02
-4.675437927246093750e+02
7.889072265625000000e+02
8.025437927246093750e+01
-5.038187561035156250e+02
3.720819396972656250e+02
6.431959838867187500e+02
-1.925995788574218750e+02
6.577199096679687500e+02
-7.730207824707031250e+01
-6.513446044921875000e+02
7.349337768554687500e+02
-6.346649780273437500e+02
-7.988742065429687500e+02
-9.119335937500000000e+02
-3.123630142211914062e+01
2.537510070800781250e+02
-6.652304687500000000e+02
-9.073369750976562500e+02
1.633188781738281250e+02
8.264648437500000000e+02
5.666469116210937500e+02
-8.983113403320312500e+02
-5.725761718750000000e+02
8.184452056884765625e+00
-3.070570373535156250e+02
-5.522109375000000000e+02
-9.344904785156250000e+02
9.687918701171875000e+02
5.984833984375000000e+02
8.513658447265625000e+02
9.523576660156250000e+02
-8.622297973632812500e+02
9.361695556640625000e+02
4.801338806152343750e+02
9.527775268554687500e+02
-2.307279815673828125e+02
5.885585327148437500e+02
-9.404532470703125000e+02
-9.267062377929687500e+02
-1.806366424560546875e+02
-9.538763427734375000e+02
3.020829162597656250e+02
-9.883001708984375000e+02
3.001074523925781250e+02
4.284732666015625000e+02
-8.750294189453125000e+02
8.335103759765625000e+02
3.579701843261718750e+02
8.311397094726562500e+02
5.083947448730468750e+02
8.662552490234375000e+02
-7.702487182617187500e+01
3.823512573242187500e+02
-1.918092498779296875e+02
-5.976052474975585938e+01
9.887296142578125000e+02
2.625131835937500000e+02
8.768533935546875000e+02
-9.691365051269531250e+01
5.890250854492187500e+02
8.815352172851562500e+02
-6.773099975585937500e+02
1.903000335693359375e+02
5.186427612304687500e+02
-8.755260467529296875e+01
7.699796752929687500e+02
7.886492309570312500e+02
3.980216979980468750e-01
5.972524285316467285e-01
-1.130306720733642578e+00
-1.646650433540344238e+00
-2.665232717990875244e-01
9.610133767127990723e-01
-1.956776738166809082e+00
-1.732448101043701172e+00
4.616578221321105957e-01
5.124715566635131836e-01
1.179803609848022461e+00
7.973195910453796387e-01
-1.730104923248291016e+00
-1.113864302635192871e+00
-1.180232688784599304e-02
-7.934310436248779297e-01
5.097125172615051270e-01
1.989168971776962280e-01
1.442943215370178223e+00
-1.307679772377014160e+00
-4.893288910388946533e-01
-1.372585535049438477e+00
1.159975767135620117e+00
-9.423838853836059570e-01
1.159265995025634766e+00
-1.338258385658264160e-01
7.285684943199157715e-01
1.405058979988098145e+00
9.536676406860351562e-01
6.147189736366271973e-01
-7.669670581817626953e-01
1.531582474708557129e+00
-8.142046332359313965e-01
-1.685465812683105469e+00
1.207306861877441406e+00
-1.266254663467407227e+00
-6.941515803337097168e-01
-1.278055906295776367e+00
-6.483483314514160156e-01
1.354342937469482422e+00
-1.705075621604919434e+00
1.618112564086914062e+00
1.387976408004760742e+00
4.428454935550689697e-01
1.757191419601440430e+00
-1.096089601516723633e+00
-9.868327379226684570e-01
1.755304455757141113e+00
-2.653070688247680664e-01
8.981617093086242676e-01
7.451404929161071777e-01
1.657596826553344727e+00
-5.767562389373779297e-01
-1.690426349639892578e+00
-1.778013944625854492e+00
3.288199007511138916e-01
-1.846229135990142822e-01
-1.234261989593505859e+00
-1.712863445281982422e+00
-5.095075368881225586e-01
-1.026764631271362305e+00
1.199140787124633789e+00
3.606641590595245361e-01
-1.840816259384155273e+00
1.323495864868164062e+00
1.677022814750671387e+00
-1.008207201957702637e+00
7.920190095901489258e-01
-1.003709197044372559e+00
-1.956189274787902832e+00
-6.932675838470458984e-01
1.852397322654724121e+00
1.735556960105895996e+00
5.111005306243896484e-01
2.248604781925678253e-02
-2.107893824577331543e-01
-1.166410446166992188e+00
-1.300100326538085938e+00
8.073839545249938965e-01
-1.679451704025268555e+00
4.740349054336547852e-01
1.916918277740478516e+00
1.746921300888061523e+00
1.411627173423767090e+00
1.179256796836853027e+00
-8.016674220561981201e-02
1.155413627624511719e+00
1.548097729682922363e+00
1.907781720161437988e+00
-5.848864912986755371e-01
7.336921691894531250e-01
7.826763987541198730e-01
9.729750752449035645e-01
-6.031622886657714844e-01
-8.131175041198730469e-01
-8.784212470054626465e-01
9.727938232421875000e+02
9.118583984375000000e+02
7.592627563476562500e+02
2.515639495849609375e+02
9.005556640625000000e+02
2.971708068847656250e+02
8.776288452148437500e+02
4.139800643920898438e+01
5.641115570068359375e+01
8.031589965820312500e+02
1.067086257934570312e+02
4.392071838378906250e+02
3.431555480957031250e+02
2.779075317382812500e+02
3.620512695312500000e+02
4.856618041992187500e+02
8.364317016601562500e+02
6.171837158203125000e+02
9.073682861328125000e+02
8.367095336914062500e+02
1.461310882568359375e+02
4.227643127441406250e+02
5.330131225585937500e+02
2.557577667236328125e+02
5.662862548828125000e+02
9.742208862304687500e+02
2.252204284667968750e+02
7.845628051757812500e+02
9.949487915039062500e+02
2.540567016601562500e+02
8.560615234375000000e+02
TLAST
1.739020538330078125e+02
