2415853568
3.584252929687500000e+01
-1.083593978881835938e+02
-7.320130920410156250e+01
-5.917757568359375000e+02
-8.882431030273437500e+02
-6.976904296875000000e+01
3.535564880371093750e+02
8.869338378906250000e+02
-5.023829956054687500e+02
2.259978485107421875e+02
1.543193664550781250e+02
2.068637847900390625e+02
2.331231994628906250e+02
-1.612647552490234375e+02
-3.621011962890625000e+02
5.596561889648437500e+02
-7.036076660156250000e+02
2.605339965820312500e+02
-5.040650024414062500e+02
9.396265869140625000e+02
4.002572937011718750e+02
6.926668701171875000e+02
-7.904379882812500000e+02
-4.119699859619140625e+01
-2.353183898925781250e+02
-5.236610107421875000e+02
9.785717773437500000e+01
5.800748901367187500e+02
2.648674316406250000e+02
-3.828182983398437500e+02
-6.741860961914062500e+02
-4.729094543457031250e+02
-1.158775711059570312e+01
6.899639282226562500e+02
2.081071166992187500e+02
9.290910034179687500e+02
5.090311050415039062e+01
-9.220153808593750000e+02
-9.564041748046875000e+02
-2.069408416748046875e+02
-5.809619750976562500e+02
7.733513183593750000e+02
-8.255570068359375000e+02
-1.429992218017578125e+02
7.017305297851562500e+02
2.039641723632812500e+02
-1.233764266967773438e+02
-3.099231262207031250e+02
-2.539775085449218750e+02
4.996402282714843750e+02
-9.016245117187500000e+02
2.391153564453125000e+02
-2.001360168457031250e+02
9.121526489257812500e+02
9.320414428710937500e+02
9.717172851562500000e+02
9.917074584960937500e+01
-2.190372924804687500e+02
6.987041015625000000e+02
-6.739942016601562500e+02
5.090030517578125000e+02
-7.135964355468750000e+02
1.758577728271484375e+02
7.127690429687500000e+02
7.690718994140625000e+02
-4.314671936035156250e+02
7.653121185302734375e+01
7.586302490234375000e+02
7.155203247070312500e+02
-7.427469730377197266e+00
-1.119833297729492188e+02
8.465031738281250000e+02
-2.794005432128906250e+02
8.284657592773437500e+02
-8.147306060791015625e+01
-8.591005706787109375e+01
-8.987606811523437500e+02
5.703013916015625000e+02
9.245675048828125000e+02
-8.674988403320312500e+02
-2.624561767578125000e+02
-6.622760620117187500e+02
-4.353466796875000000e+02
3.303043823242187500e+02
-2.133775482177734375e+02
-9.101411132812500000e+02
1.396654510498046875e+02
-7.591821899414062500e+02
6.460221557617187500e+02
8.064103393554687500e+02
6.941359252929687500e+02
8.706886596679687500e+02
2.808419494628906250e+02
7.428929901123046875e+01
-4.357758331298828125e+01
9.945382690429687500e+02
-4.317627251148223877e-01
6.821419000625610352e-01
1.674903512001037598e+00
8.248498439788818359e-01
-2.001635432243347168e-01
-1.441676139831542969e+00
7.970482707023620605e-01
-1.082917094230651855e+00
-5.457658767700195312e-01
4.701984673738479614e-02
-1.888154506683349609e+00
-1.789409518241882324e+00
3.614688217639923096e-01
-1.245015621185302734e+00
-1.386700510978698730e+00
1.775812149047851562e+00
-1.887854337692260742e+00
1.383254766464233398e+00
1.127472519874572754e+00
1.249297261238098145e+00
5.385379791259765625e-01
-3.134405910968780518e-01
1.390758991241455078e+00
1.390162467956542969e+00
-5.896115899085998535e-01
-1.393153071403503418e+00
1.490901350975036621e+00
-1.221995830535888672e+00
-1.750885486602783203e+00
9.155371785163879395e-02
-6.851702332496643066e-01
1.906996846199035645e+00
1.823427796363830566e+00
8.339326977729797363e-01
1.095261126756668091e-01
-5.928304195404052734e-01
3.254314064979553223e-01
-1.169504880905151367e+00
-4.483197927474975586e-01
1.897615075111389160e+00
-9.189054965972900391e-01
1.817726612091064453e+00
-1.886786818504333496e+00
-4.048457741737365723e-01
1.743647456169128418e+00
-8.655958771705627441e-01
-1.953779458999633789e+00
-7.201336026191711426e-01
5.717333555221557617e-01
-1.330393433570861816e+00
-1.925891399383544922e+00
7.177541851997375488e-01
-9.223004579544067383e-01
8.429368734359741211e-01
3.261990249156951904e-01
-1.869132995605468750e+00
-9.698100686073303223e-01
1.210869908332824707e+00
-1.514093756675720215e+00
1.374137639999389648e+00
3.114893734455108643e-01
6.766591668128967285e-01
5.262007191777229309e-02
-9.893151521682739258e-01
-4.365748167037963867e-01
-4.489355385303497314e-01
1.041660428047180176e+00
-8.007342219352722168e-01
-7.441915273666381836e-01
1.259203433990478516e+00
-1.235016703605651855e+00
1.179472804069519043e+00
-1.324481010437011719e+00
-6.247344613075256348e-01
-6.460544466972351074e-01
1.046923279762268066e+00
-8.023613691329956055e-01
3.874733299016952515e-02
1.690967679023742676e+00
-1.041108846664428711e+00
9.428492784500122070e-01
1.950315356254577637e+00
1.703865289688110352e+00
2.384236156940460205e-01
1.028603434562683105e+00
-1.161563754081726074e+00
-8.146483898162841797e-01
1.264846622943878174e-01
1.700208663940429688e+00
-1.681890726089477539e+00
3.810026347637176514e-01
-1.739921450614929199e+00
-2.943042516708374023e-01
-1.257706642150878906e+00
1.700237751007080078e+00
9.727454781532287598e-01
2.951723022460937500e+02
1.872865447998046875e+02
9.528805541992187500e+01
2.837557983398437500e+02
2.149243774414062500e+02
2.856037292480468750e+02
4.714098510742187500e+02
5.494968261718750000e+02
8.451130981445312500e+02
9.885097045898437500e+02
4.886808776855468750e+01
2.321182556152343750e+02
6.433114013671875000e+02
1.614665679931640625e+02
8.701458740234375000e+02
2.174024200439453125e+02
7.417550659179687500e+02
6.530205078125000000e+02
7.988854980468750000e+02
3.124756240844726562e+01
2.295740356445312500e+02
7.046275024414062500e+02
8.756250762939453125e+01
3.058948326110839844e+01
3.571349487304687500e+02
5.897819824218750000e+02
5.222272872924804688e+01
6.566366577148437500e+01
4.350118637084960938e+01
3.951507568359375000e+02
6.684270629882812500e+02
TLAST
1.980271148681640625e+02
2415853569
-6.100706176757812500e+02
-4.783472824096679688e+01
6.981356811523437500e+02
1.167532424926757812e+02
-5.372028808593750000e+02
-9.207391357421875000e+02
9.824406433105468750e+01
3.062946777343750000e+02
2.222184295654296875e+02
2.507604370117187500e+02
-3.779532775878906250e+02
-9.818526000976562500e+02
4.775401306152343750e+02
7.803107910156250000e+02
8.108754272460937500e+02
6.153516845703125000e+02
-3.208057250976562500e+02
-4.792597961425781250e+02
-9.822487182617187500e+02
6.383632812500000000e+02
7.783913574218750000e+02
-3.861727523803710938e+01
-8.123399658203125000e+02
-6.356003417968750000e+02
-4.636105346679687500e+02
-5.052384338378906250e+02
3.916278076171875000e+02
-7.935748291015625000e+02
7.158736572265625000e+02
-5.882352294921875000e+02
-7.532368164062500000e+02
-7.440526123046875000e+02
7.323299560546875000e+02
7.203621826171875000e+02
3.631151733398437500e+02
-7.739615478515625000e+02
-5.401049194335937500e+02
-7.964972534179687500e+02
-3.296632690429687500e+02
-4.099918823242187500e+02
7.307101440429687500e+02
-6.280951538085937500e+02
-8.242084350585937500e+02
-4.835961914062500000e+02
7.703273925781250000e+02
2.220097351074218750e+02
-1.500006713867187500e+02
-3.472244262695312500e+02
4.295895385742187500e+01
-9.384544067382812500e+02
-8.025734252929687500e+02
1.451427001953125000e+02
-3.808395385742187500e+02
-5.059791259765625000e+02
3.049641418457031250e+02
8.188865966796875000e+02
6.847675170898437500e+02
-5.920339355468750000e+02
2.490101013183593750e+02
8.133421630859375000e+02
7.946452026367187500e+02
-6.592201538085937500e+02
9.937323608398437500e+02
1.226787185668945312e+02
7.856843872070312500e+02
2.899806823730468750e+02
8.212813720703125000e+02
2.209411926269531250e+02
-9.818550109863281250e+01
3.038319587707519531e+01
8.789838256835937500e+02
-8.114520874023437500e+02
7.039656372070312500e+02
4.918492736816406250e+02
-3.498794860839843750e+02
-4.087559204101562500e+02
-3.588700866699218750e+02
6.643196411132812500e+02
-5.248108520507812500e+02
-4.216323242187500000e+02
-2.625761718750000000e+02
2.135254364013671875e+02
1.276141815185546875e+02
-4.224525146484375000e+02
-6.320025634765625000e+01
-7.405072021484375000e+02
-7.667682495117187500e+02
-6.418093261718750000e+02
-5.430473022460937500e+02
-4.228083419799804688e+01
2.091014099121093750e+01
4.240440673828125000e+02
8.202606811523437500e+02
2.251093292236328125e+02
-3.490686340332031250e+02
2.555489730834960938e+01
-1.645525842905044556e-01
1.275447607040405273e+00
1.186655640602111816e+00
-1.111984252929687500e+00
3.843136429786682129e-01
-5.119069218635559082e-01
-8.324379920959472656e-01
1.624800086021423340e+00
7.823124527931213379e-02
1.749450206756591797e+00
1.795021414756774902e+00
-6.879801154136657715e-01
-9.454720616340637207e-01
-1.508020520210266113e+00
1.979916810989379883e+00
1.186459064483642578e+00
1.471643567085266113e+00
9.980934262275695801e-01
1.294597834348678589e-01
-1.756343603134155273e+00
-6.811987161636352539e-01
4.530417621135711670e-01
1.938807964324951172e+00
7.618316411972045898e-01
6.822170615196228027e-01
1.895108103752136230e+00
-1.212356090545654297e+00
-8.318911194801330566e-01
-9.820730686187744141e-01
-7.321192026138305664e-01
1.185380697250366211e+00
1.263992674648761749e-02
-3.480827808380126953e-01
-7.526204586029052734e-01
-7.554457187652587891e-01
-7.916329503059387207e-01
1.631949305534362793e+00
-1.046690702438354492e+00
-3.030251562595367432e-01
-1.164424777030944824e+00
-3.258458673954010010e-01
1.043636322021484375e+00
1.244674801826477051e+00
9.972476363182067871e-01
1.485634684562683105e+00
-1.155264973640441895e+00
-3.043557703495025635e-01
-3.518965095281600952e-02
1.925385236740112305e+00
-8.318687677383422852e-01
-9.953641891479492188e-02
-1.956668734550476074e+00
7.769291102886199951e-02
-1.339963316917419434e+00
1.453707814216613770e+00
7.791643142700195312e-01
4.236879348754882812e-01
-1.056339383125305176e+00
4.839232265949249268e-01
1.087573051452636719e+00
1.331562519073486328e+00
6.194931268692016602e-01
9.271948933601379395e-01
-1.900456070899963379e+00
-1.037548184394836426e+00
2.219187319278717041e-01
-2.396938577294349670e-02
-4.419954419136047363e-01
-1.379158139228820801e+00
-1.931334376335144043e+00
-1.040379047393798828e+00
1.227946162223815918e+00
-4.821313917636871338e-01
1.358743190765380859e+00
-2.331570833921432495e-01
1.186425447463989258e+00
-5.473256707191467285e-01
-8.224636316299438477e-01
-1.408518314361572266e+00
-1.751806497573852539e+00
9.819191694259643555e-01
-1.205215930938720703e+00
6.534270942211151123e-02
-1.724413275718688965e+00
6.392347216606140137e-01
-7.081854343414306641e-01
-1.404310584068298340e+00
1.706713676452636719e+00
8.010230660438537598e-01
-2.504321038722991943e-01
9.654954671859741211e-01
-9.008310437202453613e-01
3.038903176784515381e-01
-1.680610895156860352e+00
-7.772548794746398926e-01
8.496665209531784058e-02
8.762664794921875000e+02
4.323890991210937500e+02
6.196414794921875000e+02
2.904267578125000000e+02
6.152545776367187500e+02
9.536599731445312500e+02
4.480147094726562500e+02
2.070498352050781250e+02
4.253672790527343750e+02
4.445742797851562500e+02
5.076174926757812500e+02
5.257332763671875000e+02
4.242919158935546875e+01
1.644190826416015625e+02
4.502271728515625000e+02
7.079711914062500000e+02
7.775878906250000000e+02
7.771030273437500000e+02
5.027787475585937500e+02
9.567476196289062500e+02
3.318737182617187500e+02
4.814581604003906250e+02
7.483740234375000000e+02
8.578395385742187500e+02
4.144600524902343750e+02
8.486845092773437500e+02
4.445709533691406250e+02
7.157470703125000000e+02
8.448363304138183594e+00
2.520142364501953125e+01
9.404505004882812500e+02
TLAST
1.021379470825195312e+02
2415853570
-5.479087829589843750e+01
6.565109252929687500e+02
-8.433645629882812500e+02
-8.342902832031250000e+02
-5.403134765625000000e+02
-1.308897399902343750e+02
-1.479856872558593750e+02
9.125330810546875000e+02
-4.078508605957031250e+02
1.576152191162109375e+02
2.868944702148437500e+02
5.708095703125000000e+02
1.054797821044921875e+02
-4.022909851074218750e+02
3.923473205566406250e+02
5.867611694335937500e+02
-3.010028686523437500e+02
-9.373790740966796875e+00
-5.039537048339843750e+02
-2.792950744628906250e+02
-6.651980590820312500e+02
9.894524536132812500e+02
5.694764404296875000e+02
-6.829937744140625000e+02
2.299928436279296875e+02
5.761528396606445312e+01
-8.958115234375000000e+02
6.913457031250000000e+02
7.245639648437500000e+02
1.099959106445312500e+02
-3.336197509765625000e+02
-1.541176147460937500e+02
-6.275284423828125000e+02
5.508607101440429688e+01
-7.717613525390625000e+02
2.250815429687500000e+02
-3.863275451660156250e+02
-4.544636535644531250e+02
-6.313732299804687500e+02
8.555098266601562500e+02
5.130039062500000000e+02
-6.573368530273437500e+02
-1.128090858459472656e+01
7.845800170898437500e+02
3.571642150878906250e+02
-9.026852416992187500e+02
6.273228759765625000e+02
1.126111907958984375e+02
4.655620117187500000e+02
-3.134633178710937500e+02
1.069488067626953125e+02
4.065195617675781250e+02
8.213690948486328125e+01
9.115147094726562500e+02
-6.361354370117187500e+02
7.648253173828125000e+02
9.127723388671875000e+02
7.461543579101562500e+02
-5.413676757812500000e+02
1.055257949829101562e+02
3.375795593261718750e+02
8.466285400390625000e+02
-2.976876831054687500e+02
7.307211914062500000e+02
-9.804628295898437500e+02
4.385759887695312500e+02
9.957312622070312500e+02
-7.294063110351562500e+02
8.900789184570312500e+02
4.822119750976562500e+02
-7.708938598632812500e+02
8.235366821289062500e+02
-3.610469055175781250e+02
-2.994425392150878906e+01
7.830194091796875000e+02
-3.920675964355468750e+02
-6.750383911132812500e+02
5.165802001953125000e+02
-7.599572753906250000e+02
6.350036010742187500e+02
-7.815123901367187500e+02
5.965985107421875000e+02
-6.930067138671875000e+02
9.103214111328125000e+02
6.827387084960937500e+02
-6.215773925781250000e+02
1.405362486839294434e+00
-5.813903808593750000e+02
-1.264341201782226562e+02
2.517576599121093750e+02
-5.372884521484375000e+02
-5.628515625000000000e+02
7.228634033203125000e+02
2.762255859375000000e+02
-1.614456329345703125e+02
-4.116697387695312500e+02
-1.634082317352294922e+00
-2.578490674495697021e-01
7.200500965118408203e-01
1.620636105537414551e+00
7.297023534774780273e-01
7.204456627368927002e-02
1.010865926742553711e+00
-1.263596653938293457e+00
-1.625290274620056152e+00
-1.943905115127563477e+00
1.293414235115051270e+00
2.419815957546234131e-01
3.357542753219604492e-01
2.704323828220367432e-01
9.832250475883483887e-01
-5.279264450073242188e-01
-5.564476251602172852e-01
-1.178651690483093262e+00
1.533826708793640137e+00
1.016004800796508789e+00
-7.477393150329589844e-01
6.961684226989746094e-01
6.905047893524169922e-01
3.963605463504791260e-01
1.500654578208923340e+00
3.282406926155090332e-01
-1.768952846527099609e+00
-1.396166920661926270e+00
1.952317357063293457e+00
5.252283811569213867e-01
-1.611264348030090332e+00
1.051194787025451660e+00
-1.493194222450256348e+00
7.859086990356445312e-01
-1.888846397399902344e+00
6.971431374549865723e-01
4.561884403228759766e-01
7.670156657695770264e-02
-1.994671344757080078e+00
1.866498827934265137e+00
-1.010820388793945312e+00
2.923458218574523926e-01
-1.788540363311767578e+00
1.947270035743713379e+00
1.962920188903808594e+00
7.303869724273681641e-01
1.561156153678894043e+00
-1.713605046272277832e+00
-2.897124290466308594e-01
6.326436996459960938e-01
9.600249528884887695e-01
-1.238575220108032227e+00
-1.928406834602355957e+00
-1.436560004949569702e-01
-1.364144682884216309e+00
-2.836982309818267822e-01
1.057586669921875000e+00
1.920175433158874512e+00
1.668253540992736816e+00
7.332077026367187500e-01
1.347097605466842651e-01
-5.844787359237670898e-01
1.173787355422973633e+00
-5.352292675524950027e-03
-7.095865607261657715e-01
-2.192337960004806519e-01
6.587233543395996094e-01
1.826134800910949707e+00
1.387741923332214355e+00
-1.531689286231994629e+00
-1.408385396003723145e+00
8.386567831039428711e-01
9.476561546325683594e-01
2.328642308712005615e-01
1.917233347892761230e+00
7.797037810087203979e-02
1.734594345092773438e+00
1.496193464845418930e-02
1.858365535736083984e+00
-1.275556236505508423e-01
1.883640408515930176e+00
2.170336544513702393e-01
1.694972395896911621e+00
-1.436007857322692871e+00
6.546195149421691895e-01
-1.587693572044372559e+00
7.967010140419006348e-01
-1.685975670814514160e+00
8.179596662521362305e-01
-2.012987732887268066e-01
-1.209778070449829102e+00
8.486494421958923340e-01
-5.321862697601318359e-01
1.724680542945861816e+00
2.257755212485790253e-02
6.717925071716308594e-01
6.619677734375000000e+02
2.832587585449218750e+02
2.008423461914062500e+02
3.883341674804687500e+02
9.259016113281250000e+02
5.702742309570312500e+02
9.167145996093750000e+02
7.022642211914062500e+02
5.012164611816406250e+02
5.060868225097656250e+02
2.188207855224609375e+02
4.663522720336914062e+00
4.178362426757812500e+02
5.633760986328125000e+02
8.765618896484375000e+02
6.775848388671875000e+02
8.423330688476562500e+02
9.261613159179687500e+02
9.411158447265625000e+02
8.160191650390625000e+02
1.313946075439453125e+02
3.466300048828125000e+02
2.085024871826171875e+02
8.673815307617187500e+02
7.923302001953125000e+02
3.490016479492187500e+02
5.691405029296875000e+02
8.051315307617187500e+02
8.331612548828125000e+02
2.057936706542968750e+02
7.306801757812500000e+02
TLAST
8.034141845703125000e+02
2415853571
6.920377807617187500e+02
-4.480699768066406250e+02
4.809748229980468750e+02
-6.758699340820312500e+02
8.874494628906250000e+02
-4.108169250488281250e+02
-7.201961059570312500e+02
1.811110076904296875e+02
-9.923771972656250000e+02
9.799558105468750000e+02
3.604399108886718750e+02
7.862409057617187500e+02
3.067406311035156250e+02
-8.661227416992187500e+02
3.808011245727539062e+01
9.347280883789062500e+02
6.719011840820312500e+02
-4.869814453125000000e+02
9.151599731445312500e+02
-8.772158813476562500e+02
-2.182347717285156250e+02
8.036093139648437500e+02
-8.108837280273437500e+02
-2.025151062011718750e+02
4.340393981933593750e+02
7.274500122070312500e+02
9.360479125976562500e+02
-3.590595397949218750e+02
-3.308513793945312500e+02
-8.860504150390625000e+02
-5.036499633789062500e+02
4.210592346191406250e+02
-4.914432983398437500e+02
1.305354785919189453e+01
1.018739166259765625e+02
7.409993896484375000e+02
-7.342207641601562500e+02
4.587833557128906250e+02
-3.442667541503906250e+02
3.574302062988281250e+02
5.610959472656250000e+02
-2.848386230468750000e+02
6.079642868041992188e+01
-2.514681396484375000e+02
-5.544715576171875000e+02
-6.444561157226562500e+02
3.193312988281250000e+02
3.669766845703125000e+02
-4.424105224609375000e+02
-6.198734130859375000e+02
-4.339102478027343750e+02
2.771500244140625000e+02
5.545597534179687500e+02
4.090549621582031250e+02
5.676699218750000000e+02
-2.957050476074218750e+02
-4.702707824707031250e+02
-4.232286071777343750e+02
6.950653686523437500e+02
4.431035156250000000e+02
1.974557647705078125e+02
6.281772460937500000e+02
-7.601828613281250000e+02
8.483117065429687500e+02
2.088786773681640625e+02
7.086339721679687500e+02
-6.531298217773437500e+02
-6.794409179687500000e+01
-8.429548339843750000e+02
1.050255279541015625e+02
-2.535702819824218750e+02
2.544302215576171875e+02
-8.927728271484375000e+02
8.103187255859375000e+02
4.673209228515625000e+02
-1.166624908447265625e+02
-2.271994476318359375e+02
-3.146835327148437500e+02
6.256717529296875000e+02
5.641232299804687500e+02
8.068654632568359375e+01
-8.681026611328125000e+02
4.538655090332031250e+02
-2.285681304931640625e+02
4.162153930664062500e+02
-2.374742584228515625e+02
1.946123657226562500e+02
-3.769948425292968750e+02
-4.664905071258544922e+00
-7.789942016601562500e+02
-4.790808105468750000e+02
-9.935473632812500000e+02
1.398401184082031250e+02
6.889880371093750000e+02
9.566212768554687500e+02
8.950709838867187500e+02
-8.117588162422180176e-01
1.436741948127746582e-01
-1.634417891502380371e+00
-1.695468664169311523e+00
1.315842509269714355e+00
1.426752090454101562e+00
1.834424853324890137e+00
2.054919302463531494e-01
-1.501783847808837891e+00
8.602499961853027344e-01
-6.246044039726257324e-01
1.253316998481750488e+00
-3.464034199714660645e-01
-8.293013572692871094e-01
-1.282530069351196289e+00
-8.007298111915588379e-01
-4.015231132507324219e-01
1.646171331405639648e+00
2.255295664072036743e-01
6.786392927169799805e-01
4.213916659355163574e-01
1.582480549812316895e+00
-1.399500966072082520e-01
-1.742999076843261719e+00
7.191651463508605957e-01
-1.552970647811889648e+00
9.961035251617431641e-01
6.491236686706542969e-01
1.546809911727905273e+00
1.863966107368469238e+00
-5.714933276176452637e-01
-7.338605523109436035e-01
-1.463470578193664551e+00
-6.805786490440368652e-01
3.943999707698822021e-01
-8.783280849456787109e-01
2.465072125196456909e-01
-1.948764085769653320e+00
3.935955464839935303e-02
-1.633356928825378418e+00
2.792488336563110352e-01
1.925314903259277344e+00
-1.900642275810241699e+00
-8.573980629444122314e-02
2.073497027158737183e-01
-1.135188341140747070e+00
8.146379590034484863e-01
-1.817003846168518066e+00
-6.176453828811645508e-01
-1.897849559783935547e+00
1.574294209480285645e+00
1.962847471237182617e+00
5.817344784736633301e-01
1.438643455505371094e+00
-1.355446577072143555e+00
3.506383672356605530e-02
-1.288892269134521484e+00
-8.305635452270507812e-01
-1.341693282127380371e+00
1.054864972829818726e-01
1.098159670829772949e+00
1.664273858070373535e+00
-1.008561611175537109e+00
-1.665985822677612305e+00
1.500194787979125977e+00
-1.751869201660156250e+00
-1.893753170967102051e+00
6.730996966361999512e-01
7.850349545478820801e-01
9.866125583648681641e-01
1.911754131317138672e+00
7.107124328613281250e-01
-1.486647367477416992e+00
-6.284563541412353516e-01
5.171871781349182129e-01
1.744005680084228516e+00
9.336496889591217041e-02
-9.060672670602798462e-02
-1.710737943649291992e+00
-9.323439598083496094e-01
-1.999491930007934570e+00
-1.304810881614685059e+00
-4.195418953895568848e-01
1.610905051231384277e+00
1.416480302810668945e+00
1.052025318145751953e+00
8.390872478485107422e-01
6.485274434089660645e-01
-1.271221399307250977e+00
1.463873863220214844e+00
1.703330874443054199e+00
1.947774648666381836e+00
-1.792705297470092773e+00
-1.976154804229736328e+00
-1.218882322311401367e+00
1.582978010177612305e+00
4.312903594970703125e+01
1.071874008178710938e+02
4.350836486816406250e+02
2.208812255859375000e+02
8.806220703125000000e+02
7.196875610351562500e+02
7.130072631835937500e+02
7.698596801757812500e+02
3.307470397949218750e+02
2.286102447509765625e+02
6.263439331054687500e+02
4.144792480468750000e+02
9.367810668945312500e+02
6.424523925781250000e+02
3.869003295898437500e+02
8.551196899414062500e+02
3.807925720214843750e+02
1.783098297119140625e+02
7.816594238281250000e+02
4.722085876464843750e+02
2.594804077148437500e+02
6.923992309570312500e+02
9.804851074218750000e+02
2.462535858154296875e+02
7.902437744140625000e+02
7.623352661132812500e+02
1.200397949218750000e+02
8.389025878906250000e+02
4.617388916015625000e+02
1.257813796997070312e+02
5.363434448242187500e+02
TLAST
2.965127563476562500e+02
