2415853568
-9.290464477539062500e+02
2.592868347167968750e+02
6.939746093750000000e+02
5.902548828125000000e+02
6.618992309570312500e+02
-4.573249511718750000e+02
7.166401977539062500e+02
3.223975524902343750e+02
-2.786141395568847656e+01
9.216239013671875000e+02
3.103578186035156250e+02
-5.484285888671875000e+02
1.340158233642578125e+02
8.445435791015625000e+02
-9.384992675781250000e+02
6.614815235137939453e+00
-9.448363647460937500e+02
-8.338679809570312500e+02
-7.374735107421875000e+02
-1.733744354248046875e+02
-5.620767211914062500e+02
-8.684917602539062500e+02
-9.680947265625000000e+02
-5.127517089843750000e+02
4.354649658203125000e+02
-5.529052734375000000e+02
4.662036743164062500e+02
-4.215637969970703125e+01
-6.405332031250000000e+02
8.391383666992187500e+02
-1.216522750854492188e+02
-8.177398071289062500e+02
3.668020019531250000e+02
9.882649993896484375e+01
-7.234327392578125000e+02
-2.201502075195312500e+02
-7.857443237304687500e+02
-6.579848766326904297e+00
-3.178928375244140625e+01
7.781811523437500000e+02
-4.063730163574218750e+02
-7.549917602539062500e+02
-4.664253616333007812e+01
1.803249511718750000e+02
3.504773864746093750e+02
-8.902649536132812500e+02
-1.797179412841796875e+02
9.891187133789062500e+02
3.038046455383300781e+01
1.107682418823242188e+02
-8.958952636718750000e+02
-7.697100219726562500e+02
6.818482666015625000e+02
-1.672656860351562500e+02
-9.515078125000000000e+02
-1.368146972656250000e+02
-7.275692749023437500e+02
2.690186462402343750e+02
-4.279211120605468750e+02
1.494867401123046875e+02
7.798410034179687500e+02
-4.904105834960937500e+02
-5.245494384765625000e+02
6.039967651367187500e+02
4.419059143066406250e+02
-8.962642822265625000e+02
-5.565213623046875000e+02
5.367893066406250000e+02
7.391051025390625000e+02
-6.568463897705078125e+01
7.222311401367187500e+02
-5.737929687500000000e+02
1.344739379882812500e+02
-7.234017944335937500e+02
1.282959747314453125e+02
3.937514648437500000e+02
-9.149182739257812500e+02
-1.722879943847656250e+02
-7.144858398437500000e+02
1.429938507080078125e+02
-1.260238418579101562e+02
1.468929443359375000e+02
8.605531005859375000e+02
5.878428955078125000e+02
-4.377116012573242188e+01
-9.151511230468750000e+02
-3.665606384277343750e+02
3.740808105468750000e+02
-4.146967163085937500e+02
4.197168884277343750e+02
8.583848876953125000e+02
-5.131690063476562500e+02
8.289470214843750000e+02
-8.058532714843750000e+01
2.001344299316406250e+02
6.053305053710937500e+02
-1.018859148025512695e+00
9.013303518295288086e-01
7.583106160163879395e-01
-6.751877665519714355e-01
1.487577915191650391e+00
1.456926763057708740e-01
-1.297741889953613281e+00
1.088361740112304688e+00
-1.287244200706481934e+00
-1.390049219131469727e+00
9.405806064605712891e-01
-1.602123975753784180e+00
1.732143759727478027e+00
-1.320518016815185547e+00
1.795538306236267090e+00
-3.387634754180908203e-01
7.521703243255615234e-01
8.942147493362426758e-01
4.643592834472656250e-01
-2.445204928517341614e-02
-1.150240182876586914e+00
-6.458397209644317627e-02
8.285529017448425293e-01
6.552538275718688965e-01
1.051594495773315430e+00
-1.290673971176147461e+00
1.055861592292785645e+00
1.975744247436523438e+00
-4.344238042831420898e-01
4.519039392471313477e-01
-1.144579648971557617e+00
1.258724808692932129e+00
-1.045504927635192871e+00
-1.114580780267715454e-01
2.006739825010299683e-01
6.357365250587463379e-01
-2.451575994491577148e-01
1.333660602569580078e+00
2.685903012752532959e-01
8.890357017517089844e-01
7.692866921424865723e-01
1.959907293319702148e+00
-1.054498195648193359e+00
3.844044506549835205e-01
9.846412539482116699e-01
-3.019483685493469238e-01
1.185727834701538086e+00
-1.167461276054382324e+00
1.231448054313659668e+00
3.021513819694519043e-01
-1.978191494941711426e+00
4.683092534542083740e-01
8.394379615783691406e-01
7.025623917579650879e-01
1.719403028488159180e+00
-6.233898401260375977e-01
-1.526715993881225586e+00
-1.762229919433593750e+00
-1.634535431861877441e+00
1.968069225549697876e-01
-1.089971661567687988e+00
-9.976735711097717285e-01
-2.647894248366355896e-02
-1.064705371856689453e+00
1.746581494808197021e-01
1.339547514915466309e+00
-1.007527351379394531e+00
7.427961230278015137e-01
-9.076511859893798828e-02
1.282293915748596191e+00
-6.663356423377990723e-01
7.305848002433776855e-01
-9.178317189216613770e-01
8.966312408447265625e-01
1.192520141601562500e+00
-1.876285076141357422e+00
6.216744184494018555e-01
1.641081094741821289e+00
-1.628733038902282715e+00
-8.974624276161193848e-01
1.532099723815917969e+00
8.434792757034301758e-01
3.701178133487701416e-01
3.088637888431549072e-01
1.479273140430450439e-01
-2.299732714891433716e-01
5.769036412239074707e-01
2.757231593132019043e-01
-1.344892978668212891e+00
-1.186298608779907227e+00
2.922980785369873047e-01
1.217444658279418945e+00
1.434325218200683594e+00
1.072184681892395020e+00
-1.850238680839538574e+00
-2.112894058227539062e-01
4.094271469116210938e+01
9.204088745117187500e+02
9.286996459960937500e+02
6.434478149414062500e+02
3.883640136718750000e+02
3.291581115722656250e+02
3.146482849121093750e+02
8.425056152343750000e+02
7.892010498046875000e+02
4.687107849121093750e+01
9.069007568359375000e+02
6.670805664062500000e+02
9.446119995117187500e+02
7.248479614257812500e+02
2.818628540039062500e+02
6.134940719604492188e+01
7.285577392578125000e+02
1.698346710205078125e+02
8.646884155273437500e+02
3.180051879882812500e+02
8.610645141601562500e+02
7.504638061523437500e+02
3.874532470703125000e+02
9.157507934570312500e+02
6.406279907226562500e+02
5.611361083984375000e+02
1.061043243408203125e+02
8.635095214843750000e+02
7.800401000976562500e+02
3.317728576660156250e+02
2.423647308349609375e+02
TLAST
8.678895263671875000e+02
2415853569
1.098173427581787109e+01
9.015224609375000000e+02
-8.698789672851562500e+02
-7.426735839843750000e+02
7.795604858398437500e+02
-2.181372528076171875e+02
-3.331936950683593750e+02
2.975162315368652344e+01
-7.886711425781250000e+02
-9.956394653320312500e+02
5.301018066406250000e+02
2.809931335449218750e+02
-5.633132934570312500e+02
8.060966186523437500e+02
-7.895980224609375000e+02
-8.711428222656250000e+02
3.511114501953125000e+02
2.161885223388671875e+02
3.795912170410156250e+01
5.948693237304687500e+02
7.706478118896484375e+00
4.039920043945312500e+01
-8.409126586914062500e+02
1.518913116455078125e+02
6.697027587890625000e+02
-7.977523803710937500e+02
-1.601692199707031250e+02
5.503644409179687500e+02
-8.079409179687500000e+02
6.471817016601562500e+02
-9.563219604492187500e+02
4.058899230957031250e+02
-8.595311279296875000e+02
-8.543787841796875000e+02
2.697097969055175781e+01
6.037136840820312500e+02
5.950982055664062500e+02
9.706430053710937500e+02
4.473664855957031250e+02
-3.276249084472656250e+02
-1.150636291503906250e+02
6.297742919921875000e+02
-2.257678222656250000e+02
-3.595404663085937500e+02
-7.107329101562500000e+02
-7.893696289062500000e+02
7.594434204101562500e+02
-9.778037719726562500e+02
-9.219136352539062500e+02
-8.433750152587890625e+01
-7.697226562500000000e+02
2.854400329589843750e+02
-9.827532958984375000e+02
-9.185376739501953125e+01
7.657222290039062500e+02
2.895645141601562500e+02
8.953610229492187500e+02
2.673841247558593750e+02
-1.196504898071289062e+02
3.217932434082031250e+02
-3.125766906738281250e+02
9.738880004882812500e+02
-5.183539428710937500e+02
-7.759359741210937500e+02
-4.514468383789062500e+02
8.621165771484375000e+02
-6.514273071289062500e+02
-7.338727416992187500e+02
9.979563903808593750e+01
2.513185272216796875e+02
-2.789867248535156250e+02
6.812069091796875000e+02
1.420910491943359375e+02
-3.435211791992187500e+02
-5.700794067382812500e+02
-2.966779479980468750e+02
-2.222873840332031250e+02
7.838585205078125000e+02
-1.538180847167968750e+02
5.785286254882812500e+02
4.843469543457031250e+02
7.478194580078125000e+02
-1.516377258300781250e+02
-7.665992736816406250e+00
-3.489797668457031250e+02
5.616320190429687500e+02
8.775007934570312500e+02
8.471856079101562500e+02
4.249576721191406250e+02
-8.638029785156250000e+02
-6.662435913085937500e+02
7.922661743164062500e+02
-5.687996826171875000e+02
-4.807973022460937500e+02
9.663682250976562500e+02
-8.202052612304687500e+02
4.044680893421173096e-01
1.107773780822753906e+00
-1.895306110382080078e+00
1.101196408271789551e+00
-3.751459121704101562e-01
-7.863230109214782715e-01
1.910755515098571777e+00
-1.637608408927917480e-01
1.957562446594238281e+00
-1.761380434036254883e-01
9.423946142196655273e-01
9.408738613128662109e-01
-1.618193030357360840e+00
-5.612136125564575195e-01
9.983742833137512207e-01
5.101535320281982422e-01
1.279345393180847168e+00
1.125699281692504883e+00
4.614363014698028564e-01
-1.074414730072021484e+00
-1.358997821807861328e+00
-9.154707789421081543e-01
1.829536795616149902e+00
1.784707456827163696e-01
-1.932623624801635742e+00
-1.659425854682922363e+00
7.827571630477905273e-01
-1.716609895229339600e-01
-7.786860466003417969e-01
-1.375044107437133789e+00
-1.910817861557006836e+00
7.913038134574890137e-01
-8.444453477859497070e-01
1.050903558731079102e+00
-9.797987937927246094e-01
-3.175606727600097656e-01
-1.816671341657638550e-01
3.085210025310516357e-01
1.989165663719177246e+00
-7.903268933296203613e-02
1.346794009208679199e+00
2.769034802913665771e-01
3.735084533691406250e-01
1.110315680503845215e+00
-1.633910179138183594e+00
-1.252883195877075195e+00
1.595428466796875000e+00
-1.792927861213684082e+00
2.773549221456050873e-02
1.329724311828613281e+00
-1.415142536163330078e+00
1.648451209068298340e+00
-1.328281998634338379e+00
-6.783789992332458496e-01
4.497869908809661865e-01
1.160580158233642578e+00
-4.429414272308349609e-01
1.513122439384460449e+00
-9.886621236801147461e-01
-2.143821120262145996e-01
1.045963764190673828e+00
1.682471156120300293e+00
1.268538951873779297e+00
-2.465403452515602112e-02
-1.598596334457397461e+00
-1.689060449600219727e+00
-1.647250503301620483e-01
1.363335132598876953e+00
1.268329024314880371e+00
-9.793072193861007690e-02
-6.541477888822555542e-02
-7.921279072761535645e-01
-1.932605743408203125e+00
7.216897606849670410e-01
9.168600440025329590e-01
-1.115687265992164612e-01
1.898145198822021484e+00
-9.232375025749206543e-01
-5.679756402969360352e-01
-9.111807495355606079e-02
-1.836408138275146484e+00
-1.156848073005676270e+00
-8.143298029899597168e-01
1.082286477088928223e+00
-1.258559226989746094e+00
-1.870106220245361328e+00
-1.257669031620025635e-01
7.052075862884521484e-01
-1.193267226219177246e+00
-1.568230152130126953e+00
-1.134946465492248535e+00
1.553868651390075684e-01
-5.702259540557861328e-01
-1.268435478210449219e+00
-1.203247547149658203e+00
1.067204594612121582e+00
8.304606933593750000e+02
4.906910324096679688e+01
7.415593261718750000e+02
6.191130981445312500e+02
1.533121490478515625e+02
5.190591430664062500e+02
7.774645385742187500e+02
2.572745666503906250e+02
7.406354370117187500e+02
3.125020751953125000e+02
2.811728210449218750e+02
4.497370300292968750e+02
1.380993041992187500e+02
9.305675048828125000e+02
1.176301574707031250e+02
3.249887695312500000e+02
3.679305725097656250e+02
8.531780242919921875e+01
8.302911376953125000e+02
8.879481811523437500e+02
3.563474426269531250e+02
1.794089202880859375e+02
4.513378601074218750e+02
9.171296386718750000e+02
6.633145141601562500e+02
8.458348388671875000e+02
8.272128906250000000e+02
3.509327392578125000e+02
9.103507690429687500e+02
9.464135131835937500e+02
8.979587402343750000e+02
TLAST
4.492141723632812500e+02
2415853570
-9.157389068603515625e+01
-6.326450195312500000e+02
8.373286743164062500e+02
-4.869688110351562500e+02
-3.656066589355468750e+02
9.387792968750000000e+02
-4.939385375976562500e+02
3.193276672363281250e+02
-6.372860336303710938e+01
-1.479204559326171875e+02
-9.613934326171875000e+01
8.240358276367187500e+02
3.980714416503906250e+02
-5.863596801757812500e+02
-5.941987304687500000e+02
4.270231323242187500e+02
5.006309814453125000e+02
-6.995917358398437500e+02
8.996936035156250000e+02
-7.366169433593750000e+02
-4.151846618652343750e+02
2.565113220214843750e+02
-6.786710815429687500e+02
2.675844726562500000e+02
2.703088378906250000e+02
9.097918090820312500e+02
-4.865966796875000000e+02
-4.894918212890625000e+02
-7.169581298828125000e+02
-4.198425903320312500e+02
-5.996534423828125000e+02
-5.399923095703125000e+02
-8.676168212890625000e+02
-7.453469238281250000e+02
2.995829467773437500e+02
3.682521104812622070e+00
6.424616699218750000e+02
-4.604751281738281250e+02
-9.549503173828125000e+02
-5.303466796875000000e+02
-5.377713012695312500e+02
-5.521526489257812500e+02
-8.785313110351562500e+02
3.064815979003906250e+02
1.609423828125000000e+02
-5.672990036010742188e+01
7.973709716796875000e+02
-3.960653381347656250e+02
4.442193603515625000e+02
-6.656868286132812500e+02
-9.617813720703125000e+02
9.634162597656250000e+02
6.132274780273437500e+02
-9.401961669921875000e+02
3.913389282226562500e+02
2.951262512207031250e+02
-6.513106689453125000e+02
-2.526616210937500000e+02
-9.057092895507812500e+02
-4.725823974609375000e+02
9.417851562500000000e+02
-5.908882446289062500e+02
1.787460021972656250e+02
6.289999389648437500e+02
5.307598266601562500e+02
7.473427124023437500e+02
-1.160665664672851562e+02
-1.043951320648193359e+01
3.447541198730468750e+02
-6.018532104492187500e+02
7.479984130859375000e+02
4.394538879394531250e+02
-9.300744628906250000e+02
9.707296142578125000e+02
6.657579345703125000e+02
1.983009033203125000e+02
-5.476347045898437500e+02
9.743700561523437500e+02
1.642208099365234375e+02
6.697113647460937500e+02
-2.177450408935546875e+02
-4.483644409179687500e+02
7.346323394775390625e+01
7.043662109375000000e+02
1.394797801971435547e+00
4.070928649902343750e+02
-5.121902465820312500e+01
5.808933715820312500e+02
-3.557199096679687500e+01
2.354228820800781250e+02
4.807173919677734375e+01
-2.617094039916992188e+00
-9.870058593750000000e+02
5.403744506835937500e+02
1.955213470458984375e+02
-4.095606613159179688e+01
-1.770480394363403320e+00
1.089959263801574707e+00
3.123603165149688721e-01
8.875663876533508301e-01
1.729454159736633301e+00
-1.997640967369079590e+00
1.397742152214050293e+00
-1.657670855522155762e+00
-2.336008399724960327e-01
2.275228500366210938e-01
1.156694740056991577e-01
-5.202134847640991211e-01
-9.014054536819458008e-01
-1.921637296676635742e+00
1.697170138359069824e-01
5.325349569320678711e-01
3.371580243110656738e-01
-1.371250391006469727e+00
6.958708763122558594e-01
1.193717345595359802e-01
-1.458961009979248047e+00
1.589936167001724243e-01
-1.032532334327697754e+00
1.714036241173744202e-02
4.319680854678153992e-02
-6.700462698936462402e-01
-2.609969973564147949e-01
-1.916886210441589355e+00
-7.779675722122192383e-01
-1.219575762748718262e+00
9.298431873321533203e-01
-1.812269449234008789e+00
1.526278376579284668e+00
6.924527883529663086e-01
-6.801844239234924316e-01
-6.989963054656982422e-01
-4.323972761631011963e-01
-1.513546109199523926e+00
1.325655579566955566e+00
7.721164226531982422e-01
8.003597259521484375e-01
-5.460246205329895020e-01
-2.286989688873291016e-01
-7.119723558425903320e-01
-1.115945339202880859e+00
3.981696963310241699e-01
-1.734751224517822266e+00
1.339335322380065918e+00
2.609819471836090088e-01
1.948832988739013672e+00
-4.509113132953643799e-01
3.211212754249572754e-01
5.572679042816162109e-01
-4.349423348903656006e-01
-8.528351187705993652e-01
6.634415388107299805e-01
-1.939307093620300293e+00
-8.398596644401550293e-01
6.123625636100769043e-01
-2.167625278234481812e-01
-1.055791378021240234e+00
8.318414092063903809e-01
-1.495614886283874512e+00
6.249825954437255859e-01
1.486943483352661133e+00
-1.468081474304199219e+00
-4.871701598167419434e-01
-1.953830480575561523e+00
-1.333275318145751953e+00
-1.540690660476684570e+00
-3.209581971168518066e-01
-3.419246077537536621e-01
-9.751381874084472656e-01
-1.597301483154296875e+00
-8.434922099113464355e-01
1.939302086830139160e+00
1.011883735656738281e+00
1.438667416572570801e+00
-9.319307208061218262e-01
-1.091368913650512695e+00
1.365802168846130371e+00
-1.598831772804260254e+00
-1.370376467704772949e+00
-2.400709986686706543e-01
9.312549829483032227e-01
1.721508741378784180e+00
1.760308265686035156e+00
-1.758863568305969238e+00
-7.191679477691650391e-01
-1.961474061012268066e+00
1.160952568054199219e+00
1.512210488319396973e+00
1.558871269226074219e+00
1.376940727233886719e+00
1.448264837265014648e+00
8.693833351135253906e-01
6.599738769531250000e+02
8.004070434570312500e+02
4.353763961791992188e+01
7.228118286132812500e+02
5.983959960937500000e+02
2.596432189941406250e+02
1.537592620849609375e+02
1.973978881835937500e+02
9.110917358398437500e+02
1.368356018066406250e+02
5.471934814453125000e+02
3.305451965332031250e+02
2.186347007751464844e+00
2.702485961914062500e+02
3.096758728027343750e+02
1.264149017333984375e+02
6.425745849609375000e+02
5.113446960449218750e+02
8.223809814453125000e+02
9.938614501953125000e+02
9.935870361328125000e+02
8.091964721679687500e+02
7.503214263916015625e+01
3.667920227050781250e+02
3.956407470703125000e+02
4.703887023925781250e+02
2.627370300292968750e+02
3.587986373901367188e+01
7.804608917236328125e+01
1.578823242187500000e+02
4.415560607910156250e+02
TLAST
3.272201843261718750e+02
2415853571
5.235369873046875000e+02
1.340360412597656250e+02
-1.254630584716796875e+02
-7.903355712890625000e+02
1.366069946289062500e+02
6.156389770507812500e+02
1.603993988037109375e+02
-3.255559158325195312e+01
1.399668884277343750e+02
8.563288116455078125e+01
4.625281982421875000e+02
9.301543579101562500e+02
1.731786041259765625e+02
-7.964760131835937500e+02
4.671033935546875000e+02
-3.943498535156250000e+02
-4.476683349609375000e+02
6.622645568847656250e+01
-3.864076538085937500e+02
8.198654174804687500e+02
-1.164166870117187500e+02
-8.285342407226562500e+02
-3.317466354370117188e+01
2.736856994628906250e+02
1.121999588012695312e+02
4.819306182861328125e+01
5.594169311523437500e+02
-4.315450439453125000e+02
7.368536987304687500e+02
9.831928710937500000e+02
-9.053084106445312500e+02
-7.889106750488281250e+01
-3.259112854003906250e+02
1.385013275146484375e+02
-3.739294128417968750e+02
7.441022491455078125e+01
7.463137817382812500e+02
-5.367705688476562500e+02
9.504271850585937500e+02
3.671553344726562500e+02
-1.658852233886718750e+02
6.191129150390625000e+02
-2.328457794189453125e+02
-6.351949462890625000e+02
-7.315502319335937500e+02
-7.441448974609375000e+02
3.715237426757812500e+02
-2.081351089477539062e+01
7.658181152343750000e+02
3.176467590332031250e+02
3.170600891113281250e+02
-1.041140441894531250e+02
-3.199569702148437500e+02
-9.559581298828125000e+02
3.780760192871093750e+02
-9.215892333984375000e+02
8.780277099609375000e+02
8.324619140625000000e+02
-9.723129272460937500e+02
3.075101928710937500e+02
-8.838870239257812500e+02
2.000902709960937500e+02
-2.498043518066406250e+02
2.326408386230468750e+02
-9.512503662109375000e+02
-2.859960937500000000e+02
-6.517840576171875000e+01
-3.902828674316406250e+02
-7.059174804687500000e+02
2.756524353027343750e+02
-7.181761474609375000e+02
-9.132009887695312500e+02
-8.922144165039062500e+02
6.858514404296875000e+02
1.787790222167968750e+02
1.614736633300781250e+02
-9.301480712890625000e+02
3.783458557128906250e+02
-2.484774475097656250e+02
2.907577514648437500e+02
-4.762823791503906250e+02
-3.152022399902343750e+02
-1.640950393676757812e+01
3.131613769531250000e+02
-7.652089691162109375e+01
-9.776578369140625000e+02
-1.713842163085937500e+02
-2.786466979980468750e+02
3.720915527343750000e+02
2.818019104003906250e+02
-6.640139160156250000e+02
-6.721646118164062500e+01
7.147893066406250000e+02
7.555299682617187500e+02
7.483520507812500000e+02
-4.203297424316406250e+02
1.450356006622314453e+00
-7.530969977378845215e-01
3.650892078876495361e-01
-1.167327404022216797e+00
1.301676630973815918e+00
-1.414646506309509277e-01
-1.578544616699218750e+00
1.195584654808044434e+00
1.579248428344726562e+00
5.866693854331970215e-01
3.180306255817413330e-01
-1.855803251266479492e+00
7.428383827209472656e-01
-1.830446124076843262e+00
-1.847184777259826660e+00
-1.568664193153381348e+00
-1.310837388038635254e+00
1.143320322036743164e+00
1.542711615562438965e+00
-9.200510978698730469e-01
-1.960189461708068848e+00
-1.889236927032470703e+00
1.672503948211669922e+00
-1.037400960922241211e+00
1.305191755294799805e+00
1.659516692161560059e-01
-1.918251872062683105e+00
-1.855809926986694336e+00
-4.720142483711242676e-01
-1.403536558151245117e+00
1.961182594299316406e+00
1.165726423263549805e+00
6.740009039640426636e-02
-1.704096794128417969e+00
-1.666544675827026367e+00
5.632451772689819336e-01
-1.035903319716453552e-01
1.631862163543701172e+00
1.698157787322998047e+00
-3.600682616233825684e-01
-1.733922243118286133e+00
-1.976466894149780273e+00
1.282704353332519531e+00
4.968663156032562256e-01
-1.539209336042404175e-01
-5.881623625755310059e-01
4.856266081333160400e-01
2.817915678024291992e-01
1.785365939140319824e+00
1.958971619606018066e+00
1.165991902351379395e+00
7.801960706710815430e-01
-8.005418181419372559e-01
6.661913990974426270e-01
-3.561767041683197021e-01
1.642247319221496582e+00
6.724070906639099121e-01
-9.101878404617309570e-01
-2.511751949787139893e-01
-5.402676463127136230e-01
1.886732220649719238e+00
-1.618477255105972290e-01
-8.646899461746215820e-01
-1.105292439460754395e+00
1.642669796943664551e+00
1.864917397499084473e+00
-2.233899682760238647e-01
-9.903653264045715332e-01
-1.505610346794128418e+00
-7.118031382560729980e-01
6.909081935882568359e-01
6.574339270591735840e-01
1.355702519416809082e+00
3.750750422477722168e-01
9.427590370178222656e-01
1.412337303161621094e+00
-1.632004976272583008e-02
-6.482532620429992676e-01
9.165681004524230957e-01
8.632000088691711426e-01
-1.558277130126953125e+00
-1.512804269790649414e+00
-1.115935802459716797e+00
-6.562284380197525024e-02
-3.854312002658843994e-01
2.039982080459594727e-01
3.464851081371307373e-01
7.967608571052551270e-01
-5.756445527076721191e-01
1.887592315673828125e+00
-5.731255412101745605e-01
-4.496948719024658203e-01
-8.168017119169235229e-02
-8.645206093788146973e-01
5.149463415145874023e-01
1.385450005531311035e+00
6.818988037109375000e+02
7.656802978515625000e+02
4.940095520019531250e+02
7.218896484375000000e+01
1.375957641601562500e+02
3.681111755371093750e+02
9.526797485351562500e+01
1.158847656250000000e+02
9.792066650390625000e+02
2.713525390625000000e+02
1.670547180175781250e+02
1.467741298675537109e+01
9.729899291992187500e+02
2.415842437744140625e+02
4.476613464355468750e+02
8.588152465820312500e+02
1.982246093750000000e+02
7.287771606445312500e+02
5.377002563476562500e+02
4.518439636230468750e+02
8.562301635742187500e+02
2.519582061767578125e+02
4.062845153808593750e+02
9.909057617187500000e+02
7.598765258789062500e+02
1.468889770507812500e+02
2.452849578857421875e+02
5.708813476562500000e+02
6.061553955078125000e+01
8.733291015625000000e+02
8.584114074707031250e+01
TLAST
9.200319671630859375e+01
