2415853568
-999348387
1098180289
1138800088
-1009795325
-1034313761
1127642934
1143458400
-1019583860
1117726762
-1005640948
-1003955227
-1030382319
-998797035
1133084170
1138929552
1141884303
1146308244
-1029202796
-1002314729
-1054742912
-1042304966
1119315536
1141451267
-1002651861
-1011215505
-1004442808
1120667030
1144371324
1143249185
1133130451
1146459819
1102042804
-1006456613
-1005725508
1139852312
1143609942
1144284214
-1038933946
1146298146
1108395616
1113133075
-1004588175
1138756874
-999108407
-1033003574
-1016372065
-1037463965
-1000873852
1126847760
1135320544
1146464340
1141712095
1138956919
-1014613273
1147339463
1136294529
-1010876824
1111925573
1135239375
1133652740
1142873238
1148321783
1126219934
-1020705866
1132859359
1141795419
-1019241884
1111473891
-999022301
-1009810486
1146454004
-1002152894
-1073814663
-999907504
-1013294770
1145771425
1135259102
-1017159128
-1010032013
-1003110428
1133559079
-1028007118
1136852473
1125305468
-1004824943
-1009435382
1137903839
1147013155
-1018096179
1138872111
1130922117
1140510536
1145014017
-999696570
-1001455483
1134787761
1072389311
1073248506
-1083955994
-1106999815
-1092613040
1073618488
-1078642436
-1092789348
1063428021
-1074847403
1068830992
-1079694043
1050592966
1066403664
1062997993
-1098944764
-1079377623
-1080198531
-1079342565
-1074463541
1047227521
1068654000
1072386276
-1089839653
1021641265
1040672266
-1089445521
1069838697
-1075672899
-1076484684
1048759010
-1090184471
-1079096489
1050907173
-1079965276
1069638220
1071729970
1058006205
-1081758358
1055803800
-1084490211
1062460195
1049792967
1038448432
-1079000855
1064269384
1066282310
-1076239608
1059573473
-1088189823
1068263515
1057928650
-1074687383
-1106230179
-1082250032
-1080034472
1029637910
1039433445
-1078827145
-1074427019
-1077040324
1059217310
1052686144
1068738431
-1105957042
-1080552296
1032315182
1072355287
1069661818
-1075661218
1072882382
-1076673578
1055994353
-1107255180
-1078790185
-1089160043
-1081722530
-1078136945
-1079096223
1071793713
1024476232
-1091238437
1070628914
-1073951358
-1074596161
-1087067296
1065622605
1056929312
-1089550321
1065426799
1061075974
-1110220043
-1084103943
1069776941
-1080960157
-1078269154
1133392149
1133873034
1139128582
1147582682
1145783272
1117450711
1126205915
1145505278
1126075423
1136914045
1091223117
1147695777
1136498947
1141396813
1141836973
1144093515
1132152581
1130589406
1146531978
1148213272
1144318929
1142390382
1136231731
1106956247
1141961986
1145718132
1144457037
1115633698
1142440405
1147247266
1134367156
TLAST
1115794779
2415853569
1125402056
1136202878
1144948662
1144852223
-1001909636
1138436832
-1015171396
-1006285246
-1021216482
1129945254
1134499137
1133979306
-1013018067
-1005931371
1143435930
-998691210
1144482847
1130574248
-1035002530
-1000667405
-1000254288
1146136858
-1009866474
1144644173
-1005620876
1145815592
1135822817
1137487804
1133706944
1136583492
-1003353071
-1003296930
1126625314
-1016910210
1142493811
1122030226
-1001763132
1145157445
1141068478
1132567113
1146685096
1135527879
1148565562
1128985425
1122304863
-1000577524
1144477106
1140301405
1143887774
-1004369823
1141691819
1134358597
1132946763
-1000894471
-1021433989
1146155888
1136974038
-1004610396
-1008819038
1135190928
1144728818
1133119385
-1007805721
-998843452
-1011481854
-1000477652
1140505678
-1042276008
-1110275161
1143730193
1143778240
-1002475504
1129793327
-1001497795
1121441584
1140941022
-1002890182
-1013562828
1144675052
-1015249608
1139469370
-1006128203
1139030871
1132180474
1138687800
1136899454
1132692834
1142844217
1121430104
-1004103586
1145266791
-1002984136
-1009234597
1124271312
1138445453
-1002576666
1066117352
-1080246917
1050795166
1066280067
-1077399766
-1086832030
1059687605
-1078670960
1072251469
1061905706
1058544062
1072208580
-1090281816
-1090602087
-1076093821
-1075812849
1062461971
-1089078429
-1092943480
-1079562929
-1085948970
-1075450355
1070411557
1070680245
-1076166267
-1094674630
1066618334
1068911686
1065578712
1072009490
1070428276
1058161864
-1075802567
1073288254
1059498746
-1076226012
-1080541292
1069591675
1054341648
1070632005
-1081787694
-1106055274
1050016754
-1141342331
-1075824220
1060324119
1063758398
-1077570215
1058808636
1051775806
1059027759
1059222832
1071293183
1071609609
1068422894
-1075946596
-1078957694
1070333117
1068535259
-1104416270
1067588326
-1080815315
1071181859
1071913441
1040971935
1072273396
1055228516
1068790558
1069707352
1060872124
1051589128
1058465080
1058924877
-1075402385
1072565891
-1074986355
1070109699
1066910295
1066183747
1069714392
1044190518
1070077059
-1081371473
-1084668973
1071245982
1068693589
1069512196
1069644226
1072184594
-1079144207
1071589097
1067182430
-1080257563
1044751335
1062887690
-1078831899
1148818610
1126492712
1138924695
1148642123
1137706636
1125246565
1132921270
1142498056
1143873075
1146535391
1143012596
1148834821
1137313059
1147391762
1140564638
1144875128
1146695627
1144739935
1138758546
1134056386
1145900438
1118183173
1144451986
1146358038
1124353332
1134053581
1142972774
1145381665
1130570997
1145541055
1142222278
TLAST
1143655189
2415853570
1142834356
-1023399230
1134404579
-998878615
1141275099
1125124892
-1007542401
-998957779
1120608349
-1011451428
-1003432693
1125499611
-1027139662
-1001454765
1096197136
1138124870
1125670349
-1003692795
-1016515887
-1003011238
-998802234
1145381218
-1020051448
1143923301
-999469072
1137358088
1133136045
-1006194770
-1029650264
1139504578
-1007939273
1139650113
1143193468
1145259413
-1010213524
-1005006233
1142228057
1122998602
-1001656789
1147301762
1136564646
1124935173
1140164627
-1001064287
-1007157724
-1016708694
1141886836
1126754987
-1003485352
-1005970988
-1000628310
1143782599
-1011078484
-998772879
-999973851
1133245980
1112196683
1126306115
-1014803530
1144028868
-1017894363
-1018069454
-1020286472
1148763421
-1003885560
-1012830924
-1035954748
1111539997
-1005977044
1143420752
-1002498239
-1001580547
1133044259
-999735447
-998686629
-1006288361
-1000970110
-1001082719
1121238596
-1006581213
1137127093
1140642213
-1026843431
-1004120294
-1030542330
-1028211546
-1004207901
-999351512
-1006848901
1147369704
1120622365
1148099326
-1007143244
1146714481
1132030397
1104932765
1043246271
-1085806520
-1076008690
1071449756
1055228626
1070817422
1070439656
1069217281
-1078617905
-1081722915
-1075857522
-1077168777
-1094105983
1073425778
-1076311967
-1081402095
-1074016282
-1083821302
1060717711
-1075273899
1067702057
-1081769166
1034842986
-1076662450
-1092794118
1065340186
1062132619
1065731750
1059294830
1049995093
1070827921
1030398698
-1077899015
-1092481923
-1080154079
1065990047
-1114291182
-1081754912
-1088248753
1065810229
1066399707
1068195035
1063020530
-1081092646
-1083637145
-1081835201
1049399668
-1074812644
-1098147383
-1089734087
1053893273
-1078605173
1069984730
1067893744
-1081252171
-1084059061
-1104006822
-1077136345
-1077504903
1051407339
1069443929
-1074128073
1034966154
-1084550469
1072897602
1066133485
1035591292
1060502228
-1095370333
-1079761148
-1081125331
998367609
-1096884619
-1081312817
-1101996852
1036175316
-1074278736
1033743306
-1079332308
-1077364992
-1076588200
-1107700771
-1081256373
1072608051
1051471900
-1079993519
-1076865029
978471703
1056527755
1056985727
1058501618
-1074956415
1065146607
-1082196710
1069620015
-1085492195
1145448832
1141591942
1144745769
1144111488
1147170533
1145166408
1146185821
1132831818
1133229640
1147628680
1135414036
1135042047
1141584922
1125310567
1125318026
1139599262
1147743048
1104973250
1140874584
1120702911
1144806133
1127896714
1133418193
1146726973
1146629009
1145888753
1144447879
1134444208
1146450930
1137902774
1148020076
TLAST
1146205268
2415853571
-1016337726
1133896302
-1028253438
1136758535
1148608664
-1036194468
-1006558312
1119750838
1147465297
1146853383
1143156929
1139249963
1124412784
1148618429
1120326604
-1007795879
-1007833463
-1021329536
-1012229657
-1002203338
1147091048
1140296437
1146866176
-1021735807
-1051452437
1125707517
1145792784
1148837120
1083688370
1132835803
1147777450
1139137211
1129789434
1143408618
-1011708482
1092585496
1125204749
-1010866688
-1014693963
-1000172642
1141846684
-1008085156
1145015529
-1015704983
-999973771
-1048075130
1147228770
-1003038964
-1009423801
-1011242541
1143033831
1130577705
1145124643
1094279473
1138901954
-1003590337
-1013110223
-999160713
-1006954114
-1007784678
1137241040
-1017131654
-999979239
1145089505
1111539168
1128965622
1139017964
-1008180065
-1013009220
-1006064951
-1010944951
1144115393
1114778438
-1011243169
-1036586904
-1003462888
-1001577625
1147669993
1147927502
-1012147072
-1003155973
1144378301
1142337747
1113587635
-1009770641
-1010199804
1144036421
-1000056636
-1001169035
-1002790232
1140474811
1129500919
-1005688144
1141685854
1147592299
-1006156564
1046903892
-1080978756
-1098079719
1073271559
1067835249
-1100430517
1067873874
-1074406514
1051554564
-1078936970
-1082909673
-1077858362
-1103801053
1053951633
1068076268
1069124922
-1087566188
1072024204
1071238460
-1075825777
-1084457728
1052398223
-1088645303
1071603399
-1080625836
1065891958
1060510280
1059497414
-1073958597
-1095589363
-1090039747
-1087597766
1057351804
1066297595
-1088001131
-1114266396
-1075456334
-1080829015
1067290407
-1095788214
1066686045
1070994527
1069696103
1068304175
1071744876
-1124688572
1056198538
1067219905
1072384828
1061693286
-1078722507
1052056399
-1074456758
-1081575893
1067031526
-1077857895
1052724568
-1086403241
-1074611111
-1096909010
-1076847028
-1074357985
-1089409561
-1075357657
-1103756084
1061901389
1031544082
1062414159
1066368899
-1092738755
1050134711
-1090407202
-1078648925
1041475919
1065255757
1066658997
-1088412203
-1091272770
1066999645
-1079244275
1060580523
1067122727
-1074136055
-1077996561
1061511897
-1102434309
1071704843
1066475426
1064582557
1066274994
-1080548794
1058080343
-1075795265
-1095128109
-1089924911
1072182526
1145247987
1139645671
1143169779
1075245803
1144330375
1144428768
1142054266
1141998918
1148175674
1142486766
1148033751
1126289286
1139023272
1138804762
1143813691
1140207236
1147986546
1126470643
1148254597
1145246957
1145368583
1146751259
1144426257
1148297044
1118331347
1142620573
1133195564
1137421873
1135144912
1147814281
1109739675
TLAST
1102139725
