2415853568
1143931009
-1004888138
-1002393673
-1014204359
1135231625
1143745097
1142623542
-1001973322
1148568822
1136291038
-1004684214
-1027759431
1143509938
1141742964
1130525814
1127769048
-1000468885
1135252383
-1002985894
1106368647
1134479246
-999453841
1117213852
1123014505
-1000244101
-1006474918
1144572154
1126417775
1138774559
1129575035
1138455472
1113847434
1122043074
-1022450220
-1003140224
-1006765935
1147131598
-1012158146
-1001696735
1141992194
1148006299
1137952098
1136622397
1146568169
1140943114
-1012541463
1136418479
1134452763
-1004092861
1143920812
-1021144296
1135053914
-1004897293
1136482733
1123724350
-1000284085
-1004780681
1146069186
-1007810359
-1006561306
-999069091
1138358352
-1018649908
-1036263868
-1003400799
-1006072380
-1004702216
-1014939522
-1005358460
-1002605432
-1009476461
-1020641771
1142053630
1142220329
1142687355
-1030798361
1093264285
1137836352
-1001297115
1143904312
1124315699
1140097286
1128432175
-1021514063
-1037000232
-1041771153
-1008906315
-1009393068
-1013343206
1147336760
-1003810091
1134622631
-1011858627
-1002165277
1146112363
-1004563138
-1098037411
1067302409
1070633856
-1078169809
-1097959278
-1092226607
1057987118
-1087894199
1067715934
-1102601329
1069431370
-1087730159
-1074749083
-1079395189
1067122444
1046150574
1069210366
1061332038
-1077568351
1065925199
-1085323296
1063891556
-1077205613
-1073966381
1070129353
-1074138398
1070339829
1050617889
1059691248
1068468181
1057304582
1038226614
-1075908057
-1089787846
1066243555
-1080675467
1065465746
1061604187
1061396536
1064471320
1044963205
1065741766
1051665493
-1101021036
-1091318583
1068097235
-1073857646
1069505857
-1077457347
-1085545722
-1091124932
1070115927
-1078984456
1071349108
-1088133874
-1083164972
1050163020
-1080536455
1062093790
1057918268
1069341840
1073713298
-1078722376
1054529600
1059905883
-1075111092
-1080693672
1066850954
1071851348
1073262506
1071656202
1068524997
1073684200
-1098023678
-1076261566
-1095424664
-1077358367
-1091013028
-1080839930
-1078699355
-1114219621
-1080230138
-1076731794
1073527939
-1081633525
-1088921395
1069356766
-1089862112
1068731077
1049645026
1072520628
-1082112738
-1080161068
1055325887
1057727353
1039533989
1121694974
1116765609
1143975024
1132987125
1148529425
1125498225
1144302091
1132290448
1135651328
1145958245
1133655883
1146042489
1145117743
1142693299
1132897729
1133453025
1103600007
1142666327
1145990016
1141642368
1144788489
1129399354
1142617189
1141506855
1117157169
1143660219
1146405302
1120863060
1119514283
1107743031
1117682426
TLAST
1142350741
2415853569
-1027311282
-1000124595
-1021131827
-1018582123
-1013839355
-1007231675
-1001076295
1136560318
-1030722356
1126323079
1147736860
1124017488
1082496069
1138426744
1105069191
-1001938598
1135365722
-1036316820
-1004776667
1143380513
-1003669888
-1002030741
1141285513
1132055262
1134807202
1115916419
-1012012333
-1002011736
-999444267
1098679252
1142666578
1146946581
-1011874921
-1016718219
-1018132022
-1005029569
-1029435449
-1002430284
1146350138
1124403695
-1029659202
1145566414
-1003159340
1105850558
1137884717
-1012895291
1132213196
-1004126712
-1014008830
-1021121600
1146882187
1143385432
-1001282532
1139347374
1138933058
1109990950
1122779953
-1029897178
-1010408018
-1008450229
1147264629
1129706134
-1013310412
1124974609
-1000816568
-1006525557
1130469461
-1005241672
1135487980
-1093551531
1129486513
1146513092
1139469728
1140200762
-1000935168
1147287770
1147429336
-1011860670
1103390551
-1001437449
1145703549
1134267871
-1003552704
1142503384
1148569161
1123857225
1146518374
-1003844264
1146669939
1141011894
1129320341
1133898117
1136727534
-1007409898
-1002856284
-1003363637
1067878729
1072284667
1072436313
1049732308
-1083018999
1072577489
1056138304
1069059604
-1077077320
1053724845
1061937980
1067654534
-1089447369
1068967595
1069685519
-1080406723
-1079365392
-1093677760
-1081505554
-1123288015
-1104550634
1070828010
1067604904
-1082841462
-1079208441
-1079676702
1048944148
1065645813
1073514458
1072387738
1067281835
-1077974518
1066634467
-1082627982
1071337371
1072230622
1043599908
1066985097
1071824271
-1076547693
-1073874413
1072061728
1066340534
-1078917159
1057601762
-1101835658
1054917054
-1086869540
1057671655
1061044942
1072933105
1037076172
-1074172511
1028648463
1065888293
1048882524
-1093378311
1056337452
-1082641765
-1079003095
1070733621
1058753687
1073303446
1060838967
1064411742
1069521931
-1080581096
1067765370
-1088158580
1049274459
1063537067
-1079752802
-1082330587
-1108018258
-1079494095
-1094173836
994730899
1057736405
-1077952840
1068445748
-1074036037
1064180906
-1080521677
-1104118982
1055887620
-1077012947
1056298705
1072243151
-1086693053
-1081718113
1041790242
1053040576
-1089456298
-1081123335
-1073792659
1068842113
1140410051
1107255329
1145900763
1136900779
1136970392
1142418681
1139889694
1102396016
1136948299
1143061465
1146967846
1136342704
1125892371
1128049848
1126407092
1148246670
1148651719
1136489157
1134150647
1145138390
1134220346
1145618043
1145179801
1143371225
1138691869
1146385084
1148696063
1131778192
1118096556
1145478521
1108277629
TLAST
1143646090
2415853570
-1001523203
-1003536252
1142225058
-1006582932
1128906483
-1034597533
-1003791108
-1056911684
-1008325115
1135638893
1141970364
-1038310417
-1013492224
-1018578266
1144928664
1144302080
1122399945
1135811427
-1011835483
1135490947
-1001980320
1146436852
-1003942110
1148491954
1137271193
1135626468
1121157093
-1010592699
1138582629
-999858481
1143656211
-1002152936
1133783250
-1017473886
1121317890
1134920020
1144023112
1143070762
1133195980
-1014945377
1123179132
1145675264
-1011531753
1139458716
1140859299
-1032823712
1146761210
-1005749514
-1000100362
-1007020748
-1011192183
-1004298644
1137335671
1140105315
1134239856
-1001551830
1145812365
-1002744002
-1001691282
1125236104
1144876920
-1044217909
1126978616
1146603062
-1005757301
-1041205404
-1001299544
1142081526
-1002020215
1130219574
-1021779187
-1001255221
1141402933
-1000638740
-1019807516
1143621262
-1000055311
-999116788
1115023066
1131770205
1129024497
-1004852509
1144440671
-1003656250
-1008146116
-1010730793
-1013163916
1144485354
1146898770
-1009943637
-1009022863
1119703105
-1006436897
1143230171
1138900291
-1015137475
-1079532990
1044604903
1071515866
-1074268853
1073455433
1067113404
1066438624
-1092555221
1064064568
-1077016996
-1077144549
1067050597
-1090167439
1058918861
-1084820263
-1090283361
-1085386234
-1088719972
1071935852
1050990329
1036921184
-1075065474
-1086945670
1073142679
1062649474
1073069370
-1081576861
-1074647842
1068958174
-1083002633
-1096049540
-1088425464
-1089827672
1056773395
-1095415699
-1087530555
-1074076698
1070475095
1071785387
1066876748
-1073966390
-1110107585
1063955473
-1080159749
1073319891
-1076159212
1053305614
1069822950
1070511779
-1088988262
-1102363840
1046317165
1060026092
1054251250
-1080678284
-1077528091
1072414856
-1074087378
-1088914794
1067128066
-1086762857
1061180131
1058891441
1044065183
-1079041956
-1090044940
-1075149802
1065294715
-1079109266
1060886783
-1081740853
-1075736190
1066226236
-1088871780
1070133920
-1105889042
1060698264
1047166731
-1081588857
1065425929
1069553657
-1076924530
1033191036
1067462681
-1081041087
-1095108446
-1086595093
-1075310814
1069601533
1070288879
-1089661725
1069042490
1053976590
1066665197
-1105548999
-1079500016
1140559969
1147966003
1144822285
1143911451
1142742875
1145961829
1099798161
1143363561
1146899010
1125970954
1146838025
1122496561
1145079218
1141189841
1148479844
1139260820
1142937335
1126711302
1130079663
1145281147
1136618649
1141469046
1139427086
1132538800
1143781325
1141464457
1148792993
1133004012
1142706179
1136379885
1142737671
TLAST
1141575759
2415853571
-1019274450
1137851501
1141279519
-1019311209
1101856719
1146313450
-1000201341
1124799557
1139724751
-1037295451
-1005324306
-1014942877
-1021037276
-998649662
-1009698346
1135020940
1142664711
-1019059931
-998930925
-1001932481
-999471490
1128949972
1129154990
-1009994572
1126663945
1142004564
-1002375196
1143061272
-1011571104
-1008749017
-1005149024
1115395069
-1006506386
1138449743
-1001701913
-999415602
-1004301162
1134296054
1136828743
-1006581215
-1001831885
-1000073444
1145706643
1142787132
-1010375580
-1005143551
-1021364688
-1023185444
1134156942
-1004784537
1148836617
-1025848208
1143078039
-1012416095
-1007290857
-1002187521
1144301355
-999498646
1147851206
1134895538
-1019600475
-1004398900
1137286660
1134182855
-1012553456
-1001194249
1144470916
-1068521988
1145480291
-1024206607
1146817954
-1000082498
1144961352
1139007586
1146089260
1125411429
-1015658488
-1024926080
1132176148
-1001851212
-1008299111
1105473163
-1030931014
1141035358
-1006078941
-1014517226
-1003343857
1132637599
-999102373
-1001587861
1148140574
1134095189
1133532831
1140946367
1147044602
-1003519907
-1091735768
-1081215660
1045860844
1064868277
-1093694396
-1079047782
1064585182
1023509421
-1098921982
1061686717
-1076356146
-1104646757
1047935954
-1073765119
-1074398819
1067317468
1066938222
-1111354810
-1076397551
-1077233329
1048776391
1040257194
1059439172
1072978178
-1074577724
1045560391
-1079206958
1052662356
-1117770888
1051134393
1071207186
1063726153
1072108100
-1076086109
1049340367
1005821540
1069506948
1037733892
1073200383
1062667998
1070402318
1062607113
-1073822052
1056174423
1041954716
1066321917
1066106830
1066040213
-1078216198
1044611802
1066307494
1068913795
-1080133882
-1090352868
1055692708
-1103851750
-1076353383
-1076206569
-1078876550
-1074646343
-1104507781
-1082102368
-1106475383
1065673260
-1097889045
1067273856
-1084326327
1053755766
1072709865
1069648618
-1096833168
-1108501201
-1074643062
1069784004
-1132106485
-1085547327
1071054844
1072514992
-1075054655
-1079562198
1067175879
1072859145
1065750321
1072247808
1068092592
1070311137
-1081408741
1062000596
1068266790
1070108903
1059388064
1069213064
-1082070312
-1080521176
-1100701749
-1077810628
1138507471
1137691799
1142521853
1134279705
1130147477
1143761374
1146314299
1145454564
1107452498
1127399567
1146450744
1146404093
1128957755
1103695549
1128054099
1136013450
1142398434
1139361657
1142759371
1147301079
1144010802
1144168120
1127772104
1133715518
1128804416
1144032151
1144203260
1134404745
1140386468
1121050941
1146603676
TLAST
1143392846
