2415853568
-1001246006
1124269431
1111964853
-1001923914
-1004453198
1122666364
-1005689724
-1016580537
-999953242
1146943689
1111369485
-1014412790
1146810322
1136611717
-1006489964
-999460331
1146899473
1142505673
1130487643
-1008551209
-1004722267
1135411638
1145379285
1146605054
-1018929024
-1000474596
-1016685548
1086886374
-1011912612
1146125331
1094288908
1116198475
1146328558
-999719019
-1005240466
1137557375
-1030732272
-1002518527
1144940090
1141313845
1141796756
-1013465961
-999015111
-1007170836
-1002481727
1131975865
1133570851
1145980265
-1029719390
1125804046
1141808606
1146356690
-1000490539
-999330598
-1011607394
1147276691
1143552911
1139236618
1133212720
-1012952048
-1001320148
1107886970
-1009044573
-1008382424
-998786037
1126316179
-1004652701
1138734659
1145904790
1142640421
1145476699
1146609430
1141827488
-999179422
-1003576207
1124809684
1147532346
-1005716287
-1008787676
1145682374
-1016038135
1110777158
-999203099
1143840236
1146291598
1128069645
1126241594
1125537053
1148680675
-1011184260
1136413801
1129850222
1142338732
1119531787
-1027540659
1126501110
-1106852350
-1086506152
1073282118
1062440922
-1097238941
1060936672
1050127177
1027168796
1069084718
1064052970
-1074844531
-1077398188
1060008198
-1076026050
1040478400
-1089310629
1068363589
1040911898
-1082052828
-1089783848
-1080514614
1066858297
-1085539114
1071776522
-1080112145
1063365891
1056976039
-1076538892
1057864821
1071957802
-1094316652
1068959637
-1115321836
-1085768542
-1078562645
1068246632
-1077075384
-1094269631
1062352727
-1076715055
-1093102482
-1086465687
-1093122371
1069743387
1034546443
-1081030417
1068975597
1055611512
-1088663454
1061828627
1050642486
-1074223453
1066701443
-1089350470
-1096008815
1064817041
-1082074460
-1090172625
1069392856
1073001192
1072076150
1069715345
1027092311
1069533496
1068684631
1071844750
-1082232291
1022327293
-1075526518
-1136610594
-1075955916
-1086726403
-1107720347
1064337673
1055118206
1066944663
1064508520
-1076848260
-1106155271
-1076655983
1049683664
-1084958566
-1104171623
1050892390
-1104974808
1071790913
1072732231
1066502494
-1076848182
1064431500
1073542846
-1110333392
-1086895658
1072221198
-1083865642
1052537282
1136391193
1132590484
1137663398
1117467154
1128024457
1134683720
1098550276
1148244564
1084846765
1127461127
1141631620
1147364531
1125941793
1130105987
1148564895
1145650099
1141918545
1144232840
1141782222
1132879584
1140942904
1145377799
1145106466
1145961571
1146571142
1136583243
1117251166
1145039358
1132867104
1144169130
1140632186
TLAST
1142553608
2415853569
1140926751
1126654808
-1012947118
1147719064
-1015166196
-998692952
1133893576
-1003685039
-1011080049
1136867816
-1003663360
1132865799
1136098980
1141285502
-1022593803
-1018648543
-1011801455
-1000132661
1127697266
1119814360
-1030206818
1127608984
-999672970
1143196704
1112263686
-1009094990
-1011792132
1121470830
1145692161
-1017361355
1135141167
-1012463841
1145590054
-1006801579
-1020121303
-1040547451
1144135839
-1012854693
-1008027922
-1015459052
-1035841313
1142353162
1146814585
1138496586
-1001007115
1136928218
1131488489
1148490003
-999269899
1134679114
-1014945871
-1006173607
1143311144
1145903379
-1001171588
-1041651998
1146673219
1141986011
1143811727
1132980174
1120173927
1143453508
-1007407942
1126047707
-1007100019
-1001034493
-1022665735
1137195686
1142516417
-1022442452
1135606394
-1004117714
-1003350912
-1023617721
1146487401
-1014255062
-1018029741
1120667342
-1001748253
1142850083
-1004453329
-1007861002
-1011369270
-1004931745
-1001051709
1142476015
-1023876220
1138624664
1118836483
1124616607
1146141139
1141829661
-1003959423
1132616960
1146280566
1110295850
1059756932
-1079010975
1068139594
-1089519123
-1090301309
-1076015465
-1081063687
-1091811517
1069996174
-1090192683
-1082991712
-1095632027
1048784440
1064887913
1071785890
-1080025370
1060122999
-1106292371
1050109291
-1086301566
1072438121
-1087000458
1067115088
-1083441516
1063427366
1070677255
1045144201
1072745395
-1085990486
1027366507
1059874327
-1081424557
1042117585
1073692269
1072143730
1069702365
1069893302
1071023539
1070905027
-1115010025
-1083905856
-1080887257
-1080191460
-1109394188
-1087619237
-1086336588
-1081204632
1068809297
1048837987
1071013257
1070750563
-1075739973
-1079040242
1067723921
-1087682866
1071718557
1071540249
-1092654658
-1116151286
1053687864
-1085546785
1040359742
1051759824
1072407629
-1091356022
-1079425912
1069032064
-1077048477
1056995914
1058494382
-1085102389
1069909353
-1074280862
-1098128472
-1120315060
-1084052793
1056848873
1014925085
1066540399
-1092480948
-1077584086
-1088737055
1066896322
1062735783
-1107873900
-1094430729
1070892842
1060395051
1058144732
1063343827
1060798532
-1091995944
-1089851332
-1084887666
-1083336795
1045905937
1142075947
1140296555
1124454540
1148734327
1128749781
1112030254
1135765419
1146228974
1107933969
1134132276
1131802199
1086953778
1145872885
1143165131
1098971287
1141729522
1133498777
1145838577
1121620736
1130262301
1144319082
1147496666
1148796203
1147949902
1134176770
1139391505
1124593139
1142757556
1140132619
1141335458
1147488552
TLAST
1146461270
2415853570
1139639340
1114655771
-1022950908
1143660823
-1002624557
-1003388235
-1027198424
1140246601
-999629437
-1041467923
-1010527684
1128179408
-1006320200
-1008770639
1144390728
-1011461713
1135142568
1143062869
1144749409
1136327523
1129404753
1143151536
-1014109653
-1007563471
-1010895904
1074360359
1146971565
1137062283
1146856068
-1020962036
1142056892
1091489494
-1002206299
-1003500342
-1019150493
1138846004
1142383591
-1003888013
1131022473
1129678434
1142855215
1132206492
-1022903438
-1004021024
1142258966
-1004567230
1121006443
-1039186331
1141857498
1134963431
-1037469785
1107883973
1141588986
1131336321
1147878594
1147781610
-1004318502
-1002579623
-1011685774
1142876250
-1002856848
-1051153645
1143092353
1139648626
1139642087
-1036053393
-998910249
1122524712
-1019982793
-1009841327
1137290598
1148802283
1137738333
1141748830
1126210029
-1029629255
1138869756
1146914252
1143791849
-1015942512
-1034592129
-1009740132
1129159493
-1002420279
-1000157044
-1037849795
1079323653
-1006172368
-1025565565
1143619450
-1007126333
1132431769
1133393060
1141256010
-1004061016
-1030679620
1071961702
1069643689
1073137317
-1075198883
-1085707898
-1075017107
-1084808499
-1099764160
-1080904731
1065466812
1047920755
1069085522
1064879410
1045594613
-1115241590
-1090189082
1057644618
1066482028
-1083490202
1048078937
-1080615498
1066403303
-1075914237
-1080163882
-1080125210
-1114286608
1068469794
-1079502491
1067193521
-1075210953
-1075842210
-1105062095
-1128027483
-1080026162
1036020574
-1075423100
-1078488438
-1083503404
1058040432
-1100043393
1057145207
-1083895680
-1086639024
1043330652
1054892810
1067215359
1051112816
1072579897
1071894335
-1074753696
-1079544534
-1091451887
-1080513500
-1077199797
1070768084
1056992205
1057387264
1069760166
-1089911789
-1075160062
-1088622502
-1075820128
1061840575
-1088130761
1058445281
-1078815810
-1073818550
-1101046281
1067649777
-1080950541
-1076756534
1045055680
-1083530163
-1079830724
1069535008
-1084084234
1052445124
1072238004
1042119807
-1092972090
-1075411737
1067294790
1066964516
-1073843802
1068220569
1035813074
1043718244
1071962817
1069301071
1049031925
1057764946
1065564251
-1125295052
1065674295
-1087674700
-1077007586
1125355125
1140320029
1140022175
1135496975
1147689861
1119563382
1143596294
1131091812
1136711976
1144155503
1143869571
1134881474
1143899299
1141428874
1144260391
1141678684
1113758210
1146104085
1142614260
1133257858
1132628651
1131314102
1141192656
1147503739
1144730223
1145013533
1137555940
1143646523
1148537205
1143519168
1097931021
TLAST
1146468773
2415853571
-1007927497
1147467060
1143843229
1144321263
1135735007
1144445854
1136971412
1136921771
-1001742336
1144462333
1119491791
1136395654
-1006113008
1146084833
-1020362464
-1003915836
-1001270133
-1041920634
-1006601515
-1002366019
1148420171
-1004722690
1146060536
1130911206
1120695980
1109983065
1147461373
1143474100
1139098345
-1001543229
1142354833
1141039896
1129056391
-1006232453
1133050720
-1012205119
1119586412
1126998471
-1007147623
1105910668
-1001739916
-1006938542
-1001065197
-1021170609
1144977059
1142846701
1146133240
-1004396951
1134095780
-1027689680
1126507718
1147600351
-1048818349
-1003088981
1141618925
-1014441743
1127841381
1142949879
1113810105
1134404858
1103887887
-1013735591
1135219681
1144996169
-1003280315
-1015033625
1124996645
1146430742
-1001574211
-1008389729
-1018883418
-999364963
1132897992
-1000745878
1147495433
-1007908498
1145087117
1138377115
-999214570
-1016152178
1056711066
1141536684
1148412687
1089294611
1134667138
-1003491206
1146152214
-1000743438
1143048999
1132854366
1140956765
1125593198
-1013417544
-1036409401
1136575189
-1016965321
1072988835
-1115404148
-1074548553
-1083038975
-1075362156
-1084425935
1065520933
1061929911
-1079278536
-1104235538
-1076959248
1036498434
1073247102
-1080761517
-1082169654
-1094408230
1049120752
1067217989
1065784480
-1082077357
1061767818
-1080694881
1006763189
-1086906039
-1087340085
-1081745834
1062156581
1066663622
1062879199
1070789885
1066004048
-1077975431
1060080887
1055525224
1069135464
-1090065064
-1075203590
-1089845682
1073466420
-1076683030
1027411509
1071048319
1064064861
-1085211681
1069689339
1072196544
-1076505725
1047702249
-1082327746
1044617166
-1075695428
1070858675
1073346202
1073561268
1057376353
-1074691570
-1074516129
-1078773314
1052485503
1070786213
1059823877
1068687278
1073247859
-1077964483
-1079368677
1060572430
1059932613
1065202553
1053682618
1072609484
-1081744905
1062450843
-1089895858
1039621441
1068771143
1071780770
-1096466912
-1086934266
1072098202
-1086693651
-1076993327
-1076217270
-1077851696
1065924363
1067445231
1073071901
1073141334
1071291328
-1076722809
1072155580
1059473883
1070007233
1072813158
-1090286655
1056182477
1067654348
1136412570
1141163756
1143885241
1143953608
1117628745
1147040963
1134171578
1147369767
1142723846
1148539473
1140976984
1121143799
1143030358
1145980768
1147618660
1133486778
1146938322
1126283450
1136989308
1143607615
1132044303
1145376008
1148086050
1130447051
1129480069
1142063508
1142519870
1142148199
1127883166
1131967361
1142705017
TLAST
1140989648
