2415853568
-8.772490234375000000e+02
-4.108071289062500000e+02
3.447983093261718750e+02
-6.273660888671875000e+02
-9.286560058593750000e+02
-5.159503784179687500e+02
9.170585327148437500e+02
-8.663919067382812500e+02
-9.979570007324218750e+01
-3.750275878906250000e+02
1.822972564697265625e+02
-7.077668457031250000e+02
-6.090462036132812500e+02
5.175178833007812500e+02
-7.987082519531250000e+02
4.248150024414062500e+02
-4.316622009277343750e+02
-5.649863891601562500e+02
-4.159673767089843750e+02
-7.168191528320312500e+02
6.832156372070312500e+02
-2.273087768554687500e+02
-9.667150268554687500e+02
9.803395080566406250e+01
1.146124649047851562e+02
4.219665832519531250e+02
1.040545177459716797e+01
3.290291748046875000e+02
-4.256477966308593750e+02
5.967500610351562500e+02
1.544682617187500000e+02
2.977362365722656250e+02
6.166898803710937500e+02
-2.027274627685546875e+02
5.319453125000000000e+02
-9.404268798828125000e+02
-7.740598754882812500e+02
7.588970336914062500e+02
-9.761364135742187500e+02
4.981376647949218750e+02
8.023093414306640625e+01
9.572849731445312500e+02
8.361098632812500000e+02
-6.353705215454101562e+01
4.731618957519531250e+02
-1.578177337646484375e+02
4.417257995605468750e+02
6.063083496093750000e+02
-4.720305786132812500e+02
2.616954345703125000e+02
9.972027587890625000e+02
-6.764686889648437500e+02
3.842350769042968750e+02
5.553219604492187500e+02
6.064866333007812500e+02
7.396526489257812500e+02
8.282420043945312500e+02
-8.879930419921875000e+02
8.798258056640625000e+02
-1.300271148681640625e+02
-3.565077209472656250e+01
2.524891967773437500e+02
6.619162597656250000e+02
4.771535034179687500e+02
7.122709960937500000e+02
8.313666381835937500e+02
7.267005004882812500e+02
9.385550537109375000e+02
-8.999113769531250000e+02
-7.212172851562500000e+02
4.443333129882812500e+02
-4.496618347167968750e+02
-1.014248352050781250e+02
4.472690124511718750e+02
3.189140014648437500e+02
-5.116302185058593750e+02
-2.396663970947265625e+02
-4.388768005371093750e+02
-7.698095092773437500e+02
3.350158386230468750e+02
3.989049987792968750e+02
-6.580523681640625000e+01
7.281789550781250000e+02
-6.296110229492187500e+02
-5.267008056640625000e+02
-3.117728576660156250e+02
-7.745325317382812500e+02
-3.344747619628906250e+02
-8.098978271484375000e+02
-7.738493652343750000e+02
8.617849731445312500e+02
6.743820190429687500e+02
-2.530512237548828125e+02
1.890475921630859375e+02
-3.980342712402343750e+02
-4.316840515136718750e+02
-1.393510341644287109e+00
9.126459360122680664e-01
-1.663031801581382751e-02
1.354606389999389648e+00
-1.792047619819641113e+00
1.391304016113281250e+00
-6.272315979003906250e-01
1.518057823181152344e+00
7.560172677040100098e-01
-1.248409599065780640e-01
1.896644830703735352e+00
5.466697216033935547e-01
-1.948853373527526855e+00
-3.786448538303375244e-01
1.634097337722778320e+00
1.016978383064270020e+00
-1.772466778755187988e+00
1.774015903472900391e+00
-3.974072039127349854e-01
-7.716550827026367188e-01
-1.157673597335815430e+00
-3.561057448387145996e-01
-5.974608659744262695e-01
1.525970935821533203e+00
-2.676019370555877686e-01
-4.778003692626953125e-01
-5.542637705802917480e-01
1.685096383094787598e+00
1.846242785453796387e+00
-3.643416166305541992e-01
1.046609282493591309e+00
-1.879864454269409180e+00
1.463672280311584473e+00
1.404588341712951660e+00
-1.232944846153259277e+00
-1.571464985609054565e-01
1.263746976852416992e+00
2.556004524230957031e-01
1.371995568275451660e+00
-7.419776320457458496e-01
-3.784697651863098145e-01
-1.408395767211914062e+00
1.607058882713317871e+00
-2.261950820684432983e-01
-1.587763071060180664e+00
-1.228645205497741699e+00
1.681501716375350952e-01
-9.428607672452926636e-02
-9.969073534011840820e-01
9.673639535903930664e-01
1.838783621788024902e+00
-6.238270401954650879e-01
7.206480503082275391e-01
-1.589668154716491699e+00
-1.470161557197570801e+00
1.256113529205322266e+00
1.255516707897186279e-01
4.288511872291564941e-01
1.547896623611450195e+00
-9.703936576843261719e-01
1.060554146766662598e+00
-8.188327550888061523e-01
1.956071376800537109e+00
-7.038925290107727051e-01
-8.667900562286376953e-01
-1.650664448738098145e+00
1.662790298461914062e+00
-6.744667291641235352e-01
-1.822093725204467773e+00
-4.289672672748565674e-01
1.141148447990417480e+00
1.747679352760314941e+00
6.334363818168640137e-01
-1.293162584304809570e+00
-1.474455475807189941e+00
-1.337925195693969727e+00
1.673788905143737793e+00
1.742354154586791992e+00
1.818902134895324707e+00
-1.010323405265808105e+00
1.934300780296325684e+00
-6.662977337837219238e-01
1.283540129661560059e+00
-4.222255349159240723e-01
-9.851602911949157715e-01
1.729447722434997559e+00
-1.526338815689086914e+00
3.374896943569183350e-02
-5.793929696083068848e-01
-1.797737002372741699e+00
-1.853810787200927734e+00
-3.302844166755676270e-01
8.409490585327148438e-01
-1.919535636901855469e+00
-1.044758319854736328e+00
6.135370135307312012e-01
8.361408996582031250e+01
7.917366333007812500e+02
5.614845581054687500e+02
4.784243774414062500e+02
1.398148498535156250e+02
2.743140258789062500e+02
7.780742797851562500e+02
8.626896362304687500e+02
3.332694091796875000e+02
1.093142776489257812e+02
2.428810577392578125e+02
2.413758544921875000e+02
1.393167572021484375e+02
8.207387084960937500e+02
7.760821533203125000e+02
1.873053283691406250e+02
5.412868041992187500e+02
2.791084098815917969e+01
7.518333740234375000e+02
8.041373252868652344e+00
2.923348693847656250e+02
5.493506469726562500e+02
1.666819915771484375e+02
5.331420288085937500e+02
9.583104248046875000e+02
4.663986816406250000e+02
2.465080718994140625e+02
1.991520233154296875e+02
7.589047241210937500e+02
6.042175903320312500e+02
4.457923889160156250e+02
TLAST
5.208366088867187500e+02
2415853569
3.267468261718750000e+02
7.828829345703125000e+02
5.935703735351562500e+02
8.730697631835937500e+02
4.693359069824218750e+02
4.453040466308593750e+02
4.117010116577148438e+01
3.484992675781250000e+02
1.828141212463378906e+01
-5.759133911132812500e+02
-9.506876220703125000e+02
-4.867595825195312500e+02
-4.411266174316406250e+02
8.471995849609375000e+02
2.170000762939453125e+02
-2.822809448242187500e+02
-6.157635498046875000e+02
2.521421203613281250e+02
3.116831970214843750e+01
7.086875000000000000e+02
-6.691490478515625000e+02
-4.944298400878906250e+02
7.582622680664062500e+02
-6.163621826171875000e+02
7.993000488281250000e+02
-9.494166564941406250e+01
-4.143256530761718750e+02
-9.588695678710937500e+02
-1.756533203125000000e+02
-4.660663757324218750e+02
-8.176567993164062500e+02
1.067487182617187500e+02
1.438890991210937500e+02
4.844468383789062500e+02
1.597894134521484375e+02
8.370452270507812500e+02
-1.734656219482421875e+02
-1.471200866699218750e+02
-9.650048828125000000e+02
3.259478759765625000e+02
-5.003065185546875000e+02
-7.214991455078125000e+02
5.368562011718750000e+02
6.602824096679687500e+02
-4.375097961425781250e+02
-1.794133186340332031e+01
9.687446289062500000e+02
-1.529934997558593750e+02
-6.930084838867187500e+02
6.631047363281250000e+02
-9.496604003906250000e+02
4.679876098632812500e+02
-9.690226440429687500e+02
-3.112361450195312500e+02
-1.332557067871093750e+02
-1.234933013916015625e+02
8.652227172851562500e+02
-4.368747863769531250e+02
7.297629394531250000e+02
8.024686889648437500e+02
2.275339813232421875e+02
-2.626052856445312500e+02
6.867555541992187500e+02
2.960255432128906250e+02
-2.678438110351562500e+02
2.525257568359375000e+02
-5.685725708007812500e+02
6.360667114257812500e+02
-4.746911239624023438e+01
4.950221862792968750e+02
4.911734619140625000e+02
8.745521240234375000e+02
-4.629570617675781250e+02
8.777991943359375000e+02
3.716309204101562500e+02
1.353025970458984375e+02
-4.445502929687500000e+02
-4.184657287597656250e+02
7.102259521484375000e+02
-5.366373901367187500e+02
2.764659690856933594e+01
1.485371093750000000e+02
-3.435769271850585938e+01
-5.746941528320312500e+02
-2.634247741699218750e+02
-5.085922241210937500e+02
-1.506491088867187500e+02
1.286836547851562500e+02
8.716834716796875000e+02
8.877357177734375000e+02
7.458435668945312500e+02
-4.770511779785156250e+02
-9.637474975585937500e+02
-4.782571411132812500e+02
9.685240478515625000e+02
3.225831604003906250e+02
-3.067725896835327148e-02
-1.442422866821289062e+00
1.129188537597656250e+00
1.260918021202087402e+00
-5.498414039611816406e-01
1.864880323410034180e+00
9.327023029327392578e-01
1.211730241775512695e+00
2.611883580684661865e-01
-2.709731757640838623e-01
1.986458778381347656e+00
1.873647212982177734e+00
-4.385604858398437500e-01
-5.276057124137878418e-01
5.669586658477783203e-01
8.898616433143615723e-01
1.776000976562500000e+00
3.235963881015777588e-01
1.915696144104003906e+00
5.589801073074340820e-01
1.673132181167602539e+00
7.703655958175659180e-01
-7.674955725669860840e-01
-1.177418470382690430e+00
-8.428262472152709961e-01
5.527711510658264160e-01
8.455463051795959473e-01
6.494057774543762207e-01
1.808643698692321777e+00
1.572530716657638550e-01
-1.429302811622619629e+00
-6.911337375640869141e-02
5.487022399902343750e-01
3.593418598175048828e-01
1.639448523521423340e+00
-1.272756695747375488e+00
-9.660303592681884766e-01
5.848169922828674316e-01
-1.236625537276268005e-01
-3.691820800304412842e-01
1.186268687248229980e+00
-9.101456999778747559e-01
4.466476142406463623e-01
-9.117030501365661621e-01
1.079905629158020020e+00
1.426658928394317627e-01
7.624753117561340332e-01
1.320118427276611328e+00
-2.472530901432037354e-01
1.458930373191833496e+00
-1.164566516876220703e+00
-8.934141397476196289e-01
-1.727149605751037598e+00
6.312426328659057617e-01
-2.085836827754974365e-01
1.798409581184387207e+00
1.108462810516357422e+00
-1.392296433448791504e+00
-1.421191215515136719e+00
5.223458632826805115e-02
1.002682209014892578e+00
-1.729398369789123535e+00
-7.342557311058044434e-01
5.720449090003967285e-01
-2.336689233779907227e-01
3.559730947017669678e-01
1.975401401519775391e+00
1.244809985160827637e+00
1.610716462135314941e+00
-2.976615726947784424e-01
1.799633860588073730e+00
-1.806400418281555176e+00
-1.038666009902954102e+00
2.698400914669036865e-01
-1.905663251876831055e+00
-1.423825025558471680e+00
1.121390685439109802e-01
1.992058992385864258e+00
-1.395043730735778809e+00
4.900139570236206055e-02
-5.380567312240600586e-01
1.883146762847900391e+00
7.718712091445922852e-01
-7.833706215023994446e-03
-5.002635121345520020e-01
-1.092529892921447754e+00
8.347705602645874023e-01
2.786948978900909424e-01
1.312673568725585938e+00
1.629275083541870117e+00
-1.163310050964355469e+00
1.844228506088256836e+00
7.654112577438354492e-02
6.381662487983703613e-01
-2.997919619083404541e-01
1.989508718252182007e-01
8.718756103515625000e+02
9.393697509765625000e+02
2.646384582519531250e+02
5.067475891113281250e+02
7.538207397460937500e+02
6.540531616210937500e+02
4.147357482910156250e+02
7.969602050781250000e+02
1.492739677429199219e+01
8.320539550781250000e+02
6.499477539062500000e+02
7.882175292968750000e+02
7.729248046875000000e+02
1.900423431396484375e+02
1.821260070800781250e+02
4.741788864135742188e+01
6.976447143554687500e+02
4.029937744140625000e+01
4.460818481445312500e+01
2.606573677062988281e+01
3.470963439941406250e+02
5.741362915039062500e+02
6.627243652343750000e+02
9.231041870117187500e+02
2.278321647644042969e+01
1.791767883300781250e+02
7.806416015625000000e+02
7.988411254882812500e+02
4.396478576660156250e+02
3.986545410156250000e+02
9.894913330078125000e+02
TLAST
5.033874511718750000e+02
2415853570
-6.555272216796875000e+02
5.906004028320312500e+02
9.912159423828125000e+02
5.725488281250000000e+02
-1.936279296875000000e+02
-2.197145080566406250e+02
-5.233893966674804688e+01
-6.502446289062500000e+02
-9.964225463867187500e+02
-8.658625488281250000e+02
1.066700973510742188e+02
-9.277224731445312500e+02
-8.914146118164062500e+02
-5.535134277343750000e+02
7.216023559570312500e+02
8.741087341308593750e+01
9.626370849609375000e+02
-2.697980957031250000e+02
-8.872096252441406250e+01
8.974889526367187500e+02
1.936992797851562500e+02
-3.699838256835937500e+02
4.185635375976562500e+02
6.597331542968750000e+02
8.579848632812500000e+02
4.460125122070312500e+02
-7.991526489257812500e+02
4.002861022949218750e+01
8.730026245117187500e+01
-1.535968875885009766e+01
-6.228946533203125000e+02
3.803368225097656250e+02
-9.121990966796875000e+02
-9.982739868164062500e+02
-5.416678466796875000e+02
7.315686645507812500e+02
6.385630493164062500e+02
7.891113891601562500e+02
-1.321148681640625000e+02
3.729449844360351562e+01
4.205123596191406250e+02
3.749487304687500000e+02
8.636394653320312500e+02
9.167704467773437500e+02
-6.593707885742187500e+02
3.769918212890625000e+02
-8.608914184570312500e+01
1.919213867187500000e+02
7.702703247070312500e+02
-4.840262985229492188e+01
5.687183227539062500e+02
-5.337766723632812500e+02
-7.942591094970703125e+01
7.209513549804687500e+02
-1.512187347412109375e+02
-3.621896972656250000e+02
7.142296142578125000e+02
-3.799730834960937500e+02
-8.874262084960937500e+02
7.274379882812500000e+02
8.096351928710937500e+02
-7.612922973632812500e+02
-3.318904418945312500e+02
-4.153367309570312500e+02
-2.030326385498046875e+02
9.469238281250000000e+02
-1.423959503173828125e+02
2.035801086425781250e+02
7.562775268554687500e+02
6.551108398437500000e+02
-3.449927978515625000e+02
-1.902463684082031250e+02
6.406089477539062500e+02
-5.063194580078125000e+02
3.799588317871093750e+02
6.207885131835937500e+02
3.301773376464843750e+02
-5.266287841796875000e+02
8.588203125000000000e+02
3.514526672363281250e+02
5.190528564453125000e+02
-8.263289184570312500e+02
-3.180313720703125000e+02
1.780897369384765625e+02
2.661554565429687500e+02
2.694066162109375000e+02
6.028763427734375000e+02
-5.094672546386718750e+02
5.444803466796875000e+02
5.175953369140625000e+02
-1.954319915771484375e+02
-2.203837280273437500e+02
-6.504277954101562500e+02
-1.638068771362304688e+01
-7.969401245117187500e+02
-2.561267395019531250e+02
6.063520908355712891e-01
-6.165390610694885254e-01
1.951341867446899414e+00
-1.884809851646423340e+00
1.838335156440734863e+00
-2.517263591289520264e-01
5.189182758331298828e-01
1.230757832527160645e+00
-6.126927137374877930e-01
-1.144087672233581543e+00
8.425459265708923340e-01
-5.633516907691955566e-01
-1.812955141067504883e+00
-1.519430041313171387e+00
-6.736069917678833008e-01
-1.287622451782226562e+00
-3.361345827579498291e-01
-3.608627319335937500e-01
-1.659571975469589233e-01
-5.098205208778381348e-01
-1.995470046997070312e+00
1.067280292510986328e+00
-6.972717642784118652e-01
-1.127800107002258301e+00
-3.197790682315826416e-01
7.968957424163818359e-01
1.895570456981658936e-01
-4.629206359386444092e-01
-7.746578454971313477e-01
1.959264874458312988e+00
1.359298110008239746e+00
7.512245774269104004e-01
1.926584839820861816e+00
1.950355648994445801e+00
-9.428328275680541992e-01
-1.569445490837097168e+00
-1.494752645492553711e+00
-8.393868803977966309e-01
-1.110478997230529785e+00
-1.677813291549682617e+00
1.408405601978302002e-01
-1.552690505981445312e+00
8.027912378311157227e-01
3.496938049793243408e-01
-6.895293593406677246e-01
-5.019911527633666992e-01
-1.511990070343017578e+00
1.527689218521118164e+00
1.179914593696594238e+00
-1.102926969528198242e+00
-1.925084829330444336e+00
1.678710937500000000e+00
-1.798925250768661499e-01
6.346554756164550781e-01
-1.625717878341674805e+00
-2.902667224407196045e-01
-1.509568572044372559e+00
-1.231378078460693359e+00
-8.200972080230712891e-01
-1.526951789855957031e+00
1.335940122604370117e+00
6.004790067672729492e-01
-4.688610732555389404e-01
5.594422817230224609e-01
-1.524781584739685059e+00
1.912871599197387695e+00
4.451732635498046875e-01
-6.646538376808166504e-01
-2.981117963790893555e-01
1.089965820312500000e+00
9.852749109268188477e-01
5.736639499664306641e-01
2.112812697887420654e-01
-1.986721277236938477e+00
-4.959967732429504395e-01
1.951937824487686157e-01
-1.009000778198242188e+00
-1.767925739288330078e+00
-1.755062460899353027e+00
7.151313871145248413e-02
1.655723929405212402e+00
1.663634061813354492e+00
4.720315337181091309e-01
1.306634843349456787e-01
-1.652870774269104004e+00
1.584855675697326660e+00
1.879138827323913574e+00
2.056945562362670898e-01
1.717473030090332031e+00
9.295016527175903320e-02
8.080840706825256348e-01
1.603713274002075195e+00
-1.731595754623413086e+00
1.996865630149841309e+00
-7.887899875640869141e-01
1.148465752601623535e+00
4.462351989746093750e+02
5.250906372070312500e+02
1.938738555908203125e+02
4.075408935546875000e+02
7.278794555664062500e+02
3.224559631347656250e+02
6.986900634765625000e+02
7.610488891601562500e+02
5.983408203125000000e+02
8.340861206054687500e+02
9.254875488281250000e+02
1.054500274658203125e+02
1.812849426269531250e+02
1.533651733398437500e+02
9.145725097656250000e+02
4.693411560058593750e+02
5.870949707031250000e+02
9.122790527343750000e+02
2.401172790527343750e+02
2.467472076416015625e+02
1.106576538085937500e+02
4.519422302246093750e+02
2.080524291992187500e+02
1.236814422607421875e+02
7.692435302734375000e+02
9.245706787109375000e+02
1.744147186279296875e+02
3.125215454101562500e+02
7.258841552734375000e+02
5.135742187500000000e+02
1.072084503173828125e+02
TLAST
3.599723205566406250e+02
2415853571
-5.216661376953125000e+02
-9.856903686523437500e+02
-7.874281616210937500e+02
2.018220062255859375e+02
-8.794973754882812500e+02
-5.950541992187500000e+02
-4.225155334472656250e+02
-9.225175781250000000e+02
-5.162324218750000000e+02
-2.579502563476562500e+02
-5.206509399414062500e+02
1.296315574645996094e+01
-2.682100219726562500e+02
-8.137850341796875000e+02
3.780157165527343750e+02
7.292387084960937500e+02
1.253339843750000000e+02
-4.764756774902343750e+02
3.138168029785156250e+02
-1.511378173828125000e+02
-4.119269714355468750e+02
3.131921386718750000e+02
-9.736748046875000000e+02
1.404162445068359375e+02
-6.226499023437500000e+02
1.666363677978515625e+02
4.527801208496093750e+02
5.867409667968750000e+02
9.075124511718750000e+02
-3.681170654296875000e+02
9.395288085937500000e+02
-8.008538818359375000e+02
5.632959594726562500e+02
-3.444424743652343750e+02
3.037709960937500000e+02
-8.785342407226562500e+01
-7.921802520751953125e+01
1.352544708251953125e+02
-3.825016784667968750e+02
8.099271240234375000e+02
4.809584350585937500e+02
-7.428922729492187500e+02
1.817641296386718750e+02
-9.568118896484375000e+02
-2.052703094482421875e+02
-7.671440429687500000e+02
2.620410156250000000e+02
3.831758422851562500e+02
1.364332122802734375e+02
4.989375610351562500e+02
3.530297851562500000e+02
7.139869689941406250e+01
7.848751831054687500e+01
6.216049804687500000e+02
-4.879265747070312500e+02
-4.165108337402343750e+02
-8.652565307617187500e+02
5.434850463867187500e+02
-4.006239929199218750e+02
7.158272094726562500e+02
8.486150512695312500e+02
-4.432311096191406250e+02
-8.587028808593750000e+02
-6.619297485351562500e+02
9.660576782226562500e+02
-3.750541992187500000e+02
-3.982485351562500000e+02
2.139718780517578125e+02
-6.413004302978515625e+01
-6.091805419921875000e+02
9.395344238281250000e+02
9.530572509765625000e+01
9.384633789062500000e+02
8.853122558593750000e+02
-2.926597595214843750e+02
-8.462555541992187500e+02
5.049985656738281250e+02
4.852654418945312500e+02
5.736702880859375000e+02
-2.558218383789062500e+02
5.635768127441406250e+01
-6.620527343750000000e+02
9.517884521484375000e+02
4.891983947753906250e+02
4.666787719726562500e+02
-9.956860351562500000e+02
-7.821907348632812500e+02
6.773695068359375000e+02
-7.821589965820312500e+02
3.164111633300781250e+02
5.721357421875000000e+02
3.896751098632812500e+02
-1.668538856506347656e+01
-1.634148254394531250e+02
-7.958225708007812500e+02
9.017807617187500000e+02
1.710923433303833008e+00
1.202206850051879883e+00
-1.838569164276123047e+00
-1.132648944854736328e+00
1.586596250534057617e+00
-1.859762191772460938e+00
3.777439892292022705e-02
-1.318217992782592773e+00
1.042439937591552734e+00
-7.475525140762329102e-01
1.680976629257202148e+00
1.424466967582702637e+00
-1.130470991134643555e+00
5.937303304672241211e-01
-1.088305473327636719e+00
-1.189587593078613281e+00
-1.272552132606506348e+00
1.991945147514343262e+00
-1.580867290496826172e+00
-9.770194441080093384e-02
1.754752159118652344e+00
1.643851280212402344e+00
-2.691473066806793213e-01
-6.008843779563903809e-01
1.057574152946472168e+00
1.290488004684448242e+00
1.423519372940063477e+00
-1.649340748786926270e+00
-1.183716893196105957e+00
-9.350044727325439453e-01
1.253261603415012360e-02
-1.509434342384338379e+00
-1.739600539207458496e+00
-1.747332811355590820e-01
1.813568353652954102e+00
1.932649135589599609e+00
1.561904191970825195e+00
-5.784152746200561523e-01
-4.939819574356079102e-01
-2.034746855497360229e-01
5.359805822372436523e-01
1.826663255691528320e+00
-1.244508147239685059e+00
1.542194604873657227e+00
4.584123939275741577e-02
-1.150442361831665039e+00
-5.660781860351562500e-01
5.344754457473754883e-01
-2.924560010433197021e-01
-1.501105308532714844e+00
-1.087636500597000122e-01
7.443012595176696777e-01
5.845255255699157715e-01
-9.054752439260482788e-02
4.152742326259613037e-01
1.869563907384872437e-01
-3.036769926548004150e-01
-7.392057180404663086e-01
-1.282982707023620605e+00
-1.640165567398071289e+00
1.437074899673461914e+00
1.404023885726928711e+00
1.755873113870620728e-01
-5.344225764274597168e-01
-5.959720015525817871e-01
-1.221614032983779907e-01
4.713406562805175781e-01
-8.169269561767578125e-02
1.159641981124877930e+00
-9.092104434967041016e-01
-1.208383917808532715e+00
-1.012818574905395508e+00
-1.540000677108764648e+00
-7.522428035736083984e-01
1.230306267738342285e+00
-1.490433931350708008e+00
1.810546994209289551e+00
8.946278691291809082e-01
1.358630657196044922e-01
-1.368418812751770020e+00
5.829553604125976562e-01
1.550958633422851562e+00
-1.154130935668945312e+00
1.809101343154907227e+00
1.438476324081420898e+00
-6.064995005726814270e-02
-1.996524184942245483e-01
-1.516105294227600098e+00
8.117258548736572266e-01
4.446208775043487549e-01
7.937369942665100098e-01
-7.312964797019958496e-01
8.976277112960815430e-01
-1.822879314422607422e+00
5.853604674339294434e-01
-1.721118450164794922e+00
6.706842651367187500e+02
1.569389190673828125e+02
1.632434844970703125e+02
1.993726015090942383e+00
6.729193115234375000e+02
1.588494110107421875e+02
6.178698348999023438e+01
8.598157348632812500e+02
6.155125732421875000e+02
4.481907653808593750e+02
7.422633056640625000e+02
6.782698364257812500e+02
3.469672851562500000e+02
4.591684570312500000e+02
6.304990234375000000e+02
8.052984619140625000e+02
9.802049560546875000e+02
1.458167114257812500e+02
7.066236114501953125e+01
9.820861816406250000e+01
1.639720306396484375e+02
4.579194641113281250e+01
4.197815246582031250e+02
4.184905395507812500e+02
8.686580810546875000e+02
1.390361022949218750e+02
1.160351333618164062e+02
8.441358032226562500e+02
7.571303558349609375e+01
5.213056564331054688e+01
2.818059082031250000e+02
TLAST
4.743909912109375000e+02
