840760626
857537843
874315059
891157812
    2588
    2589
    2846
    2847
907935029
907871029
538776869
87372057
    3104
    6186
   10023
    6429
-30068458
-13291242
 3485975
20263192
    3347
    3604
    3604
    3861
-482986295
-466209078
-449431861
-432654645
    4097
    4098
    4355
    4355
-415877428
-231327284
-266523423
-434817571
    4612
    9225
   12546
    4843
-636406054
-602851622
-586008869
-569231652
    2540
    2797
    2798
    3054
-151645684
-134868467
-118091251
-101314034
   64238
   64239
   64496
   64497
-84536561
-67693809
-50854640
-34541807
   64754
   64754
   62963
   61428
-18028527
-1251310
15591443
32368659
   61429
   61686
   61686
   61943
334489887
351267104
368109856
384887073
   63749
   63750
   64006
   64007
401664290
418441506
435218979
451996196
   64264
   64265
   64266
   64522
468773412
485616165
502393382
519170598
   64523
   64780
   64781
   65038
821291825
838134578
854911794
871689011
    1563
    1820
    1821
    1822
888466228
905243700
922020917
703787053
    2078
    2079
    2336
    6698
705493037
723254318
740031535
756874287
    6949
    1815
    1816
    2073
53817625
70660377
87437594
104214811
    3862
    4119
    4120
    4377
120992027
137769244
154546461
 2830094
    4377
    4634
    4635
   12568
-366202251
-600492347
-583715130
-566937914
   10513
    3580
    3581
    3838
-552454435
-535677219
-518900002
-502122785
    3055
    3312
    3313
    3570
-485280033
-468502816
-451725599
-267372034
    3571
    3827
    3828
    5617
-133687030
-269151736
-252374520
-235597303
    2778
   63465
   63466
   63723
65923092
82700309
99477526
116254743
   61944
   62201
   62202
   62459
133031959
149874712
166652185
183429401
   62460
   62716
   62717
   62974
200206618
216983835
233761051
250538268
   62975
   62976
   62976
   62977
552725031
569502248
586279464
603122217
   65295
   65296
      17
      17
619899434
636676650
653453867
670231084
     274
     275
     276
     532
687008556
703785773
720628526
737405742
     533
     790
     791
    1048
773651504
790428977
807206193
840760626
    2074
    2331
    2332
    2588
857537843
874315059
891157812
907935029
    2589
    2846
    2847
    3104
907871029
538776869
87372057
-30068458
    6186
   10023
    6429
    3347
-533383481
-516606264
-499763511
-482986295
    4095
    4095
    4096
    4097
-466209078
-449431861
-432654645
-415877428
    4098
    4355
    4355
    4612
-231327284
-266523423
-434817571
-636406054
    9225
   12546
    4843
    2540
-202042870
-185265653
-168422901
-151645684
   63724
   63981
   63982
   64238
-134868467
-118091251
-101314034
-84536561
   64239
   64496
   64497
   64754
-67693809
-50854640
-34541807
-18028527
   64754
   62963
   61428
   61429
