838134578 854911794
854911794 871689011
    1820     1820
    1821     1821
871689011 888466227
888466228 905243444
    1822     2078
    2078     2079
905243700 922020917
922020917 686616617
    2079     2336
    2336     4650
552398117 318435613
84736025 -48497643
    6695     6949
    4381     1810
-31720427 -31720426
-14943210 -14943210
    1810     1811
    1811     2068
 1899543  1899543
18676759 18676760
    2068     2068
    2069     2069
69008665 69008666
85785882 85785882
    2583     2583
    2584     2584
102563099 102563099
119405851 119405852
    2841     2841
    2841     2842
136183068 152960284
152960285  1901326
    3098     3099
    3099     6168
-250278410 -400747047
-416538169 -600493627
    9238    10001
    6405     3580
-600493627 -583716411
-583716410 -566939194
    3580     3580
    3581     3837
-566939194 -550161977
-550161977 -533384761
    3838     3838
    3838     4095
-499764791 -482987575
-482987574 -466210358
    4097     4097
    4097     4098
-466210358 -449433141
-449433141 -432655925
    4354     4355
    4355     4355
-432655924 -415878708
-415878708 -232050753
    4612     4612
    4613     9225
-266524231 -367515215
-434818400 -653183585
   12546    10742
    4838     2539
-636406112 -636406112
-619628896 -602851679
    2540     2540
    2796     2797
-602786143 -586008927
-586008926 -569231710
    2797     2798
    2798     3054
-535677276 -518900060
-518900060 -502122843
    3312     3313
    3313     3569
-502122843 -485280091
-485280090 -468502874
    3570     3570
    3571     3827
-468502874 -451725657
-451725657 -401589827
    3827     3828
    3828     5105
-401593135 -536339999
-587787299 -772468007
    5610     2778
   63188    63198
-755690791 -755690790
-738913574 -738913574
   63454    63455
   63455    63455
-722136357 -722136357
-705359141 -705359140
   63712    63712
   63713    63713
-654961955 -638184738
-638184738 -621407522
   63971    64227
   64228    64228
-621407521 -604630305
-604630305 -587853088
   64228    64485
   64485    64486
-587852832 -571075616
-571075615 -403240212
   64486    64742
   64743    64477
-252377602 -117964534
-235868410 -269818105
   62928    59341
   57303    59625
-269818104 -253040888
-253040888 -236198135
   59625    59882
   59882    59882
-236198135 -219420919
-219420918 -202643702
   59883    59883
   60140    60140
-169089012 -152311796
-135534580 -135534579
   60398    60398
   60655    60655
-118757363 -118757363
-101980146 -101914610
   60656    60656
   60912    60913
-85137394 -85137393
-68360177 -68360177
   60913    60914
   60914    61170
-51582960 -51582960
-34805744 -34805743
   61171    61171
   61172    61428
-18028527 -18028527
-1251310 -1251310
   61428    61429
   61429    61686
15525906 15591443
32368659 32368659
   61686    61686
   61687    61943
82700309 99477526
99477526 116254742
   62201    62202
   62202    62202
116254743 133031959
133031959 149809176
   62459    62459
   62460    62460
149874712 166652184
166652185 183429401
   62716    62717
   62717    62718
183429401 200206618
200206618 216983834
   62974    62974
   62975    62975
216983835 233761051
233761051 250538267
   62976    62976
   62976    62977
250538268 267315484
284158236 284158237
   62977    63234
   63234    63234
334489887 334489887
351267103 351267104
   63492    63749
   63749    63750
368044320 368109856
384887073 384887073
   63750    64006
   64007    64007
401664289 401664290
418441506 418441506
   64008    64264
   64264    64265
435218723 435218979
451996195 451996196
   64265    64266
   64522    64522
468773412 468773412
485550629 485616165
   64523    64523
   64780    64780
502393381 502393382
519170598 519170598
   64780    64781
   65037    65038
569502248 586279464
586279464 603122217
   65296    65296
      17       17
603122217 619899433
619899434 636676650
      17       18
     274      274
636676650 653453867
653453867 670231083
     275      275
     276      532
670231084 687008556
687008556 703785773
     532      533
     533      790
703785773 720628525
720628526 737405742
     790      790
     791     1047
737405742 754182959
754182959 770960175
    1048     1048
    1048     1305
804514609 821291825
821291825 838134578
    1563     1563
    1564     1820
854911794 854911794
871689011 871689011
    1820     1821
    1821     1822
888466227 888466228
905243444 905243700
    2078     2078
    2079     2079
922020917 922020917
686616617 552398117
    2336     2336
    4650     6695
318435613 84736025
-48497643 -31720427
    6949     4381
    1810     1810
-31720426 -14943210
-14943210  1899543
    1811     1811
    2068     2068
35454232 52231449
52231449 69008665
    2326     2326
    2327     2583
69008666 85785882
85785882 102563099
    2583     2584
    2584     2841
102563099 119405851
119405852 136183068
    2841     2841
    2842     3098
152960284 152960285
 1901326 -250278410
    3099     3099
    6168     9238
-400747047 -416538169
-600493627 -600493627
   10001     6405
    3580     3580
-583716411 -583716410
-566939194 -566939194
    3580     3581
    3837     3838
-516607544 -516607544
-499764791 -499764791
    4095     3840
    4096     4097
-482987575 -482987574
-466210358 -466210358
    4097     4097
    4098     4354
-449433141 -449433141
-432655925 -432655924
    4355     4355
    4355     4612
-415878708 -415878708
-232050753 -266524231
    4612     4613
    9225    12546
-367515215 -434818400
-653183585 -636406112
   10742     4838
    2539     2540
-636406112 -619628896
-602851679 -602786143
    2540     2796
    2797     2797
-552454493 -552454493
-535677277 -535677276
    3055     3055
    3312     3312
-518900060 -518900060
-502122843 -502122843
    3313     3313
    3569     3570
-485280091 -485280090
-468502874 -468502874
    3570     3571
    3827     3827
-451725657 -451725657
-401589827 -401593135
    3828     3828
    5105     5610
-536339999 -587787299
-772468007 -755690791
    2778    63188
   63198    63454
-755690790 -738913574
-738913574 -722136357
   63455    63455
   63455    63712
-688581924 -671739171
-654961955 -654961955
   63970    63970
   63970    63971
-638184738 -638184738
-621407522 -621407521
   64227    64228
   64228    64228
-604630305 -604630305
-587853088 -587852832
   64485    64485
   64486    64486
-571075616 -571075615
-403240212 -252377602
   64742    64743
   64477    62928
-117964534 -235868410
-269818105 -269818104
   59341    57303
   59625    59625
-253040888 -253040888
-236198135 -236198135
   59882    59882
   59882    59883
-185866229 -185866229
-169089013 -169089012
   60141    60397
   60398    60398
-152311796 -135534580
-135534579 -118757363
   60398    60655
   60655    60656
-118757363 -101980146
-101914610 -85137394
   60656    60912
   60913    60913
-85137393 -68360177
-68360177 -51582960
   60914    60914
   61170    61171
-51582960 -34805744
-34805743 -18028527
   61171    61172
   61428    61428
-18028527 -1251310
-1251310 15525906
   61429    61429
   61686    61686
49145876 65923092
82700309 82700309
   61944    61944
   61945    62201
99477526 99477526
116254742 116254743
   62202    62202
   62202    62459
133031959 133031959
149809176 149874712
   62459    62460
   62460    62716
166652184 166652185
183429401 183429401
   62717    62717
   62718    62974
200206618 200206618
216983834 216983835
   62974    62975
   62975    62976
233761051 233761051
250538267 250538268
   62976    62976
   62977    62977
300935453 317712670
317712670 334489887
   63491    63492
   63492    63492
334489887 351267103
351267104 368044320
   63749    63749
   63750    63750
368109856 384887073
384887073 401664289
   64006    64007
   64007    64008
401664290 418441506
418441506 435218723
   64264    64264
   64265    64265
435218979 451996195
451996196 468773412
   64266    64522
   64522    64523
468773412 485550629
485616165 502393381
   64523    64780
   64780    64780
552725031 552725031
569502247 569502248
   65038    65295
   65295    65296
586279464 586279464
603122217 603122217
   65296       17
      17       17
619899433 619899434
636676650 636676650
      18      274
     274      275
653453867 653453867
670231083 670231084
     275      276
     532      532
687008556 687008556
703785773 703785773
     533      533
     790      790
720628525 720628526
737405742 737405742
     790      791
    1047     1048
787737392 787737392
804514608 804514609
    1306     1306
    1562     1563
821291825 821291825
838134578 854911794
    1563     1564
    1820     1820
854911794 871689011
871689011 888466227
    1821     1821
    1822     2078
888466228 905243444
905243700 922020917
    2078     2079
    2079     2336
922020917 686616617
552398117 318435613
    2336     4650
    6695     6949
84736025 -48497643
-31720427 -31720426
    4381     1810
    1810     1811
18676759 18676760
35454232 35454232
    2069     2069
    2326     2326
52231449 52231449
69008665 69008666
    2326     2327
    2583     2583
85785882 85785882
102563099 102563099
    2584     2584
    2841     2841
119405851 119405852
136183068 152960284
    2841     2842
    3098     3099
152960285  1901326
-250278410 -400747047
    3099     6168
    9238    10001
-416538169 -600493627
-600493627 -583716411
    6405     3580
    3580     3580
-550161977 -533384761
-533384760 -516607544
    3838     4095
    4095     4095
-516607544 -499764791
-499764791 -482987575
    3840     4096
    4097     4097
-482987574 -466210358
-466210358 -449433141
    4097     4098
    4354     4355
-449433141 -432655925
-432655924 -415878708
    4355     4355
    4612     4612
-415878708 -232050753
-266524231 -367515215
    4613     9225
   12546    10742
-434818400 -653183585
-636406112 -636406112
    4838     2539
    2540     2540
-586008926 -569231710
-569231710 -552454493
    2798     3054
    3055     3055
-552454493 -535677277
-535677276 -518900060
    3055     3312
    3312     3313
-518900060 -502122843
-502122843 -485280091
    3313     3569
    3570     3570
-485280090 -468502874
-468502874 -451725657
    3571     3827
    3827     3828
-451725657 -401589827
-401593135 -536339999
    3828     5105
    5610     2778
-587787299 -772468007
-755690791 -755690790
   63188    63198
   63454    63455
-705359141 -705359140
-688581924 -688581924
   63713    63713
   63969    63970
-671739171 -654961955
-654961955 -638184738
   63970    63970
   63971    64227
-638184738 -621407522
-621407521 -604630305
   64228    64228
   64228    64485
-604630305 -587853088
-587852832 -571075616
   64485    64486
   64486    64742
-571075615 -403240212
-252377602 -117964534
   64743    64477
   62928    59341
-235868410 -269818105
-269818104 -253040888
   57303    59625
   59625    59882
-219420918 -202643702
-202643446 -185866229
   60140    60140
   60140    60141
-185866229 -169089013
-169089012 -152311796
   60397    60398
   60398    60398
-135534580 -135534579
-118757363 -118757363
   60655    60655
   60656    60656
-101980146 -101914610
-85137394 -85137393
   60912    60913
   60913    60914
-68360177 -68360177
-51582960 -51582960
   60914    61170
   61171    61171
-34805744 -34805743
-18028527 -18028527
   61172    61428
   61428    61429
