2410.00000
3281.00000
10696.00000
18165.00000
18024.00000
27227.00000
29032.00000
26862.00000
33462.00000
50290.00000
49818.00000
65983.00000
67758.00000
73255.00000
80370.00000
78026.00000
80456.00000
84632.00000
81344.00000
82327.00000
87909.00000
87846.00000
101946.00000
88873.00000
84651.00000
88132.00000
90873.00000
93986.00000
97399.00000
81954.00000
85706.00000
83900.00000
90122.00000
80722.00000
81349.00000
65792.00000
70715.00000
68226.00000
73018.00000
62188.00000
65228.00000
55540.00000
49267.00000
52248.00000
60398.00000
57668.00000
65387.00000
61707.00000
62509.00000
70023.00000
68683.00000
81352.00000
68973.00000
75101.00000
66406.00000
68422.00000
70788.00000
74769.00000
73188.00000
65874.00000
77622.00000
67053.00000
73011.00000
59728.00000
70893.00000
66445.00000
77778.00000
70403.00000
71250.00000
70747.00000
70148.00000
69451.00000
69974.00000
72137.00000
82058.00000
71254.00000
75544.00000
61796.00000
73578.00000
61515.00000
69100.00000
57519.00000
60488.00000
70607.00000
67957.00000
70097.00000
69522.00000
71481.00000
69953.00000
75853.00000
70588.00000
69284.00000
76580.00000
69717.00000
71585.00000
77505.00000
77021.00000
75112.00000
72682.00000
62140.00000
57143.00000
58209.00000
62031.00000
61422.00000
54762.00000
62946.00000
50579.00000
66821.00000
51361.00000
61360.00000
55144.00000
63784.00000
57230.00000
57345.00000
56541.00000
64490.00000
63420.00000
71183.00000
69383.00000
74965.00000
58788.00000
75100.00000
58185.00000
76666.00000
59539.00000
74839.00000
67230.00000
78833.00000
63841.00000
73295.00000
64972.00000
70483.00000
67141.00000
73776.00000
68048.00000
69040.00000
61403.00000
60731.00000
67737.00000
68950.00000
68901.00000
55859.00000
67716.00000
54764.00000
66681.00000
61862.00000
66423.00000
52620.00000
54883.00000
56965.00000
56122.00000
58823.00000
56620.00000
47557.00000
55207.00000
55148.00000
51740.00000
51187.00000
52876.00000
50603.00000
51740.00000
60930.00000
63441.00000
69027.00000
61154.00000
66551.00000
68991.00000
62594.00000
70030.00000
63833.00000
63745.00000
63069.00000
59985.00000
46580.00000
57173.00000
56454.00000
60932.00000
54316.00000
55957.00000
51080.00000
66186.00000
65897.00000
61202.00000
48803.00000
52448.00000
54878.00000
66824.00000
59760.00000
62625.00000
57699.00000
74627.00000
65016.00000
75947.00000
69720.00000
66198.00000
66342.00000
71845.00000
64484.00000
68504.00000
73176.00000
73433.00000
79946.00000
80347.00000
73556.00000
76999.00000
77609.00000
76274.00000
80764.00000
84716.00000
81658.00000
84026.00000
87079.00000
78364.00000
81437.00000
81168.00000
73995.00000
79711.00000
73242.00000
68787.00000
61618.00000
64564.00000
53830.00000
57325.00000
59561.00000
54049.00000
54708.00000
53292.00000
62325.00000
56091.00000
62301.00000
61143.00000
54318.00000
63174.00000
65892.00000
73191.00000
71602.00000
65423.00000
55680.00000
60507.00000
59850.00000
54487.00000
55556.00000
50919.00000
50961.00000
56094.00000
47740.00000
56782.00000
60005.00000
58324.00000
50430.00000
61641.00000
54638.00000
67423.00000
70702.00000
68368.00000
72533.00000
71511.00000
68343.00000
75736.00000
77226.00000
74946.00000
76365.00000
65026.00000
76099.00000
76521.00000
84773.00000
65433.00000
78407.00000
62622.00000
74310.00000
69896.00000
78252.00000
68602.00000
72338.00000
63475.00000
72418.00000
70531.00000
78127.00000
70339.00000
65364.00000
73397.00000
70054.00000
73447.00000
73201.00000
83311.00000
75753.00000
86644.00000
83984.00000
76303.00000
82466.00000
79635.00000
74452.00000
76436.00000
71388.00000
74864.00000
71985.00000
82850.00000
75772.00000
83569.00000
70294.00000
78367.00000
68920.00000
67789.00000
61462.00000
52885.00000
59579.00000
59428.00000
64527.00000
55151.00000
63988.00000
67744.00000
57072.00000
67704.00000
50793.00000
65742.00000
65605.00000
78525.00000
70927.00000
74672.00000
76350.00000
75022.00000
80567.00000
75080.00000
74985.00000
66416.00000
80921.00000
69096.00000
69139.00000
61992.00000
55164.00000
58914.00000
67815.00000
59882.00000
58929.00000
54374.00000
62838.00000
61629.00000
66369.00000
55988.00000
57083.00000
51364.00000
59013.00000
63793.00000
60764.00000
59513.00000
54409.00000
56347.00000
58491.00000
60059.00000
75725.00000
62071.00000
82223.00000
70231.00000
77674.00000
76819.00000
84515.00000
75993.00000
81474.00000
78716.00000
70932.00000
83186.00000
72413.00000
76999.00000
73893.00000
76210.00000
63617.00000
71019.00000
68978.00000
60047.00000
68435.00000
57714.00000
72773.00000
68423.00000
72104.00000
56423.00000
70278.00000
68251.00000
66368.00000
69042.00000
59415.00000
64782.00000
60000.00000
62883.00000
51585.00000
62509.00000
53796.00000
55405.00000
63405.00000
65566.00000
60336.00000
69458.00000
60338.00000
71015.00000
75732.00000
84900.00000
75315.00000
84976.00000
67783.00000
73918.00000
73803.00000
74835.00000
63735.00000
65235.00000
54664.00000
58396.00000
61653.00000
58539.00000
52788.00000
54017.00000
44961.00000
47543.00000
49385.00000
51396.00000
59221.00000
63496.00000
69435.00000
63752.00000
70932.00000
64855.00000
73196.00000
63654.00000
67953.00000
64957.00000
73526.00000
74903.00000
73696.00000
64282.00000
60344.00000
65260.00000
66650.00000
60741.00000
60867.00000
54021.00000
63247.00000
63527.00000
72251.00000
59182.00000
73824.00000
66535.00000
78629.00000
77734.00000
81737.00000
78019.00000
76045.00000
76313.00000
72485.00000
79868.00000
70900.00000
71590.00000
57427.00000
62905.00000
64944.00000
70239.00000
61146.00000
70926.00000
59708.00000
70632.00000
67041.00000
71492.00000
69350.00000
64076.00000
63034.00000
51356.00000
68914.00000
59202.00000
62802.00000
60493.00000
61692.00000
53921.00000
62436.00000
57790.00000
65120.00000
54211.00000
63157.00000
47786.00000
65323.00000
53272.00000
62995.00000
58785.00000
67079.00000
67045.00000
65261.00000
66300.00000
64616.00000
70472.00000
73908.00000
68568.00000
71429.00000
67775.00000
72210.00000
73604.00000
80035.00000
72443.00000
75990.00000
79726.00000
65867.00000
75734.00000
67672.00000
71830.00000
70329.00000
73797.00000
71253.00000
77075.00000
76005.00000
78153.00000
82174.00000
78456.00000
73137.00000
77692.00000
71599.00000
82669.00000
78193.00000
76696.00000
68280.00000
72028.00000
80406.00000
73726.00000
83546.00000
68038.00000
72860.00000
68604.00000
72093.00000
63559.00000
70189.00000
68190.00000
66379.00000
66333.00000
61243.00000
64480.00000
68686.00000
61231.00000
59545.00000
63683.00000
62486.00000
73512.00000
79014.00000
84540.00000
73657.00000
81929.00000
71642.00000
76334.00000
71424.00000
68895.00000
64912.00000
64851.00000
66277.00000
62012.00000
71119.00000
67854.00000
62822.00000
62292.00000
62547.00000
59598.00000
62959.00000
60180.00000
57065.00000
66664.00000
56259.00000
63374.00000
60003.00000
63490.00000
62375.00000
70830.00000
62982.00000
66915.00000
61623.00000
68523.00000
59685.00000
69933.00000
61170.00000
71386.00000
70233.00000
76115.00000
78562.00000
76397.00000
89796.00000
81214.00000
82635.00000
78236.00000
84253.00000
82677.00000
90753.00000
81963.00000
82447.00000
91109.00000
81769.00000
79757.00000
80803.00000
80270.00000
87043.00000
90083.00000
77696.00000
76918.00000
67750.00000
67234.00000
61599.00000
70348.00000
60945.00000
60094.00000
59377.00000
56834.00000
51647.00000
56061.00000
56181.00000
56536.00000
60859.00000
61507.00000
59562.00000
71822.00000
77009.00000
73336.00000
87378.00000
78272.00000
91499.00000
87258.00000
103872.00000
91327.00000
91564.00000
86009.00000
90290.00000
95220.00000
87804.00000
90883.00000
82875.00000
79751.00000
87527.00000
74414.00000
82018.00000
80688.00000
86425.00000
80940.00000
91634.00000
86361.00000
83611.00000
88451.00000
81007.00000
82058.00000
79226.00000
89365.00000
80123.00000
93634.00000
87454.00000
85845.00000
75219.00000
71523.00000
66057.00000
70220.00000
63183.00000
54529.00000
58419.00000
50358.00000
56166.00000
50773.00000
42419.00000
41265.00000
44340.00000
37907.00000
42719.00000
42088.00000
44398.00000
39330.00000
48178.00000
44571.00000
49034.00000
58856.00000
61255.00000
64200.00000
67850.00000
65821.00000
64171.00000
68305.00000
69307.00000
74317.00000
60382.00000
59845.00000
56286.00000
63550.00000
55849.00000
63200.00000
51769.00000
59140.00000
58871.00000
56267.00000
53090.00000
69167.00000
61456.00000
71544.00000
73521.00000
85821.00000
82624.00000
79639.00000
80894.00000
79722.00000
85122.00000
85155.00000
78602.00000
73442.00000
74068.00000
69989.00000
59011.00000
59093.00000
61478.00000
53598.00000
62866.00000
51204.00000
65901.00000
53502.00000
62983.00000
59068.00000
60873.00000
72997.00000
63244.00000
73738.00000
58685.00000
76056.00000
66642.00000
75780.00000
65626.00000
69731.00000
74774.00000
73651.00000
85248.00000
73681.00000
75003.00000
64787.00000
67102.00000
69139.00000
65423.00000
56422.00000
58928.00000
53124.00000
58852.00000
64789.00000
54116.00000
54733.00000
57496.00000
68902.00000
60364.00000
78006.00000
61647.00000
66524.00000
67555.00000
75355.00000
61924.00000
63538.00000
54126.00000
55146.00000
43882.00000
57844.00000
43704.00000
47586.00000
40359.00000
44496.00000
34319.00000
53600.00000
49149.00000
43890.00000
41176.00000
45987.00000
37949.00000
52475.00000
53598.00000
51836.00000
50123.00000
49121.00000
51256.00000
52175.00000
61769.00000
55872.00000
63141.00000
52482.00000
56501.00000
63545.00000
69141.00000
60629.00000
62496.00000
61270.00000
61106.00000
77198.00000
67555.00000
63225.00000
62552.00000
68532.00000
64462.00000
71867.00000
64033.00000
74605.00000
69244.00000
77558.00000
75370.00000
72949.00000
64409.00000
67874.00000
63079.00000
65168.00000
74497.00000
69191.00000
59006.00000
62034.00000
56710.00000
66510.00000
69797.00000
76619.00000
65223.00000
69480.00000
59165.00000
59428.00000
67384.00000
68024.00000
62212.00000
64526.00000
65497.00000
66180.00000
73914.00000
69661.00000
68680.00000
76310.00000
68548.00000
77422.00000
70166.00000
77596.00000
77256.00000
88230.00000
79235.00000
75513.00000
63797.00000
68725.00000
67185.00000
70688.00000
65498.00000
58969.00000
56868.00000
62570.00000
58504.00000
59628.00000
57002.00000
49425.00000
49087.00000
59159.00000
45994.00000
56624.00000
47813.00000
47642.00000
49685.00000
49848.00000
50544.00000
54969.00000
57112.00000
48645.00000
62840.00000
58561.00000
64576.00000
65718.00000
71400.00000
67715.00000
77606.00000
75235.00000
80419.00000
74246.00000
75862.00000
73000.00000
59155.00000
71469.00000
57922.00000
67401.00000
66044.00000
63956.00000
55293.00000
59849.00000
64467.00000
55295.00000
60658.00000
47627.00000
43687.00000
49406.00000
57798.00000
57817.00000
56873.00000
49248.00000
46047.00000
44801.00000
48059.00000
42967.00000
46081.00000
38217.00000
44281.00000
43338.00000
44471.00000
45416.00000
37543.00000
42039.00000
39029.00000
44858.00000
39397.00000
44506.00000
37749.00000
53142.00000
55856.00000
65011.00000
63167.00000
61725.00000
55338.00000
66787.00000
67671.00000
65295.00000
64759.00000
52011.00000
58727.00000
65630.00000
75637.00000
62889.00000
69045.00000
49549.00000
65084.00000
56502.00000
67771.00000
64182.00000
66613.00000
69934.00000
65356.00000
68952.00000
66592.00000
77275.00000
65916.00000
71585.00000
65169.00000
64078.00000
71380.00000
73964.00000
74600.00000
65819.00000
65116.00000
60022.00000
58330.00000
56794.00000
56985.00000
58405.00000
64542.00000
67276.00000
61296.00000
61700.00000
63421.00000
64895.00000
68523.00000
76484.00000
73839.00000
74471.00000
74267.00000
78471.00000
74739.00000
86723.00000
66430.00000
67201.00000
67846.00000
73154.00000
63269.00000
70951.00000
60944.00000
64339.00000
62395.00000
70845.00000
62747.00000
79795.00000
70059.00000
70324.00000
74372.00000
77556.00000
73752.00000
63722.00000
73353.00000
58091.00000
69356.00000
52919.00000
62186.00000
58373.00000
71473.00000
58747.00000
67132.00000
58124.00000
67467.00000
66680.00000
72418.00000
70608.00000
67057.00000
73318.00000
75903.00000
85464.00000
74501.00000
77589.00000
75248.00000
67848.00000
74217.00000
65461.00000
75385.00000
78271.00000
82692.00000
74606.00000
85144.00000
84676.00000
85573.00000
81698.00000
85476.00000
85849.00000
80314.00000
92315.00000
84713.00000
83532.00000
79962.00000
79057.00000
66219.00000
74889.00000
65502.00000
58310.00000
69637.00000
64265.00000
71266.00000
58930.00000
67550.00000
51262.00000
69763.00000
56693.00000
67676.00000
62435.00000
73212.00000
