2.000000000e+00 0.000000000e+00 
0.000000000e+00 0.000000000e+00 
0.000000000e+00 0.000000000e+00 
0.000000000e+00 0.000000000e+00 
0.000000000e+00 0.000000000e+00 
0.000000000e+00 0.000000000e+00 
0.000000000e+00 0.000000000e+00 
0.000000000e+00 0.000000000e+00 
2.339017242e-01 -2.610360980e-01 
-3.861513734e-02 -3.800860047e-01 
-6.255607307e-02 -6.100159511e-02 
2.359212041e-01 -2.860213220e-01 
-2.272412479e-01 -4.488781467e-02 
3.333262503e-01 4.795026183e-01 
4.123321176e-01 -8.112840354e-02 
-1.055552997e-02 1.212178767e-01 
7.135726511e-02 3.219150603e-01 
-8.700748906e-03 -1.731731892e-01 
-3.174521923e-01 -3.075308800e-01 
-6.689219922e-02 -1.258260757e-01 
3.448674083e-01 -4.319183826e-01 
1.586543024e-01 -3.125717342e-01 
3.270705342e-01 -3.698721156e-02 
-2.905907296e-02 -3.286300600e-01 
3.551881909e-01 -8.981135488e-02 
5.700297356e-01 -2.725577354e-02 
1.156834513e-01 -2.392077297e-01 
-1.434392110e-02 1.555564534e-02 
9.682391584e-02 -2.018376067e-02 
2.113034427e-01 -2.957994640e-01 
-1.939722896e-01 -2.700235844e-01 
-9.778314829e-02 4.549604058e-01 
9.778350592e-03 -2.549722493e-01 
-2.011301666e-01 1.211625785e-01 
4.899642467e-01 1.785444021e-01 
4.891844392e-01 -3.110994101e-01 
2.272444963e-01 -3.777426481e-01 
-1.086474806e-01 -2.541998029e-01 
-5.875371397e-03 -2.752078511e-02 
-1.107001305e-02 -4.506574012e-03 
-1.956892610e-01 -3.276947141e-01 
3.083693683e-01 1.757455766e-01 
8.816439658e-02 2.314833179e-02 
-3.471579775e-02 4.036955237e-01 
-3.385033086e-02 -1.276114732e-01 
-1.231476888e-01 1.762289368e-02 
4.503933191e-01 -3.865109384e-01 
3.600313962e-01 -2.026884407e-01 
4.321449101e-01 2.296037972e-02 
8.872799575e-02 -2.775319219e-01 
4.164692163e-01 7.146868855e-02 
-2.293063104e-01 -1.515126824e-01 
-1.318732053e-01 3.625554740e-01 
-1.340726167e-01 -2.080525607e-01 
9.034991264e-02 1.239103545e-02 
5.438876897e-02 -5.022937655e-01 
0.000000000e+00 0.000000000e+00 
0.000000000e+00 0.000000000e+00 
0.000000000e+00 0.000000000e+00 
0.000000000e+00 0.000000000e+00 
0.000000000e+00 0.000000000e+00 
0.000000000e+00 0.000000000e+00 
0.000000000e+00 0.000000000e+00 
0.000000000e+00 0.000000000e+00 
6.684670448e+00 0.000000000e+00 
6.682398319e+00 0.000000000e+00 
6.673361778e+00 0.000000000e+00 
6.659596443e+00 0.000000000e+00 
6.638990402e+00 0.000000000e+00 
6.613531590e+00 0.000000000e+00 
6.580659866e+00 0.000000000e+00 
6.542700768e+00 0.000000000e+00 
6.498321056e+00 0.000000000e+00 
6.447041035e+00 0.000000000e+00 
6.388760090e+00 0.000000000e+00 
6.323076248e+00 0.000000000e+00 
6.249735355e+00 0.000000000e+00 
6.168447971e+00 0.000000000e+00 
6.078693867e+00 0.000000000e+00 
5.980340004e+00 0.000000000e+00 
5.872797012e+00 0.000000000e+00 
5.757373333e+00 0.000000000e+00 
5.632066727e+00 0.000000000e+00 
5.495486259e+00 0.000000000e+00 
5.349920273e+00 0.000000000e+00 
5.195554733e+00 0.000000000e+00 
5.028877735e+00 0.000000000e+00 
4.851667881e+00 0.000000000e+00 
4.665327072e+00 0.000000000e+00 
4.468584061e+00 0.000000000e+00 
4.261517525e+00 0.000000000e+00 
4.046350479e+00 0.000000000e+00 
3.821972370e+00 0.000000000e+00 
3.589030504e+00 0.000000000e+00 
3.348535061e+00 0.000000000e+00 
3.103362083e+00 0.000000000e+00 
2.853030443e+00 0.000000000e+00 
2.600733757e+00 0.000000000e+00 
2.346643448e+00 0.000000000e+00 
2.094287634e+00 0.000000000e+00 
1.844182491e+00 0.000000000e+00 
1.598866701e+00 0.000000000e+00 
1.362099648e+00 0.000000000e+00 
1.136431217e+00 0.000000000e+00 
9.233365059e-01 0.000000000e+00 
7.266353369e-01 0.000000000e+00 
5.480371714e-01 0.000000000e+00 
3.911128640e-01 0.000000000e+00 
2.581475973e-01 0.000000000e+00 
1.511914730e-01 0.000000000e+00 
7.170896232e-02 0.000000000e+00 
2.160958387e-02 0.000000000e+00 
1.792906784e-03 0.000000000e+00 
1.251056045e-02 0.000000000e+00 
5.352161825e-02 0.000000000e+00 
1.238050908e-01 0.000000000e+00 
2.216567993e-01 0.000000000e+00 
3.451313674e-01 0.000000000e+00 
4.899947047e-01 0.000000000e+00 
6.526561379e-01 0.000000000e+00 
8.285016418e-01 0.000000000e+00 
1.012169838e+00 0.000000000e+00 
1.197864771e+00 0.000000000e+00 
1.378657937e+00 0.000000000e+00 
1.548931479e+00 0.000000000e+00 
1.702341437e+00 0.000000000e+00 
1.832394958e+00 0.000000000e+00 
1.933972836e+00 0.000000000e+00 
2.002198696e+00 0.000000000e+00 
2.033050776e+00 0.000000000e+00 
2.024156570e+00 0.000000000e+00 
1.974436998e+00 0.000000000e+00 
1.884467363e+00 0.000000000e+00 
1.756296635e+00 0.000000000e+00 
1.594844341e+00 0.000000000e+00 
1.404218793e+00 0.000000000e+00 
1.193809748e+00 0.000000000e+00 
9.711319804e-01 0.000000000e+00 
7.478854656e-01 0.000000000e+00 
5.338461995e-01 0.000000000e+00 
3.419087529e-01 0.000000000e+00 
1.826181710e-01 0.000000000e+00 
6.800653040e-02 0.000000000e+00 
8.611015044e-03 0.000000000e+00 
1.303104777e-02 0.000000000e+00 
8.845800161e-02 0.000000000e+00 
2.392768562e-01 0.000000000e+00 
4.687497020e-01 0.000000000e+00 
7.751336098e-01 0.000000000e+00 
1.154456139e+00 0.000000000e+00 
1.601405025e+00 0.000000000e+00 
2.105463266e+00 0.000000000e+00 
2.656670570e+00 0.000000000e+00 
3.240060329e+00 0.000000000e+00 
3.840808868e+00 0.000000000e+00 
4.443451405e+00 0.000000000e+00 
5.034173012e+00 0.000000000e+00 
5.596317291e+00 0.000000000e+00 
6.116478920e+00 0.000000000e+00 
6.583441734e+00 0.000000000e+00 
6.987067223e+00 0.000000000e+00 
7.323499203e+00 0.000000000e+00 
7.587975979e+00 0.000000000e+00 
7.781608582e+00 0.000000000e+00 
7.907869816e+00 0.000000000e+00 
7.972528934e+00 0.000000000e+00 
7.984148502e+00 0.000000000e+00 
7.952748299e+00 0.000000000e+00 
7.890072823e+00 0.000000000e+00 
7.807394981e+00 0.000000000e+00 
7.716854095e+00 0.000000000e+00 
7.628349304e+00 0.000000000e+00 
7.551224709e+00 0.000000000e+00 
7.492051125e+00 0.000000000e+00 
7.455786228e+00 0.000000000e+00 
7.444526196e+00 0.000000000e+00 
7.458353043e+00 0.000000000e+00 
7.494868279e+00 0.000000000e+00 
7.550356388e+00 0.000000000e+00 
7.619127274e+00 0.000000000e+00 
7.695096493e+00 0.000000000e+00 
7.771865845e+00 0.000000000e+00 
7.843302250e+00 0.000000000e+00 
7.904351234e+00 0.000000000e+00 
7.950656414e+00 0.000000000e+00 
7.979887962e+00 0.000000000e+00 
7.990770340e+00 0.000000000e+00 
7.984251499e+00 0.000000000e+00 
7.962285042e+00 0.000000000e+00 
7.928254128e+00 0.000000000e+00 
7.886480808e+00 0.000000000e+00 
7.841440678e+00 0.000000000e+00 
7.798022747e+00 0.000000000e+00 
7.760566235e+00 0.000000000e+00 
7.732576370e+00 0.000000000e+00 
7.716347694e+00 0.000000000e+00 
7.713610649e+00 0.000000000e+00 
7.723998070e+00 0.000000000e+00 
7.746520042e+00 0.000000000e+00 
7.778755188e+00 0.000000000e+00 
7.817620754e+00 0.000000000e+00 
7.859576225e+00 0.000000000e+00 
7.900705338e+00 0.000000000e+00 
7.937366486e+00 0.000000000e+00 
7.966372490e+00 0.000000000e+00 
7.985442638e+00 0.000000000e+00 
7.992872238e+00 0.000000000e+00 
7.988481522e+00 0.000000000e+00 
7.972798347e+00 0.000000000e+00 
7.947474957e+00 0.000000000e+00 
7.914753437e+00 0.000000000e+00 
7.877733231e+00 0.000000000e+00 
7.839754581e+00 0.000000000e+00 
7.804178238e+00 0.000000000e+00 
7.773562431e+00 0.000000000e+00 
7.751099586e+00 0.000000000e+00 
7.738131523e+00 0.000000000e+00 
7.735875130e+00 0.000000000e+00 
7.744115353e+00 0.000000000e+00 
7.762279510e+00 0.000000000e+00 
7.788876534e+00 0.000000000e+00 
7.821543217e+00 0.000000000e+00 
7.857453346e+00 0.000000000e+00 
7.893819332e+00 0.000000000e+00 
7.927638054e+00 0.000000000e+00 
7.956382751e+00 0.000000000e+00 
7.977957726e+00 0.000000000e+00 
7.990462303e+00 0.000000000e+00 
7.992947102e+00 0.000000000e+00 
7.985313416e+00 0.000000000e+00 
7.968221664e+00 0.000000000e+00 
7.942847252e+00 0.000000000e+00 
7.910998821e+00 0.000000000e+00 
7.874920845e+00 0.000000000e+00 
7.837007046e+00 0.000000000e+00 
7.800434113e+00 0.000000000e+00 
7.766913414e+00 0.000000000e+00 
7.739131927e+00 0.000000000e+00 
7.718688488e+00 0.000000000e+00 
7.706907272e+00 0.000000000e+00 
7.704529762e+00 0.000000000e+00 
7.711578369e+00 0.000000000e+00 
7.727396011e+00 0.000000000e+00 
7.751087666e+00 0.000000000e+00 
7.780999184e+00 0.000000000e+00 
7.815156937e+00 0.000000000e+00 
7.851278782e+00 0.000000000e+00 
7.887350559e+00 0.000000000e+00 
7.920771122e+00 0.000000000e+00 
7.949708462e+00 0.000000000e+00 
7.972197533e+00 0.000000000e+00 
7.986810207e+00 0.000000000e+00 
7.992413998e+00 0.000000000e+00 
7.988264084e+00 0.000000000e+00 
7.974547863e+00 0.000000000e+00 
7.951427937e+00 0.000000000e+00 
7.919569969e+00 0.000000000e+00 
7.880279541e+00 0.000000000e+00 
7.834995270e+00 0.000000000e+00 
7.785409927e+00 0.000000000e+00 
7.733415604e+00 0.000000000e+00 
7.680853367e+00 0.000000000e+00 
7.629647732e+00 0.000000000e+00 
7.581583977e+00 0.000000000e+00 
7.538303852e+00 0.000000000e+00 
7.501461029e+00 0.000000000e+00 
7.471717358e+00 0.000000000e+00 
7.450391769e+00 0.000000000e+00 
7.437845230e+00 0.000000000e+00 
7.434129715e+00 0.000000000e+00 
7.439356804e+00 0.000000000e+00 
7.453236580e+00 0.000000000e+00 
7.475114822e+00 0.000000000e+00 
7.503870010e+00 0.000000000e+00 
7.538868904e+00 0.000000000e+00 
7.578601837e+00 0.000000000e+00 
7.621946812e+00 0.000000000e+00 
7.667558670e+00 0.000000000e+00 
7.714169502e+00 0.000000000e+00 
7.760226250e+00 0.000000000e+00 
7.804660797e+00 0.000000000e+00 
7.846069336e+00 0.000000000e+00 
7.883730888e+00 0.000000000e+00 
7.916559219e+00 0.000000000e+00 
7.943435192e+00 0.000000000e+00 
7.964211464e+00 0.000000000e+00 
7.978131294e+00 0.000000000e+00 
7.984896183e+00 0.000000000e+00 
7.984336853e+00 0.000000000e+00 
7.976357460e+00 0.000000000e+00 
7.961091995e+00 0.000000000e+00 
7.938920498e+00 0.000000000e+00 
7.909779549e+00 0.000000000e+00 
7.874566555e+00 0.000000000e+00 
7.833422661e+00 0.000000000e+00 
7.786855698e+00 0.000000000e+00 
7.735909462e+00 0.000000000e+00 
7.680554390e+00 0.000000000e+00 
7.622688293e+00 0.000000000e+00 
7.561536312e+00 0.000000000e+00 
7.498767853e+00 0.000000000e+00 
7.433873653e+00 0.000000000e+00 
7.369481564e+00 0.000000000e+00 
7.305122852e+00 0.000000000e+00 
7.240925789e+00 0.000000000e+00 
7.177998543e+00 0.000000000e+00 
7.117225647e+00 0.000000000e+00 
7.058681488e+00 0.000000000e+00 
7.003302097e+00 0.000000000e+00 
6.951404095e+00 0.000000000e+00 
6.903159142e+00 0.000000000e+00 
6.859218597e+00 0.000000000e+00 
6.819718361e+00 0.000000000e+00 
6.785022736e+00 0.000000000e+00 
6.754329681e+00 0.000000000e+00 
6.729817390e+00 0.000000000e+00 
6.709604263e+00 0.000000000e+00 
6.696019173e+00 0.000000000e+00 
6.686948776e+00 0.000000000e+00 
6.685820103e+00 0.000000000e+00 
2.000000000e+00 0.000000000e+00 
0.000000000e+00 0.000000000e+00 
0.000000000e+00 0.000000000e+00 
0.000000000e+00 0.000000000e+00 
0.000000000e+00 0.000000000e+00 
0.000000000e+00 0.000000000e+00 
0.000000000e+00 0.000000000e+00 
0.000000000e+00 0.000000000e+00 
2.339017242e-01 -2.610360980e-01 
-3.861513734e-02 -3.800860047e-01 
-6.255607307e-02 -6.100159511e-02 
2.359212041e-01 -2.860213220e-01 
-2.272412479e-01 -4.488781467e-02 
3.333262503e-01 4.795026183e-01 
4.123321176e-01 -8.112840354e-02 
-1.055552997e-02 1.212178767e-01 
7.135726511e-02 3.219150603e-01 
-8.700748906e-03 -1.731731892e-01 
-3.174521923e-01 -3.075308800e-01 
-6.689219922e-02 -1.258260757e-01 
3.448674083e-01 -4.319183826e-01 
1.586543024e-01 -3.125717342e-01 
3.270705342e-01 -3.698721156e-02 
-2.905907296e-02 -3.286300600e-01 
3.551881909e-01 -8.981135488e-02 
5.700297356e-01 -2.725577354e-02 
1.156834513e-01 -2.392077297e-01 
-1.434392110e-02 1.555564534e-02 
9.682391584e-02 -2.018376067e-02 
2.113034427e-01 -2.957994640e-01 
-1.939722896e-01 -2.700235844e-01 
-9.778314829e-02 4.549604058e-01 
9.778350592e-03 -2.549722493e-01 
-2.011301666e-01 1.211625785e-01 
4.899642467e-01 1.785444021e-01 
4.891844392e-01 -3.110994101e-01 
2.272444963e-01 -3.777426481e-01 
-1.086474806e-01 -2.541998029e-01 
-5.875371397e-03 -2.752078511e-02 
-1.107001305e-02 -4.506574012e-03 
-1.956892610e-01 -3.276947141e-01 
3.083693683e-01 1.757455766e-01 
8.816439658e-02 2.314833179e-02 
-3.471579775e-02 4.036955237e-01 
-3.385033086e-02 -1.276114732e-01 
-1.231476888e-01 1.762289368e-02 
4.503933191e-01 -3.865109384e-01 
3.600313962e-01 -2.026884407e-01 
4.321449101e-01 2.296037972e-02 
8.872799575e-02 -2.775319219e-01 
4.164692163e-01 7.146868855e-02 
-2.293063104e-01 -1.515126824e-01 
-1.318732053e-01 3.625554740e-01 
-1.340726167e-01 -2.080525607e-01 
9.034991264e-02 1.239103545e-02 
5.438876897e-02 -5.022937655e-01 
0.000000000e+00 0.000000000e+00 
0.000000000e+00 0.000000000e+00 
0.000000000e+00 0.000000000e+00 
0.000000000e+00 0.000000000e+00 
0.000000000e+00 0.000000000e+00 
0.000000000e+00 0.000000000e+00 
0.000000000e+00 0.000000000e+00 
0.000000000e+00 0.000000000e+00 
6.684670448e+00 0.000000000e+00 
6.682398319e+00 0.000000000e+00 
6.673361778e+00 0.000000000e+00 
6.659596443e+00 0.000000000e+00 
6.638990402e+00 0.000000000e+00 
6.613531590e+00 0.000000000e+00 
6.580659866e+00 0.000000000e+00 
6.542700768e+00 0.000000000e+00 
6.498321056e+00 0.000000000e+00 
6.447041035e+00 0.000000000e+00 
6.388760090e+00 0.000000000e+00 
6.323076248e+00 0.000000000e+00 
6.249735355e+00 0.000000000e+00 
6.168447971e+00 0.000000000e+00 
6.078693867e+00 0.000000000e+00 
5.980340004e+00 0.000000000e+00 
5.872797012e+00 0.000000000e+00 
5.757373333e+00 0.000000000e+00 
5.632066727e+00 0.000000000e+00 
5.495486259e+00 0.000000000e+00 
5.349920273e+00 0.000000000e+00 
5.195554733e+00 0.000000000e+00 
5.028877735e+00 0.000000000e+00 
4.851667881e+00 0.000000000e+00 
4.665327072e+00 0.000000000e+00 
4.468584061e+00 0.000000000e+00 
4.261517525e+00 0.000000000e+00 
4.046350479e+00 0.000000000e+00 
3.821972370e+00 0.000000000e+00 
3.589030504e+00 0.000000000e+00 
3.348535061e+00 0.000000000e+00 
3.103362083e+00 0.000000000e+00 
2.853030443e+00 0.000000000e+00 
2.600733757e+00 0.000000000e+00 
2.346643448e+00 0.000000000e+00 
2.094287634e+00 0.000000000e+00 
1.844182491e+00 0.000000000e+00 
1.598866701e+00 0.000000000e+00 
1.362099648e+00 0.000000000e+00 
1.136431217e+00 0.000000000e+00 
9.233365059e-01 0.000000000e+00 
7.266353369e-01 0.000000000e+00 
5.480371714e-01 0.000000000e+00 
3.911128640e-01 0.000000000e+00 
2.581475973e-01 0.000000000e+00 
1.511914730e-01 0.000000000e+00 
7.170896232e-02 0.000000000e+00 
2.160958387e-02 0.000000000e+00 
1.792906784e-03 0.000000000e+00 
1.251056045e-02 0.000000000e+00 
5.352161825e-02 0.000000000e+00 
1.238050908e-01 0.000000000e+00 
2.216567993e-01 0.000000000e+00 
3.451313674e-01 0.000000000e+00 
4.899947047e-01 0.000000000e+00 
6.526561379e-01 0.000000000e+00 
8.285016418e-01 0.000000000e+00 
1.012169838e+00 0.000000000e+00 
1.197864771e+00 0.000000000e+00 
1.378657937e+00 0.000000000e+00 
1.548931479e+00 0.000000000e+00 
1.702341437e+00 0.000000000e+00 
1.832394958e+00 0.000000000e+00 
1.933972836e+00 0.000000000e+00 
2.002198696e+00 0.000000000e+00 
2.033050776e+00 0.000000000e+00 
2.024156570e+00 0.000000000e+00 
1.974436998e+00 0.000000000e+00 
1.884467363e+00 0.000000000e+00 
1.756296635e+00 0.000000000e+00 
1.594844341e+00 0.000000000e+00 
1.404218793e+00 0.000000000e+00 
1.193809748e+00 0.000000000e+00 
9.711319804e-01 0.000000000e+00 
7.478854656e-01 0.000000000e+00 
5.338461995e-01 0.000000000e+00 
3.419087529e-01 0.000000000e+00 
1.826181710e-01 0.000000000e+00 
6.800653040e-02 0.000000000e+00 
8.611015044e-03 0.000000000e+00 
1.303104777e-02 0.000000000e+00 
8.845800161e-02 0.000000000e+00 
2.392768562e-01 0.000000000e+00 
4.687497020e-01 0.000000000e+00 
7.751336098e-01 0.000000000e+00 
1.154456139e+00 0.000000000e+00 
1.601405025e+00 0.000000000e+00 
2.105463266e+00 0.000000000e+00 
2.656670570e+00 0.000000000e+00 
3.240060329e+00 0.000000000e+00 
3.840808868e+00 0.000000000e+00 
4.443451405e+00 0.000000000e+00 
5.034173012e+00 0.000000000e+00 
5.596317291e+00 0.000000000e+00 
6.116478920e+00 0.000000000e+00 
6.583441734e+00 0.000000000e+00 
6.987067223e+00 0.000000000e+00 
7.323499203e+00 0.000000000e+00 
7.587975979e+00 0.000000000e+00 
7.781608582e+00 0.000000000e+00 
7.907869816e+00 0.000000000e+00 
7.972528934e+00 0.000000000e+00 
7.984148502e+00 0.000000000e+00 
7.952748299e+00 0.000000000e+00 
7.890072823e+00 0.000000000e+00 
7.807394981e+00 0.000000000e+00 
7.716854095e+00 0.000000000e+00 
7.628349304e+00 0.000000000e+00 
7.551224709e+00 0.000000000e+00 
7.492051125e+00 0.000000000e+00 
7.455786228e+00 0.000000000e+00 
7.444526196e+00 0.000000000e+00 
7.458353043e+00 0.000000000e+00 
7.494868279e+00 0.000000000e+00 
7.550356388e+00 0.000000000e+00 
7.619127274e+00 0.000000000e+00 
7.695096493e+00 0.000000000e+00 
7.771865845e+00 0.000000000e+00 
7.843302250e+00 0.000000000e+00 
7.904351234e+00 0.000000000e+00 
7.950656414e+00 0.000000000e+00 
7.979887962e+00 0.000000000e+00 
7.990770340e+00 0.000000000e+00 
7.984251499e+00 0.000000000e+00 
7.962285042e+00 0.000000000e+00 
7.928254128e+00 0.000000000e+00 
7.886480808e+00 0.000000000e+00 
7.841440678e+00 0.000000000e+00 
7.798022747e+00 0.000000000e+00 
7.760566235e+00 0.000000000e+00 
7.732576370e+00 0.000000000e+00 
7.716347694e+00 0.000000000e+00 
7.713610649e+00 0.000000000e+00 
7.723998070e+00 0.000000000e+00 
7.746520042e+00 0.000000000e+00 
7.778755188e+00 0.000000000e+00 
7.817620754e+00 0.000000000e+00 
7.859576225e+00 0.000000000e+00 
7.900705338e+00 0.000000000e+00 
7.937366486e+00 0.000000000e+00 
7.966372490e+00 0.000000000e+00 
7.985442638e+00 0.000000000e+00 
7.992872238e+00 0.000000000e+00 
7.988481522e+00 0.000000000e+00 
7.972798347e+00 0.000000000e+00 
7.947474957e+00 0.000000000e+00 
7.914753437e+00 0.000000000e+00 
7.877733231e+00 0.000000000e+00 
7.839754581e+00 0.000000000e+00 
7.804178238e+00 0.000000000e+00 
7.773562431e+00 0.000000000e+00 
7.751099586e+00 0.000000000e+00 
7.738131523e+00 0.000000000e+00 
7.735875130e+00 0.000000000e+00 
7.744115353e+00 0.000000000e+00 
7.762279510e+00 0.000000000e+00 
7.788876534e+00 0.000000000e+00 
7.821543217e+00 0.000000000e+00 
7.857453346e+00 0.000000000e+00 
7.893819332e+00 0.000000000e+00 
7.927638054e+00 0.000000000e+00 
7.956382751e+00 0.000000000e+00 
7.977957726e+00 0.000000000e+00 
7.990462303e+00 0.000000000e+00 
7.992947102e+00 0.000000000e+00 
7.985313416e+00 0.000000000e+00 
7.968221664e+00 0.000000000e+00 
7.942847252e+00 0.000000000e+00 
7.910998821e+00 0.000000000e+00 
7.874920845e+00 0.000000000e+00 
7.837007046e+00 0.000000000e+00 
7.800434113e+00 0.000000000e+00 
7.766913414e+00 0.000000000e+00 
7.739131927e+00 0.000000000e+00 
7.718688488e+00 0.000000000e+00 
7.706907272e+00 0.000000000e+00 
7.704529762e+00 0.000000000e+00 
7.711578369e+00 0.000000000e+00 
7.727396011e+00 0.000000000e+00 
7.751087666e+00 0.000000000e+00 
7.780999184e+00 0.000000000e+00 
7.815156937e+00 0.000000000e+00 
7.851278782e+00 0.000000000e+00 
7.887350559e+00 0.000000000e+00 
7.920771122e+00 0.000000000e+00 
7.949708462e+00 0.000000000e+00 
7.972197533e+00 0.000000000e+00 
7.986810207e+00 0.000000000e+00 
7.992413998e+00 0.000000000e+00 
7.988264084e+00 0.000000000e+00 
7.974547863e+00 0.000000000e+00 
7.951427937e+00 0.000000000e+00 
7.919569969e+00 0.000000000e+00 
7.880279541e+00 0.000000000e+00 
7.834995270e+00 0.000000000e+00 
7.785409927e+00 0.000000000e+00 
7.733415604e+00 0.000000000e+00 
7.680853367e+00 0.000000000e+00 
7.629647732e+00 0.000000000e+00 
7.581583977e+00 0.000000000e+00 
7.538303852e+00 0.000000000e+00 
7.501461029e+00 0.000000000e+00 
7.471717358e+00 0.000000000e+00 
7.450391769e+00 0.000000000e+00 
7.437845230e+00 0.000000000e+00 
7.434129715e+00 0.000000000e+00 
7.439356804e+00 0.000000000e+00 
7.453236580e+00 0.000000000e+00 
7.475114822e+00 0.000000000e+00 
7.503870010e+00 0.000000000e+00 
7.538868904e+00 0.000000000e+00 
7.578601837e+00 0.000000000e+00 
7.621946812e+00 0.000000000e+00 
7.667558670e+00 0.000000000e+00 
7.714169502e+00 0.000000000e+00 
7.760226250e+00 0.000000000e+00 
7.804660797e+00 0.000000000e+00 
7.846069336e+00 0.000000000e+00 
7.883730888e+00 0.000000000e+00 
7.916559219e+00 0.000000000e+00 
7.943435192e+00 0.000000000e+00 
7.964211464e+00 0.000000000e+00 
7.978131294e+00 0.000000000e+00 
7.984896183e+00 0.000000000e+00 
7.984336853e+00 0.000000000e+00 
7.976357460e+00 0.000000000e+00 
7.961091995e+00 0.000000000e+00 
7.938920498e+00 0.000000000e+00 
7.909779549e+00 0.000000000e+00 
7.874566555e+00 0.000000000e+00 
7.833422661e+00 0.000000000e+00 
7.786855698e+00 0.000000000e+00 
7.735909462e+00 0.000000000e+00 
7.680554390e+00 0.000000000e+00 
7.622688293e+00 0.000000000e+00 
7.561536312e+00 0.000000000e+00 
7.498767853e+00 0.000000000e+00 
7.433873653e+00 0.000000000e+00 
7.369481564e+00 0.000000000e+00 
7.305122852e+00 0.000000000e+00 
7.240925789e+00 0.000000000e+00 
7.177998543e+00 0.000000000e+00 
7.117225647e+00 0.000000000e+00 
7.058681488e+00 0.000000000e+00 
7.003302097e+00 0.000000000e+00 
6.951404095e+00 0.000000000e+00 
6.903159142e+00 0.000000000e+00 
6.859218597e+00 0.000000000e+00 
6.819718361e+00 0.000000000e+00 
6.785022736e+00 0.000000000e+00 
6.754329681e+00 0.000000000e+00 
6.729817390e+00 0.000000000e+00 
6.709604263e+00 0.000000000e+00 
6.696019173e+00 0.000000000e+00 
6.686948776e+00 0.000000000e+00 
6.685820103e+00 0.000000000e+00 
2.000000000e+00 0.000000000e+00 
0.000000000e+00 0.000000000e+00 
0.000000000e+00 0.000000000e+00 
0.000000000e+00 0.000000000e+00 
0.000000000e+00 0.000000000e+00 
0.000000000e+00 0.000000000e+00 
0.000000000e+00 0.000000000e+00 
0.000000000e+00 0.000000000e+00 
2.339017242e-01 -2.610360980e-01 
-3.861513734e-02 -3.800860047e-01 
-6.255607307e-02 -6.100159511e-02 
2.359212041e-01 -2.860213220e-01 
-2.272412479e-01 -4.488781467e-02 
3.333262503e-01 4.795026183e-01 
4.123321176e-01 -8.112840354e-02 
-1.055552997e-02 1.212178767e-01 
7.135726511e-02 3.219150603e-01 
-8.700748906e-03 -1.731731892e-01 
-3.174521923e-01 -3.075308800e-01 
-6.689219922e-02 -1.258260757e-01 
3.448674083e-01 -4.319183826e-01 
1.586543024e-01 -3.125717342e-01 
3.270705342e-01 -3.698721156e-02 
-2.905907296e-02 -3.286300600e-01 
3.551881909e-01 -8.981135488e-02 
5.700297356e-01 -2.725577354e-02 
1.156834513e-01 -2.392077297e-01 
-1.434392110e-02 1.555564534e-02 
9.682391584e-02 -2.018376067e-02 
2.113034427e-01 -2.957994640e-01 
-1.939722896e-01 -2.700235844e-01 
-9.778314829e-02 4.549604058e-01 
9.778350592e-03 -2.549722493e-01 
-2.011301666e-01 1.211625785e-01 
4.899642467e-01 1.785444021e-01 
4.891844392e-01 -3.110994101e-01 
2.272444963e-01 -3.777426481e-01 
-1.086474806e-01 -2.541998029e-01 
-5.875371397e-03 -2.752078511e-02 
-1.107001305e-02 -4.506574012e-03 
-1.956892610e-01 -3.276947141e-01 
3.083693683e-01 1.757455766e-01 
8.816439658e-02 2.314833179e-02 
-3.471579775e-02 4.036955237e-01 
-3.385033086e-02 -1.276114732e-01 
-1.231476888e-01 1.762289368e-02 
4.503933191e-01 -3.865109384e-01 
3.600313962e-01 -2.026884407e-01 
4.321449101e-01 2.296037972e-02 
8.872799575e-02 -2.775319219e-01 
4.164692163e-01 7.146868855e-02 
-2.293063104e-01 -1.515126824e-01 
-1.318732053e-01 3.625554740e-01 
-1.340726167e-01 -2.080525607e-01 
9.034991264e-02 1.239103545e-02 
5.438876897e-02 -5.022937655e-01 
0.000000000e+00 0.000000000e+00 
0.000000000e+00 0.000000000e+00 
0.000000000e+00 0.000000000e+00 
0.000000000e+00 0.000000000e+00 
0.000000000e+00 0.000000000e+00 
0.000000000e+00 0.000000000e+00 
0.000000000e+00 0.000000000e+00 
0.000000000e+00 0.000000000e+00 
6.684670448e+00 0.000000000e+00 
6.682398319e+00 0.000000000e+00 
6.673361778e+00 0.000000000e+00 
6.659596443e+00 0.000000000e+00 
6.638990402e+00 0.000000000e+00 
6.613531590e+00 0.000000000e+00 
6.580659866e+00 0.000000000e+00 
6.542700768e+00 0.000000000e+00 
6.498321056e+00 0.000000000e+00 
6.447041035e+00 0.000000000e+00 
6.388760090e+00 0.000000000e+00 
6.323076248e+00 0.000000000e+00 
6.249735355e+00 0.000000000e+00 
6.168447971e+00 0.000000000e+00 
6.078693867e+00 0.000000000e+00 
5.980340004e+00 0.000000000e+00 
5.872797012e+00 0.000000000e+00 
5.757373333e+00 0.000000000e+00 
5.632066727e+00 0.000000000e+00 
5.495486259e+00 0.000000000e+00 
5.349920273e+00 0.000000000e+00 
5.195554733e+00 0.000000000e+00 
5.028877735e+00 0.000000000e+00 
4.851667881e+00 0.000000000e+00 
4.665327072e+00 0.000000000e+00 
4.468584061e+00 0.000000000e+00 
4.261517525e+00 0.000000000e+00 
4.046350479e+00 0.000000000e+00 
3.821972370e+00 0.000000000e+00 
3.589030504e+00 0.000000000e+00 
3.348535061e+00 0.000000000e+00 
3.103362083e+00 0.000000000e+00 
2.853030443e+00 0.000000000e+00 
2.600733757e+00 0.000000000e+00 
2.346643448e+00 0.000000000e+00 
2.094287634e+00 0.000000000e+00 
1.844182491e+00 0.000000000e+00 
1.598866701e+00 0.000000000e+00 
1.362099648e+00 0.000000000e+00 
1.136431217e+00 0.000000000e+00 
9.233365059e-01 0.000000000e+00 
7.266353369e-01 0.000000000e+00 
5.480371714e-01 0.000000000e+00 
3.911128640e-01 0.000000000e+00 
2.581475973e-01 0.000000000e+00 
1.511914730e-01 0.000000000e+00 
7.170896232e-02 0.000000000e+00 
2.160958387e-02 0.000000000e+00 
1.792906784e-03 0.000000000e+00 
1.251056045e-02 0.000000000e+00 
5.352161825e-02 0.000000000e+00 
1.238050908e-01 0.000000000e+00 
2.216567993e-01 0.000000000e+00 
3.451313674e-01 0.000000000e+00 
4.899947047e-01 0.000000000e+00 
6.526561379e-01 0.000000000e+00 
8.285016418e-01 0.000000000e+00 
1.012169838e+00 0.000000000e+00 
1.197864771e+00 0.000000000e+00 
1.378657937e+00 0.000000000e+00 
1.548931479e+00 0.000000000e+00 
1.702341437e+00 0.000000000e+00 
1.832394958e+00 0.000000000e+00 
1.933972836e+00 0.000000000e+00 
2.002198696e+00 0.000000000e+00 
2.033050776e+00 0.000000000e+00 
2.024156570e+00 0.000000000e+00 
1.974436998e+00 0.000000000e+00 
1.884467363e+00 0.000000000e+00 
1.756296635e+00 0.000000000e+00 
1.594844341e+00 0.000000000e+00 
1.404218793e+00 0.000000000e+00 
1.193809748e+00 0.000000000e+00 
9.711319804e-01 0.000000000e+00 
7.478854656e-01 0.000000000e+00 
5.338461995e-01 0.000000000e+00 
3.419087529e-01 0.000000000e+00 
1.826181710e-01 0.000000000e+00 
6.800653040e-02 0.000000000e+00 
8.611015044e-03 0.000000000e+00 
1.303104777e-02 0.000000000e+00 
8.845800161e-02 0.000000000e+00 
2.392768562e-01 0.000000000e+00 
4.687497020e-01 0.000000000e+00 
7.751336098e-01 0.000000000e+00 
1.154456139e+00 0.000000000e+00 
1.601405025e+00 0.000000000e+00 
2.105463266e+00 0.000000000e+00 
2.656670570e+00 0.000000000e+00 
3.240060329e+00 0.000000000e+00 
3.840808868e+00 0.000000000e+00 
4.443451405e+00 0.000000000e+00 
5.034173012e+00 0.000000000e+00 
5.596317291e+00 0.000000000e+00 
6.116478920e+00 0.000000000e+00 
6.583441734e+00 0.000000000e+00 
6.987067223e+00 0.000000000e+00 
7.323499203e+00 0.000000000e+00 
7.587975979e+00 0.000000000e+00 
7.781608582e+00 0.000000000e+00 
7.907869816e+00 0.000000000e+00 
7.972528934e+00 0.000000000e+00 
7.984148502e+00 0.000000000e+00 
7.952748299e+00 0.000000000e+00 
7.890072823e+00 0.000000000e+00 
7.807394981e+00 0.000000000e+00 
7.716854095e+00 0.000000000e+00 
7.628349304e+00 0.000000000e+00 
7.551224709e+00 0.000000000e+00 
7.492051125e+00 0.000000000e+00 
7.455786228e+00 0.000000000e+00 
7.444526196e+00 0.000000000e+00 
7.458353043e+00 0.000000000e+00 
7.494868279e+00 0.000000000e+00 
7.550356388e+00 0.000000000e+00 
7.619127274e+00 0.000000000e+00 
7.695096493e+00 0.000000000e+00 
7.771865845e+00 0.000000000e+00 
7.843302250e+00 0.000000000e+00 
7.904351234e+00 0.000000000e+00 
7.950656414e+00 0.000000000e+00 
7.979887962e+00 0.000000000e+00 
7.990770340e+00 0.000000000e+00 
7.984251499e+00 0.000000000e+00 
7.962285042e+00 0.000000000e+00 
7.928254128e+00 0.000000000e+00 
7.886480808e+00 0.000000000e+00 
7.841440678e+00 0.000000000e+00 
7.798022747e+00 0.000000000e+00 
7.760566235e+00 0.000000000e+00 
7.732576370e+00 0.000000000e+00 
7.716347694e+00 0.000000000e+00 
7.713610649e+00 0.000000000e+00 
7.723998070e+00 0.000000000e+00 
7.746520042e+00 0.000000000e+00 
7.778755188e+00 0.000000000e+00 
7.817620754e+00 0.000000000e+00 
7.859576225e+00 0.000000000e+00 
7.900705338e+00 0.000000000e+00 
7.937366486e+00 0.000000000e+00 
7.966372490e+00 0.000000000e+00 
7.985442638e+00 0.000000000e+00 
7.992872238e+00 0.000000000e+00 
7.988481522e+00 0.000000000e+00 
7.972798347e+00 0.000000000e+00 
7.947474957e+00 0.000000000e+00 
7.914753437e+00 0.000000000e+00 
7.877733231e+00 0.000000000e+00 
7.839754581e+00 0.000000000e+00 
7.804178238e+00 0.000000000e+00 
7.773562431e+00 0.000000000e+00 
7.751099586e+00 0.000000000e+00 
7.738131523e+00 0.000000000e+00 
7.735875130e+00 0.000000000e+00 
7.744115353e+00 0.000000000e+00 
7.762279510e+00 0.000000000e+00 
7.788876534e+00 0.000000000e+00 
7.821543217e+00 0.000000000e+00 
7.857453346e+00 0.000000000e+00 
7.893819332e+00 0.000000000e+00 
7.927638054e+00 0.000000000e+00 
7.956382751e+00 0.000000000e+00 
7.977957726e+00 0.000000000e+00 
7.990462303e+00 0.000000000e+00 
7.992947102e+00 0.000000000e+00 
7.985313416e+00 0.000000000e+00 
7.968221664e+00 0.000000000e+00 
7.942847252e+00 0.000000000e+00 
7.910998821e+00 0.000000000e+00 
7.874920845e+00 0.000000000e+00 
7.837007046e+00 0.000000000e+00 
7.800434113e+00 0.000000000e+00 
7.766913414e+00 0.000000000e+00 
7.739131927e+00 0.000000000e+00 
7.718688488e+00 0.000000000e+00 
7.706907272e+00 0.000000000e+00 
7.704529762e+00 0.000000000e+00 
7.711578369e+00 0.000000000e+00 
7.727396011e+00 0.000000000e+00 
7.751087666e+00 0.000000000e+00 
7.780999184e+00 0.000000000e+00 
7.815156937e+00 0.000000000e+00 
7.851278782e+00 0.000000000e+00 
7.887350559e+00 0.000000000e+00 
7.920771122e+00 0.000000000e+00 
7.949708462e+00 0.000000000e+00 
7.972197533e+00 0.000000000e+00 
7.986810207e+00 0.000000000e+00 
7.992413998e+00 0.000000000e+00 
7.988264084e+00 0.000000000e+00 
7.974547863e+00 0.000000000e+00 
7.951427937e+00 0.000000000e+00 
7.919569969e+00 0.000000000e+00 
7.880279541e+00 0.000000000e+00 
7.834995270e+00 0.000000000e+00 
7.785409927e+00 0.000000000e+00 
7.733415604e+00 0.000000000e+00 
7.680853367e+00 0.000000000e+00 
7.629647732e+00 0.000000000e+00 
7.581583977e+00 0.000000000e+00 
7.538303852e+00 0.000000000e+00 
7.501461029e+00 0.000000000e+00 
7.471717358e+00 0.000000000e+00 
7.450391769e+00 0.000000000e+00 
7.437845230e+00 0.000000000e+00 
7.434129715e+00 0.000000000e+00 
7.439356804e+00 0.000000000e+00 
7.453236580e+00 0.000000000e+00 
7.475114822e+00 0.000000000e+00 
7.503870010e+00 0.000000000e+00 
7.538868904e+00 0.000000000e+00 
7.578601837e+00 0.000000000e+00 
7.621946812e+00 0.000000000e+00 
7.667558670e+00 0.000000000e+00 
7.714169502e+00 0.000000000e+00 
7.760226250e+00 0.000000000e+00 
7.804660797e+00 0.000000000e+00 
7.846069336e+00 0.000000000e+00 
7.883730888e+00 0.000000000e+00 
7.916559219e+00 0.000000000e+00 
7.943435192e+00 0.000000000e+00 
7.964211464e+00 0.000000000e+00 
7.978131294e+00 0.000000000e+00 
7.984896183e+00 0.000000000e+00 
7.984336853e+00 0.000000000e+00 
7.976357460e+00 0.000000000e+00 
7.961091995e+00 0.000000000e+00 
7.938920498e+00 0.000000000e+00 
7.909779549e+00 0.000000000e+00 
7.874566555e+00 0.000000000e+00 
7.833422661e+00 0.000000000e+00 
7.786855698e+00 0.000000000e+00 
7.735909462e+00 0.000000000e+00 
7.680554390e+00 0.000000000e+00 
7.622688293e+00 0.000000000e+00 
7.561536312e+00 0.000000000e+00 
7.498767853e+00 0.000000000e+00 
7.433873653e+00 0.000000000e+00 
7.369481564e+00 0.000000000e+00 
7.305122852e+00 0.000000000e+00 
7.240925789e+00 0.000000000e+00 
7.177998543e+00 0.000000000e+00 
7.117225647e+00 0.000000000e+00 
7.058681488e+00 0.000000000e+00 
7.003302097e+00 0.000000000e+00 
6.951404095e+00 0.000000000e+00 
6.903159142e+00 0.000000000e+00 
6.859218597e+00 0.000000000e+00 
6.819718361e+00 0.000000000e+00 
6.785022736e+00 0.000000000e+00 
6.754329681e+00 0.000000000e+00 
6.729817390e+00 0.000000000e+00 
6.709604263e+00 0.000000000e+00 
6.696019173e+00 0.000000000e+00 
6.686948776e+00 0.000000000e+00 
6.685820103e+00 0.000000000e+00 
2.000000000e+00 0.000000000e+00 
0.000000000e+00 0.000000000e+00 
0.000000000e+00 0.000000000e+00 
0.000000000e+00 0.000000000e+00 
0.000000000e+00 0.000000000e+00 
0.000000000e+00 0.000000000e+00 
0.000000000e+00 0.000000000e+00 
0.000000000e+00 0.000000000e+00 
2.339017242e-01 -2.610360980e-01 
-3.861513734e-02 -3.800860047e-01 
-6.255607307e-02 -6.100159511e-02 
2.359212041e-01 -2.860213220e-01 
-2.272412479e-01 -4.488781467e-02 
3.333262503e-01 4.795026183e-01 
4.123321176e-01 -8.112840354e-02 
-1.055552997e-02 1.212178767e-01 
7.135726511e-02 3.219150603e-01 
-8.700748906e-03 -1.731731892e-01 
-3.174521923e-01 -3.075308800e-01 
-6.689219922e-02 -1.258260757e-01 
3.448674083e-01 -4.319183826e-01 
1.586543024e-01 -3.125717342e-01 
3.270705342e-01 -3.698721156e-02 
-2.905907296e-02 -3.286300600e-01 
3.551881909e-01 -8.981135488e-02 
5.700297356e-01 -2.725577354e-02 
1.156834513e-01 -2.392077297e-01 
-1.434392110e-02 1.555564534e-02 
9.682391584e-02 -2.018376067e-02 
2.113034427e-01 -2.957994640e-01 
-1.939722896e-01 -2.700235844e-01 
-9.778314829e-02 4.549604058e-01 
9.778350592e-03 -2.549722493e-01 
-2.011301666e-01 1.211625785e-01 
4.899642467e-01 1.785444021e-01 
4.891844392e-01 -3.110994101e-01 
2.272444963e-01 -3.777426481e-01 
-1.086474806e-01 -2.541998029e-01 
-5.875371397e-03 -2.752078511e-02 
-1.107001305e-02 -4.506574012e-03 
-1.956892610e-01 -3.276947141e-01 
3.083693683e-01 1.757455766e-01 
8.816439658e-02 2.314833179e-02 
-3.471579775e-02 4.036955237e-01 
-3.385033086e-02 -1.276114732e-01 
-1.231476888e-01 1.762289368e-02 
4.503933191e-01 -3.865109384e-01 
3.600313962e-01 -2.026884407e-01 
4.321449101e-01 2.296037972e-02 
8.872799575e-02 -2.775319219e-01 
4.164692163e-01 7.146868855e-02 
-2.293063104e-01 -1.515126824e-01 
-1.318732053e-01 3.625554740e-01 
-1.340726167e-01 -2.080525607e-01 
9.034991264e-02 1.239103545e-02 
5.438876897e-02 -5.022937655e-01 
0.000000000e+00 0.000000000e+00 
0.000000000e+00 0.000000000e+00 
0.000000000e+00 0.000000000e+00 
0.000000000e+00 0.000000000e+00 
0.000000000e+00 0.000000000e+00 
0.000000000e+00 0.000000000e+00 
0.000000000e+00 0.000000000e+00 
0.000000000e+00 0.000000000e+00 
6.684670448e+00 0.000000000e+00 
6.682398319e+00 0.000000000e+00 
6.673361778e+00 0.000000000e+00 
6.659596443e+00 0.000000000e+00 
6.638990402e+00 0.000000000e+00 
6.613531590e+00 0.000000000e+00 
6.580659866e+00 0.000000000e+00 
6.542700768e+00 0.000000000e+00 
6.498321056e+00 0.000000000e+00 
6.447041035e+00 0.000000000e+00 
6.388760090e+00 0.000000000e+00 
6.323076248e+00 0.000000000e+00 
6.249735355e+00 0.000000000e+00 
6.168447971e+00 0.000000000e+00 
6.078693867e+00 0.000000000e+00 
5.980340004e+00 0.000000000e+00 
5.872797012e+00 0.000000000e+00 
5.757373333e+00 0.000000000e+00 
5.632066727e+00 0.000000000e+00 
5.495486259e+00 0.000000000e+00 
5.349920273e+00 0.000000000e+00 
5.195554733e+00 0.000000000e+00 
5.028877735e+00 0.000000000e+00 
4.851667881e+00 0.000000000e+00 
4.665327072e+00 0.000000000e+00 
4.468584061e+00 0.000000000e+00 
4.261517525e+00 0.000000000e+00 
4.046350479e+00 0.000000000e+00 
3.821972370e+00 0.000000000e+00 
3.589030504e+00 0.000000000e+00 
3.348535061e+00 0.000000000e+00 
3.103362083e+00 0.000000000e+00 
2.853030443e+00 0.000000000e+00 
2.600733757e+00 0.000000000e+00 
2.346643448e+00 0.000000000e+00 
2.094287634e+00 0.000000000e+00 
1.844182491e+00 0.000000000e+00 
1.598866701e+00 0.000000000e+00 
1.362099648e+00 0.000000000e+00 
1.136431217e+00 0.000000000e+00 
9.233365059e-01 0.000000000e+00 
7.266353369e-01 0.000000000e+00 
5.480371714e-01 0.000000000e+00 
3.911128640e-01 0.000000000e+00 
2.581475973e-01 0.000000000e+00 
1.511914730e-01 0.000000000e+00 
7.170896232e-02 0.000000000e+00 
2.160958387e-02 0.000000000e+00 
1.792906784e-03 0.000000000e+00 
1.251056045e-02 0.000000000e+00 
5.352161825e-02 0.000000000e+00 
1.238050908e-01 0.000000000e+00 
2.216567993e-01 0.000000000e+00 
3.451313674e-01 0.000000000e+00 
4.899947047e-01 0.000000000e+00 
6.526561379e-01 0.000000000e+00 
8.285016418e-01 0.000000000e+00 
1.012169838e+00 0.000000000e+00 
1.197864771e+00 0.000000000e+00 
1.378657937e+00 0.000000000e+00 
1.548931479e+00 0.000000000e+00 
1.702341437e+00 0.000000000e+00 
1.832394958e+00 0.000000000e+00 
1.933972836e+00 0.000000000e+00 
2.002198696e+00 0.000000000e+00 
2.033050776e+00 0.000000000e+00 
2.024156570e+00 0.000000000e+00 
1.974436998e+00 0.000000000e+00 
1.884467363e+00 0.000000000e+00 
1.756296635e+00 0.000000000e+00 
1.594844341e+00 0.000000000e+00 
1.404218793e+00 0.000000000e+00 
1.193809748e+00 0.000000000e+00 
9.711319804e-01 0.000000000e+00 
7.478854656e-01 0.000000000e+00 
5.338461995e-01 0.000000000e+00 
3.419087529e-01 0.000000000e+00 
1.826181710e-01 0.000000000e+00 
6.800653040e-02 0.000000000e+00 
8.611015044e-03 0.000000000e+00 
1.303104777e-02 0.000000000e+00 
8.845800161e-02 0.000000000e+00 
2.392768562e-01 0.000000000e+00 
4.687497020e-01 0.000000000e+00 
7.751336098e-01 0.000000000e+00 
1.154456139e+00 0.000000000e+00 
1.601405025e+00 0.000000000e+00 
2.105463266e+00 0.000000000e+00 
2.656670570e+00 0.000000000e+00 
3.240060329e+00 0.000000000e+00 
3.840808868e+00 0.000000000e+00 
4.443451405e+00 0.000000000e+00 
5.034173012e+00 0.000000000e+00 
5.596317291e+00 0.000000000e+00 
6.116478920e+00 0.000000000e+00 
6.583441734e+00 0.000000000e+00 
6.987067223e+00 0.000000000e+00 
7.323499203e+00 0.000000000e+00 
7.587975979e+00 0.000000000e+00 
7.781608582e+00 0.000000000e+00 
7.907869816e+00 0.000000000e+00 
7.972528934e+00 0.000000000e+00 
7.984148502e+00 0.000000000e+00 
7.952748299e+00 0.000000000e+00 
7.890072823e+00 0.000000000e+00 
7.807394981e+00 0.000000000e+00 
7.716854095e+00 0.000000000e+00 
7.628349304e+00 0.000000000e+00 
7.551224709e+00 0.000000000e+00 
7.492051125e+00 0.000000000e+00 
7.455786228e+00 0.000000000e+00 
7.444526196e+00 0.000000000e+00 
7.458353043e+00 0.000000000e+00 
7.494868279e+00 0.000000000e+00 
7.550356388e+00 0.000000000e+00 
7.619127274e+00 0.000000000e+00 
7.695096493e+00 0.000000000e+00 
7.771865845e+00 0.000000000e+00 
7.843302250e+00 0.000000000e+00 
7.904351234e+00 0.000000000e+00 
7.950656414e+00 0.000000000e+00 
7.979887962e+00 0.000000000e+00 
7.990770340e+00 0.000000000e+00 
7.984251499e+00 0.000000000e+00 
7.962285042e+00 0.000000000e+00 
7.928254128e+00 0.000000000e+00 
7.886480808e+00 0.000000000e+00 
7.841440678e+00 0.000000000e+00 
7.798022747e+00 0.000000000e+00 
7.760566235e+00 0.000000000e+00 
7.732576370e+00 0.000000000e+00 
7.716347694e+00 0.000000000e+00 
7.713610649e+00 0.000000000e+00 
7.723998070e+00 0.000000000e+00 
7.746520042e+00 0.000000000e+00 
7.778755188e+00 0.000000000e+00 
7.817620754e+00 0.000000000e+00 
7.859576225e+00 0.000000000e+00 
7.900705338e+00 0.000000000e+00 
7.937366486e+00 0.000000000e+00 
7.966372490e+00 0.000000000e+00 
7.985442638e+00 0.000000000e+00 
7.992872238e+00 0.000000000e+00 
7.988481522e+00 0.000000000e+00 
7.972798347e+00 0.000000000e+00 
7.947474957e+00 0.000000000e+00 
7.914753437e+00 0.000000000e+00 
7.877733231e+00 0.000000000e+00 
7.839754581e+00 0.000000000e+00 
7.804178238e+00 0.000000000e+00 
7.773562431e+00 0.000000000e+00 
7.751099586e+00 0.000000000e+00 
7.738131523e+00 0.000000000e+00 
7.735875130e+00 0.000000000e+00 
7.744115353e+00 0.000000000e+00 
7.762279510e+00 0.000000000e+00 
7.788876534e+00 0.000000000e+00 
7.821543217e+00 0.000000000e+00 
7.857453346e+00 0.000000000e+00 
7.893819332e+00 0.000000000e+00 
7.927638054e+00 0.000000000e+00 
7.956382751e+00 0.000000000e+00 
7.977957726e+00 0.000000000e+00 
7.990462303e+00 0.000000000e+00 
7.992947102e+00 0.000000000e+00 
7.985313416e+00 0.000000000e+00 
7.968221664e+00 0.000000000e+00 
7.942847252e+00 0.000000000e+00 
7.910998821e+00 0.000000000e+00 
7.874920845e+00 0.000000000e+00 
7.837007046e+00 0.000000000e+00 
7.800434113e+00 0.000000000e+00 
7.766913414e+00 0.000000000e+00 
7.739131927e+00 0.000000000e+00 
7.718688488e+00 0.000000000e+00 
7.706907272e+00 0.000000000e+00 
7.704529762e+00 0.000000000e+00 
7.711578369e+00 0.000000000e+00 
7.727396011e+00 0.000000000e+00 
7.751087666e+00 0.000000000e+00 
7.780999184e+00 0.000000000e+00 
7.815156937e+00 0.000000000e+00 
7.851278782e+00 0.000000000e+00 
7.887350559e+00 0.000000000e+00 
7.920771122e+00 0.000000000e+00 
7.949708462e+00 0.000000000e+00 
7.972197533e+00 0.000000000e+00 
7.986810207e+00 0.000000000e+00 
7.992413998e+00 0.000000000e+00 
7.988264084e+00 0.000000000e+00 
7.974547863e+00 0.000000000e+00 
7.951427937e+00 0.000000000e+00 
7.919569969e+00 0.000000000e+00 
7.880279541e+00 0.000000000e+00 
7.834995270e+00 0.000000000e+00 
7.785409927e+00 0.000000000e+00 
7.733415604e+00 0.000000000e+00 
7.680853367e+00 0.000000000e+00 
7.629647732e+00 0.000000000e+00 
7.581583977e+00 0.000000000e+00 
7.538303852e+00 0.000000000e+00 
7.501461029e+00 0.000000000e+00 
7.471717358e+00 0.000000000e+00 
7.450391769e+00 0.000000000e+00 
7.437845230e+00 0.000000000e+00 
7.434129715e+00 0.000000000e+00 
7.439356804e+00 0.000000000e+00 
7.453236580e+00 0.000000000e+00 
7.475114822e+00 0.000000000e+00 
7.503870010e+00 0.000000000e+00 
7.538868904e+00 0.000000000e+00 
7.578601837e+00 0.000000000e+00 
7.621946812e+00 0.000000000e+00 
7.667558670e+00 0.000000000e+00 
7.714169502e+00 0.000000000e+00 
7.760226250e+00 0.000000000e+00 
7.804660797e+00 0.000000000e+00 
7.846069336e+00 0.000000000e+00 
7.883730888e+00 0.000000000e+00 
7.916559219e+00 0.000000000e+00 
7.943435192e+00 0.000000000e+00 
7.964211464e+00 0.000000000e+00 
7.978131294e+00 0.000000000e+00 
7.984896183e+00 0.000000000e+00 
7.984336853e+00 0.000000000e+00 
7.976357460e+00 0.000000000e+00 
7.961091995e+00 0.000000000e+00 
7.938920498e+00 0.000000000e+00 
7.909779549e+00 0.000000000e+00 
7.874566555e+00 0.000000000e+00 
7.833422661e+00 0.000000000e+00 
7.786855698e+00 0.000000000e+00 
7.735909462e+00 0.000000000e+00 
7.680554390e+00 0.000000000e+00 
7.622688293e+00 0.000000000e+00 
7.561536312e+00 0.000000000e+00 
7.498767853e+00 0.000000000e+00 
7.433873653e+00 0.000000000e+00 
7.369481564e+00 0.000000000e+00 
7.305122852e+00 0.000000000e+00 
7.240925789e+00 0.000000000e+00 
7.177998543e+00 0.000000000e+00 
7.117225647e+00 0.000000000e+00 
7.058681488e+00 0.000000000e+00 
7.003302097e+00 0.000000000e+00 
6.951404095e+00 0.000000000e+00 
6.903159142e+00 0.000000000e+00 
6.859218597e+00 0.000000000e+00 
6.819718361e+00 0.000000000e+00 
6.785022736e+00 0.000000000e+00 
6.754329681e+00 0.000000000e+00 
6.729817390e+00 0.000000000e+00 
6.709604263e+00 0.000000000e+00 
6.696019173e+00 0.000000000e+00 
6.686948776e+00 0.000000000e+00 
6.685820103e+00 0.000000000e+00 
