3.950836182e+00 0.000000000e+00 
3.950830221e+00 0.000000000e+00 
3.950769663e+00 0.000000000e+00 
3.950604677e+00 0.000000000e+00 
3.950187683e+00 0.000000000e+00 
3.949388504e+00 0.000000000e+00 
3.947844744e+00 0.000000000e+00 
3.945505142e+00 0.000000000e+00 
3.941987991e+00 0.000000000e+00 
3.936815262e+00 0.000000000e+00 
3.929751635e+00 0.000000000e+00 
3.920184612e+00 0.000000000e+00 
3.907766104e+00 0.000000000e+00 
3.891901731e+00 0.000000000e+00 
3.871875763e+00 0.000000000e+00 
3.847342014e+00 0.000000000e+00 
3.817502975e+00 0.000000000e+00 
3.782239437e+00 0.000000000e+00 
3.740449429e+00 0.000000000e+00 
3.691041708e+00 0.000000000e+00 
3.634315729e+00 0.000000000e+00 
3.569915295e+00 0.000000000e+00 
3.495884180e+00 0.000000000e+00 
3.412424564e+00 0.000000000e+00 
3.319856644e+00 0.000000000e+00 
3.217180490e+00 0.000000000e+00 
3.103958607e+00 0.000000000e+00 
2.981277466e+00 0.000000000e+00 
2.848222256e+00 0.000000000e+00 
2.704958439e+00 0.000000000e+00 
2.552029610e+00 0.000000000e+00 
2.391129971e+00 0.000000000e+00 
2.222028255e+00 0.000000000e+00 
2.046982527e+00 0.000000000e+00 
1.866241932e+00 0.000000000e+00 
1.682556748e+00 0.000000000e+00 
1.496578932e+00 0.000000000e+00 
1.310514450e+00 0.000000000e+00 
1.127585173e+00 0.000000000e+00 
9.501879215e-01 0.000000000e+00 
7.799682021e-01 0.000000000e+00 
6.204184890e-01 0.000000000e+00 
4.734357893e-01 0.000000000e+00 
3.424041867e-01 0.000000000e+00 
2.297186702e-01 0.000000000e+00 
1.375624537e-01 0.000000000e+00 
6.757319719e-02 0.000000000e+00 
2.177452482e-02 0.000000000e+00 
1.278972253e-03 0.000000000e+00 
6.535388995e-03 0.000000000e+00 
3.759281337e-02 0.000000000e+00 
9.369198978e-02 0.000000000e+00 
1.734236926e-01 0.000000000e+00 
2.750943303e-01 0.000000000e+00 
3.949900270e-01 0.000000000e+00 
5.298812985e-01 0.000000000e+00 
6.756261587e-01 0.000000000e+00 
8.273822665e-01 0.000000000e+00 
9.799832106e-01 0.000000000e+00 
1.127339721e+00 0.000000000e+00 
1.264475346e+00 0.000000000e+00 
1.385902286e+00 0.000000000e+00 
1.486225605e+00 0.000000000e+00 
1.561202168e+00 0.000000000e+00 
1.607050657e+00 0.000000000e+00 
1.620861650e+00 0.000000000e+00 
1.601214767e+00 0.000000000e+00 
1.547994137e+00 0.000000000e+00 
1.462563992e+00 0.000000000e+00 
1.347381592e+00 0.000000000e+00 
1.207578421e+00 0.000000000e+00 
1.047278881e+00 0.000000000e+00 
8.749527931e-01 0.000000000e+00 
6.971995831e-01 0.000000000e+00 
5.236071348e-01 0.000000000e+00 
3.618591428e-01 0.000000000e+00 
2.215448320e-01 0.000000000e+00 
1.098845452e-01 0.000000000e+00 
3.452746943e-02 0.000000000e+00 
1.278923010e-03 0.000000000e+00 
1.387505233e-02 0.000000000e+00 
7.433226705e-02 0.000000000e+00 
1.820408404e-01 0.000000000e+00 
3.350750506e-01 0.000000000e+00 
5.276691914e-01 0.000000000e+00 
7.525299788e-01 0.000000000e+00 
1.001215458e+00 0.000000000e+00 
1.262475491e+00 0.000000000e+00 
1.525614500e+00 0.000000000e+00 
1.777965307e+00 0.000000000e+00 
2.007874250e+00 0.000000000e+00 
2.204659700e+00 0.000000000e+00 
2.359319925e+00 0.000000000e+00 
2.463886738e+00 0.000000000e+00 
2.513475895e+00 0.000000000e+00 
2.505946159e+00 0.000000000e+00 
2.441842079e+00 0.000000000e+00 
2.324379444e+00 0.000000000e+00 
2.160197973e+00 0.000000000e+00 
1.957105279e+00 0.000000000e+00 
1.725250125e+00 0.000000000e+00 
1.475551486e+00 0.000000000e+00 
1.220353246e+00 0.000000000e+00 
9.703271985e-01 0.000000000e+00 
7.364941239e-01 0.000000000e+00 
5.270982385e-01 0.000000000e+00 
3.495029211e-01 0.000000000e+00 
2.079782635e-01 0.000000000e+00 
1.043259799e-01 0.000000000e+00 
3.765754029e-02 0.000000000e+00 
5.223573186e-03 0.000000000e+00 
2.014468657e-03 0.000000000e+00 
2.150679380e-02 0.000000000e+00 
5.649822950e-02 0.000000000e+00 
9.940999746e-02 0.000000000e+00 
1.430361718e-01 0.000000000e+00 
1.810388565e-01 0.000000000e+00 
2.086898535e-01 0.000000000e+00 
2.228065729e-01 0.000000000e+00 
2.221519649e-01 0.000000000e+00 
2.073153406e-01 0.000000000e+00 
1.804675758e-01 0.000000000e+00 
1.453149021e-01 0.000000000e+00 
1.061792746e-01 0.000000000e+00 
6.793282181e-02 0.000000000e+00 
3.513540328e-02 0.000000000e+00 
1.188231632e-02 0.000000000e+00 
9.180634515e-04 0.000000000e+00 
3.762236563e-03 0.000000000e+00 
2.030294016e-02 0.000000000e+00 
4.879929125e-02 0.000000000e+00 
8.623039722e-02 0.000000000e+00 
1.286077797e-01 0.000000000e+00 
1.709337384e-01 0.000000000e+00 
2.083244622e-01 0.000000000e+00 
2.363477349e-01 0.000000000e+00 
2.514160872e-01 0.000000000e+00 
2.512334585e-01 0.000000000e+00 
2.352990955e-01 0.000000000e+00 
2.049592286e-01 0.000000000e+00 
1.635152549e-01 0.000000000e+00 
1.158289462e-01 0.000000000e+00 
6.852377951e-02 0.000000000e+00 
2.870141529e-02 0.000000000e+00 
4.217453301e-03 0.000000000e+00 
2.546699252e-03 0.000000000e+00 
3.028307110e-02 0.000000000e+00 
9.256333858e-02 0.000000000e+00 
1.922521591e-01 0.000000000e+00 
3.303062916e-01 0.000000000e+00 
5.049849153e-01 0.000000000e+00 
7.120507360e-01 0.000000000e+00 
9.441573620e-01 0.000000000e+00 
1.193045020e+00 0.000000000e+00 
1.447671652e+00 0.000000000e+00 
1.696672320e+00 0.000000000e+00 
1.929062366e+00 0.000000000e+00 
2.133540392e+00 0.000000000e+00 
2.298920870e+00 0.000000000e+00 
2.417878866e+00 0.000000000e+00 
2.483579397e+00 0.000000000e+00 
2.493134022e+00 0.000000000e+00 
2.445558310e+00 0.000000000e+00 
2.343068361e+00 0.000000000e+00 
2.190998077e+00 0.000000000e+00 
1.995775461e+00 0.000000000e+00 
1.767858744e+00 0.000000000e+00 
1.517398357e+00 0.000000000e+00 
1.256011724e+00 0.000000000e+00 
9.963368773e-01 0.000000000e+00 
7.490481734e-01 0.000000000e+00 
5.253680944e-01 0.000000000e+00 
3.337272406e-01 0.000000000e+00 
1.817875355e-01 0.000000000e+00 
7.414826006e-02 0.000000000e+00 
1.388894208e-02 0.000000000e+00 
1.234606374e-03 0.000000000e+00 
3.417653590e-02 0.000000000e+00 
1.089899167e-01 0.000000000e+00 
2.194951177e-01 0.000000000e+00 
3.592504263e-01 0.000000000e+00 
5.198795199e-01 0.000000000e+00 
6.922258139e-01 0.000000000e+00 
8.686356544e-01 0.000000000e+00 
1.039569139e+00 0.000000000e+00 
1.197991014e+00 0.000000000e+00 
1.336890101e+00 0.000000000e+00 
1.450764179e+00 0.000000000e+00 
1.534996748e+00 0.000000000e+00 
1.587164760e+00 0.000000000e+00 
1.605933547e+00 0.000000000e+00 
1.591445327e+00 0.000000000e+00 
1.545141459e+00 0.000000000e+00 
1.469947100e+00 0.000000000e+00 
1.369651198e+00 0.000000000e+00 
1.248496294e+00 0.000000000e+00 
1.111874461e+00 0.000000000e+00 
9.652636051e-01 0.000000000e+00 
8.136272430e-01 0.000000000e+00 
6.630339622e-01 0.000000000e+00 
5.186256766e-01 0.000000000e+00 
3.852181733e-01 0.000000000e+00 
2.669253647e-01 0.000000000e+00 
1.669558287e-01 0.000000000e+00 
8.897780627e-02 0.000000000e+00 
3.466422856e-02 0.000000000e+00 
5.395145155e-03 0.000000000e+00 
1.867537503e-03 0.000000000e+00 
2.411483601e-02 0.000000000e+00 
7.155741006e-02 0.000000000e+00 
1.431008577e-01 0.000000000e+00 
2.366973460e-01 0.000000000e+00 
3.507027626e-01 0.000000000e+00 
4.829243720e-01 0.000000000e+00 
6.309560537e-01 0.000000000e+00 
7.914077640e-01 0.000000000e+00 
9.623827338e-01 0.000000000e+00 
1.140390635e+00 0.000000000e+00 
1.323784471e+00 0.000000000e+00 
1.510176897e+00 0.000000000e+00 
1.695256948e+00 0.000000000e+00 
1.880104303e+00 0.000000000e+00 
2.060801029e+00 0.000000000e+00 
2.235694885e+00 0.000000000e+00 
2.404548645e+00 0.000000000e+00 
2.565117359e+00 0.000000000e+00 
2.717636347e+00 0.000000000e+00 
2.860427856e+00 0.000000000e+00 
2.992960215e+00 0.000000000e+00 
3.115074158e+00 0.000000000e+00 
3.227693081e+00 0.000000000e+00 
3.329741240e+00 0.000000000e+00 
3.421665430e+00 0.000000000e+00 
3.504467249e+00 0.000000000e+00 
3.577140331e+00 0.000000000e+00 
3.641594172e+00 0.000000000e+00 
3.697676659e+00 0.000000000e+00 
3.746453047e+00 0.000000000e+00 
3.787635565e+00 0.000000000e+00 
3.822316885e+00 0.000000000e+00 
3.851591110e+00 0.000000000e+00 
3.875591993e+00 0.000000000e+00 
3.895114422e+00 0.000000000e+00 
3.910513639e+00 0.000000000e+00 
3.922496796e+00 0.000000000e+00 
3.931664944e+00 0.000000000e+00 
3.938367128e+00 0.000000000e+00 
3.943217754e+00 0.000000000e+00 
3.946449757e+00 0.000000000e+00 
3.948542595e+00 0.000000000e+00 
3.949867487e+00 0.000000000e+00 
3.950498819e+00 0.000000000e+00 
3.950776815e+00 0.000000000e+00 
3.950846195e+00 0.000000000e+00 
3.950845480e+00 0.000000000e+00 
3.950839758e+00 0.000000000e+00 
0.000000000e+00 0.000000000e+00 
0.000000000e+00 0.000000000e+00 
0.000000000e+00 0.000000000e+00 
0.000000000e+00 0.000000000e+00 
0.000000000e+00 0.000000000e+00 
1.000000000e+00 0.000000000e+00 
1.000000000e+00 0.000000000e+00 
0.000000000e+00 0.000000000e+00 
0.000000000e+00 0.000000000e+00 
1.000000000e+00 0.000000000e+00 
1.000000000e+00 0.000000000e+00 
0.000000000e+00 0.000000000e+00 
0.000000000e+00 0.000000000e+00 
1.000000000e+00 0.000000000e+00 
1.000000000e+00 0.000000000e+00 
1.000000000e+00 0.000000000e+00 
1.000000000e+00 0.000000000e+00 
1.000000000e+00 0.000000000e+00 
1.000000000e+00 0.000000000e+00 
0.000000000e+00 0.000000000e+00 
0.000000000e+00 0.000000000e+00 
1.000000000e+00 0.000000000e+00 
1.000000000e+00 0.000000000e+00 
0.000000000e+00 0.000000000e+00 
0.000000000e+00 0.000000000e+00 
1.000000000e+00 0.000000000e+00 
1.000000000e+00 0.000000000e+00 
0.000000000e+00 0.000000000e+00 
0.000000000e+00 0.000000000e+00 
0.000000000e+00 0.000000000e+00 
0.000000000e+00 0.000000000e+00 
0.000000000e+00 0.000000000e+00 
3.950836182e+00 0.000000000e+00 
3.950830221e+00 0.000000000e+00 
3.950769663e+00 0.000000000e+00 
3.950604677e+00 0.000000000e+00 
3.950187683e+00 0.000000000e+00 
3.949388504e+00 0.000000000e+00 
3.947844744e+00 0.000000000e+00 
3.945505142e+00 0.000000000e+00 
3.941987991e+00 0.000000000e+00 
3.936815262e+00 0.000000000e+00 
3.929751635e+00 0.000000000e+00 
3.920184612e+00 0.000000000e+00 
3.907766104e+00 0.000000000e+00 
3.891901731e+00 0.000000000e+00 
3.871875763e+00 0.000000000e+00 
3.847342014e+00 0.000000000e+00 
3.817502975e+00 0.000000000e+00 
3.782239437e+00 0.000000000e+00 
3.740449429e+00 0.000000000e+00 
3.691041708e+00 0.000000000e+00 
3.634315729e+00 0.000000000e+00 
3.569915295e+00 0.000000000e+00 
3.495884180e+00 0.000000000e+00 
3.412424564e+00 0.000000000e+00 
3.319856644e+00 0.000000000e+00 
3.217180490e+00 0.000000000e+00 
3.103958607e+00 0.000000000e+00 
2.981277466e+00 0.000000000e+00 
2.848222256e+00 0.000000000e+00 
2.704958439e+00 0.000000000e+00 
2.552029610e+00 0.000000000e+00 
2.391129971e+00 0.000000000e+00 
2.222028255e+00 0.000000000e+00 
2.046982527e+00 0.000000000e+00 
1.866241932e+00 0.000000000e+00 
1.682556748e+00 0.000000000e+00 
1.496578932e+00 0.000000000e+00 
1.310514450e+00 0.000000000e+00 
1.127585173e+00 0.000000000e+00 
9.501879215e-01 0.000000000e+00 
7.799682021e-01 0.000000000e+00 
6.204184890e-01 0.000000000e+00 
4.734357893e-01 0.000000000e+00 
3.424041867e-01 0.000000000e+00 
2.297186702e-01 0.000000000e+00 
1.375624537e-01 0.000000000e+00 
6.757319719e-02 0.000000000e+00 
2.177452482e-02 0.000000000e+00 
1.278972253e-03 0.000000000e+00 
6.535388995e-03 0.000000000e+00 
3.759281337e-02 0.000000000e+00 
9.369198978e-02 0.000000000e+00 
1.734236926e-01 0.000000000e+00 
2.750943303e-01 0.000000000e+00 
3.949900270e-01 0.000000000e+00 
5.298812985e-01 0.000000000e+00 
6.756261587e-01 0.000000000e+00 
8.273822665e-01 0.000000000e+00 
9.799832106e-01 0.000000000e+00 
1.127339721e+00 0.000000000e+00 
1.264475346e+00 0.000000000e+00 
1.385902286e+00 0.000000000e+00 
1.486225605e+00 0.000000000e+00 
1.561202168e+00 0.000000000e+00 
1.607050657e+00 0.000000000e+00 
1.620861650e+00 0.000000000e+00 
1.601214767e+00 0.000000000e+00 
1.547994137e+00 0.000000000e+00 
1.462563992e+00 0.000000000e+00 
1.347381592e+00 0.000000000e+00 
1.207578421e+00 0.000000000e+00 
1.047278881e+00 0.000000000e+00 
8.749527931e-01 0.000000000e+00 
6.971995831e-01 0.000000000e+00 
5.236071348e-01 0.000000000e+00 
3.618591428e-01 0.000000000e+00 
2.215448320e-01 0.000000000e+00 
1.098845452e-01 0.000000000e+00 
3.452746943e-02 0.000000000e+00 
1.278923010e-03 0.000000000e+00 
1.387505233e-02 0.000000000e+00 
7.433226705e-02 0.000000000e+00 
1.820408404e-01 0.000000000e+00 
3.350750506e-01 0.000000000e+00 
5.276691914e-01 0.000000000e+00 
7.525299788e-01 0.000000000e+00 
1.001215458e+00 0.000000000e+00 
1.262475491e+00 0.000000000e+00 
1.525614500e+00 0.000000000e+00 
1.777965307e+00 0.000000000e+00 
2.007874250e+00 0.000000000e+00 
2.204659700e+00 0.000000000e+00 
2.359319925e+00 0.000000000e+00 
2.463886738e+00 0.000000000e+00 
2.513475895e+00 0.000000000e+00 
2.505946159e+00 0.000000000e+00 
2.441842079e+00 0.000000000e+00 
2.324379444e+00 0.000000000e+00 
2.160197973e+00 0.000000000e+00 
1.957105279e+00 0.000000000e+00 
1.725250125e+00 0.000000000e+00 
1.475551486e+00 0.000000000e+00 
1.220353246e+00 0.000000000e+00 
9.703271985e-01 0.000000000e+00 
7.364941239e-01 0.000000000e+00 
5.270982385e-01 0.000000000e+00 
3.495029211e-01 0.000000000e+00 
2.079782635e-01 0.000000000e+00 
1.043259799e-01 0.000000000e+00 
3.765754029e-02 0.000000000e+00 
5.223573186e-03 0.000000000e+00 
2.014468657e-03 0.000000000e+00 
2.150679380e-02 0.000000000e+00 
5.649822950e-02 0.000000000e+00 
9.940999746e-02 0.000000000e+00 
1.430361718e-01 0.000000000e+00 
1.810388565e-01 0.000000000e+00 
2.086898535e-01 0.000000000e+00 
2.228065729e-01 0.000000000e+00 
2.221519649e-01 0.000000000e+00 
2.073153406e-01 0.000000000e+00 
1.804675758e-01 0.000000000e+00 
1.453149021e-01 0.000000000e+00 
1.061792746e-01 0.000000000e+00 
6.793282181e-02 0.000000000e+00 
3.513540328e-02 0.000000000e+00 
1.188231632e-02 0.000000000e+00 
9.180634515e-04 0.000000000e+00 
3.762236563e-03 0.000000000e+00 
2.030294016e-02 0.000000000e+00 
4.879929125e-02 0.000000000e+00 
8.623039722e-02 0.000000000e+00 
1.286077797e-01 0.000000000e+00 
1.709337384e-01 0.000000000e+00 
2.083244622e-01 0.000000000e+00 
2.363477349e-01 0.000000000e+00 
2.514160872e-01 0.000000000e+00 
2.512334585e-01 0.000000000e+00 
2.352990955e-01 0.000000000e+00 
2.049592286e-01 0.000000000e+00 
1.635152549e-01 0.000000000e+00 
1.158289462e-01 0.000000000e+00 
6.852377951e-02 0.000000000e+00 
2.870141529e-02 0.000000000e+00 
4.217453301e-03 0.000000000e+00 
2.546699252e-03 0.000000000e+00 
3.028307110e-02 0.000000000e+00 
9.256333858e-02 0.000000000e+00 
1.922521591e-01 0.000000000e+00 
3.303062916e-01 0.000000000e+00 
5.049849153e-01 0.000000000e+00 
7.120507360e-01 0.000000000e+00 
9.441573620e-01 0.000000000e+00 
1.193045020e+00 0.000000000e+00 
1.447671652e+00 0.000000000e+00 
1.696672320e+00 0.000000000e+00 
1.929062366e+00 0.000000000e+00 
2.133540392e+00 0.000000000e+00 
2.298920870e+00 0.000000000e+00 
2.417878866e+00 0.000000000e+00 
2.483579397e+00 0.000000000e+00 
2.493134022e+00 0.000000000e+00 
2.445558310e+00 0.000000000e+00 
2.343068361e+00 0.000000000e+00 
2.190998077e+00 0.000000000e+00 
1.995775461e+00 0.000000000e+00 
1.767858744e+00 0.000000000e+00 
1.517398357e+00 0.000000000e+00 
1.256011724e+00 0.000000000e+00 
9.963368773e-01 0.000000000e+00 
7.490481734e-01 0.000000000e+00 
5.253680944e-01 0.000000000e+00 
3.337272406e-01 0.000000000e+00 
1.817875355e-01 0.000000000e+00 
7.414826006e-02 0.000000000e+00 
1.388894208e-02 0.000000000e+00 
1.234606374e-03 0.000000000e+00 
3.417653590e-02 0.000000000e+00 
1.089899167e-01 0.000000000e+00 
2.194951177e-01 0.000000000e+00 
3.592504263e-01 0.000000000e+00 
5.198795199e-01 0.000000000e+00 
6.922258139e-01 0.000000000e+00 
8.686356544e-01 0.000000000e+00 
1.039569139e+00 0.000000000e+00 
1.197991014e+00 0.000000000e+00 
1.336890101e+00 0.000000000e+00 
1.450764179e+00 0.000000000e+00 
1.534996748e+00 0.000000000e+00 
1.587164760e+00 0.000000000e+00 
1.605933547e+00 0.000000000e+00 
1.591445327e+00 0.000000000e+00 
1.545141459e+00 0.000000000e+00 
1.469947100e+00 0.000000000e+00 
1.369651198e+00 0.000000000e+00 
1.248496294e+00 0.000000000e+00 
1.111874461e+00 0.000000000e+00 
9.652636051e-01 0.000000000e+00 
8.136272430e-01 0.000000000e+00 
6.630339622e-01 0.000000000e+00 
5.186256766e-01 0.000000000e+00 
3.852181733e-01 0.000000000e+00 
2.669253647e-01 0.000000000e+00 
1.669558287e-01 0.000000000e+00 
8.897780627e-02 0.000000000e+00 
3.466422856e-02 0.000000000e+00 
5.395145155e-03 0.000000000e+00 
1.867537503e-03 0.000000000e+00 
2.411483601e-02 0.000000000e+00 
7.155741006e-02 0.000000000e+00 
1.431008577e-01 0.000000000e+00 
2.366973460e-01 0.000000000e+00 
3.507027626e-01 0.000000000e+00 
4.829243720e-01 0.000000000e+00 
6.309560537e-01 0.000000000e+00 
7.914077640e-01 0.000000000e+00 
9.623827338e-01 0.000000000e+00 
1.140390635e+00 0.000000000e+00 
1.323784471e+00 0.000000000e+00 
1.510176897e+00 0.000000000e+00 
1.695256948e+00 0.000000000e+00 
1.880104303e+00 0.000000000e+00 
2.060801029e+00 0.000000000e+00 
2.235694885e+00 0.000000000e+00 
2.404548645e+00 0.000000000e+00 
2.565117359e+00 0.000000000e+00 
2.717636347e+00 0.000000000e+00 
2.860427856e+00 0.000000000e+00 
2.992960215e+00 0.000000000e+00 
3.115074158e+00 0.000000000e+00 
3.227693081e+00 0.000000000e+00 
3.329741240e+00 0.000000000e+00 
3.421665430e+00 0.000000000e+00 
3.504467249e+00 0.000000000e+00 
3.577140331e+00 0.000000000e+00 
3.641594172e+00 0.000000000e+00 
3.697676659e+00 0.000000000e+00 
3.746453047e+00 0.000000000e+00 
3.787635565e+00 0.000000000e+00 
3.822316885e+00 0.000000000e+00 
3.851591110e+00 0.000000000e+00 
3.875591993e+00 0.000000000e+00 
3.895114422e+00 0.000000000e+00 
3.910513639e+00 0.000000000e+00 
3.922496796e+00 0.000000000e+00 
3.931664944e+00 0.000000000e+00 
3.938367128e+00 0.000000000e+00 
3.943217754e+00 0.000000000e+00 
3.946449757e+00 0.000000000e+00 
3.948542595e+00 0.000000000e+00 
3.949867487e+00 0.000000000e+00 
3.950498819e+00 0.000000000e+00 
3.950776815e+00 0.000000000e+00 
3.950846195e+00 0.000000000e+00 
3.950845480e+00 0.000000000e+00 
3.950839758e+00 0.000000000e+00 
0.000000000e+00 0.000000000e+00 
0.000000000e+00 0.000000000e+00 
0.000000000e+00 0.000000000e+00 
0.000000000e+00 0.000000000e+00 
0.000000000e+00 0.000000000e+00 
1.000000000e+00 0.000000000e+00 
1.000000000e+00 0.000000000e+00 
0.000000000e+00 0.000000000e+00 
0.000000000e+00 0.000000000e+00 
1.000000000e+00 0.000000000e+00 
1.000000000e+00 0.000000000e+00 
0.000000000e+00 0.000000000e+00 
0.000000000e+00 0.000000000e+00 
1.000000000e+00 0.000000000e+00 
1.000000000e+00 0.000000000e+00 
1.000000000e+00 0.000000000e+00 
1.000000000e+00 0.000000000e+00 
1.000000000e+00 0.000000000e+00 
1.000000000e+00 0.000000000e+00 
0.000000000e+00 0.000000000e+00 
0.000000000e+00 0.000000000e+00 
1.000000000e+00 0.000000000e+00 
1.000000000e+00 0.000000000e+00 
0.000000000e+00 0.000000000e+00 
0.000000000e+00 0.000000000e+00 
1.000000000e+00 0.000000000e+00 
1.000000000e+00 0.000000000e+00 
0.000000000e+00 0.000000000e+00 
0.000000000e+00 0.000000000e+00 
0.000000000e+00 0.000000000e+00 
0.000000000e+00 0.000000000e+00 
0.000000000e+00 0.000000000e+00 
3.950836182e+00 0.000000000e+00 
3.950830221e+00 0.000000000e+00 
3.950769663e+00 0.000000000e+00 
3.950604677e+00 0.000000000e+00 
3.950187683e+00 0.000000000e+00 
3.949388504e+00 0.000000000e+00 
3.947844744e+00 0.000000000e+00 
3.945505142e+00 0.000000000e+00 
3.941987991e+00 0.000000000e+00 
3.936815262e+00 0.000000000e+00 
3.929751635e+00 0.000000000e+00 
3.920184612e+00 0.000000000e+00 
3.907766104e+00 0.000000000e+00 
3.891901731e+00 0.000000000e+00 
3.871875763e+00 0.000000000e+00 
3.847342014e+00 0.000000000e+00 
3.817502975e+00 0.000000000e+00 
3.782239437e+00 0.000000000e+00 
3.740449429e+00 0.000000000e+00 
3.691041708e+00 0.000000000e+00 
3.634315729e+00 0.000000000e+00 
3.569915295e+00 0.000000000e+00 
3.495884180e+00 0.000000000e+00 
3.412424564e+00 0.000000000e+00 
3.319856644e+00 0.000000000e+00 
3.217180490e+00 0.000000000e+00 
3.103958607e+00 0.000000000e+00 
2.981277466e+00 0.000000000e+00 
2.848222256e+00 0.000000000e+00 
2.704958439e+00 0.000000000e+00 
2.552029610e+00 0.000000000e+00 
2.391129971e+00 0.000000000e+00 
2.222028255e+00 0.000000000e+00 
2.046982527e+00 0.000000000e+00 
1.866241932e+00 0.000000000e+00 
1.682556748e+00 0.000000000e+00 
1.496578932e+00 0.000000000e+00 
1.310514450e+00 0.000000000e+00 
1.127585173e+00 0.000000000e+00 
9.501879215e-01 0.000000000e+00 
7.799682021e-01 0.000000000e+00 
6.204184890e-01 0.000000000e+00 
4.734357893e-01 0.000000000e+00 
3.424041867e-01 0.000000000e+00 
2.297186702e-01 0.000000000e+00 
1.375624537e-01 0.000000000e+00 
6.757319719e-02 0.000000000e+00 
2.177452482e-02 0.000000000e+00 
1.278972253e-03 0.000000000e+00 
6.535388995e-03 0.000000000e+00 
3.759281337e-02 0.000000000e+00 
9.369198978e-02 0.000000000e+00 
1.734236926e-01 0.000000000e+00 
2.750943303e-01 0.000000000e+00 
3.949900270e-01 0.000000000e+00 
5.298812985e-01 0.000000000e+00 
6.756261587e-01 0.000000000e+00 
8.273822665e-01 0.000000000e+00 
9.799832106e-01 0.000000000e+00 
1.127339721e+00 0.000000000e+00 
1.264475346e+00 0.000000000e+00 
1.385902286e+00 0.000000000e+00 
1.486225605e+00 0.000000000e+00 
1.561202168e+00 0.000000000e+00 
1.607050657e+00 0.000000000e+00 
1.620861650e+00 0.000000000e+00 
1.601214767e+00 0.000000000e+00 
1.547994137e+00 0.000000000e+00 
1.462563992e+00 0.000000000e+00 
1.347381592e+00 0.000000000e+00 
1.207578421e+00 0.000000000e+00 
1.047278881e+00 0.000000000e+00 
8.749527931e-01 0.000000000e+00 
6.971995831e-01 0.000000000e+00 
5.236071348e-01 0.000000000e+00 
3.618591428e-01 0.000000000e+00 
2.215448320e-01 0.000000000e+00 
1.098845452e-01 0.000000000e+00 
3.452746943e-02 0.000000000e+00 
1.278923010e-03 0.000000000e+00 
1.387505233e-02 0.000000000e+00 
7.433226705e-02 0.000000000e+00 
1.820408404e-01 0.000000000e+00 
3.350750506e-01 0.000000000e+00 
5.276691914e-01 0.000000000e+00 
7.525299788e-01 0.000000000e+00 
1.001215458e+00 0.000000000e+00 
1.262475491e+00 0.000000000e+00 
1.525614500e+00 0.000000000e+00 
1.777965307e+00 0.000000000e+00 
2.007874250e+00 0.000000000e+00 
2.204659700e+00 0.000000000e+00 
2.359319925e+00 0.000000000e+00 
2.463886738e+00 0.000000000e+00 
2.513475895e+00 0.000000000e+00 
2.505946159e+00 0.000000000e+00 
2.441842079e+00 0.000000000e+00 
2.324379444e+00 0.000000000e+00 
2.160197973e+00 0.000000000e+00 
1.957105279e+00 0.000000000e+00 
1.725250125e+00 0.000000000e+00 
1.475551486e+00 0.000000000e+00 
1.220353246e+00 0.000000000e+00 
9.703271985e-01 0.000000000e+00 
7.364941239e-01 0.000000000e+00 
5.270982385e-01 0.000000000e+00 
3.495029211e-01 0.000000000e+00 
2.079782635e-01 0.000000000e+00 
1.043259799e-01 0.000000000e+00 
3.765754029e-02 0.000000000e+00 
5.223573186e-03 0.000000000e+00 
2.014468657e-03 0.000000000e+00 
2.150679380e-02 0.000000000e+00 
5.649822950e-02 0.000000000e+00 
9.940999746e-02 0.000000000e+00 
1.430361718e-01 0.000000000e+00 
1.810388565e-01 0.000000000e+00 
2.086898535e-01 0.000000000e+00 
2.228065729e-01 0.000000000e+00 
2.221519649e-01 0.000000000e+00 
2.073153406e-01 0.000000000e+00 
1.804675758e-01 0.000000000e+00 
1.453149021e-01 0.000000000e+00 
1.061792746e-01 0.000000000e+00 
6.793282181e-02 0.000000000e+00 
3.513540328e-02 0.000000000e+00 
1.188231632e-02 0.000000000e+00 
9.180634515e-04 0.000000000e+00 
3.762236563e-03 0.000000000e+00 
2.030294016e-02 0.000000000e+00 
4.879929125e-02 0.000000000e+00 
8.623039722e-02 0.000000000e+00 
1.286077797e-01 0.000000000e+00 
1.709337384e-01 0.000000000e+00 
2.083244622e-01 0.000000000e+00 
2.363477349e-01 0.000000000e+00 
2.514160872e-01 0.000000000e+00 
2.512334585e-01 0.000000000e+00 
2.352990955e-01 0.000000000e+00 
2.049592286e-01 0.000000000e+00 
1.635152549e-01 0.000000000e+00 
1.158289462e-01 0.000000000e+00 
6.852377951e-02 0.000000000e+00 
2.870141529e-02 0.000000000e+00 
4.217453301e-03 0.000000000e+00 
2.546699252e-03 0.000000000e+00 
3.028307110e-02 0.000000000e+00 
9.256333858e-02 0.000000000e+00 
1.922521591e-01 0.000000000e+00 
3.303062916e-01 0.000000000e+00 
5.049849153e-01 0.000000000e+00 
7.120507360e-01 0.000000000e+00 
9.441573620e-01 0.000000000e+00 
1.193045020e+00 0.000000000e+00 
1.447671652e+00 0.000000000e+00 
1.696672320e+00 0.000000000e+00 
1.929062366e+00 0.000000000e+00 
2.133540392e+00 0.000000000e+00 
2.298920870e+00 0.000000000e+00 
2.417878866e+00 0.000000000e+00 
2.483579397e+00 0.000000000e+00 
2.493134022e+00 0.000000000e+00 
2.445558310e+00 0.000000000e+00 
2.343068361e+00 0.000000000e+00 
2.190998077e+00 0.000000000e+00 
1.995775461e+00 0.000000000e+00 
1.767858744e+00 0.000000000e+00 
1.517398357e+00 0.000000000e+00 
1.256011724e+00 0.000000000e+00 
9.963368773e-01 0.000000000e+00 
7.490481734e-01 0.000000000e+00 
5.253680944e-01 0.000000000e+00 
3.337272406e-01 0.000000000e+00 
1.817875355e-01 0.000000000e+00 
7.414826006e-02 0.000000000e+00 
1.388894208e-02 0.000000000e+00 
1.234606374e-03 0.000000000e+00 
3.417653590e-02 0.000000000e+00 
1.089899167e-01 0.000000000e+00 
2.194951177e-01 0.000000000e+00 
3.592504263e-01 0.000000000e+00 
5.198795199e-01 0.000000000e+00 
6.922258139e-01 0.000000000e+00 
8.686356544e-01 0.000000000e+00 
1.039569139e+00 0.000000000e+00 
1.197991014e+00 0.000000000e+00 
1.336890101e+00 0.000000000e+00 
1.450764179e+00 0.000000000e+00 
1.534996748e+00 0.000000000e+00 
1.587164760e+00 0.000000000e+00 
1.605933547e+00 0.000000000e+00 
1.591445327e+00 0.000000000e+00 
1.545141459e+00 0.000000000e+00 
1.469947100e+00 0.000000000e+00 
1.369651198e+00 0.000000000e+00 
1.248496294e+00 0.000000000e+00 
1.111874461e+00 0.000000000e+00 
9.652636051e-01 0.000000000e+00 
8.136272430e-01 0.000000000e+00 
6.630339622e-01 0.000000000e+00 
5.186256766e-01 0.000000000e+00 
3.852181733e-01 0.000000000e+00 
2.669253647e-01 0.000000000e+00 
1.669558287e-01 0.000000000e+00 
8.897780627e-02 0.000000000e+00 
3.466422856e-02 0.000000000e+00 
5.395145155e-03 0.000000000e+00 
1.867537503e-03 0.000000000e+00 
2.411483601e-02 0.000000000e+00 
7.155741006e-02 0.000000000e+00 
1.431008577e-01 0.000000000e+00 
2.366973460e-01 0.000000000e+00 
3.507027626e-01 0.000000000e+00 
4.829243720e-01 0.000000000e+00 
6.309560537e-01 0.000000000e+00 
7.914077640e-01 0.000000000e+00 
9.623827338e-01 0.000000000e+00 
1.140390635e+00 0.000000000e+00 
1.323784471e+00 0.000000000e+00 
1.510176897e+00 0.000000000e+00 
1.695256948e+00 0.000000000e+00 
1.880104303e+00 0.000000000e+00 
2.060801029e+00 0.000000000e+00 
2.235694885e+00 0.000000000e+00 
2.404548645e+00 0.000000000e+00 
2.565117359e+00 0.000000000e+00 
2.717636347e+00 0.000000000e+00 
2.860427856e+00 0.000000000e+00 
2.992960215e+00 0.000000000e+00 
3.115074158e+00 0.000000000e+00 
3.227693081e+00 0.000000000e+00 
3.329741240e+00 0.000000000e+00 
3.421665430e+00 0.000000000e+00 
3.504467249e+00 0.000000000e+00 
3.577140331e+00 0.000000000e+00 
3.641594172e+00 0.000000000e+00 
3.697676659e+00 0.000000000e+00 
3.746453047e+00 0.000000000e+00 
3.787635565e+00 0.000000000e+00 
3.822316885e+00 0.000000000e+00 
3.851591110e+00 0.000000000e+00 
3.875591993e+00 0.000000000e+00 
3.895114422e+00 0.000000000e+00 
3.910513639e+00 0.000000000e+00 
3.922496796e+00 0.000000000e+00 
3.931664944e+00 0.000000000e+00 
3.938367128e+00 0.000000000e+00 
3.943217754e+00 0.000000000e+00 
3.946449757e+00 0.000000000e+00 
3.948542595e+00 0.000000000e+00 
3.949867487e+00 0.000000000e+00 
3.950498819e+00 0.000000000e+00 
3.950776815e+00 0.000000000e+00 
3.950846195e+00 0.000000000e+00 
3.950845480e+00 0.000000000e+00 
3.950839758e+00 0.000000000e+00 
0.000000000e+00 0.000000000e+00 
0.000000000e+00 0.000000000e+00 
0.000000000e+00 0.000000000e+00 
0.000000000e+00 0.000000000e+00 
0.000000000e+00 0.000000000e+00 
1.000000000e+00 0.000000000e+00 
1.000000000e+00 0.000000000e+00 
0.000000000e+00 0.000000000e+00 
0.000000000e+00 0.000000000e+00 
1.000000000e+00 0.000000000e+00 
1.000000000e+00 0.000000000e+00 
0.000000000e+00 0.000000000e+00 
0.000000000e+00 0.000000000e+00 
1.000000000e+00 0.000000000e+00 
1.000000000e+00 0.000000000e+00 
1.000000000e+00 0.000000000e+00 
1.000000000e+00 0.000000000e+00 
1.000000000e+00 0.000000000e+00 
1.000000000e+00 0.000000000e+00 
0.000000000e+00 0.000000000e+00 
0.000000000e+00 0.000000000e+00 
1.000000000e+00 0.000000000e+00 
1.000000000e+00 0.000000000e+00 
0.000000000e+00 0.000000000e+00 
0.000000000e+00 0.000000000e+00 
1.000000000e+00 0.000000000e+00 
1.000000000e+00 0.000000000e+00 
0.000000000e+00 0.000000000e+00 
0.000000000e+00 0.000000000e+00 
0.000000000e+00 0.000000000e+00 
0.000000000e+00 0.000000000e+00 
0.000000000e+00 0.000000000e+00 
3.950836182e+00 0.000000000e+00 
3.950830221e+00 0.000000000e+00 
3.950769663e+00 0.000000000e+00 
3.950604677e+00 0.000000000e+00 
3.950187683e+00 0.000000000e+00 
3.949388504e+00 0.000000000e+00 
3.947844744e+00 0.000000000e+00 
3.945505142e+00 0.000000000e+00 
3.941987991e+00 0.000000000e+00 
3.936815262e+00 0.000000000e+00 
3.929751635e+00 0.000000000e+00 
3.920184612e+00 0.000000000e+00 
3.907766104e+00 0.000000000e+00 
3.891901731e+00 0.000000000e+00 
3.871875763e+00 0.000000000e+00 
3.847342014e+00 0.000000000e+00 
3.817502975e+00 0.000000000e+00 
3.782239437e+00 0.000000000e+00 
3.740449429e+00 0.000000000e+00 
3.691041708e+00 0.000000000e+00 
3.634315729e+00 0.000000000e+00 
3.569915295e+00 0.000000000e+00 
3.495884180e+00 0.000000000e+00 
3.412424564e+00 0.000000000e+00 
3.319856644e+00 0.000000000e+00 
3.217180490e+00 0.000000000e+00 
3.103958607e+00 0.000000000e+00 
2.981277466e+00 0.000000000e+00 
2.848222256e+00 0.000000000e+00 
2.704958439e+00 0.000000000e+00 
2.552029610e+00 0.000000000e+00 
2.391129971e+00 0.000000000e+00 
2.222028255e+00 0.000000000e+00 
2.046982527e+00 0.000000000e+00 
1.866241932e+00 0.000000000e+00 
1.682556748e+00 0.000000000e+00 
1.496578932e+00 0.000000000e+00 
1.310514450e+00 0.000000000e+00 
1.127585173e+00 0.000000000e+00 
9.501879215e-01 0.000000000e+00 
7.799682021e-01 0.000000000e+00 
6.204184890e-01 0.000000000e+00 
4.734357893e-01 0.000000000e+00 
3.424041867e-01 0.000000000e+00 
2.297186702e-01 0.000000000e+00 
1.375624537e-01 0.000000000e+00 
6.757319719e-02 0.000000000e+00 
2.177452482e-02 0.000000000e+00 
1.278972253e-03 0.000000000e+00 
6.535388995e-03 0.000000000e+00 
3.759281337e-02 0.000000000e+00 
9.369198978e-02 0.000000000e+00 
1.734236926e-01 0.000000000e+00 
2.750943303e-01 0.000000000e+00 
3.949900270e-01 0.000000000e+00 
5.298812985e-01 0.000000000e+00 
6.756261587e-01 0.000000000e+00 
8.273822665e-01 0.000000000e+00 
9.799832106e-01 0.000000000e+00 
1.127339721e+00 0.000000000e+00 
1.264475346e+00 0.000000000e+00 
1.385902286e+00 0.000000000e+00 
1.486225605e+00 0.000000000e+00 
1.561202168e+00 0.000000000e+00 
1.607050657e+00 0.000000000e+00 
1.620861650e+00 0.000000000e+00 
1.601214767e+00 0.000000000e+00 
1.547994137e+00 0.000000000e+00 
1.462563992e+00 0.000000000e+00 
1.347381592e+00 0.000000000e+00 
1.207578421e+00 0.000000000e+00 
1.047278881e+00 0.000000000e+00 
8.749527931e-01 0.000000000e+00 
6.971995831e-01 0.000000000e+00 
5.236071348e-01 0.000000000e+00 
3.618591428e-01 0.000000000e+00 
2.215448320e-01 0.000000000e+00 
1.098845452e-01 0.000000000e+00 
3.452746943e-02 0.000000000e+00 
1.278923010e-03 0.000000000e+00 
1.387505233e-02 0.000000000e+00 
7.433226705e-02 0.000000000e+00 
1.820408404e-01 0.000000000e+00 
3.350750506e-01 0.000000000e+00 
5.276691914e-01 0.000000000e+00 
7.525299788e-01 0.000000000e+00 
1.001215458e+00 0.000000000e+00 
1.262475491e+00 0.000000000e+00 
1.525614500e+00 0.000000000e+00 
1.777965307e+00 0.000000000e+00 
2.007874250e+00 0.000000000e+00 
2.204659700e+00 0.000000000e+00 
2.359319925e+00 0.000000000e+00 
2.463886738e+00 0.000000000e+00 
2.513475895e+00 0.000000000e+00 
2.505946159e+00 0.000000000e+00 
2.441842079e+00 0.000000000e+00 
2.324379444e+00 0.000000000e+00 
2.160197973e+00 0.000000000e+00 
1.957105279e+00 0.000000000e+00 
1.725250125e+00 0.000000000e+00 
1.475551486e+00 0.000000000e+00 
1.220353246e+00 0.000000000e+00 
9.703271985e-01 0.000000000e+00 
7.364941239e-01 0.000000000e+00 
5.270982385e-01 0.000000000e+00 
3.495029211e-01 0.000000000e+00 
2.079782635e-01 0.000000000e+00 
1.043259799e-01 0.000000000e+00 
3.765754029e-02 0.000000000e+00 
5.223573186e-03 0.000000000e+00 
2.014468657e-03 0.000000000e+00 
2.150679380e-02 0.000000000e+00 
5.649822950e-02 0.000000000e+00 
9.940999746e-02 0.000000000e+00 
1.430361718e-01 0.000000000e+00 
1.810388565e-01 0.000000000e+00 
2.086898535e-01 0.000000000e+00 
2.228065729e-01 0.000000000e+00 
2.221519649e-01 0.000000000e+00 
2.073153406e-01 0.000000000e+00 
1.804675758e-01 0.000000000e+00 
1.453149021e-01 0.000000000e+00 
1.061792746e-01 0.000000000e+00 
6.793282181e-02 0.000000000e+00 
3.513540328e-02 0.000000000e+00 
1.188231632e-02 0.000000000e+00 
9.180634515e-04 0.000000000e+00 
3.762236563e-03 0.000000000e+00 
2.030294016e-02 0.000000000e+00 
4.879929125e-02 0.000000000e+00 
8.623039722e-02 0.000000000e+00 
1.286077797e-01 0.000000000e+00 
1.709337384e-01 0.000000000e+00 
2.083244622e-01 0.000000000e+00 
2.363477349e-01 0.000000000e+00 
2.514160872e-01 0.000000000e+00 
2.512334585e-01 0.000000000e+00 
2.352990955e-01 0.000000000e+00 
2.049592286e-01 0.000000000e+00 
1.635152549e-01 0.000000000e+00 
1.158289462e-01 0.000000000e+00 
6.852377951e-02 0.000000000e+00 
2.870141529e-02 0.000000000e+00 
4.217453301e-03 0.000000000e+00 
2.546699252e-03 0.000000000e+00 
3.028307110e-02 0.000000000e+00 
9.256333858e-02 0.000000000e+00 
1.922521591e-01 0.000000000e+00 
3.303062916e-01 0.000000000e+00 
5.049849153e-01 0.000000000e+00 
7.120507360e-01 0.000000000e+00 
9.441573620e-01 0.000000000e+00 
1.193045020e+00 0.000000000e+00 
1.447671652e+00 0.000000000e+00 
1.696672320e+00 0.000000000e+00 
1.929062366e+00 0.000000000e+00 
2.133540392e+00 0.000000000e+00 
2.298920870e+00 0.000000000e+00 
2.417878866e+00 0.000000000e+00 
2.483579397e+00 0.000000000e+00 
2.493134022e+00 0.000000000e+00 
2.445558310e+00 0.000000000e+00 
2.343068361e+00 0.000000000e+00 
2.190998077e+00 0.000000000e+00 
1.995775461e+00 0.000000000e+00 
1.767858744e+00 0.000000000e+00 
1.517398357e+00 0.000000000e+00 
1.256011724e+00 0.000000000e+00 
9.963368773e-01 0.000000000e+00 
7.490481734e-01 0.000000000e+00 
5.253680944e-01 0.000000000e+00 
3.337272406e-01 0.000000000e+00 
1.817875355e-01 0.000000000e+00 
7.414826006e-02 0.000000000e+00 
1.388894208e-02 0.000000000e+00 
1.234606374e-03 0.000000000e+00 
3.417653590e-02 0.000000000e+00 
1.089899167e-01 0.000000000e+00 
2.194951177e-01 0.000000000e+00 
3.592504263e-01 0.000000000e+00 
5.198795199e-01 0.000000000e+00 
6.922258139e-01 0.000000000e+00 
8.686356544e-01 0.000000000e+00 
1.039569139e+00 0.000000000e+00 
1.197991014e+00 0.000000000e+00 
1.336890101e+00 0.000000000e+00 
1.450764179e+00 0.000000000e+00 
1.534996748e+00 0.000000000e+00 
1.587164760e+00 0.000000000e+00 
1.605933547e+00 0.000000000e+00 
1.591445327e+00 0.000000000e+00 
1.545141459e+00 0.000000000e+00 
1.469947100e+00 0.000000000e+00 
1.369651198e+00 0.000000000e+00 
1.248496294e+00 0.000000000e+00 
1.111874461e+00 0.000000000e+00 
9.652636051e-01 0.000000000e+00 
8.136272430e-01 0.000000000e+00 
6.630339622e-01 0.000000000e+00 
5.186256766e-01 0.000000000e+00 
3.852181733e-01 0.000000000e+00 
2.669253647e-01 0.000000000e+00 
1.669558287e-01 0.000000000e+00 
8.897780627e-02 0.000000000e+00 
3.466422856e-02 0.000000000e+00 
5.395145155e-03 0.000000000e+00 
1.867537503e-03 0.000000000e+00 
2.411483601e-02 0.000000000e+00 
7.155741006e-02 0.000000000e+00 
1.431008577e-01 0.000000000e+00 
2.366973460e-01 0.000000000e+00 
3.507027626e-01 0.000000000e+00 
4.829243720e-01 0.000000000e+00 
6.309560537e-01 0.000000000e+00 
7.914077640e-01 0.000000000e+00 
9.623827338e-01 0.000000000e+00 
1.140390635e+00 0.000000000e+00 
1.323784471e+00 0.000000000e+00 
1.510176897e+00 0.000000000e+00 
1.695256948e+00 0.000000000e+00 
1.880104303e+00 0.000000000e+00 
2.060801029e+00 0.000000000e+00 
2.235694885e+00 0.000000000e+00 
2.404548645e+00 0.000000000e+00 
2.565117359e+00 0.000000000e+00 
2.717636347e+00 0.000000000e+00 
2.860427856e+00 0.000000000e+00 
2.992960215e+00 0.000000000e+00 
3.115074158e+00 0.000000000e+00 
3.227693081e+00 0.000000000e+00 
3.329741240e+00 0.000000000e+00 
3.421665430e+00 0.000000000e+00 
3.504467249e+00 0.000000000e+00 
3.577140331e+00 0.000000000e+00 
3.641594172e+00 0.000000000e+00 
3.697676659e+00 0.000000000e+00 
3.746453047e+00 0.000000000e+00 
3.787635565e+00 0.000000000e+00 
3.822316885e+00 0.000000000e+00 
3.851591110e+00 0.000000000e+00 
3.875591993e+00 0.000000000e+00 
3.895114422e+00 0.000000000e+00 
3.910513639e+00 0.000000000e+00 
3.922496796e+00 0.000000000e+00 
3.931664944e+00 0.000000000e+00 
3.938367128e+00 0.000000000e+00 
3.943217754e+00 0.000000000e+00 
3.946449757e+00 0.000000000e+00 
3.948542595e+00 0.000000000e+00 
3.949867487e+00 0.000000000e+00 
3.950498819e+00 0.000000000e+00 
3.950776815e+00 0.000000000e+00 
3.950846195e+00 0.000000000e+00 
3.950845480e+00 0.000000000e+00 
3.950839758e+00 0.000000000e+00 
0.000000000e+00 0.000000000e+00 
0.000000000e+00 0.000000000e+00 
0.000000000e+00 0.000000000e+00 
0.000000000e+00 0.000000000e+00 
0.000000000e+00 0.000000000e+00 
1.000000000e+00 0.000000000e+00 
1.000000000e+00 0.000000000e+00 
0.000000000e+00 0.000000000e+00 
0.000000000e+00 0.000000000e+00 
1.000000000e+00 0.000000000e+00 
1.000000000e+00 0.000000000e+00 
0.000000000e+00 0.000000000e+00 
0.000000000e+00 0.000000000e+00 
1.000000000e+00 0.000000000e+00 
1.000000000e+00 0.000000000e+00 
1.000000000e+00 0.000000000e+00 
1.000000000e+00 0.000000000e+00 
1.000000000e+00 0.000000000e+00 
1.000000000e+00 0.000000000e+00 
0.000000000e+00 0.000000000e+00 
0.000000000e+00 0.000000000e+00 
1.000000000e+00 0.000000000e+00 
1.000000000e+00 0.000000000e+00 
0.000000000e+00 0.000000000e+00 
0.000000000e+00 0.000000000e+00 
1.000000000e+00 0.000000000e+00 
1.000000000e+00 0.000000000e+00 
0.000000000e+00 0.000000000e+00 
0.000000000e+00 0.000000000e+00 
0.000000000e+00 0.000000000e+00 
0.000000000e+00 0.000000000e+00 
0.000000000e+00 0.000000000e+00 
