71 0
213 0
355 0
490 0
569 0
711 0
853 0
988 0
122 0
201 0
336 0
478 0
620 0
699 0
834 0
976 0
110 0
245 0
324 0
466 0
608 0
743 0
822 0
964 0
91 0
233 0
375 0
454 0
589 0
731 0
873 0
945 0
79 0
221 0
363 0
498 0
577 0
719 0
854 0
996 0
67 0
209 0
344 0
486 0
628 0
700 0
842 0
984 0
118 0
190 0
332 0
474 0
609 0
751 0
830 0
972 0
99 0
241 0
320 0
455 0
597 0
739 0
881 0
953 0
87 0
229 0
364 0
443 0
585 0
727 0
862 0
1004 0
75 0
210 0
352 0
494 0
573 0
708 0
850 0
992 0
119 0
198 0
340 0
482 0
617 0
696 0
838 0
973 0
107 0
249 0
328 0
463 0
605 0
747 0
819 0
961 0
95 0
237 0
372 0
451 0
593 0
728 0
870 0
949 0
83 0
218 0
360 0
502 0
574 0
716 0
858 0
1000 0
64 0
206 0
348 0
483 0
625 0
704 0
846 0
981 0
115 0
194 0
329 0
471 0
613 0
755 0
827 0
969 0
103 0
238 0
317 0
459 0
601 0
736 0
878 0
957 0
84 0
226 0
368 0
447 0
582 0
724 0
866 0
1001 0
72 0
214 0
356 0
491 0
570 0
712 0
847 0
989 0
123 0
202 0
337 0
479 0
621 0
693 0
835 0
977 0
111 0
246 0
325 0
467 0
602 0
744 0
823 0
965 0
92 0
234 0
376 0
448 0
590 0
732 0
874 0
946 0
80 0
222 0
357 0
499 0
578 0
720 0
855 0
997 0
68 0
203 0
345 0
487 0
629 0
701 0
843 0
985 0
112 0
191 0
333 0
475 0
610 0
752 0
831 0
966 0
100 0
242 0
321 0
456 0
598 0
740 0
875 0
954 0
88 0
230 0
365 0
444 0
586 0
721 0
863 0
1005 0
76 0
211 0
353 0
495 0
567 0
709 0
851 0
993 0
120 0
199 0
341 0
476 0
618 0
697 0
839 0
974 0
108 0
250 0
322 0
464 0
606 0
748 0
820 0
962 0
96 0
231 0
373 0
452 0
594 0
729 0
871 0
950 0
77 0
219 0
361 0
503 0
575 0
717 0
859 0
994 0
65 0
207 0
349 0
484 0
626 0
705 0
840 0
982 0
116 0
195 0
330 0
472 0
614 0
749 0
828 0
970 0
104 0
239 0
318 0
460 0
595 0
737 0
879 0
958 0
85 0
227 0
369 0
441 0
583 0
725 0
867 0
1002 0
73 0
215 0
350 0
492 0
571 0
713 0
848 0
990 0
124 0
196 0
338 0
480 0
622 0
694 0
836 0
978 0
105 0
247 0
326 0
468 0
603 0
745 0
824 0
959 0
93 0
235 0
377 0
449 0
591 0
733 0
868 0
947 0
81 0
223 0
358 0
500 0
579 0
714 0
856 0
998 0
69 0
204 0
346 0
488 0
623 0
702 0
844 0
986 0
113 0
192 0
334 0
469 0
611 0
753 0
832 0
967 0
101 0
243 0
315 0
457 0
599 0
741 0
876 0
955 0
89 0
224 0
366 0
445 0
587 0
722 0
864 0
1006 0
70 0
212 0
354 0
496 0
568 0
710 0
852 0
987 0
121 0
200 0
342 0
477 0
619 0
698 0
833 0
975 0
109 0
251 0
323 0
465 0
607 0
742 0
821 0
963 0
97 0
232 0
374 0
453 0
588 0
730 0
872 0
951 0
78 0
220 0
362 0
497 0
576 0
718 0
860 0
995 0
66 0
208 0
343 0
485 0
627 0
706 0
841 0
983 0
117 0
189 0
331 0
473 0
615 0
750 0
829 0
971 0
98 0
240 0
319 0
461 0
596 0
738 0
880 0
952 0
86 0
228 0
370 0
442 0
584 0
726 0
861 0
1003 0
74 0
216 0
351 0
493 0
572 0
707 0
849 0
991 0
125 0
197 0
339 0
481 0
616 0
695 0
837 0
979 0
106 0
248 0
327 0
462 0
604 0
746 0
825 0
960 0
94 0
236 0
371 0
450 0
592 0
734 0
869 0
948 0
82 0
217 0
359 0
501 0
580 0
715 0
857 0
999 0
63 0
205 0
347 0
489 0
624 0
703 0
845 0
980 0
114 0
193 0
335 0
470 0
612 0
754 0
826 0
968 0
102 0
244 0
316 0
458 0
600 0
735 0
877 0
956 0
90 0
225 0
367 0
446 0
581 0
723 0
865 0
1007 0
71 0
213 0
355 0
490 0
569 0
711 0
853 0
988 0
122 0
201 0
336 0
478 0
620 0
699 0
834 0
976 0
110 0
245 0
324 0
466 0
608 0
743 0
822 0
964 0
91 0
233 0
375 0
454 0
589 0
731 0
873 0
945 0
79 0
221 0
363 0
498 0
577 0
719 0
854 0
996 0
67 0
209 0
344 0
486 0
628 0
700 0
842 0
984 0
118 0
190 0
332 0
474 0
609 0
751 0
830 0
972 0
99 0
241 0
320 0
455 0
597 0
739 0
881 0
953 0
87 0
229 0
364 0
443 0
585 0
727 0
862 0
1004 0
75 0
210 0
352 0
494 0
573 0
708 0
850 0
992 0
119 0
198 0
340 0
482 0
617 0
696 0
838 0
973 0
107 0
249 0
328 0
463 0
605 0
747 0
819 0
961 0
95 0
237 0
372 0
451 0
593 0
728 0
870 0
949 0
83 0
218 0
360 0
502 0
574 0
716 0
858 0
1000 0
64 0
206 0
348 0
483 0
625 0
704 0
846 0
981 0
115 0
194 0
329 0
471 0
613 0
755 0
827 0
969 0
103 0
238 0
317 0
459 0
601 0
736 0
878 0
957 0
84 0
226 0
368 0
447 0
582 0
724 0
866 0
1001 0
72 0
214 0
356 0
491 0
570 0
712 0
847 0
989 0
123 0
202 0
337 0
479 0
621 0
693 0
835 0
977 0
111 0
246 0
325 0
467 0
602 0
744 0
823 0
965 0
92 0
234 0
376 0
448 0
590 0
732 0
874 0
946 0
80 0
222 0
357 0
499 0
578 0
720 0
855 0
997 0
68 0
203 0
345 0
487 0
629 0
701 0
843 0
985 0
112 0
191 0
333 0
475 0
610 0
752 0
831 0
966 0
100 0
242 0
321 0
456 0
598 0
740 0
875 0
954 0
88 0
230 0
365 0
444 0
586 0
721 0
863 0
1005 0
76 0
211 0
353 0
495 0
567 0
709 0
851 0
993 0
120 0
199 0
341 0
476 0
618 0
697 0
839 0
974 0
108 0
250 0
322 0
464 0
606 0
748 0
820 0
962 0
96 0
231 0
373 0
452 0
594 0
729 0
871 0
950 0
77 0
219 0
361 0
503 0
575 0
717 0
859 0
994 0
65 0
207 0
349 0
484 0
626 0
705 0
840 0
982 0
116 0
195 0
330 0
472 0
614 0
749 0
828 0
970 0
104 0
239 0
318 0
460 0
595 0
737 0
879 0
958 0
85 0
227 0
369 0
441 0
583 0
725 0
867 0
1002 0
73 0
215 0
350 0
492 0
571 0
713 0
848 0
990 0
124 0
196 0
338 0
480 0
622 0
694 0
836 0
978 0
105 0
247 0
326 0
468 0
603 0
745 0
824 0
959 0
93 0
235 0
377 0
449 0
591 0
733 0
868 0
947 0
81 0
223 0
358 0
500 0
579 0
714 0
856 0
998 0
69 0
204 0
346 0
488 0
623 0
702 0
844 0
986 0
113 0
192 0
334 0
469 0
611 0
753 0
832 0
967 0
101 0
243 0
315 0
457 0
599 0
741 0
876 0
955 0
89 0
224 0
366 0
445 0
587 0
722 0
864 0
1006 0
70 0
212 0
354 0
496 0
568 0
710 0
852 0
987 0
121 0
200 0
342 0
477 0
619 0
698 0
833 0
975 0
109 0
251 0
323 0
465 0
607 0
742 0
821 0
963 0
97 0
232 0
374 0
453 0
588 0
730 0
872 0
951 0
78 0
220 0
362 0
497 0
576 0
718 0
860 0
995 0
66 0
208 0
343 0
485 0
627 0
706 0
841 0
983 0
117 0
189 0
331 0
473 0
615 0
750 0
829 0
971 0
98 0
240 0
319 0
461 0
596 0
738 0
880 0
952 0
86 0
228 0
370 0
442 0
584 0
726 0
861 0
1003 0
74 0
216 0
351 0
493 0
572 0
707 0
849 0
991 0
125 0
197 0
339 0
481 0
616 0
695 0
837 0
979 0
106 0
248 0
327 0
462 0
604 0
746 0
825 0
960 0
94 0
236 0
371 0
450 0
592 0
734 0
869 0
948 0
82 0
217 0
359 0
501 0
580 0
715 0
857 0
999 0
63 0
205 0
347 0
489 0
624 0
703 0
845 0
980 0
114 0
193 0
335 0
470 0
612 0
754 0
826 0
968 0
102 0
244 0
316 0
458 0
600 0
735 0
877 0
956 0
90 0
225 0
367 0
446 0
581 0
723 0
865 0
1007 0
71 0
213 0
355 0
490 0
569 0
711 0
853 0
988 0
122 0
201 0
336 0
478 0
620 0
699 0
834 0
976 0
110 0
245 0
324 0
466 0
608 0
743 0
822 0
964 0
91 0
233 0
375 0
454 0
589 0
731 0
873 0
945 0
79 0
221 0
363 0
498 0
577 0
719 0
854 0
996 0
67 0
209 0
344 0
486 0
628 0
700 0
842 0
984 0
118 0
190 0
332 0
474 0
609 0
751 0
830 0
972 0
99 0
241 0
320 0
455 0
597 0
739 0
881 0
953 0
87 0
229 0
364 0
443 0
585 0
727 0
862 0
1004 0
75 0
210 0
352 0
494 0
573 0
708 0
850 0
992 0
119 0
198 0
340 0
482 0
617 0
696 0
838 0
973 0
107 0
249 0
328 0
463 0
605 0
747 0
819 0
961 0
95 0
237 0
372 0
451 0
593 0
728 0
870 0
949 0
83 0
218 0
360 0
502 0
574 0
716 0
858 0
1000 0
64 0
206 0
348 0
483 0
625 0
704 0
846 0
981 0
115 0
194 0
329 0
471 0
613 0
755 0
827 0
969 0
103 0
238 0
317 0
459 0
601 0
736 0
878 0
957 0
84 0
226 0
368 0
447 0
582 0
724 0
866 0
1001 0
72 0
214 0
356 0
491 0
570 0
712 0
847 0
989 0
123 0
202 0
337 0
479 0
621 0
693 0
835 0
977 0
111 0
246 0
325 0
467 0
602 0
744 0
823 0
965 0
92 0
234 0
376 0
448 0
590 0
732 0
874 0
946 0
80 0
222 0
357 0
499 0
578 0
720 0
855 0
997 0
68 0
203 0
345 0
487 0
629 0
701 0
843 0
985 0
112 0
191 0
333 0
475 0
610 0
752 0
831 0
966 0
100 0
242 0
321 0
456 0
598 0
740 0
875 0
954 0
88 0
230 0
365 0
444 0
586 0
721 0
863 0
1005 0
76 0
211 0
353 0
495 0
567 0
709 0
851 0
993 0
120 0
199 0
341 0
476 0
618 0
697 0
839 0
974 0
108 0
250 0
322 0
464 0
606 0
748 0
820 0
962 0
96 0
231 0
373 0
452 0
594 0
729 0
871 0
950 0
77 0
219 0
361 0
503 0
575 0
717 0
859 0
994 0
65 0
207 0
349 0
484 0
626 0
705 0
840 0
982 0
116 0
195 0
330 0
472 0
614 0
749 0
828 0
970 0
104 0
239 0
318 0
460 0
595 0
737 0
879 0
958 0
85 0
227 0
369 0
441 0
583 0
725 0
867 0
1002 0
73 0
215 0
350 0
492 0
571 0
713 0
848 0
990 0
124 0
196 0
338 0
480 0
622 0
694 0
836 0
978 0
105 0
247 0
326 0
468 0
603 0
745 0
824 0
959 0
93 0
235 0
377 0
449 0
591 0
733 0
868 0
947 0
81 0
223 0
358 0
500 0
579 0
714 0
856 0
998 0
69 0
204 0
346 0
488 0
623 0
702 0
844 0
986 0
113 0
192 0
334 0
469 0
611 0
753 0
832 0
967 0
101 0
243 0
315 0
457 0
599 0
741 0
876 0
955 0
89 0
224 0
366 0
445 0
587 0
722 0
864 0
1006 0
70 0
212 0
354 0
496 0
568 0
710 0
852 0
987 0
121 0
200 0
342 0
477 0
619 0
698 0
833 0
975 0
109 0
251 0
323 0
465 0
607 0
742 0
821 0
963 0
97 0
232 0
374 0
453 0
588 0
730 0
872 0
951 0
78 0
220 0
362 0
497 0
576 0
718 0
860 0
995 0
66 0
208 0
343 0
485 0
627 0
706 0
841 0
983 0
117 0
189 0
331 0
473 0
615 0
750 0
829 0
971 0
98 0
240 0
319 0
461 0
596 0
738 0
880 0
952 0
86 0
228 0
370 0
442 0
584 0
726 0
861 0
1003 0
74 0
216 0
351 0
493 0
572 0
707 0
849 0
991 0
125 0
197 0
339 0
481 0
616 0
695 0
837 0
979 0
106 0
248 0
327 0
462 0
604 0
746 0
825 0
960 0
94 0
236 0
371 0
450 0
592 0
734 0
869 0
948 0
82 0
217 0
359 0
501 0
580 0
715 0
857 0
999 0
63 0
205 0
347 0
489 0
624 0
703 0
845 0
980 0
114 0
193 0
335 0
470 0
612 0
754 0
826 0
968 0
102 0
244 0
316 0
458 0
600 0
735 0
877 0
956 0
90 0
225 0
367 0
446 0
581 0
723 0
865 0
1007 0
71 0
213 0
355 0
490 0
569 0
711 0
853 0
988 0
122 0
201 0
336 0
478 0
620 0
699 0
834 0
976 0
110 0
245 0
324 0
466 0
608 0
743 0
822 0
964 0
91 0
233 0
375 0
454 0
589 0
731 0
873 0
945 0
79 0
221 0
363 0
498 0
577 0
719 0
854 0
996 0
67 0
209 0
344 0
486 0
628 0
700 0
842 0
984 0
118 0
190 0
332 0
474 0
609 0
751 0
830 0
972 0
99 0
241 0
320 0
455 0
597 0
739 0
881 0
953 0
87 0
229 0
364 0
443 0
585 0
727 0
862 0
1004 0
75 0
210 0
352 0
494 0
573 0
708 0
850 0
992 0
119 0
198 0
340 0
482 0
617 0
696 0
838 0
973 0
107 0
249 0
328 0
463 0
605 0
747 0
819 0
961 0
95 0
237 0
372 0
451 0
593 0
728 0
870 0
949 0
83 0
218 0
360 0
502 0
574 0
716 0
858 0
1000 0
64 0
206 0
348 0
483 0
625 0
704 0
846 0
981 0
115 0
194 0
329 0
471 0
613 0
755 0
827 0
969 0
103 0
238 0
317 0
459 0
601 0
736 0
878 0
957 0
84 0
226 0
368 0
447 0
582 0
724 0
866 0
1001 0
72 0
214 0
356 0
491 0
570 0
712 0
847 0
989 0
123 0
202 0
337 0
479 0
621 0
693 0
835 0
977 0
111 0
246 0
325 0
467 0
602 0
744 0
823 0
965 0
92 0
234 0
376 0
448 0
590 0
732 0
874 0
946 0
80 0
222 0
357 0
499 0
578 0
720 0
855 0
997 0
68 0
203 0
345 0
487 0
629 0
701 0
843 0
985 0
112 0
191 0
333 0
475 0
610 0
752 0
831 0
966 0
100 0
242 0
321 0
456 0
598 0
740 0
875 0
954 0
88 0
230 0
365 0
444 0
586 0
721 0
863 0
1005 0
76 0
211 0
353 0
495 0
567 0
709 0
851 0
993 0
120 0
199 0
341 0
476 0
618 0
697 0
839 0
974 0
108 0
250 0
322 0
464 0
606 0
748 0
820 0
962 0
96 0
231 0
373 0
452 0
594 0
729 0
871 0
950 0
77 0
219 0
361 0
503 0
575 0
717 0
859 0
994 0
65 0
207 0
349 0
484 0
626 0
705 0
840 0
982 0
116 0
195 0
330 0
472 0
614 0
749 0
828 0
970 0
104 0
239 0
318 0
460 0
595 0
737 0
879 0
958 0
85 0
227 0
369 0
441 0
583 0
725 0
867 0
1002 0
73 0
215 0
350 0
492 0
571 0
713 0
848 0
990 0
124 0
196 0
338 0
480 0
622 0
694 0
836 0
978 0
105 0
247 0
326 0
468 0
603 0
745 0
824 0
959 0
93 0
235 0
377 0
449 0
591 0
733 0
868 0
947 0
81 0
223 0
358 0
500 0
579 0
714 0
856 0
998 0
69 0
204 0
346 0
488 0
623 0
702 0
844 0
986 0
113 0
192 0
334 0
469 0
611 0
753 0
832 0
967 0
101 0
243 0
315 0
457 0
599 0
741 0
876 0
955 0
89 0
224 0
366 0
445 0
587 0
722 0
864 0
1006 0
70 0
212 0
354 0
496 0
568 0
710 0
852 0
987 0
121 0
200 0
342 0
477 0
619 0
698 0
833 0
975 0
109 0
251 0
323 0
465 0
607 0
742 0
821 0
963 0
97 0
232 0
374 0
453 0
588 0
730 0
872 0
951 0
78 0
220 0
362 0
497 0
576 0
718 0
860 0
995 0
66 0
208 0
343 0
485 0
627 0
706 0
841 0
983 0
117 0
189 0
331 0
473 0
615 0
750 0
829 0
971 0
98 0
240 0
319 0
461 0
596 0
738 0
880 0
952 0
86 0
228 0
370 0
442 0
584 0
726 0
861 0
1003 0
74 0
216 0
351 0
493 0
572 0
707 0
849 0
991 0
125 0
197 0
339 0
481 0
616 0
695 0
837 0
979 0
106 0
248 0
327 0
462 0
604 0
746 0
825 0
960 0
94 0
236 0
371 0
450 0
592 0
734 0
869 0
948 0
82 0
217 0
359 0
501 0
580 0
715 0
857 0
999 0
63 0
205 0
347 0
489 0
624 0
703 0
845 0
980 0
114 0
193 0
335 0
470 0
612 0
754 0
826 0
968 0
102 0
244 0
316 0
458 0
600 0
735 0
877 0
956 0
90 0
225 0
367 0
446 0
581 0
723 0
865 0
1007 0
71 0
213 0
355 0
490 0
569 0
711 0
853 0
988 0
122 0
201 0
336 0
478 0
620 0
699 0
834 0
976 0
110 0
245 0
324 0
466 0
608 0
743 0
822 0
964 0
91 0
233 0
375 0
454 0
589 0
731 0
873 0
945 0
79 0
221 0
363 0
498 0
577 0
719 0
854 0
996 0
67 0
209 0
344 0
486 0
628 0
700 0
842 0
984 0
118 0
190 0
332 0
474 0
609 0
751 0
830 0
972 0
99 0
241 0
320 0
455 0
597 0
739 0
881 0
953 0
87 0
229 0
364 0
443 0
585 0
727 0
862 0
1004 0
75 0
210 0
352 0
494 0
573 0
708 0
850 0
992 0
119 0
198 0
340 0
482 0
617 0
696 0
838 0
973 0
107 0
249 0
328 0
463 0
605 0
747 0
819 0
961 0
95 0
237 0
372 0
451 0
593 0
728 0
870 0
949 0
83 0
218 0
360 0
502 0
574 0
716 0
858 0
1000 0
64 0
206 0
348 0
483 0
625 0
704 0
846 0
981 0
115 0
194 0
329 0
471 0
613 0
755 0
827 0
969 0
103 0
238 0
317 0
459 0
601 0
736 0
878 0
957 0
84 0
226 0
368 0
447 0
582 0
724 0
866 0
1001 0
72 0
214 0
356 0
491 0
570 0
712 0
847 0
989 0
123 0
202 0
337 0
479 0
621 0
693 0
835 0
977 0
111 0
246 0
325 0
467 0
602 0
744 0
823 0
965 0
92 0
234 0
376 0
448 0
590 0
732 0
874 0
946 0
80 0
222 0
357 0
499 0
578 0
720 0
855 0
997 0
68 0
203 0
345 0
487 0
629 0
701 0
843 0
985 0
112 0
191 0
333 0
475 0
610 0
752 0
831 0
966 0
100 0
242 0
321 0
456 0
598 0
740 0
875 0
954 0
88 0
230 0
365 0
444 0
586 0
721 0
863 0
1005 0
76 0
211 0
353 0
495 0
567 0
709 0
851 0
993 0
120 0
199 0
341 0
476 0
618 0
697 0
839 0
974 0
108 0
250 0
322 0
464 0
606 0
748 0
820 0
962 0
96 0
231 0
373 0
452 0
594 0
729 0
871 0
950 0
77 0
219 0
361 0
503 0
575 0
717 0
859 0
994 0
65 0
207 0
349 0
484 0
626 0
705 0
840 0
982 0
116 0
195 0
330 0
472 0
614 0
749 0
828 0
970 0
104 0
239 0
318 0
460 0
595 0
737 0
879 0
958 0
85 0
227 0
369 0
441 0
583 0
725 0
867 0
1002 0
73 0
215 0
350 0
492 0
571 0
713 0
848 0
990 0
124 0
196 0
338 0
480 0
622 0
694 0
836 0
978 0
105 0
247 0
326 0
468 0
603 0
745 0
824 0
959 0
93 0
235 0
377 0
449 0
591 0
733 0
868 0
947 0
81 0
223 0
358 0
500 0
579 0
714 0
856 0
998 0
69 0
204 0
346 0
488 0
623 0
702 0
844 0
986 0
113 0
192 0
334 0
469 0
611 0
753 0
832 0
967 0
101 0
243 0
315 0
457 0
599 0
741 0
876 0
955 0
89 0
224 0
366 0
445 0
587 0
722 0
864 0
1006 0
70 0
212 0
354 0
496 0
568 0
710 0
852 0
987 0
121 0
200 0
342 0
477 0
619 0
698 0
833 0
975 0
109 0
251 0
323 0
465 0
607 0
742 0
821 0
963 0
97 0
232 0
374 0
453 0
588 0
730 0
872 0
951 0
78 0
220 0
362 0
497 0
576 0
718 0
860 0
995 0
66 0
208 0
343 0
485 0
627 0
706 0
841 0
983 0
117 0
189 0
331 0
473 0
615 0
750 0
829 0
971 0
98 0
240 0
319 0
461 0
596 0
738 0
880 0
952 0
86 0
228 0
370 0
442 0
584 0
726 0
861 0
1003 0
74 0
216 0
351 0
493 0
572 0
707 0
849 0
991 0
125 0
197 0
339 0
481 0
616 0
695 0
837 0
979 0
106 0
248 0
327 0
462 0
604 0
746 0
825 0
960 0
94 0
236 0
371 0
450 0
592 0
734 0
869 0
948 0
82 0
217 0
359 0
501 0
580 0
715 0
857 0
999 0
63 0
205 0
347 0
489 0
624 0
703 0
845 0
980 0
114 0
193 0
335 0
470 0
612 0
754 0
826 0
968 0
102 0
244 0
316 0
458 0
600 0
735 0
877 0
956 0
90 0
225 0
367 0
446 0
581 0
723 0
865 0
1007 0
71 0
213 0
355 0
490 0
569 0
711 0
853 0
988 0
122 0
201 0
336 0
478 0
620 0
699 0
834 0
976 0
110 0
245 0
324 0
466 0
608 0
743 0
822 0
964 0
91 0
233 0
375 0
454 0
589 0
731 0
873 0
945 0
79 0
221 0
363 0
498 0
577 0
719 0
854 0
996 0
67 0
209 0
344 0
486 0
628 0
700 0
842 0
984 0
118 0
190 0
332 0
474 0
609 0
751 0
830 0
972 0
99 0
241 0
320 0
455 0
597 0
739 0
881 0
953 0
87 0
229 0
364 0
443 0
585 0
727 0
862 0
1004 0
75 0
210 0
352 0
494 0
573 0
708 0
850 0
992 0
119 0
198 0
340 0
482 0
617 0
696 0
838 0
973 0
107 0
249 0
328 0
463 0
605 0
747 0
819 0
961 0
95 0
237 0
372 0
451 0
593 0
728 0
870 0
949 0
83 0
218 0
360 0
502 0
574 0
716 0
858 0
1000 0
64 0
206 0
348 0
483 0
625 0
704 0
846 0
981 0
115 0
194 0
329 0
471 0
613 0
755 0
827 0
969 0
103 0
238 0
317 0
459 0
601 0
736 0
878 0
957 0
84 0
226 0
368 0
447 0
582 0
724 0
866 0
1001 0
72 0
214 0
356 0
491 0
570 0
712 0
847 0
989 0
123 0
202 0
337 0
479 0
621 0
693 0
835 0
977 0
111 0
246 0
325 0
467 0
602 0
744 0
823 0
965 0
92 0
234 0
376 0
448 0
590 0
732 0
874 0
946 0
80 0
222 0
357 0
499 0
578 0
720 0
855 0
997 0
68 0
203 0
345 0
487 0
629 0
701 0
843 0
985 0
112 0
191 0
333 0
475 0
610 0
752 0
831 0
966 0
100 0
242 0
321 0
456 0
598 0
740 0
875 0
954 0
88 0
230 0
365 0
444 0
586 0
721 0
863 0
1005 0
76 0
211 0
353 0
495 0
567 0
709 0
851 0
993 0
120 0
199 0
341 0
476 0
618 0
697 0
839 0
974 0
108 0
250 0
322 0
464 0
606 0
748 0
820 0
962 0
96 0
231 0
373 0
452 0
594 0
729 0
871 0
950 0
77 0
219 0
361 0
503 0
575 0
717 0
859 0
994 0
65 0
207 0
349 0
484 0
626 0
705 0
840 0
982 0
116 0
195 0
330 0
472 0
614 0
749 0
828 0
970 0
104 0
239 0
318 0
460 0
595 0
737 0
879 0
958 0
85 0
227 0
369 0
441 0
583 0
725 0
867 0
1002 0
73 0
215 0
350 0
492 0
571 0
713 0
848 0
990 0
124 0
196 0
338 0
480 0
622 0
694 0
836 0
978 0
105 0
247 0
326 0
468 0
603 0
745 0
824 0
959 0
93 0
235 0
377 0
449 0
591 0
733 0
868 0
947 0
81 0
223 0
358 0
500 0
579 0
714 0
856 0
998 0
69 0
204 0
346 0
488 0
623 0
702 0
844 0
986 0
113 0
192 0
334 0
469 0
611 0
753 0
832 0
967 0
101 0
243 0
315 0
457 0
599 0
741 0
876 0
955 0
89 0
224 0
366 0
445 0
587 0
722 0
864 0
1006 0
70 0
212 0
354 0
496 0
568 0
710 0
852 0
987 0
121 0
200 0
342 0
477 0
619 0
698 0
833 0
975 0
109 0
251 0
323 0
465 0
607 0
742 0
821 0
963 0
97 0
232 0
374 0
453 0
588 0
730 0
872 0
951 0
78 0
220 0
362 0
497 0
576 0
718 0
860 0
995 0
66 0
208 0
343 0
485 0
627 0
706 0
841 0
983 0
117 0
189 0
331 0
473 0
615 0
750 0
829 0
971 0
98 0
240 0
319 0
461 0
596 0
738 0
880 0
952 0
86 0
228 0
370 0
442 0
584 0
726 0
861 0
1003 0
74 0
216 0
351 0
493 0
572 0
707 0
849 0
991 0
125 0
197 0
339 0
481 0
616 0
695 0
837 0
979 0
106 0
248 0
327 0
462 0
604 0
746 0
825 0
960 0
94 0
236 0
371 0
450 0
592 0
734 0
869 0
948 0
82 0
217 0
359 0
501 0
580 0
715 0
857 0
999 0
63 0
205 0
347 0
489 0
624 0
703 0
845 0
980 0
114 0
193 0
335 0
470 0
612 0
754 0
826 0
968 0
102 0
244 0
316 0
458 0
600 0
735 0
877 0
956 0
90 0
225 0
367 0
446 0
581 0
723 0
865 0
1007 0
71 0
213 0
355 0
490 0
569 0
711 0
853 0
988 0
122 0
201 0
336 0
478 0
620 0
699 0
834 0
976 0
110 0
245 0
324 0
466 0
608 0
743 0
822 0
964 0
91 0
233 0
375 0
454 0
589 0
731 0
873 0
945 0
79 0
221 0
363 0
498 0
577 0
719 0
854 0
996 0
67 0
209 0
344 0
486 0
628 0
700 0
842 0
984 0
118 0
190 0
332 0
474 0
609 0
751 0
830 0
972 0
99 0
241 0
320 0
455 0
597 0
739 0
881 0
953 0
87 0
229 0
364 0
443 0
585 0
727 0
862 0
1004 0
75 0
210 0
352 0
494 0
573 0
708 0
850 0
992 0
119 0
198 0
340 0
482 0
617 0
696 0
838 0
973 0
107 0
249 0
328 0
463 0
605 0
747 0
819 0
961 0
95 0
237 0
372 0
451 0
593 0
728 0
870 0
949 0
83 0
218 0
360 0
502 0
574 0
716 0
858 0
1000 0
64 0
206 0
348 0
483 0
625 0
704 0
846 0
981 0
115 0
194 0
329 0
471 0
613 0
755 0
827 0
969 0
103 0
238 0
317 0
459 0
601 0
736 0
878 0
957 0
84 0
226 0
368 0
447 0
582 0
724 0
866 0
1001 0
72 0
214 0
356 0
491 0
570 0
712 0
847 0
989 0
123 0
202 0
337 0
479 0
621 0
693 0
835 0
977 0
111 0
246 0
325 0
467 0
602 0
744 0
823 0
965 0
92 0
234 0
376 0
448 0
590 0
732 0
874 0
946 0
80 0
222 0
357 0
499 0
578 0
720 0
855 0
997 0
68 0
203 0
345 0
487 0
629 0
701 0
843 0
985 0
112 0
191 0
333 0
475 0
610 0
752 0
831 0
966 0
100 0
242 0
321 0
456 0
598 0
740 0
875 0
954 0
88 0
230 0
365 0
444 0
586 0
721 0
863 0
1005 0
76 0
211 0
353 0
495 0
567 0
709 0
851 0
993 0
120 0
199 0
341 0
476 0
618 0
697 0
839 0
974 0
108 0
250 0
322 0
464 0
606 0
748 0
820 0
962 0
96 0
231 0
373 0
452 0
594 0
729 0
871 0
950 0
77 0
219 0
361 0
503 0
575 0
717 0
859 0
994 0
65 0
207 0
349 0
484 0
626 0
705 0
840 0
982 0
116 0
195 0
330 0
472 0
614 0
749 0
828 0
970 0
104 0
239 0
318 0
460 0
595 0
737 0
879 0
958 0
85 0
227 0
369 0
441 0
583 0
725 0
867 0
1002 0
73 0
215 0
350 0
492 0
571 0
713 0
848 0
990 0
124 0
196 0
338 0
480 0
622 0
694 0
836 0
978 0
105 0
247 0
326 0
468 0
603 0
745 0
824 0
959 0
93 0
235 0
377 0
449 0
591 0
733 0
868 0
947 0
81 0
223 0
358 0
500 0
579 0
714 0
856 0
998 0
69 0
204 0
346 0
488 0
623 0
702 0
844 0
986 0
113 0
192 0
334 0
469 0
611 0
753 0
832 0
967 0
101 0
243 0
315 0
457 0
599 0
741 0
876 0
955 0
89 0
224 0
366 0
445 0
587 0
722 0
864 0
1006 0
70 0
212 0
354 0
496 0
568 0
710 0
852 0
987 0
121 0
200 0
342 0
477 0
619 0
698 0
833 0
975 0
109 0
251 0
323 0
465 0
607 0
742 0
821 0
963 0
97 0
232 0
374 0
453 0
588 0
730 0
872 0
951 0
78 0
220 0
362 0
497 0
576 0
718 0
860 0
995 0
66 0
208 0
343 0
485 0
627 0
706 0
841 0
983 0
117 0
189 0
331 0
473 0
615 0
750 0
829 0
971 0
98 0
240 0
319 0
461 0
596 0
738 0
880 0
952 0
86 0
228 0
370 0
442 0
584 0
726 0
861 0
1003 0
74 0
216 0
351 0
493 0
572 0
707 0
849 0
991 0
125 0
197 0
339 0
481 0
616 0
695 0
837 0
979 0
106 0
248 0
327 0
462 0
604 0
746 0
825 0
960 0
94 0
236 0
371 0
450 0
592 0
734 0
869 0
948 0
82 0
217 0
359 0
501 0
580 0
715 0
857 0
999 0
63 0
205 0
347 0
489 0
624 0
703 0
845 0
980 0
114 0
193 0
335 0
470 0
612 0
754 0
826 0
968 0
102 0
244 0
316 0
458 0
600 0
735 0
877 0
956 0
90 0
225 0
367 0
446 0
581 0
723 0
865 0
1007 0
71 0
213 0
355 0
490 0
569 0
711 0
853 0
988 0
122 0
201 0
336 0
478 0
620 0
699 0
834 0
976 0
110 0
245 0
324 0
466 0
608 0
743 0
822 0
964 0
91 0
233 0
375 0
454 0
589 0
731 0
873 0
945 0
79 0
221 0
363 0
498 0
577 0
719 0
854 0
996 0
67 0
209 0
344 0
486 0
628 0
700 0
842 0
984 0
118 0
190 0
332 0
474 0
609 0
751 0
830 0
972 0
99 0
241 0
320 0
455 0
597 0
739 0
881 0
953 0
87 0
229 0
364 0
443 0
585 0
727 0
862 0
1004 0
75 0
210 0
352 0
494 0
573 0
708 0
850 0
992 0
119 0
198 0
340 0
482 0
617 0
696 0
838 0
973 0
107 0
249 0
328 0
463 0
605 0
747 0
819 0
961 0
95 0
237 0
372 0
451 0
593 0
728 0
870 0
949 0
83 0
218 0
360 0
502 0
574 0
716 0
858 0
1000 0
64 0
206 0
348 0
483 0
625 0
704 0
846 0
981 0
115 0
194 0
329 0
471 0
613 0
755 0
827 0
969 0
103 0
238 0
317 0
459 0
601 0
736 0
878 0
957 0
84 0
226 0
368 0
447 0
582 0
724 0
866 0
1001 0
72 0
214 0
356 0
491 0
570 0
712 0
847 0
989 0
123 0
202 0
337 0
479 0
621 0
693 0
835 0
977 0
111 0
246 0
325 0
467 0
602 0
744 0
823 0
965 0
92 0
234 0
376 0
448 0
590 0
732 0
874 0
946 0
80 0
222 0
357 0
499 0
578 0
720 0
855 0
997 0
68 0
203 0
345 0
487 0
629 0
701 0
843 0
985 0
112 0
191 0
333 0
475 0
610 0
752 0
831 0
966 0
100 0
242 0
321 0
456 0
598 0
740 0
875 0
954 0
88 0
230 0
365 0
444 0
586 0
721 0
863 0
1005 0
76 0
211 0
353 0
495 0
567 0
709 0
851 0
993 0
120 0
199 0
341 0
476 0
618 0
697 0
839 0
974 0
108 0
250 0
322 0
464 0
606 0
748 0
820 0
962 0
96 0
231 0
373 0
452 0
594 0
729 0
871 0
950 0
77 0
219 0
361 0
503 0
575 0
717 0
859 0
994 0
65 0
207 0
349 0
484 0
626 0
705 0
840 0
982 0
116 0
195 0
330 0
472 0
614 0
749 0
828 0
970 0
104 0
239 0
318 0
460 0
595 0
737 0
879 0
958 0
85 0
227 0
369 0
441 0
583 0
725 0
867 0
1002 0
73 0
215 0
350 0
492 0
571 0
713 0
848 0
990 0
124 0
196 0
338 0
480 0
622 0
694 0
836 0
978 0
105 0
247 0
326 0
468 0
603 0
745 0
824 0
959 0
93 0
235 0
377 0
449 0
591 0
733 0
868 0
947 0
81 0
223 0
358 0
500 0
579 0
714 0
856 0
998 0
69 0
204 0
346 0
488 0
623 0
702 0
844 0
986 0
113 0
192 0
334 0
469 0
611 0
753 0
832 0
967 0
101 0
243 0
315 0
457 0
599 0
741 0
876 0
955 0
89 0
224 0
366 0
445 0
587 0
722 0
864 0
1006 0
70 0
212 0
354 0
496 0
568 0
710 0
852 0
987 0
121 0
200 0
342 0
477 0
619 0
698 0
833 0
975 0
109 0
251 0
323 0
465 0
607 0
742 0
821 0
963 0
97 0
232 0
374 0
453 0
588 0
730 0
872 0
951 0
78 0
220 0
362 0
497 0
576 0
718 0
860 0
995 0
66 0
208 0
343 0
485 0
627 0
706 0
841 0
983 0
117 0
189 0
331 0
473 0
615 0
750 0
829 0
971 0
98 0
240 0
319 0
461 0
596 0
738 0
880 0
952 0
86 0
228 0
370 0
442 0
584 0
726 0
861 0
1003 0
74 0
216 0
351 0
493 0
572 0
707 0
849 0
991 0
125 0
197 0
339 0
481 0
616 0
695 0
837 0
979 0
106 0
248 0
327 0
462 0
604 0
746 0
825 0
960 0
94 0
236 0
371 0
450 0
592 0
734 0
869 0
948 0
82 0
217 0
359 0
501 0
580 0
715 0
857 0
999 0
63 0
205 0
347 0
489 0
624 0
703 0
845 0
980 0
114 0
193 0
335 0
470 0
612 0
754 0
826 0
968 0
102 0
244 0
316 0
458 0
600 0
735 0
877 0
956 0
90 0
225 0
367 0
446 0
581 0
723 0
865 0
1007 0
