2415853568
-3.774408264160156250e+02
3.909312438964843750e+01
-9.568440551757812500e+02
3.329892578125000000e+02
-5.486274414062500000e+02
-7.192594604492187500e+02
5.247340698242187500e+02
-4.702406921386718750e+02
4.249692077636718750e+02
9.671171875000000000e+02
-7.215084838867187500e+02
-9.591416625976562500e+02
-2.106367492675781250e+02
-5.199813842773437500e+02
2.092059173583984375e+02
-3.512207031250000000e+02
5.203787841796875000e+02
8.942174072265625000e+02
-1.400485534667968750e+02
9.560114135742187500e+02
-8.601113281250000000e+02
2.653414001464843750e+02
-4.224476013183593750e+02
2.198413238525390625e+02
-2.877165832519531250e+02
-2.869105834960937500e+02
-5.307667236328125000e+02
3.554438781738281250e+02
5.423937377929687500e+02
2.462989959716796875e+02
-6.415256958007812500e+02
2.587741394042968750e+02
-7.195689086914062500e+02
4.020389099121093750e+02
5.382962036132812500e+02
-9.800537109375000000e+02
-3.784212951660156250e+02
4.234965515136718750e+02
-6.149903564453125000e+02
7.716616821289062500e+02
-1.428886413574218750e+02
-1.034788055419921875e+02
-8.375498657226562500e+02
-7.590513305664062500e+02
6.516744384765625000e+02
4.770819702148437500e+02
9.840797729492187500e+02
8.252655639648437500e+02
-7.489006958007812500e+02
1.988680114746093750e+02
9.126407470703125000e+02
-2.914980773925781250e+02
-2.642259826660156250e+02
-9.570539550781250000e+02
8.991285400390625000e+02
-9.400471191406250000e+02
-5.298313598632812500e+02
-9.195880737304687500e+02
9.192462921142578125e+01
5.269839477539062500e+02
1.867044219970703125e+02
3.303444519042968750e+02
-5.825842285156250000e+02
-8.016892089843750000e+02
-2.925850524902343750e+02
-5.269376831054687500e+02
-4.842944335937500000e+02
3.885659484863281250e+02
-3.396738891601562500e+02
4.430097961425781250e+02
-3.530211181640625000e+02
-8.744291381835937500e+02
5.115673446655273438e+01
-4.432607116699218750e+02
6.806213378906250000e+01
3.086652526855468750e+02
6.692517700195312500e+02
-4.579395446777343750e+02
9.705898284912109375e+01
-6.046717529296875000e+02
5.558357543945312500e+02
-6.127927856445312500e+02
-8.962342071533203125e+01
-6.975836791992187500e+02
7.614413452148437500e+02
-3.085726623535156250e+02
3.805694885253906250e+02
-6.617959594726562500e+02
-8.916591186523437500e+02
-7.878438110351562500e+02
9.024474487304687500e+02
2.728199462890625000e+02
-7.081685791015625000e+02
4.924750366210937500e+02
7.648370971679687500e+02
-7.795247192382812500e+02
-1.775453686714172363e-01
-9.899037480354309082e-01
1.730603814125061035e+00
-7.320695519447326660e-01
4.015289545059204102e-01
8.571701049804687500e-01
-2.754030525684356689e-01
1.430765032768249512e+00
-1.211581826210021973e+00
3.497931659221649170e-01
8.189225792884826660e-01
1.569933176040649414e+00
-3.169054388999938965e-01
6.819527745246887207e-01
-3.797248005867004395e-01
1.002493858337402344e+00
-9.179167747497558594e-01
-5.168280005455017090e-01
-3.230567574501037598e-01
-1.251158833503723145e+00
1.004152178764343262e+00
-4.127638339996337891e-01
-1.951525330543518066e+00
1.140905499458312988e+00
-1.808357119560241699e+00
-1.483334422111511230e+00
-1.939677238464355469e+00
-1.384353190660476685e-01
-1.459438920021057129e+00
-8.762492537498474121e-01
-1.855547428131103516e+00
-1.109555125236511230e+00
1.943505644798278809e+00
1.296639204025268555e+00
1.417930960655212402e+00
-1.376676201820373535e+00
-3.669033646583557129e-01
1.501550793647766113e+00
-1.706989765167236328e+00
-4.673842489719390869e-01
-1.680811166763305664e+00
-1.283744126558303833e-01
1.451455712318420410e+00
4.880013167858123779e-01
1.526036500930786133e+00
1.934527635574340820e+00
1.457655191421508789e+00
-1.333894491195678711e+00
1.513261437416076660e+00
-1.615803599357604980e+00
-2.696016132831573486e-01
-1.211592674255371094e+00
1.394663453102111816e+00
1.699393272399902344e+00
-3.777630999684333801e-02
3.902983069419860840e-01
1.781666994094848633e+00
6.941059231758117676e-01
-1.933620929718017578e+00
-9.288320541381835938e-01
-3.222582936286926270e-01
-7.379166483879089355e-01
-7.061954736709594727e-01
-2.924119830131530762e-01
-5.335581898689270020e-01
1.191159859299659729e-01
-1.711366653442382812e+00
1.284662008285522461e+00
5.290741920471191406e-01
-1.801252216100692749e-01
-5.229152739048004150e-02
-9.066404700279235840e-01
-7.323198318481445312e-01
1.620939612388610840e+00
-1.657938718795776367e+00
1.813126921653747559e+00
1.139437794685363770e+00
1.608203768730163574e+00
1.010638475418090820e+00
8.257197737693786621e-01
1.647913336753845215e+00
-1.739248394966125488e+00
-3.236415982246398926e-02
6.093735694885253906e-01
1.371712088584899902e+00
1.167831063270568848e+00
2.487984895706176758e-01
-5.888927578926086426e-01
1.779316067695617676e+00
1.928583145141601562e+00
1.002081274986267090e+00
7.803817391395568848e-01
4.393137693405151367e-01
-6.109202280640602112e-02
9.365110993385314941e-01
-1.578436791896820068e-01
3.374212341308593750e+02
6.437532958984375000e+02
2.701163635253906250e+02
8.317432250976562500e+02
4.134637145996093750e+02
1.161372303962707520e+00
6.983382568359375000e+02
1.172822189331054688e+02
1.250128173828125000e+02
6.248274536132812500e+02
4.885875244140625000e+02
9.449859619140625000e+02
4.945006103515625000e+02
7.202088012695312500e+02
5.284611816406250000e+02
6.949166870117187500e+02
7.564356689453125000e+02
9.261329956054687500e+02
3.524782409667968750e+02
4.780858459472656250e+02
9.654486083984375000e+02
3.710619812011718750e+02
6.169311523437500000e+02
1.941600036621093750e+02
8.598753051757812500e+02
3.548808593750000000e+02
5.257490844726562500e+02
2.087826843261718750e+02
7.057882690429687500e+02
7.984370727539062500e+02
7.083544921875000000e+02
TLAST
3.987612915039062500e+02
2415853569
-6.309039916992187500e+02
1.533783569335937500e+02
9.693342895507812500e+02
5.798096923828125000e+02
-7.900372924804687500e+02
-4.351994991302490234e+00
5.641875610351562500e+02
-5.496760559082031250e+01
-8.740604858398437500e+02
-2.070319366455078125e+02
-7.244896240234375000e+02
-8.370156250000000000e+02
-7.759730224609375000e+02
6.670415039062500000e+02
9.518727111816406250e+01
7.114990234375000000e+02
-6.999600219726562500e+02
4.311692810058593750e+02
3.536063842773437500e+02
9.265468750000000000e+02
1.281614837646484375e+02
5.797568359375000000e+02
-3.180360717773437500e+02
-5.934254760742187500e+02
-8.840097656250000000e+02
-7.822406005859375000e+02
9.473710327148437500e+02
3.486467361450195312e+01
-9.370330200195312500e+02
-5.187252807617187500e+02
-2.653352661132812500e+02
5.540914154052734375e+01
-9.568386840820312500e+01
-9.504027099609375000e+02
-3.616551208496093750e+01
-1.629762725830078125e+02
-1.644737854003906250e+02
-8.995517578125000000e+02
7.434530639648437500e+02
-6.753378906250000000e+02
1.267408905029296875e+02
3.721006164550781250e+02
-4.655079040527343750e+02
4.452604064941406250e+02
-2.889760131835937500e+02
-8.904824218750000000e+02
-1.282499389648437500e+02
-2.718974609375000000e+02
-6.395538330078125000e+02
4.363876342773437500e+02
2.369617462158203125e+02
-9.252701416015625000e+02
-9.321307373046875000e+02
-9.215100097656250000e+02
-8.025915527343750000e+02
-4.490755004882812500e+02
1.958692474365234375e+02
-9.446002960205078125e+01
9.095777587890625000e+02
4.882000732421875000e+02
2.961529541015625000e+02
9.066398925781250000e+02
1.722791900634765625e+02
4.914193420410156250e+02
-3.054730529785156250e+02
-1.668958892822265625e+02
7.376351318359375000e+02
-7.005377197265625000e+02
1.621804656982421875e+02
3.566474609375000000e+02
7.381571044921875000e+02
7.470557250976562500e+02
-5.636875000000000000e+02
1.577900695800781250e+02
-5.097524414062500000e+02
-1.168968734741210938e+02
-8.028770141601562500e+02
7.225466308593750000e+02
3.627979431152343750e+02
3.858436279296875000e+02
4.223183631896972656e+00
-2.783214721679687500e+02
-5.088492126464843750e+02
-2.837878417968750000e+02
-4.393800659179687500e+02
-9.538815917968750000e+02
3.583331909179687500e+02
-8.630895385742187500e+02
4.270450439453125000e+02
1.164673690795898438e+02
-4.382614517211914062e+01
-6.918948364257812500e+02
3.108634948730468750e+02
-1.798987121582031250e+02
5.657073974609375000e+02
-6.395914306640625000e+02
-5.387564897537231445e-01
1.236414670944213867e+00
-1.285889148712158203e+00
2.770726680755615234e-01
1.280196070671081543e+00
8.984909653663635254e-01
-2.045960873365402222e-01
-1.334695458412170410e+00
1.019925713539123535e+00
1.987876296043395996e+00
-8.760570883750915527e-01
-6.768357753753662109e-01
1.686032414436340332e+00
-1.862967729568481445e+00
1.305920720100402832e+00
1.886837959289550781e+00
-1.559242308139801025e-01
-1.403237342834472656e+00
-1.860103368759155273e+00
9.439966678619384766e-01
1.358967185020446777e+00
-1.421417355537414551e+00
1.279289841651916504e+00
1.985237836837768555e+00
1.335705667734146118e-01
-6.964666843414306641e-01
-4.828757941722869873e-01
3.244791924953460693e-01
-1.699746489524841309e+00
-1.161980628967285156e+00
-1.212360978126525879e+00
7.899112105369567871e-01
-1.593487570062279701e-03
1.379920005798339844e+00
-1.668766498565673828e+00
1.941011667251586914e+00
1.560744404792785645e+00
1.953568577766418457e+00
-1.844544410705566406e+00
1.297306418418884277e+00
-3.831679224967956543e-01
1.574151515960693359e+00
7.385559380054473877e-02
-2.247436717152595520e-02
8.080862760543823242e-01
-4.285907149314880371e-01
-1.682445049285888672e+00
1.709074258804321289e+00
-1.318054080009460449e+00
-1.089477300643920898e+00
2.772441208362579346e-01
-1.907813429832458496e+00
1.445869326591491699e+00
-1.346898078918457031e+00
1.904437899589538574e+00
-5.849648118019104004e-01
-8.980562686920166016e-01
-3.321416676044464111e-01
1.524038434028625488e+00
-1.514263987541198730e+00
8.743396401405334473e-01
-3.703842163085937500e-01
1.747179150581359863e+00
1.998949766159057617e+00
1.985633522272109985e-01
-1.873083859682083130e-01
-3.679774701595306396e-01
1.844130158424377441e+00
-1.476378917694091797e+00
4.610303342342376709e-01
-6.977217197418212891e-01
4.173980951309204102e-01
3.075860142707824707e-01
1.948177933692932129e+00
5.247528553009033203e-01
9.594643861055374146e-02
-4.833114147186279297e-01
9.679210186004638672e-01
7.048988342285156250e-01
8.537533879280090332e-01
-4.071546494960784912e-01
-2.403715252876281738e-01
-1.492127180099487305e+00
1.398896098136901855e+00
-6.077144742012023926e-01
3.993492126464843750e-01
-9.924283027648925781e-01
4.087560176849365234e-01
5.600912570953369141e-01
-1.896362565457820892e-02
-8.741681575775146484e-01
1.335426092147827148e+00
-4.126628935337066650e-01
-1.230177760124206543e+00
-1.930183410644531250e+00
3.074599802494049072e-01
1.511335906982421875e+02
4.426994323730468750e+02
8.023774414062500000e+02
1.959573669433593750e+02
6.501520385742187500e+02
1.977991180419921875e+02
4.798319396972656250e+02
1.829810791015625000e+02
4.945597839355468750e+02
4.906603088378906250e+02
1.423079071044921875e+02
1.570512542724609375e+02
3.079965209960937500e+02
3.423948059082031250e+02
3.739087524414062500e+02
1.744549865722656250e+02
7.124262695312500000e+02
5.128167114257812500e+02
7.231068115234375000e+02
5.222399902343750000e+02
8.216111450195312500e+02
2.778396301269531250e+02
9.060881958007812500e+02
3.326606445312500000e+02
4.970103759765625000e+02
4.271692810058593750e+02
2.514317626953125000e+02
3.799996337890625000e+02
2.549918518066406250e+02
1.850061492919921875e+02
2.884018249511718750e+02
TLAST
2.130164642333984375e+02
2415853570
-7.168972778320312500e+02
-6.018419799804687500e+02
-8.416459655761718750e+01
-9.427673950195312500e+02
9.085903930664062500e+01
-8.722949829101562500e+02
-3.653390808105468750e+02
8.976784667968750000e+02
4.761931152343750000e+02
-2.485469360351562500e+02
8.985404052734375000e+02
-8.662059783935546875e+01
-4.161014099121093750e+02
2.193822326660156250e+02
-6.061986083984375000e+02
4.707641906738281250e+02
-7.614606933593750000e+02
-1.024602966308593750e+02
9.494396972656250000e+02
-9.716105346679687500e+02
-2.185970306396484375e+02
-5.932848510742187500e+02
3.861671447753906250e+02
6.203571777343750000e+02
9.768613891601562500e+02
-9.924884033203125000e+02
7.453992919921875000e+02
6.030778808593750000e+02
-2.186201171875000000e+02
6.858666381835937500e+02
3.623902282714843750e+02
-3.471425476074218750e+02
6.121130981445312500e+02
5.151893920898437500e+02
3.848001403808593750e+02
2.332156982421875000e+02
5.159368896484375000e+02
-4.610607624053955078e+00
-6.248030395507812500e+02
-2.553082466125488281e+01
9.646325073242187500e+02
6.017478027343750000e+02
9.221769409179687500e+02
-7.144049072265625000e+02
-8.338696899414062500e+02
-1.898107452392578125e+02
8.108891601562500000e+02
3.658765869140625000e+02
-6.100123291015625000e+02
2.820836791992187500e+02
-9.764647827148437500e+02
5.172854003906250000e+02
2.185259857177734375e+02
2.254046630859375000e+02
-2.380300903320312500e+02
-1.888054504394531250e+02
-1.831732177734375000e+02
4.359279251098632812e+01
-1.294430694580078125e+02
-6.550543823242187500e+02
5.887249145507812500e+02
5.641342773437500000e+02
5.421755981445312500e+01
-7.733435668945312500e+02
-2.106043243408203125e+01
-3.341489562988281250e+02
-6.504929199218750000e+02
-2.827748718261718750e+02
-5.156795043945312500e+02
6.387921142578125000e+02
-3.229811401367187500e+02
-8.501666069030761719e+00
8.976263427734375000e+02
-9.263051757812500000e+02
-3.291270828247070312e+01
1.909050598144531250e+02
-8.131832122802734375e+01
-7.641644897460937500e+02
-9.463140487670898438e+00
-8.267709350585937500e+02
5.711571655273437500e+02
-9.670210571289062500e+02
3.202486267089843750e+02
9.574814453125000000e+02
-5.356785278320312500e+02
-8.622815551757812500e+02
2.418065338134765625e+02
-7.635886230468750000e+02
-3.066929321289062500e+02
-6.325942382812500000e+02
8.457669067382812500e+02
7.165264892578125000e+02
7.441974639892578125e+01
3.203972473144531250e+02
-7.860198364257812500e+02
-9.765402832031250000e+02
-1.602167129516601562e+00
1.572430372238159180e+00
1.273770093917846680e+00
-1.743285179138183594e+00
6.417171955108642578e-01
4.154207408428192139e-01
-1.296986818313598633e+00
-1.075016736984252930e+00
1.877567291259765625e+00
-1.443115472793579102e+00
-9.619513750076293945e-01
1.695442080497741699e+00
-1.969954609870910645e+00
2.221265435218811035e-02
-2.245235070586204529e-02
1.688183665275573730e+00
-1.970726400613784790e-01
-8.153015971183776855e-01
1.932117223739624023e+00
-4.795494079589843750e-01
-8.976369500160217285e-01
-7.352175712585449219e-01
-6.141592264175415039e-01
-1.790882706642150879e+00
1.847270488739013672e+00
-1.294922471046447754e+00
-6.520877033472061157e-02
6.866094470024108887e-02
3.702850639820098877e-01
-1.971782803535461426e+00
1.741655826568603516e+00
1.412845589220523834e-02
1.958163142204284668e+00
1.218309760093688965e+00
2.236227095127105713e-01
8.731374889612197876e-02
-8.629782199859619141e-01
-1.422433018684387207e+00
1.266257643699645996e+00
8.450449258089065552e-02
1.366071552038192749e-01
-7.888634800910949707e-01
1.348538041114807129e+00
-9.394872188568115234e-01
-1.333728313446044922e+00
-1.131503954529762268e-01
-1.622297286987304688e+00
5.300650838762521744e-03
-1.838172674179077148e+00
-1.616964936256408691e+00
-1.187999248504638672e+00
-1.802290916442871094e+00
-6.266874670982360840e-01
2.942886948585510254e-02
-1.369958758354187012e+00
-1.312224507331848145e+00
-5.804675221443176270e-01
9.139373898506164551e-01
1.044387459754943848e+00
-6.491975784301757812e-01
2.417018860578536987e-01
1.778100728988647461e+00
-1.176031470298767090e+00
2.406220436096191406e-01
-3.226495087146759033e-01
-1.551264524459838867e+00
-1.587763190269470215e+00
8.826806545257568359e-01
1.454967379570007324e+00
-1.339768528938293457e+00
-2.887864410877227783e-01
1.166212439537048340e+00
1.808174610137939453e+00
1.943828701972961426e+00
-1.033084988594055176e+00
4.762270450592041016e-01
8.484608530998229980e-01
-1.057540655136108398e+00
-1.566626906394958496e+00
5.196873545646667480e-01
1.898900508880615234e+00
1.668159008026123047e+00
1.139312863349914551e+00
1.118878960609436035e+00
-2.846897542476654053e-01
3.161688745021820068e-01
-9.538777172565460205e-02
-1.857091903686523438e+00
-1.292373299598693848e+00
-2.509913146495819092e-01
9.484237432479858398e-01
4.927747845649719238e-01
7.334719896316528320e-01
8.472270965576171875e-01
6.593166589736938477e-01
-3.608475923538208008e-01
6.647749633789062500e+02
1.020746231079101562e+02
7.144179534912109375e+01
9.086419677734375000e+02
4.751494140625000000e+02
7.327447509765625000e+02
1.551753387451171875e+02
2.657817993164062500e+02
9.875321655273437500e+02
9.808831787109375000e+02
4.610479431152343750e+02
5.227927246093750000e+02
1.166481552124023438e+02
5.346400146484375000e+02
8.541335449218750000e+02
7.464401855468750000e+02
5.097598876953125000e+02
3.849911804199218750e+02
5.577805175781250000e+02
5.448105468750000000e+02
3.641732177734375000e+02
5.244774169921875000e+02
4.353056945800781250e+02
6.045090942382812500e+02
2.040670013427734375e+01
9.319800415039062500e+02
3.710082092285156250e+02
3.673590421676635742e+00
8.236502075195312500e+02
7.331473999023437500e+02
8.689498291015625000e+02
TLAST
5.950617675781250000e+02
2415853571
-3.358050231933593750e+02
4.853102416992187500e+02
3.758586730957031250e+02
-9.084952545166015625e+01
-1.060060806274414062e+02
-5.144205322265625000e+02
7.173851013183593750e+01
9.417683715820312500e+02
-6.133378295898437500e+02
9.733905029296875000e+02
8.806878662109375000e+02
8.983516845703125000e+02
-4.648842163085937500e+02
-3.144092102050781250e+02
3.590517578125000000e+02
8.063167724609375000e+02
-2.911763305664062500e+02
-1.934516525268554688e+01
-1.479926757812500000e+02
9.067282104492187500e+02
-8.220254516601562500e+02
5.501552124023437500e+02
7.496757202148437500e+02
-9.434752197265625000e+02
-1.063199996948242188e+02
2.217500762939453125e+02
-4.477716369628906250e+02
8.894921264648437500e+02
8.190654296875000000e+02
4.973138732910156250e+02
2.712206420898437500e+02
-6.027335815429687500e+02
5.276270141601562500e+02
3.214354858398437500e+02
4.981292724609375000e+02
5.352301635742187500e+02
3.498110771179199219e+00
3.676022033691406250e+02
5.359486083984375000e+02
6.558744812011718750e+01
8.856437377929687500e+02
6.953297119140625000e+02
-1.183192596435546875e+02
4.193587646484375000e+02
-3.128317565917968750e+02
2.181010894775390625e+02
-7.148344116210937500e+02
-5.764119873046875000e+02
4.917894897460937500e+02
8.903968811035156250e+01
1.960414123535156250e+02
-4.205820465087890625e+01
-4.813189697265625000e+02
9.987176513671875000e+02
-3.457163696289062500e+02
-2.135612335205078125e+02
8.309025878906250000e+02
-9.900272827148437500e+02
-8.756533813476562500e+02
9.631438598632812500e+02
-3.143122558593750000e+02
-1.644831542968750000e+02
-3.944563903808593750e+02
-8.154798507690429688e+00
9.234259033203125000e+02
-3.581963348388671875e+01
1.903826141357421875e+02
-4.945585327148437500e+02
-2.263295936584472656e+01
-8.883288574218750000e+02
-2.888064575195312500e+02
3.962824096679687500e+02
-3.201834716796875000e+02
8.990947265625000000e+02
3.042705383300781250e+02
-1.752545623779296875e+02
2.312548828125000000e+02
7.913978271484375000e+02
-8.018375244140625000e+02
9.147270965576171875e+01
4.386032714843750000e+02
4.754820556640625000e+02
1.558274688720703125e+02
-5.427479858398437500e+02
-2.535185089111328125e+02
3.976836547851562500e+02
-6.147863159179687500e+02
3.690106201171875000e+02
-6.273425903320312500e+02
7.569461059570312500e+02
6.621295776367187500e+02
-7.697269287109375000e+02
-8.451261596679687500e+02
1.986818084716796875e+02
2.827242126464843750e+02
1.860621490478515625e+02
1.469468832015991211e+00
-9.215027689933776855e-01
1.240331754088401794e-01
1.233242869377136230e+00
-1.446834802627563477e+00
8.897081613540649414e-01
1.823920726776123047e+00
-5.974394083023071289e-01
-4.801421761512756348e-01
9.413395524024963379e-01
2.762338817119598389e-01
-6.183863282203674316e-01
1.006999850273132324e+00
-1.834301590919494629e+00
3.318160474300384521e-01
-7.079284191131591797e-01
1.727131009101867676e+00
9.611097574234008789e-01
1.394367218017578125e+00
-1.784999847412109375e+00
-4.420706257224082947e-02
-9.449834823608398438e-01
-1.595409035682678223e+00
-1.386189579963684082e+00
-8.817176222801208496e-01
-7.133079171180725098e-01
9.097091555595397949e-01
1.682728648185729980e+00
2.615706026554107666e-01
1.160927414894104004e+00
9.488943219184875488e-01
8.806338310241699219e-01
1.913492828607559204e-01
-1.141168832778930664e+00
5.636786222457885742e-01
-4.718050658702850342e-01
-1.501858115196228027e+00
5.988530516624450684e-01
1.822625637054443359e+00
-4.764205515384674072e-01
1.488318443298339844e+00
-5.881870388984680176e-01
1.761060953140258789e+00
9.811298847198486328e-01
-1.980036377906799316e+00
1.701493740081787109e+00
-1.661108255386352539e+00
8.278994560241699219e-01
-6.449450254440307617e-01
1.547520160675048828e+00
-1.434596896171569824e+00
-8.086106181144714355e-01
1.808435320854187012e+00
-5.337643995881080627e-02
6.879072189331054688e-01
2.779162228107452393e-01
1.160864233970642090e+00
-5.972967743873596191e-01
-1.980857610702514648e+00
-7.660847306251525879e-01
1.162134647369384766e+00
1.816465020179748535e+00
-9.585636109113693237e-02
-1.745362639427185059e+00
1.259962797164916992e+00
-1.342769026756286621e+00
-7.795965075492858887e-01
4.993787705898284912e-01
1.819852828979492188e+00
7.025778889656066895e-01
-9.802338480949401855e-01
1.701612114906311035e+00
-1.237560033798217773e+00
1.947448730468750000e+00
9.047666788101196289e-01
1.852252244949340820e+00
-3.502770364284515381e-01
-1.697126984596252441e+00
4.200517665594816208e-03
-1.812996149063110352e+00
2.363848239183425903e-01
-1.197250962257385254e+00
-1.118302106857299805e+00
-6.235226392745971680e-01
-5.239071249961853027e-01
-1.736506700515747070e+00
-8.656460642814636230e-01
-9.935494065284729004e-01
1.901962459087371826e-01
-5.338649749755859375e-01
1.634829878807067871e+00
8.781815767288208008e-01
4.059439301490783691e-01
-1.138829708099365234e+00
1.325351953506469727e+00
-4.809655845165252686e-01
7.088875732421875000e+02
8.828866577148437500e+02
3.055898132324218750e+02
6.769858551025390625e+01
2.904602661132812500e+02
3.969056701660156250e+02
4.153817138671875000e+02
7.907205810546875000e+02
3.446116638183593750e+02
8.058047485351562500e+02
7.045606689453125000e+02
3.165114879608154297e+00
9.193405151367187500e+02
2.432020759582519531e+01
5.772083740234375000e+02
3.456203308105468750e+02
1.661206970214843750e+02
7.730760498046875000e+02
5.195706787109375000e+02
6.035443115234375000e+02
1.769577789306640625e+02
8.312822875976562500e+02
4.600022888183593750e+02
1.494770050048828125e+02
7.351333618164062500e+02
6.318805541992187500e+02
7.292692871093750000e+02
1.185734939575195312e+02
9.546128540039062500e+02
4.919446716308593750e+02
8.837909545898437500e+02
TLAST
5.839396362304687500e+02
