2415853568
5.633109741210937500e+02
-3.455256652832031250e+02
9.929363403320312500e+02
6.727772216796875000e+02
1.500727081298828125e+02
6.166768188476562500e+02
9.804168701171875000e+02
-6.242262573242187500e+02
9.093445434570312500e+02
1.677871551513671875e+02
-9.756155395507812500e+02
-3.387449951171875000e+02
3.280029907226562500e+02
-9.171123657226562500e+02
-7.822563476562500000e+02
-9.388643798828125000e+02
4.465503540039062500e+02
4.044566345214843750e+02
-7.755505371093750000e+02
-9.861627807617187500e+02
1.471822814941406250e+02
9.152404785156250000e+02
5.419329833984375000e+02
-1.162971496582031250e+01
6.099255371093750000e+02
-8.329486083984375000e+02
-8.995986328125000000e+02
9.884973144531250000e+02
-3.503757324218750000e+02
-5.760036621093750000e+02
8.805557861328125000e+02
-6.398840942382812500e+02
3.694575500488281250e+02
7.340045166015625000e+02
7.255709838867187500e+02
7.154216308593750000e+02
-9.120287475585937500e+02
9.246143341064453125e+01
9.510764770507812500e+02
-1.439857482910156250e+02
-3.190829772949218750e+02
9.113306884765625000e+02
9.856550598144531250e+01
-6.062210693359375000e+02
-1.635374755859375000e+02
5.128718261718750000e+02
-7.637023315429687500e+02
-5.455498657226562500e+02
6.665578613281250000e+02
9.589588623046875000e+02
-4.509854431152343750e+02
8.220684814453125000e+02
1.114257125854492188e+02
-3.799925231933593750e+01
-8.117034301757812500e+02
-1.178780059814453125e+02
1.481499786376953125e+02
8.297142944335937500e+02
9.147848510742187500e+02
7.850756225585937500e+02
-7.629786376953125000e+02
-1.747713317871093750e+02
1.265875091552734375e+02
-6.718636474609375000e+02
-9.000878295898437500e+02
-7.954556884765625000e+02
-2.419418945312500000e+02
-6.157875366210937500e+02
-7.659303588867187500e+02
-3.288609924316406250e+02
-1.278024077415466309e+00
-4.150812072753906250e+02
1.043237991333007812e+02
4.551319274902343750e+02
-2.699841308593750000e+02
4.642160339355468750e+02
-5.639713134765625000e+02
-3.308363647460937500e+02
2.244890403747558594e+01
4.593133850097656250e+02
8.080854492187500000e+02
-3.517843627929687500e+02
9.254256591796875000e+02
5.825572509765625000e+02
7.228906250000000000e+02
1.793340759277343750e+02
6.277757568359375000e+02
3.610654602050781250e+02
-3.030665779113769531e+01
7.813137207031250000e+02
-7.918931274414062500e+02
-1.778322601318359375e+01
-5.936273803710937500e+02
-3.675513916015625000e+02
-7.446889038085937500e+02
-8.966260375976562500e+02
3.823720812797546387e-01
6.943594217300415039e-01
-9.640086889266967773e-01
-3.028654754161834717e-01
-1.659371495246887207e+00
9.560769200325012207e-01
8.679330348968505859e-01
-7.443612068891525269e-02
-4.485984742641448975e-01
1.129751205444335938e+00
-1.770678758621215820e-01
-8.863884806632995605e-01
-9.547811746597290039e-01
-1.843280673027038574e+00
-1.068703889846801758e+00
-1.916968822479248047e+00
-1.246473670005798340e+00
-8.075336813926696777e-01
-3.964426517486572266e-01
3.839153051376342773e-02
-1.192410230636596680e+00
1.090020537376403809e+00
-1.986593455076217651e-01
1.912049531936645508e+00
-2.189960777759552002e-01
1.711218118667602539e+00
-3.164918124675750732e-01
-1.076267585158348083e-01
-4.149791002273559570e-01
1.206552267074584961e+00
-1.338105320930480957e+00
9.494951367378234863e-01
3.493331372737884521e-01
-1.375372886657714844e+00
1.107326030731201172e+00
1.142816096544265747e-01
5.169504880905151367e-01
6.235707998275756836e-01
-1.578204989433288574e+00
1.788246512413024902e+00
1.983894109725952148e+00
1.780639171600341797e+00
-3.305954039096832275e-01
2.817880213260650635e-01
1.655717045068740845e-01
-1.954134106636047363e+00
4.725350737571716309e-01
1.433321595191955566e+00
-1.472610592842102051e+00
-1.682951807975769043e+00
1.324091196060180664e+00
2.865955233573913574e-01
1.383429616689682007e-01
-1.005114078521728516e+00
-4.497030079364776611e-01
-1.076951265335083008e+00
-1.421444654464721680e+00
-1.834226727485656738e+00
1.106415033340454102e+00
1.534446120262145996e+00
2.243912369012832642e-01
-1.943181633949279785e+00
-1.150536060333251953e+00
-9.405314177274703979e-02
1.132775425910949707e+00
5.029659271240234375e-01
5.356116890907287598e-01
-4.245597496628761292e-02
-1.778053879737854004e+00
-1.304674267768859863e+00
-6.968660354614257812e-01
-1.828534126281738281e+00
-1.875963687896728516e+00
-4.168077707290649414e-01
7.822769880294799805e-01
-1.137802824378013611e-01
-5.597600936889648438e-01
-1.196721315383911133e+00
1.537981033325195312e-01
1.903943061828613281e+00
-2.222222648561000824e-02
6.550768017768859863e-02
-1.650708794593811035e+00
-4.166617393493652344e-01
-1.936900973320007324e+00
7.219450473785400391e-01
1.625058054924011230e+00
3.516934514045715332e-01
-7.982588410377502441e-01
1.419899702072143555e+00
-1.967660784721374512e+00
6.201520562171936035e-01
1.249903321266174316e+00
9.945870637893676758e-01
-4.839956387877464294e-02
-2.231952399015426636e-01
2.600704040527343750e+02
4.207721252441406250e+02
7.178505859375000000e+02
3.714243164062500000e+02
1.618746490478515625e+02
3.742917480468750000e+02
2.231338500976562500e+02
6.542282104492187500e+02
8.840532836914062500e+02
7.160666503906250000e+02
2.465439605712890625e+02
7.651831054687500000e+02
2.197160797119140625e+02
7.341761474609375000e+02
7.731632080078125000e+02
1.732733306884765625e+02
4.520935821533203125e+01
2.608347473144531250e+02
8.567043457031250000e+02
8.464119262695312500e+02
2.797011413574218750e+02
1.401381378173828125e+02
6.838662719726562500e+02
3.563880920410156250e+02
6.099066162109375000e+02
4.978041992187500000e+02
6.034801025390625000e+02
1.058389053344726562e+02
4.547425842285156250e+02
4.271012573242187500e+02
5.208768920898437500e+02
TLAST
6.249415283203125000e+02
2415853569
8.686205444335937500e+02
-8.619934692382812500e+02
4.697799987792968750e+02
-4.724617004394531250e+02
-9.723654174804687500e+01
-1.881416473388671875e+02
2.069715270996093750e+02
1.714628295898437500e+02
-4.224145202636718750e+02
-3.912579345703125000e+01
-7.938344726562500000e+02
-8.431574707031250000e+02
-9.909187622070312500e+02
4.107626953125000000e+02
-5.887173461914062500e+02
3.056437377929687500e+02
-2.611152343750000000e+02
-8.990444946289062500e+02
5.930569458007812500e+01
-6.857770385742187500e+02
6.005607299804687500e+02
6.548763427734375000e+02
-1.703779602050781250e+02
9.898095703125000000e+02
-7.547377319335937500e+02
-9.875244140625000000e+02
-7.179514160156250000e+02
-4.047426605224609375e+01
8.329792480468750000e+02
-2.143653869628906250e+02
-3.991702270507812500e+02
8.007086181640625000e+02
-8.742182922363281250e+01
5.219003295898437500e+02
-2.733536682128906250e+02
-3.586983642578125000e+02
9.654983520507812500e+02
-9.007583007812500000e+02
1.218348693847656250e+02
7.844927978515625000e+02
-5.546519775390625000e+02
-3.807377319335937500e+02
-5.571282958984375000e+02
-6.850554199218750000e+02
5.191899414062500000e+02
3.639223022460937500e+02
2.173662414550781250e+02
-6.052376708984375000e+02
-6.472129516601562500e+02
8.070519409179687500e+02
-4.967760009765625000e+02
-6.807395935058593750e+01
2.851457519531250000e+02
-2.669234313964843750e+02
4.913688049316406250e+02
5.058022766113281250e+02
-6.228915405273437500e+02
9.669046630859375000e+02
2.888456420898437500e+02
9.479908447265625000e+02
6.600932006835937500e+02
9.784460449218750000e+02
8.861626434326171875e+01
3.714240722656250000e+02
6.673790454864501953e+00
-2.667774658203125000e+02
-4.310824890136718750e+02
-4.576690292358398438e+01
4.375396728515625000e+02
6.738989868164062500e+02
-4.424270629882812500e+02
5.478527832031250000e+02
3.431861400604248047e+00
-6.925375976562500000e+02
5.564777832031250000e+02
4.316577148437500000e+02
-6.776657714843750000e+02
-4.336310119628906250e+02
-8.818928222656250000e+02
-2.866289672851562500e+02
9.991695556640625000e+02
2.142498016357421875e+02
7.104884643554687500e+02
3.324097900390625000e+02
1.205306091308593750e+02
-3.811158142089843750e+02
-5.546750488281250000e+02
3.239242248535156250e+02
-4.401613464355468750e+02
-1.286625823974609375e+02
-8.035317382812500000e+02
-9.502487792968750000e+02
-8.691859741210937500e+02
-8.047878417968750000e+02
-7.166239624023437500e+02
-8.178601074218750000e+01
4.195280373096466064e-02
9.323689937591552734e-01
8.009583950042724609e-01
-1.378435254096984863e+00
-1.856428980827331543e+00
-1.157109379768371582e+00
-7.035158276557922363e-01
-7.556726336479187012e-01
-1.587225556373596191e+00
4.055950045585632324e-02
-1.783358693122863770e+00
5.050827860832214355e-01
1.310377359390258789e+00
1.610983371734619141e+00
9.956930875778198242e-01
9.966599941253662109e-02
-2.145387083292007446e-01
2.006521672010421753e-01
1.612917423248291016e+00
1.614865183830261230e+00
7.873709797859191895e-01
1.174774646759033203e+00
-5.078233480453491211e-01
1.351238012313842773e+00
-1.605773568153381348e+00
-4.178031086921691895e-01
1.849626183509826660e+00
-3.838157355785369873e-01
3.140550255775451660e-01
-1.240061521530151367e+00
-1.964396238327026367e-01
6.195232272148132324e-02
1.397918224334716797e+00
7.087506651878356934e-01
1.882699877023696899e-01
-1.064002633094787598e+00
-1.638984322547912598e+00
1.362574696540832520e-01
6.480836775153875351e-03
1.769224286079406738e+00
-1.082657337188720703e+00
-1.191627025604248047e+00
8.915724754333496094e-01
1.727660775184631348e+00
4.321547150611877441e-01
6.721006631851196289e-01
1.184151053428649902e+00
-2.316447347402572632e-02
-1.344098567962646484e+00
-1.339524507522583008e+00
1.589434504508972168e+00
1.870920419692993164e+00
6.825486421585083008e-01
1.250933408737182617e+00
1.019884943962097168e+00
3.748347610235214233e-02
1.205387592315673828e+00
-1.312685161828994751e-01
1.012994050979614258e+00
-1.153069615364074707e+00
7.895020246505737305e-01
-7.260846495628356934e-01
-1.301446437835693359e+00
-9.255703687667846680e-01
4.476229846477508545e-01
1.133784890174865723e+00
1.548727989196777344e+00
-5.891215205192565918e-01
1.324796557426452637e+00
4.419849812984466553e-02
1.742196679115295410e+00
-1.585663557052612305e-01
9.207787513732910156e-01
-9.837158322334289551e-01
1.107690453529357910e+00
-9.636022448539733887e-01
1.730094313621520996e+00
-1.060157179832458496e+00
3.885786533355712891e-01
1.888441801071166992e+00
-1.335076570510864258e+00
-1.514099240303039551e+00
1.221015930175781250e+00
1.622198700904846191e+00
-1.212494134902954102e+00
-1.712585568428039551e+00
5.718494057655334473e-01
-2.913131117820739746e-01
1.494492530822753906e+00
1.985584735870361328e+00
-6.801943182945251465e-01
-1.843736290931701660e+00
-7.765505313873291016e-01
2.931697666645050049e-01
-6.825242042541503906e-01
8.034930825233459473e-01
4.717459716796875000e+02
7.878318481445312500e+02
1.701284332275390625e+02
8.423158264160156250e+01
8.924251708984375000e+02
8.133585815429687500e+02
9.308230590820312500e+02
6.049337158203125000e+02
3.825415954589843750e+02
7.118109130859375000e+02
7.045350341796875000e+02
6.707074584960937500e+02
1.453424682617187500e+02
9.950108642578125000e+02
2.964604492187500000e+02
4.120988769531250000e+02
4.515535888671875000e+02
2.473311767578125000e+02
4.458887939453125000e+02
5.950436401367187500e+02
2.066776580810546875e+02
1.445213470458984375e+02
7.810771484375000000e+02
7.444869995117187500e+02
1.728935546875000000e+02
7.284344482421875000e+02
8.122326049804687500e+02
1.271812534332275391e+01
5.292793579101562500e+02
2.491232604980468750e+02
9.072377319335937500e+02
TLAST
4.469524536132812500e+02
2415853570
4.020623168945312500e+02
-7.753495483398437500e+02
7.514950561523437500e+02
-6.774721069335937500e+02
7.246575317382812500e+02
1.927219009399414062e+01
-6.496638793945312500e+02
-1.662537689208984375e+02
1.827850646972656250e+02
-7.057990112304687500e+02
-3.528070678710937500e+02
7.800682983398437500e+02
-8.308341064453125000e+02
-1.580720672607421875e+02
-6.986853027343750000e+02
-5.016812438964843750e+02
-7.059891357421875000e+02
7.159281005859375000e+02
-8.775985107421875000e+02
3.762171325683593750e+02
-9.350651855468750000e+02
7.666201782226562500e+02
-9.176595687866210938e+00
7.499780273437500000e+02
-1.069387741088867188e+02
-6.452781982421875000e+02
9.583051147460937500e+02
8.350581054687500000e+02
3.290522155761718750e+02
-9.073720092773437500e+02
-7.547174835205078125e+01
-3.909923400878906250e+02
4.135412902832031250e+02
3.689606323242187500e+02
8.229233398437500000e+02
6.544075317382812500e+02
-8.943706054687500000e+02
3.853735656738281250e+02
-9.152786865234375000e+02
3.879367675781250000e+02
6.698437500000000000e+02
4.511515502929687500e+02
8.906666259765625000e+02
4.765861816406250000e+02
8.109074707031250000e+02
4.451527404785156250e+02
-5.404329833984375000e+02
-4.503674316406250000e+02
-1.745609130859375000e+02
-2.542934417724609375e+02
-2.972835083007812500e+02
-9.958960571289062500e+02
-2.292040405273437500e+02
-5.937929153442382812e+01
8.771070556640625000e+02
-1.810092773437500000e+02
-5.179131469726562500e+02
4.831771240234375000e+02
-3.238773193359375000e+02
-9.496883392333984375e+01
-9.797189941406250000e+02
5.678351440429687500e+02
-2.925848388671875000e+02
-2.730671691894531250e+02
-1.987703247070312500e+02
2.745177612304687500e+02
4.239889221191406250e+02
6.302759399414062500e+02
5.241849365234375000e+02
-4.995556335449218750e+02
-5.992827148437500000e+02
1.655397186279296875e+02
-6.819343872070312500e+02
-7.844905395507812500e+02
-2.738948364257812500e+02
-5.563820266723632812e+01
-5.805706176757812500e+02
-2.311200714111328125e+02
4.379628372192382812e+01
9.405460205078125000e+02
4.449591369628906250e+02
-5.814028320312500000e+02
-1.237947998046875000e+02
-1.893302764892578125e+02
-4.914300918579101562e+01
1.359573211669921875e+02
9.371039428710937500e+02
4.428903808593750000e+02
-5.144893188476562500e+02
2.935372009277343750e+02
-9.695905151367187500e+02
-3.091436157226562500e+02
-5.516060791015625000e+02
-1.183412399291992188e+02
-4.472734069824218750e+02
-8.406565093994140625e+01
1.887789368629455566e+00
1.343022823333740234e+00
1.327707529067993164e+00
1.114967703819274902e+00
1.796338200569152832e+00
-5.521085858345031738e-01
-8.262076377868652344e-01
-1.443269968032836914e+00
-1.754421234130859375e+00
-1.343808174133300781e+00
-1.772585153579711914e+00
-1.684723496437072754e+00
9.615706205368041992e-01
-3.295375704765319824e-01
1.379208326339721680e+00
-1.708337903022766113e+00
7.391805052757263184e-01
9.612362384796142578e-01
-1.247586846351623535e+00
-1.415753066539764404e-01
4.613378643989562988e-01
6.355891823768615723e-01
-8.299798369407653809e-01
1.158613801002502441e+00
1.959945321083068848e+00
1.834584712982177734e+00
1.694896340370178223e+00
-1.090591669082641602e+00
5.589538216590881348e-01
1.354356884956359863e+00
1.792883723974227905e-01
4.616041481494903564e-01
-9.283781647682189941e-01
-1.504688978195190430e+00
-3.525344133377075195e-01
4.165629446506500244e-01
1.769226670265197754e+00
1.582412600517272949e+00
-1.874225616455078125e+00
1.967903494834899902e+00
9.388818740844726562e-01
-1.064655065536499023e+00
-1.436595201492309570e+00
1.337741613388061523e+00
1.197531938552856445e+00
2.279425561428070068e-01
7.229377031326293945e-01
1.974746942520141602e+00
8.431374281644821167e-02
-5.758252739906311035e-01
-1.481024026870727539e+00
4.429427683353424072e-01
1.326299905776977539e+00
8.676064610481262207e-01
1.591591835021972656e+00
8.043472766876220703e-01
1.301364421844482422e+00
-1.805315852165222168e+00
-9.878532886505126953e-01
-1.728255391120910645e+00
-8.549877405166625977e-01
-8.056934475898742676e-01
1.939046740531921387e+00
2.575904130935668945e-01
1.610462784767150879e+00
1.416553497314453125e+00
-1.427867293357849121e+00
1.393595576286315918e+00
-4.620860144495964050e-02
1.514454245567321777e+00
1.004190921783447266e+00
-1.545735120773315430e+00
3.975791037082672119e-01
1.115378886461257935e-01
6.634766459465026855e-01
5.884373784065246582e-01
-1.898177564144134521e-01
1.208107829093933105e+00
-1.556804776191711426e+00
1.331548810005187988e+00
-5.878430604934692383e-01
-1.176688790321350098e+00
4.335663616657257080e-01
1.713066101074218750e+00
1.219171524047851562e+00
7.516595125198364258e-01
4.950994253158569336e-01
1.712760567665100098e+00
-7.181822061538696289e-01
5.798785090446472168e-01
1.113482832908630371e+00
-1.651562094688415527e+00
-3.253757357597351074e-01
2.101097553968429565e-01
1.505303025245666504e+00
-1.894927956163883209e-02
5.618081054687500000e+02
7.305479125976562500e+02
9.568554687500000000e+02
3.922492370605468750e+02
4.577280883789062500e+02
6.197442016601562500e+02
8.002132568359375000e+02
7.060310058593750000e+02
8.243862915039062500e+02
7.330393066406250000e+02
7.563643188476562500e+02
3.643706665039062500e+02
7.815302734375000000e+02
2.689729309082031250e+02
3.159903335571289062e+01
5.665145874023437500e+02
5.626442260742187500e+02
7.487362060546875000e+02
6.154816284179687500e+02
6.110550537109375000e+02
9.199948730468750000e+02
4.166154174804687500e+02
7.571620483398437500e+02
2.065223236083984375e+02
6.966644287109375000e+02
5.256497192382812500e+02
5.825023803710937500e+02
9.149639892578125000e+02
2.596430969238281250e+01
1.704925231933593750e+02
1.236588897705078125e+02
TLAST
1.427005310058593750e+02
2415853571
5.947184448242187500e+02
3.471493225097656250e+02
-9.046746826171875000e+02
-8.646818237304687500e+02
7.360165405273437500e+02
-7.451059570312500000e+02
-8.216027221679687500e+02
1.280292968750000000e+02
5.837846069335937500e+02
-4.877216491699218750e+02
-4.519605407714843750e+02
6.214134521484375000e+02
3.185822105407714844e+01
-7.398967285156250000e+02
5.171627426147460938e+01
8.047460327148437500e+02
2.196228179931640625e+02
8.582969970703125000e+02
-9.669958496093750000e+02
-5.104531860351562500e+01
2.121664733886718750e+02
9.522459030151367188e+00
-5.616894149780273438e+01
3.139458923339843750e+02
2.025781059265136719e+01
-4.119507446289062500e+02
-8.363527221679687500e+02
-7.166512451171875000e+02
7.125994873046875000e+01
-2.724572143554687500e+02
-6.968751220703125000e+02
2.292048645019531250e+01
5.277824707031250000e+02
-6.791981201171875000e+02
-8.972554931640625000e+02
5.849803466796875000e+02
8.367517089843750000e+02
-6.356270751953125000e+02
-9.066463012695312500e+02
-7.541416015625000000e+02
-6.642488403320312500e+02
5.028222045898437500e+02
-4.212345886230468750e+02
5.407352294921875000e+02
6.664080200195312500e+02
3.730521011352539062e+01
8.634430541992187500e+02
-4.276431274414062500e+01
8.740210571289062500e+02
-6.286935424804687500e+02
-6.525130004882812500e+02
-3.256907653808593750e+02
-2.007727661132812500e+02
2.982390747070312500e+02
-9.569785766601562500e+02
3.351933898925781250e+02
-5.227291259765625000e+02
4.727944030761718750e+02
9.518873901367187500e+02
-1.823273468017578125e+02
-9.247259521484375000e+01
-7.522979125976562500e+02
3.168750000000000000e+02
3.741052551269531250e+02
1.870503692626953125e+02
-9.652221679687500000e+02
7.663868408203125000e+02
8.296820068359375000e+02
8.811216430664062500e+02
5.818450317382812500e+02
-8.044416503906250000e+02
-8.283434448242187500e+02
6.986046142578125000e+02
4.350280761718750000e+02
5.088442382812500000e+02
-4.569135742187500000e+02
7.919199829101562500e+02
7.048948974609375000e+02
2.845157470703125000e+02
-2.209913635253906250e+02
-8.616301879882812500e+02
-3.232306518554687500e+02
-7.415582885742187500e+02
-4.584922790527343750e+02
2.416804351806640625e+02
-9.513336791992187500e+02
6.350492553710937500e+02
8.716043701171875000e+02
3.078277282714843750e+02
-7.801141967773437500e+02
-9.165266113281250000e+02
1.483443298339843750e+02
-5.532902221679687500e+02
6.799786376953125000e+02
-8.836737060546875000e+02
-8.290239868164062500e+02
9.244656562805175781e-01
-1.461117625236511230e+00
-1.592244803905487061e-01
1.517674922943115234e+00
1.517195940017700195e+00
1.330888271331787109e+00
-8.939183950424194336e-01
1.362620949745178223e+00
1.941146016120910645e+00
1.768628656864166260e-01
-1.624763488769531250e+00
4.589100480079650879e-01
1.769989490509033203e+00
1.336486458778381348e+00
1.247479557991027832e+00
1.457943797111511230e+00
-1.160768985748291016e+00
6.433001160621643066e-01
-8.944962024688720703e-01
1.478349685668945312e+00
-3.228368461132049561e-01
-1.270952582359313965e+00
2.878670096397399902e-01
1.637475490570068359e+00
-1.552180886268615723e+00
-7.111454606056213379e-01
-1.701787412166595459e-01
-7.274150252342224121e-01
1.969814419746398926e+00
6.432076692581176758e-01
-1.004569768905639648e+00
-3.574450016021728516e-01
-8.685059547424316406e-01
-1.824941396713256836e+00
9.663401842117309570e-01
3.393556177616119385e-01
-1.543545842170715332e+00
1.493214249610900879e+00
-1.246723294258117676e+00
-4.997913241386413574e-01
-1.271645903587341309e+00
1.798536896705627441e+00
-1.576379060745239258e+00
-3.886416256427764893e-01
7.010331749916076660e-01
-1.535468697547912598e+00
4.873349666595458984e-01
-7.319245934486389160e-01
1.621358990669250488e+00
4.459947347640991211e-01
7.862125039100646973e-01
-3.244054317474365234e-01
-2.014023661613464355e-01
4.514183104038238525e-01
-1.294416427612304688e+00
-1.194450378417968750e+00
4.900878369808197021e-01
-7.754831761121749878e-02
-7.780193090438842773e-01
1.525263428688049316e+00
9.688894152641296387e-01
7.850064039230346680e-01
6.640456318855285645e-01
1.115601539611816406e+00
-3.005476593971252441e-01
1.190856456756591797e+00
1.345716118812561035e+00
1.044727191329002380e-01
-9.703104496002197266e-01
1.847511649131774902e+00
1.200089693069458008e+00
-4.400967359542846680e-01
-1.605222344398498535e+00
1.170860528945922852e+00
-1.458940148353576660e+00
-1.777166843414306641e+00
-1.103893995285034180e+00
1.672168135643005371e+00
-1.223075509071350098e+00
-2.241416871547698975e-01
-1.792619109153747559e+00
1.439768195152282715e+00
1.093868732452392578e+00
-1.093836545944213867e+00
-1.677343726158142090e+00
-3.495025634765625000e-01
1.479786753654479980e+00
-1.437243819236755371e+00
-5.992359519004821777e-01
-8.047119379043579102e-01
-1.109550476074218750e+00
1.017348289489746094e+00
8.881219625473022461e-01
-1.696983695030212402e+00
1.881466507911682129e+00
-1.690886020660400391e+00
9.180186767578125000e+02
7.367715454101562500e+02
1.401116180419921875e+02
7.472406005859375000e+02
7.156324462890625000e+02
9.083438110351562500e+02
2.291462097167968750e+02
8.232331275939941406e+00
6.671324462890625000e+02
1.862186431884765625e+02
9.930435791015625000e+02
3.234448547363281250e+02
2.248838653564453125e+02
2.260359001159667969e+01
8.045743408203125000e+02
5.546192016601562500e+02
1.484857025146484375e+02
2.371147766113281250e+02
9.927218017578125000e+02
8.107768554687500000e+02
1.943675842285156250e+02
8.347252807617187500e+02
1.511417999267578125e+02
8.179586181640625000e+02
7.212738037109375000e+01
4.296104125976562500e+02
8.621093139648437500e+02
5.716994628906250000e+02
1.829283599853515625e+02
3.812097778320312500e+02
3.101619262695312500e+02
TLAST
8.912575683593750000e+02
