2415853568
-1000768133
-1002947051
-1000480094
-1010117530
-1006282104
-1014560736
-1007263782
-1001347121
-1012878556
-1002011433
1133342654
-1000202791
1144933391
-1005836078
-1005689493
1132947610
1143489319
-1005221155
1145146481
1136392467
-1001156487
1148594160
1141775335
1148216308
-1006191856
-1002618073
1112068388
1145782376
1141783555
1138495856
-1018128486
1108573713
-1024586089
1128706005
-999773966
1137196934
1135113677
1115896702
1121343868
1142817997
-1021545601
1144916870
-1012023893
1146432831
1147876243
1141756418
1146810556
1148391480
-1003465590
1129093471
1147991700
-1025294896
1134060424
-1006168279
-1007966627
1136195293
-1001348662
1132297018
1147107394
1135416771
-1009867460
-1010294769
1137650747
1140858958
1136630161
-1012492477
-1008111445
1146502470
-1006025216
1121482340
1133246508
-1004544448
-1004671942
1133974446
1116124264
-999620988
1132861775
-1017454541
-1010542559
1147869545
1125915444
1131548611
-1007204754
1128163752
-1006832391
-1014372208
1144853219
1144096277
1141899161
-1024244688
1134241723
-1002832950
-1000295695
1148627668
1144584482
-1013913840
-1085383358
-1107089781
-1079709664
1073500396
1070957536
1072812238
1028490971
-1100249274
-1077806403
1042598354
-1117212274
-1079586162
1065975965
1072899929
-1090366320
1069847754
1062831192
-1088335188
-1126898510
-1080578493
1069027331
-1075190635
1068009095
1069447168
1072293516
1062936073
-1081784270
1068190606
1063139244
1055154067
-1096580993
1062325517
-1119633662
1054611033
-1080326756
1062969948
1060943934
1041322092
-1090731178
1073726073
-1093978893
-1078879689
-1087673753
1043189564
1073299818
-1075099434
1057175072
1041460905
1072076938
-1076404761
1059054429
1057639547
1037964324
-1080554130
1059375888
-1082274336
-1079894029
1061872362
1048733227
1054576542
1070113515
1066380477
1061209125
-1103950990
-1095420857
-1078488211
-1080972212
-1083646834
1068912423
1071696815
1053756695
1069127574
-1098007033
1064660733
1069064874
-1079550456
1071971855
-1076307415
1070988882
1071953201
1036792282
-1074455732
-1098470573
-1095627732
-1099871912
1062977056
-1087240400
1072177715
-1100085090
1019940109
1060924289
-1074054908
1070249991
-1075702447
-1079781146
-1077711536
1111513512
1121927677
1140995355
1136108284
1138014870
1112640203
1139827990
1141651786
1142215862
1146374591
1134250231
1096146915
1148285699
1104575623
1088323728
1142739289
1145863797
1134962283
1142004507
1134906680
1142534043
1134977907
1146800963
1106475713
1136291893
1143095713
1147484334
1143036735
1148811071
1144337856
1148062079
TLAST
1121874373
2415853569
1139877744
-1023407499
1134323433
-1001662828
-1003599728
-1027507413
1119306329
1131167437
1144496684
-1000931523
-1010836070
1145272314
-999261959
1143961005
1136582799
1133999030
-1017231169
-1013923953
1148755038
-1006108025
1141022759
1148177613
1138299375
-1008427817
1126027601
-1005905670
1135963589
-1001952955
-1002353095
1142405617
1124777138
1145934771
-999375589
-1040366992
-1001756340
1133100402
1135607314
-1030016700
-1007040108
1140975702
1118300736
1140943022
1147441204
1144800499
-1003531921
1118325249
-1018669492
1148528867
1145033254
1144194685
1142466083
1146092353
1131056490
1128098604
-1008975014
1140559081
1144693222
1122899874
-1011174181
1121531399
1143973596
1119199727
-1000870789
-1000348808
-1011860149
-1005080835
1137873742
1143379544
1116310173
1133614495
-1005240367
1132382429
-1020889321
1144277962
-1011223982
1128469003
1126988648
1148075586
1147696616
1142097929
-1005895166
-1001359930
1134236949
-1002551895
-1023254348
-1022476328
1137116038
1115258605
-1007464853
1148008454
1143325740
1116314533
1124611127
1142359713
1121315826
-1006680926
-1090885743
-1081246856
1069611080
-1075364556
1071994497
-1076455496
1071686880
-1073841383
-1074094610
1063929331
1062155983
-1080504650
1048366947
1065777920
-1095658810
-1091261714
1067969863
1068574428
-1079088038
-1085135173
-1098363249
-1074820027
1066322669
-1084436992
1070448589
1066107739
1056702466
1072429261
1067282510
-1087184899
1066368708
1072159673
-1077909547
1069082406
1068110982
1050958560
1063210447
1066250205
-1079082361
-1086431388
1071703585
1057678777
1046171537
1071024247
-1078612029
1039860894
-1084317269
-1076110667
1063566334
-1088456385
-1083716390
-1079091832
1035398063
1062338242
1043318194
1039459527
-1077190320
1068832235
1065684377
1052525462
1067649152
1054313488
-1079351138
1054789553
-1075969535
-1082032640
1071014806
-1088866201
-1077362158
1063970017
1067127183
1062081623
1040766194
1071454126
1060100047
-1100061940
1068680612
-1076095005
1073388605
1056159766
-1076462658
1067111140
1060698394
1065281174
-1077301305
1071048458
-1078956444
-1084998914
-1074954008
1064197484
-1080397068
-1113624528
1066203702
1059128679
-1080010445
-1093807853
1128782872
1136412163
1145713814
1127525695
1132303639
1116028518
1134592499
1128577102
1147070491
1143201890
1130020309
1147079608
1144269884
1146963417
1145384971
1142601281
1133732930
1101037943
1145505148
1147563588
1144180300
1126725379
1140852938
1141050043
1142355303
1142290350
1141922977
1128901354
1145735644
1146283457
1143219125
TLAST
1147876872
2415853570
1145876187
1147689065
-1001479963
1133415671
-1003228892
-1001960055
-999743142
-1005287505
-1020735195
-1002434210
1141371567
1137162273
-1000953452
1136276181
1139113309
1140463502
-1007596029
1121689564
-1017610046
-1003134809
-1014496525
1130536141
-1005547293
1123233455
-1014448877
1134869871
-1003859412
1147632327
1141382834
-1005710863
-1021327974
1128703863
1144528495
1136454597
1148034801
-1008417138
1141393565
1148074678
1132389658
1116299100
-1012168469
1137360033
1094625370
1144805154
-1012509754
1145809918
1140325340
-998762601
1126977528
1132830402
-1019316620
1147594761
-1009359393
-1030844774
1123735204
1134340079
1142820453
1117996687
1146088156
1148289647
-1001833721
1131666572
-999109472
1141819032
1145079048
-999415182
-1020833065
-1005583164
1141524276
1140393183
1137665415
1145882921
1143018714
1136429920
1145717728
-1033677952
-1001484612
1126741534
1145756052
-1000367255
-1012222452
1128099336
1140326527
-1003858690
-1003136328
1146967236
-1002052576
1123195524
1142216559
1147386771
1127968364
1113389493
-1001928536
1127205520
-1011739690
1131154690
1056300154
-1087313614
1053802663
-1077238681
-1100009877
-1086542890
1067173519
-1077732806
1040315714
-1079695484
1064851762
-1077682626
1071030783
1046693891
-1087084556
1072182389
1069636273
1072049115
1065872331
-1076771258
1066161863
1071375792
-1086411076
-1079479389
1070922987
-1081943712
1066481355
1073404736
-1122497791
1072930807
-1075298507
1073386604
1003664332
-1075371675
-1087813554
-1080396230
1066882598
-1150262090
1069473194
-1074071841
1058073600
1071031904
-1074928820
-1085493440
-1102144240
1056783731
-1088535993
-1122080091
1072876341
-1096854479
-1099307157
-1090631154
-1074007820
-1074721459
-1110381888
-1101275178
-1089409903
1066675217
1073593140
1057616203
-1076270409
-1076950314
-1095538703
-1078957490
1070048965
-1086398558
1066582293
-1094431496
-1090432497
-1083607876
-1103331426
-1076162816
1063504650
-1074387542
1025280366
-1080100588
1062269576
1066920977
-1088811760
-1096346308
-1083863285
1070234581
-1099075540
1072347022
1035076186
1070100046
1068610403
1065564558
-1093746399
1060613756
1069244839
-1149188741
1072527802
-1079614801
1072073290
-1080613080
1144485349
1128530050
1145785190
1143820205
1145797166
1132759484
1142424590
1148169892
1147292427
1139937484
1140424047
1143001750
1122689366
1105442702
1144316351
1133405198
1125738957
1140714547
1144498773
1141636933
1133656522
1145231858
1143337230
1147082088
1139392585
1146695444
1133926256
1142019232
1136896129
1143611107
1091143871
TLAST
1133612322
2415853571
-1039045512
1140538597
-1004404763
1144946451
-1014746297
-1002419849
-1004713677
1123993010
1116504812
1146788457
1143725504
1145603438
1132518951
-999985141
1135757667
-1023813948
1147761760
1147250781
-1007260023
-1013745369
1113104452
-1009772394
-1006527196
-1003593971
-1000112840
-1015050607
1142163066
1143687284
-999474367
-1000904357
-1007951585
-1011298722
1145296137
1141099479
-1000468994
-1004230501
-1021742852
1147493142
1148160949
1136314793
1144946532
-1027197406
1127171088
-1001703305
-1001349451
-1022134135
-1010536587
-1001023424
-1001710722
-1019805103
-1013013000
-1018321629
1133925215
-1011675403
-1028185074
-1005889636
1145862318
-1003637400
1139340032
1142451674
-1017762682
-1000118680
1134536632
-1012763706
-1005228909
-1002199365
-1001410780
-998983400
1129025708
1133803648
-1013024152
-1006441265
1142740983
1143114254
-1001386823
1099880307
-1001088174
-1003101779
1148691711
1143076417
-1034962986
-1013759105
-1045380309
-1011724003
1133632120
-1024675004
-1006140319
-1001374994
1122934413
1118199730
1148208398
1138996925
1143445967
-1036424001
-1016397166
1128156521
-1079380460
-1078221847
-1081003617
-1076999204
-1110267298
-1079760744
-1076708942
1051188334
1065076332
1071947740
1073306921
1048633222
-1091020161
-1097665198
1061902206
1063672735
-1074897903
-1090347610
1044216007
1065684305
1066771127
1068200810
-1099585429
-1077789812
1058122007
-1083473089
-1077670951
1056024159
-1078000642
-1078899475
1069275156
1061736447
-1088219387
-1074379594
-1090980839
-1074777264
-1083295630
-1090592636
-1091197947
-1079126795
1024011698
-1076927627
1059593792
1055686863
-1073874924
-1081722597
1063730444
1055257696
1068467459
1059660249
1068956340
-1086877269
1045173120
-1123267061
1067079300
1061483585
1053116776
1067548592
-1075851408
-1100124003
1049115095
1069418083
-1083604305
-1089917023
-1086549445
-1076818874
-1079323434
1048970009
-1077244336
-1079125043
-1097826741
1070107013
-1089137987
-1079507925
1022641047
1063301307
1073240794
-1095902783
1058645944
-1077512063
-1090160550
-1098623015
1066634945
-1091983914
-1078928640
1046738393
1057343432
1056417168
-1128770122
-1099378955
1069163738
1059082256
-1083976907
1066248399
1058980374
-1085514295
1128962998
1135978088
1132891895
1117937864
1144193860
1140997352
1142206699
1135430479
1146711805
1148645753
1142420777
1124668256
1135792329
1146404564
1144394439
1108284917
1122424146
1131281141
1141582970
1140868651
1147574262
1144550796
1145608245
1147566209
1141854730
1133406475
1146018913
1133900439
1144840067
1145892992
1121211246
TLAST
1128594692
