2415853568
4.364305114746093750e+02
-4.095723571777343750e+02
-4.170130920410156250e+01
8.029021606445312500e+02
1.881557922363281250e+02
5.779059448242187500e+02
5.963019409179687500e+02
2.764960021972656250e+02
3.154589843750000000e+02
3.459730834960937500e+02
-4.925020446777343750e+02
-2.546474456787109375e+02
-6.086902465820312500e+02
-2.509116668701171875e+02
2.645025939941406250e+02
3.618904724121093750e+02
8.466447143554687500e+02
9.140005493164062500e+02
5.403710937500000000e+01
-2.987680969238281250e+02
6.818639526367187500e+02
-2.862232666015625000e+02
8.675064697265625000e+02
-3.116542968750000000e+02
4.683005981445312500e+02
-4.461846008300781250e+02
-2.812937316894531250e+02
4.743097229003906250e+02
5.049707031250000000e+02
1.999416046142578125e+02
1.483204193115234375e+02
4.722797393798828125e+00
-3.114793701171875000e+02
3.677219848632812500e+02
9.618655395507812500e+01
-3.077312622070312500e+02
9.045072021484375000e+02
6.740285644531250000e+02
-6.400590820312500000e+02
2.520333099365234375e+02
-8.670024414062500000e+02
-4.077062072753906250e+02
4.737046813964843750e+02
-6.263729858398437500e+02
4.268349914550781250e+02
-8.457770385742187500e+02
6.400454101562500000e+02
8.202383422851562500e+02
-7.654354858398437500e+02
-4.171835937500000000e+02
6.139143066406250000e+02
4.903240966796875000e+02
8.568443603515625000e+02
5.708727645874023438e+01
2.981976928710937500e+02
2.241427459716796875e+02
1.580433273315429688e+01
8.056108398437500000e+02
6.734979248046875000e+02
-2.691274719238281250e+02
-2.292209930419921875e+02
-5.916310501098632812e+01
3.301236572265625000e+02
-1.889356803894042969e+01
5.611543579101562500e+02
-4.717227478027343750e+02
2.490248565673828125e+02
-2.639211425781250000e+02
4.095057983398437500e+02
9.239118652343750000e+02
7.746192932128906250e+01
9.104324951171875000e+02
9.500076293945312500e+00
5.581695556640625000e+02
-8.156856079101562500e+02
8.561047363281250000e+02
2.006770629882812500e+02
-2.499847412109375000e+02
3.598950805664062500e+02
7.799003295898437500e+02
1.517362670898437500e+02
9.217000122070312500e+02
-5.087609100341796875e+01
7.848852539062500000e+02
-2.889785156250000000e+02
-4.366351318359375000e+02
-6.205469970703125000e+02
3.069729919433593750e+02
1.923716735839843750e+02
-9.690704345703125000e+02
-3.870861511230468750e+02
-1.071116180419921875e+02
8.312388305664062500e+02
-2.535940551757812500e+02
-3.631154785156250000e+02
5.586369628906250000e+02
2.857996821403503418e-01
-1.428246974945068359e+00
-1.138309478759765625e+00
-1.298371672630310059e+00
-1.145529985427856445e+00
-1.486499786376953125e+00
-4.559296369552612305e-01
2.434922605752944946e-01
-1.993270635604858398e+00
-3.934463560581207275e-01
-4.131601750850677490e-01
2.802411839365959167e-02
-1.994269251823425293e+00
-1.739935517311096191e+00
1.844585061073303223e+00
-7.598456144332885742e-01
-1.206918120384216309e+00
1.807230234146118164e+00
6.789728254079818726e-02
-4.937930777668952942e-02
-8.864421248435974121e-01
1.123928546905517578e+00
8.033563494682312012e-01
-2.681828662753105164e-02
5.862670540809631348e-01
1.385468095541000366e-01
6.191991735249757767e-03
6.022475957870483398e-01
1.290761590003967285e+00
1.039991736412048340e+00
-1.234494686126708984e+00
1.065644502639770508e+00
-8.747209906578063965e-01
1.289713978767395020e+00
-7.272460460662841797e-01
-8.171429038047790527e-01
1.579468846321105957e+00
1.325527191162109375e+00
8.312791585922241211e-02
1.210093721747398376e-01
1.021239876747131348e+00
-1.812204003334045410e+00
-1.211059451103210449e+00
-1.730912029743194580e-01
1.966465353965759277e+00
-1.094370245933532715e+00
1.722523927688598633e+00
1.829394102096557617e+00
-5.349623560905456543e-01
9.864706993103027344e-01
1.608513951301574707e+00
-1.765369653701782227e+00
-1.521880865097045898e+00
-1.506683707237243652e+00
-8.577216416597366333e-02
1.402332782745361328e+00
5.936336144804954529e-02
1.595005869865417480e+00
-1.981735348701477051e+00
-1.155624981038272381e-03
-5.731443762779235840e-01
-5.780802369117736816e-01
1.693802952766418457e+00
-5.432801842689514160e-01
1.551343560218811035e+00
-1.008773922920227051e+00
-1.887271761894226074e+00
1.999319911003112793e+00
-1.227866530418395996e+00
-1.740648001432418823e-01
1.240718722343444824e+00
-5.033042430877685547e-01
6.588556170463562012e-01
-5.670737624168395996e-01
-3.305089473724365234e-01
1.010813117027282715e-01
-9.342029690742492676e-01
1.003222823143005371e+00
1.988965153694152832e+00
-1.343905091285705566e+00
-1.575354695320129395e+00
-1.793150305747985840e+00
5.888938307762145996e-01
-6.213082671165466309e-01
4.102730453014373779e-01
1.952169656753540039e+00
1.810708880424499512e+00
-1.881463170051574707e+00
6.489041447639465332e-01
-1.004589915275573730e+00
-1.346223711967468262e+00
4.952222406864166260e-01
6.998805999755859375e-01
-1.545091390609741211e+00
-1.039467692375183105e+00
5.362308025360107422e-01
9.928789062500000000e+02
9.056030273437500000e+02
4.987121963500976562e+01
5.512995605468750000e+02
4.742773132324218750e+02
7.744002532958984375e+01
1.790766296386718750e+02
6.924918212890625000e+02
9.022325134277343750e+01
6.868819580078125000e+02
4.534462280273437500e+02
8.799068603515625000e+02
1.387368164062500000e+02
8.982783813476562500e+02
9.186157836914062500e+02
6.135108032226562500e+02
6.720867309570312500e+02
7.957824096679687500e+02
9.766367797851562500e+02
1.890967369079589844e+01
6.953783569335937500e+02
1.455480804443359375e+02
2.501428375244140625e+02
8.777007446289062500e+02
2.048453826904296875e+02
9.635825347900390625e+01
8.143688201904296875e+01
5.631687622070312500e+02
2.174571990966796875e+02
9.892691650390625000e+02
6.031393432617187500e+02
TLAST
9.158110961914062500e+02
2415853569
8.672179565429687500e+02
-8.838776855468750000e+02
-9.053361816406250000e+02
5.730725097656250000e+02
3.221675415039062500e+02
-2.919203491210937500e+02
-5.648104248046875000e+02
8.635354614257812500e+02
9.005751953125000000e+02
-4.634365234375000000e+02
5.998903198242187500e+02
-3.738993835449218750e+02
9.995171508789062500e+02
-2.262984771728515625e+02
-8.253942260742187500e+02
7.456315917968750000e+02
2.394764556884765625e+02
4.185913085937500000e+02
8.586824798583984375e+01
3.168871459960937500e+02
-3.431501159667968750e+02
5.987196044921875000e+02
-3.506049499511718750e+02
-8.618890380859375000e+02
6.424166259765625000e+02
-3.379624557495117188e+01
-8.468516845703125000e+02
7.448548583984375000e+02
4.094174499511718750e+02
-5.768388061523437500e+02
-1.786299896240234375e+02
-9.437510375976562500e+02
-1.083756866455078125e+02
8.772764892578125000e+02
-5.807951049804687500e+02
1.660414428710937500e+02
7.243131713867187500e+02
4.800847167968750000e+02
2.942862854003906250e+02
-6.194783935546875000e+02
-5.541366577148437500e+02
1.774639892578125000e+01
9.454624023437500000e+02
-6.460919952392578125e+01
-3.524767456054687500e+02
-9.502398681640625000e+01
-6.150781860351562500e+02
-4.044071655273437500e+02
4.277373046875000000e+02
2.156670074462890625e+02
-4.938176269531250000e+02
-3.849058532714843750e+02
1.744051818847656250e+02
-1.279750442504882812e+02
-5.759166870117187500e+02
9.548131103515625000e+02
-8.487180175781250000e+02
-1.615270385742187500e+02
1.501586914062500000e+02
5.045383911132812500e+02
-7.168327026367187500e+02
2.863323364257812500e+02
5.579715576171875000e+02
6.051779785156250000e+02
9.169262084960937500e+02
-8.361782226562500000e+02
3.962357788085937500e+02
7.933062133789062500e+02
-8.197302856445312500e+02
8.549705200195312500e+02
-8.070645141601562500e+02
2.282415466308593750e+02
-1.920471954345703125e+02
-6.253157958984375000e+02
2.924707336425781250e+02
3.392303771972656250e+02
-8.160469360351562500e+02
-4.014239196777343750e+02
9.496267700195312500e+02
-9.735679931640625000e+02
6.231640014648437500e+02
2.097095489501953125e+02
7.999793090820312500e+02
-9.767246704101562500e+02
3.994678955078125000e+02
4.238860778808593750e+02
-3.221146545410156250e+02
7.303408813476562500e+02
-9.643248901367187500e+02
-1.940939025878906250e+02
-6.893028564453125000e+02
2.670842895507812500e+02
-3.477349243164062500e+02
2.192725830078125000e+02
-2.282918548583984375e+02
-8.303651123046875000e+02
1.392987251281738281e+00
1.549725651741027832e+00
4.345714151859283447e-01
-4.212732911109924316e-01
-9.751749038696289062e-01
-8.187574744224548340e-01
-9.268240928649902344e-01
-7.768083214759826660e-01
-6.067441701889038086e-01
-8.342693448066711426e-01
6.618059426546096802e-02
7.734162211418151855e-01
8.880798816680908203e-01
9.303670525550842285e-01
-5.980048179626464844e-01
1.686733603477478027e+00
1.229444384574890137e+00
-6.454920172691345215e-01
1.244501709938049316e+00
-7.619321346282958984e-01
1.367073655128479004e+00
7.709482312202453613e-01
1.778721213340759277e+00
1.431802153587341309e+00
-3.107931613922119141e-01
-1.746167421340942383e+00
-3.278184533119201660e-01
1.164763450622558594e+00
-8.549682497978210449e-01
8.362273126840591431e-02
1.275077104568481445e+00
-2.445834875106811523e-02
1.142510175704956055e-01
-1.527371525764465332e+00
-5.424137711524963379e-01
-1.271142244338989258e+00
-8.733578920364379883e-01
1.132578611373901367e+00
9.064049720764160156e-01
4.534738361835479736e-01
-1.618831038475036621e+00
1.880295991897583008e+00
-1.290541142225265503e-01
-1.067518964409828186e-01
1.456838369369506836e+00
1.857925176620483398e+00
-1.703329205513000488e+00
1.494999289512634277e+00
-1.984088301658630371e+00
1.549261331558227539e+00
-2.343833744525909424e-01
-1.148249983787536621e+00
-1.892408728599548340e+00
-1.373589515686035156e+00
1.605919003486633301e+00
-1.181438684463500977e+00
5.764745473861694336e-01
-2.598853111267089844e-01
1.178730249404907227e+00
4.744769334793090820e-01
1.632743716239929199e+00
-1.256604939699172974e-01
-9.275022745132446289e-01
-1.588972806930541992e+00
-1.458627134561538696e-01
1.231531873345375061e-01
1.671887636184692383e+00
1.532297968864440918e+00
1.987370133399963379e+00
-1.013437390327453613e+00
5.917086601257324219e-01
-6.584047675132751465e-01
-1.510265588760375977e+00
-1.478980302810668945e+00
-1.825223922729492188e+00
-8.711002022027969360e-02
-6.724618077278137207e-01
8.448200225830078125e-01
8.894546031951904297e-01
-7.737268805503845215e-01
-1.341171860694885254e+00
1.687784314155578613e+00
-3.922410607337951660e-01
1.307816505432128906e+00
-1.027412533760070801e+00
-1.468569755554199219e+00
1.542532682418823242e+00
-1.687152028083801270e+00
1.893809884786605835e-01
-3.809577524662017822e-01
1.702988624572753906e+00
1.269431710243225098e+00
-3.373291790485382080e-01
-1.177877068519592285e+00
-1.322732090950012207e+00
-1.679136514663696289e+00
8.112490081787109375e+01
7.894566650390625000e+02
8.105769653320312500e+02
6.790427246093750000e+02
5.426384925842285156e+00
8.851486206054687500e+02
7.365393676757812500e+02
9.523867797851562500e+01
2.388683471679687500e+02
8.520945434570312500e+02
8.330371704101562500e+02
9.075788497924804688e+00
6.550188598632812500e+02
8.480168914794921875e+01
4.911890563964843750e+02
4.645002136230468750e+02
1.592506713867187500e+02
6.175798950195312500e+02
4.100004959106445312e+01
5.948694992065429688e+01
6.529213256835937500e+02
7.319425659179687500e+02
8.663159790039062500e+02
7.680821533203125000e+02
7.684125366210937500e+02
7.541314697265625000e+02
8.361156616210937500e+02
7.202595825195312500e+02
2.525937957763671875e+02
6.080455322265625000e+02
5.320905151367187500e+02
TLAST
4.890798187255859375e+01
2415853570
-2.564923400878906250e+02
-6.639746704101562500e+02
1.563448028564453125e+02
8.549255981445312500e+02
3.560626831054687500e+02
-2.794758605957031250e+02
-2.213208160400390625e+02
7.541898803710937500e+02
-6.005502319335937500e+02
9.006082153320312500e+02
-1.100601882934570312e+02
3.206589355468750000e+02
-2.919549751281738281e+01
-1.441228637695312500e+02
-1.370041656494140625e+02
-3.177542419433593750e+02
9.782913208007812500e+02
-1.091729507446289062e+02
5.821061401367187500e+02
-2.000777282714843750e+02
-6.189180908203125000e+02
-9.414492187500000000e+02
-1.237878189086914062e+02
2.192846374511718750e+02
4.985326538085937500e+02
-4.804166564941406250e+02
-1.333893108367919922e+01
-1.933299713134765625e+02
-2.752366638183593750e+02
-1.841669311523437500e+02
-4.629673767089843750e+02
-4.320266113281250000e+02
1.126802520751953125e+02
-1.866420593261718750e+02
-9.886618652343750000e+02
-5.686785278320312500e+02
8.215921020507812500e+02
2.515895690917968750e+02
-8.383362426757812500e+02
-8.203414306640625000e+02
-8.126323852539062500e+02
3.186758117675781250e+02
8.940750732421875000e+02
2.351884918212890625e+02
9.921820678710937500e+02
-9.445844116210937500e+02
5.575303955078125000e+02
2.222825317382812500e+02
2.639555931091308594e+01
-2.824351806640625000e+02
-5.705605468750000000e+02
-2.757603759765625000e+02
-9.186671142578125000e+02
4.995486145019531250e+02
8.907943725585937500e+01
-9.953674926757812500e+02
9.215967407226562500e+02
6.205278320312500000e+02
5.089984130859375000e+02
-6.310056152343750000e+02
7.362411499023437500e+02
2.886698913574218750e+02
-6.118924560546875000e+02
-3.535690307617187500e+02
8.505222320556640625e+01
3.497240905761718750e+02
9.287186279296875000e+02
-7.142740478515625000e+02
9.933541870117187500e+02
3.749959716796875000e+02
4.221534118652343750e+02
1.735106658935546875e+02
4.025325012207031250e+02
-2.163777160644531250e+02
-1.153350677490234375e+02
-1.226420288085937500e+02
8.086215820312500000e+02
-5.481445312500000000e+02
1.360000610351562500e+02
8.367893066406250000e+02
1.169754486083984375e+02
9.219304199218750000e+02
5.601810913085937500e+02
6.844694824218750000e+02
-3.788034057617187500e+02
-3.196355285644531250e+02
-7.748367309570312500e+01
3.604157714843750000e+02
-2.107021789550781250e+02
6.477116088867187500e+02
-7.166625366210937500e+02
6.495740966796875000e+02
7.788961181640625000e+02
6.649537353515625000e+02
-1.738746948242187500e+02
-9.068869628906250000e+02
4.017718881368637085e-02
-1.716595053672790527e+00
-1.612893700599670410e+00
9.371240735054016113e-01
-8.710271716117858887e-01
-7.095334529876708984e-01
-1.385667920112609863e+00
3.746373057365417480e-01
-1.809901952743530273e+00
-6.991114020347595215e-01
1.823311567306518555e+00
-1.143058165907859802e-01
-1.984023690223693848e+00
-8.530211448669433594e-01
-2.469980865716934204e-01
2.262054011225700378e-02
7.795101404190063477e-02
-1.407911539077758789e+00
1.785019516944885254e+00
1.513221025466918945e+00
-1.397363781929016113e+00
-3.069719672203063965e-01
4.823009669780731201e-01
1.678488731384277344e+00
1.137489199638366699e+00
-1.314145088195800781e+00
1.942769646644592285e+00
9.016465544700622559e-01
-1.157284379005432129e+00
1.022298574447631836e+00
1.129881143569946289e+00
1.748125910758972168e+00
6.507354378700256348e-01
-1.792972326278686523e+00
7.195510864257812500e-01
-3.958270698785781860e-02
-6.270842552185058594e-01
-1.905576467514038086e+00
-8.679805994033813477e-01
-9.367142319679260254e-01
-6.862285137176513672e-01
9.741190075874328613e-01
1.325647711753845215e+00
1.872606635093688965e+00
8.525949716567993164e-02
-1.604486256837844849e-01
-7.419813275337219238e-01
-1.552342414855957031e+00
1.974752187728881836e+00
-9.616403579711914062e-01
-8.894832730293273926e-01
1.902502626180648804e-01
-1.104956150054931641e+00
-9.105569720268249512e-01
6.904156804084777832e-01
8.740403056144714355e-01
-1.049549579620361328e+00
1.503435373306274414e+00
5.570830106735229492e-01
-6.812226176261901855e-01
2.111013606190681458e-02
-1.956604719161987305e+00
-1.123714923858642578e+00
1.549473285675048828e+00
-1.303127884864807129e+00
-6.702350378036499023e-01
1.219868898391723633e+00
2.511662542819976807e-01
1.798266291618347168e+00
1.780719995498657227e+00
-8.254351019859313965e-01
1.323949456214904785e+00
-1.067376255989074707e+00
5.776752233505249023e-01
-1.309802174568176270e+00
7.474964261054992676e-01
-1.546451091766357422e+00
-3.511896431446075439e-01
-1.338618040084838867e+00
1.417039513587951660e+00
8.460670709609985352e-01
-8.170535564422607422e-01
2.728372514247894287e-01
1.095811963081359863e+00
-1.321885108947753906e+00
-3.484708666801452637e-01
7.272409796714782715e-01
-5.256700515747070312e-02
9.554696679115295410e-01
-2.865131497383117676e-01
7.825189232826232910e-01
-1.548950374126434326e-01
-7.726446390151977539e-01
-5.765010118484497070e-01
-5.908946990966796875e-01
9.868111610412597656e-01
7.146431274414062500e+02
8.183484497070312500e+02
6.411364135742187500e+02
7.412374267578125000e+02
1.807357330322265625e+02
8.833200683593750000e+02
6.818773803710937500e+02
5.339488525390625000e+02
8.576223754882812500e+02
3.337297668457031250e+02
8.307394409179687500e+02
7.763722991943359375e+01
1.812851715087890625e+02
7.753866577148437500e+02
6.194766235351562500e+02
4.370429077148437500e+02
3.339335327148437500e+02
2.035353393554687500e+02
9.094465942382812500e+02
4.349062805175781250e+02
8.995928344726562500e+02
8.710288085937500000e+02
9.616671142578125000e+02
1.265024108886718750e+02
1.038859329223632812e+02
1.077866287231445312e+02
8.825698089599609375e+01
2.923509826660156250e+02
8.313743286132812500e+02
2.006646423339843750e+02
1.145813598632812500e+02
TLAST
9.227450561523437500e+02
2415853571
-7.465482788085937500e+02
6.279638290405273438e+01
2.549980468750000000e+02
-4.628937683105468750e+02
4.453024291992187500e+02
-6.628971557617187500e+02
-4.483082275390625000e+02
-2.221624565124511719e+01
-8.938723144531250000e+02
-4.608345031738281250e+02
-4.159352722167968750e+02
-2.305056915283203125e+02
-9.303698730468750000e+02
-1.680307006835937500e+02
9.225230102539062500e+02
-2.228905792236328125e+02
-2.305455780029296875e+02
-3.054969482421875000e+02
-6.973056030273437500e+02
1.298270416259765625e+02
2.539533233642578125e+02
-8.977900695800781250e+01
6.425045166015625000e+02
8.545286254882812500e+02
5.308433227539062500e+02
4.400640258789062500e+02
-4.134671630859375000e+02
8.503394165039062500e+02
-9.346654052734375000e+02
8.923322753906250000e+02
4.538341903686523438e+01
6.616877441406250000e+02
3.088366394042968750e+02
6.790521240234375000e+02
3.255015869140625000e+02
8.185349731445312500e+02
-7.050050659179687500e+02
-3.303248596191406250e+02
-4.189883804321289062e+01
1.344137268066406250e+02
-6.010000610351562500e+02
-3.006450500488281250e+02
-5.476239624023437500e+02
4.667158813476562500e+02
-4.455661010742187500e+02
-2.866740112304687500e+02
-9.775708007812500000e+02
1.257393646240234375e+02
-2.920175170898437500e+02
7.120950317382812500e+02
-8.000559082031250000e+02
9.573919677734375000e+02
-4.169417724609375000e+02
-9.049692993164062500e+02
8.113002319335937500e+02
8.429143524169921875e+01
-9.977870483398437500e+02
2.529579162597656250e+02
3.406871948242187500e+02
-3.700222167968750000e+02
7.700979614257812500e+02
5.465619506835937500e+02
-1.613801116943359375e+02
6.339300537109375000e+02
2.844506530761718750e+02
6.109191894531250000e+02
-7.019586181640625000e+02
2.642987976074218750e+02
-9.609241943359375000e+02
-8.937646484375000000e+02
-4.606619873046875000e+02
1.245559158325195312e+02
6.719767456054687500e+02
8.501929473876953125e+01
-3.668878173828125000e+02
-3.460317687988281250e+02
1.504483032226562500e+02
7.649255371093750000e+02
9.824359741210937500e+02
5.550242309570312500e+02
-1.608133392333984375e+02
-5.408630981445312500e+02
-6.317660522460937500e+02
6.902792968750000000e+02
-4.961128540039062500e+02
3.915584106445312500e+02
1.510154724121093750e+01
-9.792158203125000000e+02
9.420370483398437500e+02
-8.584448242187500000e+02
8.550823974609375000e+01
3.148017578125000000e+02
-3.281021423339843750e+02
3.602491455078125000e+02
-9.696368408203125000e+02
3.342116088867187500e+02
-4.761872291564941406e-01
-1.056276440620422363e+00
1.914374351501464844e+00
-6.915883719921112061e-02
4.059790074825286865e-01
1.315243542194366455e-01
1.630115866661071777e+00
-1.431290388107299805e+00
-1.468261241912841797e+00
-1.440322279930114746e+00
1.397841125726699829e-01
1.518295884132385254e+00
-1.425379991531372070e+00
-1.137727499008178711e+00
8.475505113601684570e-01
-2.243828959763050079e-02
1.476540446281433105e+00
8.534671664237976074e-01
-1.406064867973327637e+00
3.212477266788482666e-01
7.069977521896362305e-01
-2.860636413097381592e-01
-1.589356184005737305e+00
2.671405375003814697e-01
-5.726095438003540039e-01
-5.890538692474365234e-01
1.826905757188796997e-01
4.052285850048065186e-01
1.611536860466003418e+00
-1.383364439010620117e+00
-1.517289400100708008e+00
-1.826586008071899414e+00
1.550192832946777344e+00
-1.558711051940917969e+00
1.820623636245727539e+00
-1.161705479025840759e-01
9.822113513946533203e-01
7.754418849945068359e-01
1.476801514625549316e+00
-1.055223681032657623e-02
5.803186893463134766e-01
9.689564108848571777e-01
-1.968104839324951172e+00
9.939674735069274902e-01
4.530597329139709473e-01
-1.015326023101806641e+00
4.262820184230804443e-01
-1.021254777908325195e+00
1.898813486099243164e+00
1.781894683837890625e+00
-9.674546122550964355e-01
-1.384823799133300781e+00
-3.459727466106414795e-01
-1.351355314254760742e+00
1.555738925933837891e+00
-4.867362380027770996e-01
-1.257942676544189453e+00
-7.676098346710205078e-01
-8.753423094749450684e-01
1.005801200866699219e+00
-4.974691569805145264e-02
1.718581914901733398e+00
4.011947810649871826e-01
-1.257351279258728027e+00
7.544173300266265869e-02
-1.013509750366210938e+00
-1.330408304929733276e-01
-8.090902864933013916e-02
-6.858529895544052124e-02
-1.071400381624698639e-02
-1.717807501554489136e-01
1.371841192245483398e+00
1.215618610382080078e+00
1.362702727317810059e+00
-8.940948247909545898e-01
6.705995798110961914e-01
-4.730448126792907715e-01
-1.044332146644592285e+00
1.799527764320373535e+00
-7.694396376609802246e-01
1.268689393997192383e+00
1.545272707939147949e+00
5.054506659507751465e-01
-5.210992693901062012e-01
-1.813105463981628418e+00
-2.696138918399810791e-01
9.980801343917846680e-01
-1.667977571487426758e+00
-4.115336537361145020e-01
-1.181194335222244263e-01
-1.985079765319824219e+00
1.451888322830200195e+00
1.606034517288208008e+00
-1.674529433250427246e+00
9.159694910049438477e-01
8.195621967315673828e-01
2.682522277832031250e+02
9.568734130859375000e+02
2.157514038085937500e+02
1.539799499511718750e+02
1.088776245117187500e+02
8.207237548828125000e+02
3.161305236816406250e+02
2.409085693359375000e+02
8.683295288085937500e+02
4.363141479492187500e+02
7.635504150390625000e+02
2.647267150878906250e+02
2.334173126220703125e+02
4.034200744628906250e+02
1.486458435058593750e+02
1.549866790771484375e+02
4.371091308593750000e+02
8.101202392578125000e+02
7.597943725585937500e+02
4.194037170410156250e+02
8.074102172851562500e+02
8.717628784179687500e+02
4.739675598144531250e+02
8.250026245117187500e+02
1.997772521972656250e+02
4.041886901855468750e+02
8.725754394531250000e+02
2.249144744873046875e+02
4.247640686035156250e+02
3.161065292358398438e+01
7.842977905273437500e+02
TLAST
8.512264404296875000e+02
