0 0 0 0
0 0 0 0
0 0 0 0
0 0 0 0
0 0 0 0
0 0 0 0
0 0 0 0
0 0 0 0
0 0 0 0
0 0 0 0
0 0 0 0
0 0 0 0
0 0 0 0
0 0 0 0
0 0 0 0
0 0 0 0
0 0 0 0
0 0 0 0
0 0 0 0
0 0 0 0
0 0 0 0
0 0 0 0
0 0 0 0
0 0 0 0
0 0 0 0
0 0 0 0
0 0 0 0
0 0 0 0
0 0 0 0
0 0 0 0
0 0 0 0
0 0 0 0
0 0 0 0
0 0 0 0
0 0 0 0
0 0 0 0
0 0 0 0
0 0 0 0
0 0 0 0
0 0 0 0
0 0 0 0
0 0 0 0
0 0 0 0
0 0 0 0
0 0 0 0
0 0 0 0
0 0 0 0
0 0 0 0
0 0 0 0
0 0 0 0
0 0 0 0
0 0 0 0
0 0 0 0
0 0 0 0
0 0 0 0
0 0 0 0
0 0 0 0
0 0 0 0
0 0 0 0
0 0 0 0
0 0 0 0
0 0 0 0
0 0 0 0
0 0 0 0
0 0 0 0
0 0 0 0
0 0 0 0
0 0 0 0
0 0 0 0
0 0 0 0
0 0 0 0
0 0 0 0
0 0 0 0
0 0 0 0
0 0 0 0
0 0 0 0
0 0 0 0
0 0 0 0
0 0 0 0
0 0 0 0
0 0 0 0
0 0 0 0
0 0 0 0
0 0 0 0
0 0 0 0
0 0 0 0
0 0 0 0
0 0 0 0
0 0 0 0
0 0 0 0
0 0 0 0
0 0 0 0
0 0 0 0
0 0 0 0
0 0 0 0
0 0 0 0
0 0 0 0
0 0 0 0
0 0 0 0
0 0 0 0
0 0 0 0
0 0 0 0
0 0 0 0
0 0 0 0
0 0 0 0
0 0 0 0
0 0 0 0
0 0 0 0
0 0 0 0
0 0 0 0
0 0 0 0
0 0 0 0
0 0 0 0
0 0 0 0
0 0 0 0
0 0 0 0
0 0 0 0
0 0 0 0
0 0 0 0
0 0 0 0
0 0 0 0
0 0 0 0
0 0 0 0
0 0 0 0
0 0 0 0
0 0 0 0
0 0 0 0
0 0 0 0
0 0 0 0
0 0 0 0
0 0 0 0
0 0 0 0
0 0 0 0
0 0 0 0
0 0 0 0
0 0 0 0
0 0 0 0
0 0 0 0
0 0 0 0
0 0 0 0
0 0 0 0
0 0 0 0
0 0 0 0
0 0 0 0
0 0 0 0
0 0 0 0
0 0 0 0
0 0 0 0
0 0 0 0
0 0 0 0
0 0 0 0
0 0 0 0
0 0 0 0
0 0 0 0
0 0 0 0
0 0 0 0
0 0 0 0
0 0 0 0
0 0 0 0
0 0 0 0
0 0 0 0
0 0 0 0
0 0 0 0
0 0 0 0
0 0 0 0
0 0 0 0
0 0 0 0
0 0 0 0
0 0 0 0
0 0 0 0
0 0 0 0
0 0 0 0
0 0 0 0
0 0 0 0
0 0 0 0
0 0 0 0
0 0 0 0
0 0 0 0
0 0 0 0
0 0 0 0
0 0 0 0
0 0 0 0
0 0 0 0
0 0 0 0
0 0 0 0
0 0 0 0
0 0 0 0
0 0 0 0
0 0 0 0
0 0 0 0
0 0 0 0
0 0 0 0
0 0 0 0
0 0 0 0
0 0 0 0
0 0 0 0
0 0 0 0
0 0 0 0
0 0 0 0
0 0 0 0
0 0 0 0
0 0 0 0
0 0 0 0
0 0 0 0
0 0 0 0
0 0 0 0
0 0 0 0
0 0 0 0
0 0 0 0
0 0 0 0
0 0 0 0
0 0 0 0
0 0 0 0
0 0 0 0
0 0 0 0
3 0 0 0
9 0 0 0
19 0 0 0
9 0 0 0
18 5 0 0
8 14 0 0
7 12 0 0
14 9 3 0
1 9 8 0
1 9 10 0
3 9 8 0
8 12 9 3
17 8 9 10
9 1 8 8
21 3 9 7
14 13 8 7
31 19 8 7
18 13 9 8
23 18 10 8
43 16 8 8
21 18 14 9
54 26 20 11
25 29 17 18
22 32 18 8
45 28 23 12
25 34 22 18
49 31 23 22
26 34 26 22
28 31 32 22
40 49 28 23
18 33 38 20
37 25 36 26
13 29 38 24
23 30 30 30
13 29 38 34
16 27 29 36
22 20 26 35
6 15 29 31
10 14 30 30
5 20 19 34
6 19 25 26
18 12 17 23
8 6 14 28
16 10 15 25
7 6 16 19
15 9 16 22
7 13 10 17
8 12 7 13
15 12 12 14
7 10 7 14
14 10 8 17
8 10 10 10
9 12 13 7
18 10 14 10
7 12 9 9
17 8 11 8
9 14 11 11
10 10 10 8
19 13 12 15
15 11 10 12
30 16 10 12
18 21 11 9
36 19 16 12
22 22 21 11
24 20 18 16
51 26 16 15
27 33 20 18
54 38 27 17
26 33 30 20
25 33 31 27
46 32 32 24
18 34 32 28
33 30 35 26
20 32 30 28
29 31 27 27
13 29 27 29
14 23 27 31
33 21 34 33
16 23 29 25
37 20 29 33
21 22 24 27
13 22 25 31
32 24 18 26
20 25 20 28
32 27 24 25
16 27 21 21
35 20 21 24
14 23 28 19
14 24 26 20
31 23 28 22
16 22 18 26
28 22 24 21
16 24 22 29
12 24 24 24
21 18 25 23
13 22 23 23
39 17 27 20
12 19 20 29
10 23 18 26
22 17 18 24
12 22 25 25
25 13 18 17
15 18 18 22
27 13 14 17
10 15 17 20
15 28 15 15
32 16 17 16
14 21 20 15
26 16 18 20
16 22 24 14
16 22 17 19
23 13 18 23
10 30 20 20
19 17 22 19
10 16 20 19
15 16 21 18
8 10 20 22
8 20 18 20
14 7 14 25
6 9 13 15
15 12 15 18
8 10 12 18
6 14 12 11
13 7 8 15
7 9 12 13
16 11 9 10
8 11 11 13
8 12 10 10
15 7 8 11
7 11 13 8
22 10 9 9
15 11 13 12
27 15 10 8
12 16 9 13
13 26 14 10
29 15 12 9
15 16 19 13
47 17 22 15
18 22 15 15
13 26 20 19
37 26 14 16
16 28 26 19
47 24 22 15
24 25 23 19
40 28 33 26
15 26 17 19
23 31 29 22
42 29 27 31
20 24 31 25
39 28 31 23
13 25 25 26
14 28 24 34
22 24 21 29
10 21 22 28
19 22 28 24
14 19 25 22
22 15 21 22
10 14 18 23
7 12 15 22
17 16 17 15
8 16 18 19
19 19 15 15
10 11 13 14
10 11 14 13
18 15 14 17
11 10 17 17
17 15 18 17
8 13 12 12
11 15 12 15
23 12 12 14
10 14 15 15
26 20 14 19
11 15 11 12
24 17 18 14
14 22 17 12
15 16 18 15
24 16 23 17
8 16 19 19
23 23 18 22
15 18 17 17
12 14 21 20
16 21 18 19
4 15 16 24
20 20 22 19
9 10 21 24
14 11 16 13
9 14 15 18
10 9 17 21
17 12 14 22
11 8 11 15
20 10 12 23
12 16 5 12
11 16 9 13
23 15 11 8
8 13 15 9
18 19 16 6
11 16 16 13
11 12 11 12
16 13 18 14
10 19 21 19
10 9 10 17
7 11 16 14
22 13 15 16
10 13 11 15
10 9 10 16
20 12 12 13
8 16 13 11
18 13 15 12
11 11 13 11
11 15 13 11
14 11 12 14
6 14 10 18
13 13 10 14
8 11 18 12
14 12 11 9
5 8 12 11
5 8 12 12
10 8 11 15
7 14 9 11
6 6 9 10
0 6 10 12
0 6 10 12
0 10 8 8
0 6 7 9
0 1 6 7
0 0 5 10
0 0 8 7
0 0 9 8
0 0 2 6
0 0 0 6
0 0 0 6
0 0 0 8
0 0 0 5
0 0 0 0
0 0 0 0
0 0 0 0
0 0 0 0
0 0 0 0
0 0 0 0
0 0 0 0
0 0 0 0
0 0 0 0
0 0 0 0
0 0 0 0
0 0 0 0
0 0 0 0
0 0 0 0
0 0 0 0
0 0 0 0
0 0 0 0
0 0 0 0
0 0 0 0
0 0 0 0
0 0 0 0
0 0 0 0
0 0 0 0
0 0 0 0
0 0 0 0
0 0 0 0
0 0 0 0
0 0 0 0
0 0 0 0
0 0 0 0
0 0 0 0
0 0 0 0
0 0 0 0
0 0 0 0
0 0 0 0
0 0 0 0
0 0 0 0
0 0 0 0
0 0 0 0
0 0 0 0
0 0 0 0
0 0 0 0
0 0 0 0
0 0 0 0
0 0 0 0
0 0 0 0
0 0 0 0
0 0 0 0
0 0 0 0
0 0 0 0
0 0 0 0
0 0 0 0
0 0 0 0
0 0 0 0
0 0 0 0
0 0 0 0
0 0 0 0
0 0 0 0
0 0 0 0
0 0 0 0
0 0 0 0
0 0 0 0
0 0 0 0
0 0 0 0
0 0 0 0
0 0 0 0
0 0 0 0
0 0 0 0
0 0 0 0
0 0 0 0
0 0 0 0
0 0 0 0
0 0 0 0
0 0 0 0
0 0 0 0
0 0 0 0
0 0 0 0
0 0 0 0
0 0 0 0
0 0 0 0
0 0 0 0
0 0 0 0
0 0 0 0
0 0 0 0
0 0 0 0
0 0 0 0
0 0 0 0
0 0 0 0
0 0 0 0
0 0 0 0
0 0 0 0
0 0 0 0
0 0 0 0
0 0 0 0
0 0 0 0
0 0 0 0
0 0 0 0
0 0 0 0
0 0 0 0
0 0 0 0
0 0 0 0
0 0 0 0
0 0 0 0
0 0 0 0
0 0 0 0
0 0 0 0
0 0 0 0
0 0 0 0
0 0 0 0
0 0 0 0
0 0 0 0
0 0 0 0
0 0 0 0
0 0 0 0
0 0 0 0
0 0 0 0
0 0 0 0
0 0 0 0
0 0 0 0
0 0 0 0
0 0 0 0
0 0 0 0
0 0 0 0
0 0 0 0
0 0 0 0
0 0 0 0
0 0 0 0
0 0 0 0
0 0 0 0
0 0 0 0
0 0 0 0
0 0 0 0
0 0 0 0
0 0 0 0
0 0 0 0
0 0 0 0
0 0 0 0
0 0 0 0
0 0 0 0
0 0 0 0
0 0 0 0
0 0 0 0
0 0 0 0
0 0 0 0
0 0 0 0
0 0 0 0
0 0 0 0
0 0 0 0
0 0 0 0
0 0 0 0
0 0 0 0
0 0 0 0
0 0 0 0
0 0 0 0
0 0 0 0
0 0 0 0
0 0 0 0
0 0 0 0
0 0 0 0
0 0 0 0
0 0 0 0
0 0 0 0
0 0 0 0
0 0 0 0
0 0 0 0
0 0 0 0
0 0 0 0
0 0 0 0
0 0 0 0
0 0 0 0
0 0 0 0
0 0 0 0
0 0 0 0
0 0 0 0
0 0 0 0
0 0 0 0
0 0 0 0
0 0 0 0
0 0 0 0
0 0 0 0
0 0 0 0
0 0 0 0
0 0 0 0
0 0 0 0
0 0 0 0
0 0 0 0
0 0 0 0
0 0 0 0
0 0 0 0
0 0 0 0
0 0 0 0
0 0 0 0
0 0 0 0
0 0 0 0
0 0 0 0
0 0 0 0
0 0 0 0
