0 0 0 0
0 0 0 0
0 0 0 0
0 0 0 0
0 0 0 0
0 0 0 0
0 0 0 0
0 0 0 0
0 0 0 0
0 0 0 0
0 0 0 0
0 0 0 0
0 0 0 0
0 0 0 0
0 0 0 0
0 0 0 0
0 0 0 0
0 0 0 0
0 0 0 0
0 0 0 0
0 0 0 0
0 0 0 0
0 0 0 0
0 0 0 0
0 0 0 0
0 0 0 0
0 0 0 0
0 0 0 0
0 0 0 0
0 0 0 0
0 0 0 0
0 0 0 0
0 0 0 0
0 0 0 0
0 0 0 0
0 0 0 0
0 0 0 0
0 0 0 0
0 0 0 0
0 0 0 0
0 0 0 0
0 0 0 0
0 0 0 0
0 0 0 0
0 0 0 0
0 0 0 0
0 0 0 0
0 0 0 0
0 0 0 0
0 0 0 0
0 0 0 0
0 0 0 0
0 0 0 0
0 0 0 0
0 0 0 0
0 0 0 0
0 0 0 0
0 0 0 0
0 0 0 0
0 0 0 0
0 0 0 0
0 0 0 0
0 0 0 0
0 0 0 0
0 0 0 0
0 0 0 0
0 0 0 0
0 0 0 0
0 0 0 0
0 0 0 0
0 0 0 0
0 0 0 0
0 0 0 0
0 0 0 0
0 0 0 0
0 0 0 0
0 0 0 0
0 0 0 0
0 0 0 0
0 0 0 0
0 0 0 0
0 0 0 0
0 0 0 0
0 0 0 0
0 0 0 0
0 0 0 0
0 0 0 0
0 0 0 0
0 0 0 0
0 0 0 0
0 0 0 0
0 0 0 0
0 0 0 0
0 0 0 0
0 0 0 0
0 0 0 0
0 0 0 0
0 0 0 0
0 0 0 0
0 0 0 0
0 0 0 0
0 0 0 0
0 0 0 0
0 0 0 0
0 0 0 0
0 0 0 0
0 0 0 0
0 0 0 0
0 0 0 0
0 0 0 0
0 0 0 0
0 0 0 0
0 0 0 0
0 0 0 0
0 0 0 0
0 0 0 0
0 0 0 0
0 0 0 0
0 0 0 0
0 0 0 0
0 0 0 0
0 0 0 0
0 0 0 0
0 0 0 0
0 0 0 0
0 0 0 0
0 0 0 0
0 0 0 0
0 0 0 0
0 0 0 0
0 0 0 0
0 0 0 0
0 0 0 0
0 0 0 0
0 0 0 0
0 0 0 0
0 0 0 0
0 0 0 0
0 0 0 0
0 0 0 0
0 0 0 0
0 0 0 0
0 0 0 0
0 0 0 0
0 0 0 0
0 0 0 0
0 0 0 0
0 0 0 0
0 0 0 0
0 0 0 0
0 0 0 0
0 0 0 0
0 0 0 0
0 0 0 0
0 0 0 0
0 0 0 0
0 0 0 0
0 0 0 0
0 0 0 0
0 0 0 0
0 0 0 0
0 0 0 0
0 0 0 0
0 0 0 0
0 0 0 0
0 0 0 0
0 0 0 0
0 0 0 0
0 0 0 0
0 0 0 0
0 0 0 0
0 0 0 0
0 0 0 0
0 0 0 0
0 0 0 0
0 0 0 0
0 0 0 0
0 0 0 0
0 0 0 0
0 0 0 0
0 0 0 0
0 0 0 0
0 0 0 0
0 0 0 0
0 0 0 0
0 0 0 0
0 0 0 0
0 0 0 0
0 0 0 0
0 0 0 0
0 0 0 0
0 0 0 0
0 0 0 0
0 0 0 0
0 0 0 0
0 0 0 0
0 0 0 0
0 0 0 0
0 0 0 0
0 0 0 0
0 0 0 0
0 0 0 0
0 0 0 0
0 0 0 0
0 0 0 0
0 0 0 0
0 0 0 0
0 0 0 0
0 0 0 0
0 0 0 0
0 0 0 0
0 0 0 0
0 0 0 0
0 0 0 0
0 0 0 0
0 0 0 0
0 0 0 0
0 0 0 0
0 0 0 0
0 0 0 0
0 0 0 0
0 0 0 0
0 0 0 0
0 0 0 0
0 0 0 0
0 0 0 0
0 0 0 0
0 0 0 0
0 0 0 0
0 0 0 0
0 0 0 0
0 0 0 0
0 0 0 0
0 0 0 0
0 0 0 0
0 0 0 0
0 0 0 0
0 0 0 0
0 0 0 0
0 0 0 0
0 0 0 0
0 0 0 0
0 0 0 0
0 0 0 0
0 0 0 0
0 0 0 0
0 0 0 0
0 0 0 0
0 0 0 0
0 0 0 0
0 0 0 0
0 0 0 0
0 0 0 0
0 0 0 0
0 0 0 0
0 0 0 0
0 0 0 0
0 0 0 0
0 0 0 0
0 0 0 0
0 0 0 0
0 0 0 0
0 0 0 0
0 0 0 0
0 0 0 0
0 0 0 0
0 0 0 0
0 0 0 0
0 0 0 0
0 0 0 0
0 0 0 0
0 0 0 0
0 0 0 0
0 0 0 0
0 0 0 0
0 0 0 0
0 0 0 0
0 0 0 0
0 0 0 0
0 0 0 0
0 0 0 0
0 0 0 0
0 0 0 0
0 0 0 0
0 0 0 0
0 0 0 0
0 0 0 0
0 0 0 0
0 0 0 0
0 0 0 0
0 0 0 0
0 0 0 0
0 0 0 0
0 0 0 0
0 0 0 0
0 0 0 0
0 0 0 0
0 0 0 0
0 0 0 0
0 0 0 0
0 0 0 0
0 0 0 0
0 0 0 0
0 0 0 0
0 0 0 0
0 0 0 0
0 0 0 0
0 0 0 0
0 0 0 0
0 0 0 0
0 0 0 0
0 0 0 0
0 0 0 0
0 0 0 0
0 0 0 0
0 0 0 0
0 0 0 0
0 0 0 0
0 0 0 0
0 0 0 0
0 0 0 0
0 0 0 0
0 0 0 0
0 0 0 0
0 0 0 0
0 0 0 0
0 0 0 0
0 0 0 0
0 0 0 0
0 0 0 0
0 0 0 0
0 0 0 0
0 0 0 0
0 0 0 0
0 0 0 0
0 0 0 0
0 0 0 0
0 0 0 0
0 0 0 0
0 0 0 0
0 0 0 0
0 0 0 0
0 0 0 0
0 0 0 0
0 0 0 0
0 0 0 0
0 0 0 0
0 0 0 0
0 0 0 0
0 0 0 0
0 0 0 0
0 0 0 0
0 0 0 0
0 0 0 0
0 0 0 0
0 0 0 0
0 0 0 0
0 0 0 0
0 0 0 0
0 0 0 0
0 0 0 0
0 0 0 0
0 0 0 0
0 0 0 0
0 0 0 0
0 0 0 0
0 0 0 0
1 0 0 0
6 0 0 0
5 3 0 0
5 5 0 0
5 6 4 0
3 4 6 1
7 5 5 5
8 3 5 6
9 7 5 5
5 9 4 4
8 7 6 5
6 7 9 5
9 8 8 10
8 5 7 6
9 9 8 7
8 8 7 7
8 10 6 9
8 5 9 8
10 13 7 5
19 7 9 7
15 16 12 9
15 15 12 13
15 17 13 12
17 16 18 11
14 17 16 20
11 13 19 16
13 12 16 15
14 13 12 17
10 14 10 15
8 9 17 12
11 8 9 15
6 8 8 9
11 10 5 8
13 10 8 8
12 6 9 6
14 9 9 6
11 12 9 8
11 15 8 11
16 14 10 7
18 12 14 10
16 16 14 9
14 16 18 11
14 16 15 16
13 14 13 16
16 15 15 18
18 15 14 13
19 15 14 13
12 14 18 15
15 19 13 16
16 14 14 15
23 15 16 13
19 21 15 17
21 21 21 16
32 22 22 20
23 28 25 23
22 27 22 21
26 22 27 26
16 23 25 20
21 22 25 27
18 20 20 25
20 22 21 25
19 19 22 24
21 19 22 21
18 17 19 17
19 19 17 19
16 18 17 23
21 19 16 17
21 23 25 23
21 20 24 27
22 23 23 21
21 23 24 27
17 19 22 18
24 27 24 21
35 23 25 24
29 28 24 28
24 29 22 21
33 30 32 21
35 28 27 26
27 25 24 27
31 31 24 27
27 27 25 26
27 29 29 25
31 30 38 37
27 31 34 30
25 28 29 30
26 22 20 33
26 31 32 38
24 27 32 28
25 31 32 28
26 25 28 26
29 30 26 24
31 19 19 25
33 21 22 19
28 30 21 18
28 34 20 23
32 26 31 16
27 24 24 16
26 25 24 30
30 27 25 26
29 23 25 23
27 32 28 28
28 26 27 27
24 24 24 25
23 25 24 23
31 24 25 22
31 26 22 29
26 35 29 21
23 26 25 29
23 24 30 27
25 29 35 30
30 26 26 33
35 32 30 32
32 33 30 30
23 32 33 27
33 31 31 26
34 28 31 40
32 27 30 27
23 30 31 34
32 39 28 29
28 25 26 23
25 23 28 21
27 27 31 32
26 23 25 30
27 26 23 32
19 30 24 27
18 25 28 21
18 25 23 24
21 22 28 23
19 17 29 29
20 18 19 22
16 20 23 22
15 15 18 24
17 20 17 24
16 16 18 23
20 15 15 17
17 17 19 19
17 17 15 19
20 19 20 17
16 18 15 18
21 20 21 21
18 22 25 30
24 29 29 26
31 25 24 22
23 25 25 22
22 28 31 32
28 22 24 28
25 26 29 23
25 23 17 20
16 21 24 29
22 24 22 22
31 21 23 18
23 25 23 19
27 24 26 27
24 24 19 27
20 25 20 16
21 20 24 24
17 21 23 24
23 23 25 28
22 27 28 25
28 25 26 24
29 24 27 30
27 32 26 26
29 26 27 29
25 24 29 23
25 26 26 26
30 29 24 24
23 23 20 26
17 20 24 21
18 21 22 24
15 18 24 24
20 17 19 21
22 21 17 20
17 20 20 19
18 18 22 19
18 19 19 22
16 18 16 16
19 17 17 20
17 18 18 17
19 18 21 20
16 18 18 18
21 18 17 20
21 23 21 20
12 18 20 19
14 12 15 19
20 15 15 15
20 15 16 18
17 19 14 13
11 21 17 15
6 11 20 15
9 6 12 13
6 7 7 18
9 9 7 8
5 7 8 7
6 7 7 7
8 5 8 10
7 8 5 5
5 6 7 5
4 6 6 9
5 3 6 6
3 4 4 4
0 6 3 4
0 0 6 3
0 0 1 6
0 0 0 1
0 0 0 0
0 0 0 0
0 0 0 0
0 0 0 0
0 0 0 0
0 0 0 0
0 0 0 0
0 0 0 0
0 0 0 0
0 0 0 0
0 0 0 0
0 0 0 0
0 0 0 0
0 0 0 0
0 0 0 0
0 0 0 0
0 0 0 0
0 0 0 0
0 0 0 0
0 0 0 0
0 0 0 0
0 0 0 0
0 0 0 0
0 0 0 0
0 0 0 0
0 0 0 0
0 0 0 0
0 0 0 0
0 0 0 0
0 0 0 0
0 0 0 0
0 0 0 0
0 0 0 0
0 0 0 0
0 0 0 0
0 0 0 0
0 0 0 0
0 0 0 0
0 0 0 0
0 0 0 0
0 0 0 0
0 0 0 0
0 0 0 0
0 0 0 0
0 0 0 0
0 0 0 0
0 0 0 0
0 0 0 0
0 0 0 0
0 0 0 0
0 0 0 0
0 0 0 0
0 0 0 0
0 0 0 0
0 0 0 0
0 0 0 0
0 0 0 0
0 0 0 0
0 0 0 0
0 0 0 0
0 0 0 0
0 0 0 0
0 0 0 0
0 0 0 0
0 0 0 0
0 0 0 0
0 0 0 0
0 0 0 0
0 0 0 0
0 0 0 0
0 0 0 0
0 0 0 0
0 0 0 0
0 0 0 0
