0 0 0 0
0 0 0 0
0 0 0 0
0 0 0 0
0 0 0 0
0 0 0 0
0 0 0 0
0 0 0 0
0 0 0 0
0 0 0 0
0 0 0 0
0 0 0 0
0 0 0 0
0 0 0 0
0 0 0 0
0 0 0 0
0 0 0 0
0 0 0 0
0 0 0 0
0 0 0 0
0 0 0 0
0 0 0 0
0 0 0 0
0 0 0 0
0 0 0 0
0 0 0 0
0 0 0 0
0 0 0 0
0 0 0 0
0 0 0 0
0 0 0 0
0 0 0 0
0 0 0 0
0 0 0 0
0 0 0 0
0 0 0 0
0 0 0 0
0 0 0 0
0 0 0 0
0 0 0 0
0 0 0 0
0 0 0 0
0 0 0 0
0 0 0 0
0 0 0 0
0 0 0 0
0 0 0 0
0 0 0 0
0 0 0 0
0 0 0 0
0 0 0 0
0 0 0 0
0 0 0 0
0 0 0 0
0 0 0 0
0 0 0 0
0 0 0 0
0 0 0 0
0 0 0 0
0 0 0 0
0 0 0 0
0 0 0 0
0 0 0 0
0 0 0 0
0 0 0 0
0 0 0 0
0 0 0 0
0 0 0 0
0 0 0 0
0 0 0 0
0 0 0 0
0 0 0 0
0 0 0 0
0 0 0 0
0 0 0 0
0 0 0 0
0 0 0 0
0 0 0 0
0 0 0 0
0 0 0 0
0 0 0 0
0 0 0 0
0 0 0 0
0 0 0 0
0 0 0 0
0 0 0 0
0 0 0 0
0 0 0 0
0 0 0 0
0 0 0 0
0 0 0 0
0 0 0 0
0 0 0 0
0 0 0 0
0 0 0 0
0 0 0 0
0 0 0 0
0 0 0 0
0 0 0 0
0 0 0 0
0 0 0 0
0 0 0 0
0 0 0 0
0 0 0 0
0 0 0 0
0 0 0 0
0 0 0 0
0 0 0 0
0 0 0 0
0 0 0 0
0 0 0 0
0 0 0 0
0 0 0 0
0 0 0 0
0 0 0 0
0 0 0 0
0 0 0 0
0 0 0 0
0 0 0 0
0 0 0 0
0 0 0 0
0 0 0 0
0 0 0 0
0 0 0 0
0 0 0 0
0 0 0 0
0 0 0 0
0 0 0 0
0 0 0 0
0 0 0 0
0 0 0 0
0 0 0 0
0 0 0 0
0 0 0 0
0 0 0 0
0 0 0 0
0 0 0 0
0 0 0 0
0 0 0 0
0 0 0 0
0 0 0 0
0 0 0 0
0 0 0 0
0 0 0 0
0 0 0 0
0 0 0 0
0 0 0 0
0 0 0 0
0 0 0 0
0 0 0 0
0 0 0 0
0 0 0 0
0 0 0 0
0 0 0 0
0 0 0 0
0 0 0 0
0 0 0 0
0 0 0 0
0 0 0 0
0 0 0 0
0 0 0 0
0 0 0 0
0 0 0 0
0 0 0 0
0 0 0 0
0 0 0 0
0 0 0 0
0 0 0 0
0 0 0 0
0 0 0 0
0 0 0 0
0 0 0 0
0 0 0 0
0 0 0 0
0 0 0 0
0 0 0 0
0 0 0 0
0 0 0 0
0 0 0 0
0 0 0 0
0 0 0 0
0 0 0 0
0 0 0 0
0 0 0 0
0 0 0 0
0 0 0 0
0 0 0 0
0 0 0 0
0 0 0 0
0 0 0 0
0 0 0 0
0 0 0 0
0 0 0 0
0 0 0 0
0 0 0 0
0 0 0 0
0 0 0 0
0 0 0 0
0 0 0 0
0 0 0 0
0 0 0 0
0 0 0 0
0 0 0 0
0 0 0 0
0 0 0 0
0 0 0 0
0 0 0 0
0 0 0 0
0 0 0 0
0 0 0 0
0 0 0 0
0 0 0 0
0 0 0 0
0 0 0 0
0 0 0 0
0 0 0 0
0 0 0 0
0 0 0 0
0 0 0 0
0 0 0 0
0 0 0 0
0 0 0 0
0 0 0 0
0 0 0 0
0 0 0 0
0 0 0 0
0 0 0 0
0 0 0 0
0 0 0 0
0 0 0 0
5 0 0 0
8 0 0 0
8 0 0 0
5 1 0 0
7 5 0 0
7 8 0 0
7 6 0 0
7 5 2 0
6 7 6 0
10 5 7 0
15 7 4 0
14 6 5 2
18 8 5 6
14 14 6 6
13 12 6 5
21 13 6 5
24 17 11 4
23 17 12 5
18 19 13 5
25 20 15 8
23 21 14 11
31 23 19 12
28 21 24 14
31 23 20 14
31 26 16 17
31 27 19 20
31 29 26 19
28 27 29 22
29 31 26 18
25 28 25 21
30 25 27 24
22 28 25 28
25 29 25 27
22 27 29 26
19 24 24 26
18 26 23 23
19 21 27 22
12 22 26 27
15 22 24 24
12 19 26 20
17 18 22 22
7 17 23 28
8 13 19 23
10 11 20 23
8 14 21 27
11 13 16 22
9 11 16 19
11 7 12 19
10 10 12 18
15 7 14 20
9 11 14 15
16 10 9 18
19 10 7 13
15 14 8 10
16 18 8 11
14 18 16 15
23 14 13 10
26 15 16 11
29 25 12 12
27 21 17 11
26 21 20 13
22 29 26 16
28 20 21 20
25 30 23 19
28 23 24 19
28 23 20 23
30 28 21 20
32 22 28 28
26 30 22 21
29 27 27 21
26 28 26 19
26 28 30 24
26 33 24 27
24 23 24 30
29 21 26 25
24 27 23 22
20 30 28 28
18 29 27 24
18 26 26 23
24 20 33 20
22 20 27 25
32 16 24 33
27 21 22 32
18 23 19 25
24 24 22 27
27 30 23 21
24 27 19 19
24 23 23 25
25 24 28 24
29 23 22 20
17 27 30 22
14 24 21 24
16 27 25 27
17 23 30 23
16 13 20 26
16 14 21 31
18 13 29 18
18 21 17 25
21 17 15 22
19 11 13 19
23 23 15 23
18 22 19 21
21 20 17 13
18 22 19 16
17 21 22 15
25 20 23 19
20 15 19 23
20 22 23 17
15 21 19 25
17 19 17 21
17 19 22 20
11 17 22 19
15 19 15 19
10 18 23 22
10 11 14 23
12 17 18 17
9 8 19 15
13 11 17 19
10 11 15 21
9 9 10 14
10 12 8 16
8 10 11 20
13 12 11 11
10 12 11 12
13 8 11 7
15 10 9 10
17 10 12 12
24 17 11 10
16 15 12 13
12 17 14 7
15 22 12 10
20 14 16 18
27 17 20 13
19 20 17 14
18 16 18 18
30 22 14 18
32 19 19 18
22 20 20 13
24 30 20 20
31 30 19 18
28 22 19 16
27 23 30 21
25 34 29 17
23 32 22 29
21 22 29 26
26 25 25 23
19 23 30 27
19 19 25 24
16 27 24 29
9 19 29 29
13 21 15 22
13 16 23 25
14 9 22 25
16 11 20 25
16 7 18 19
14 14 11 18
16 10 10 20
13 15 11 16
16 16 9 14
15 12 11 11
11 17 10 10
20 15 10 12
15 14 15 8
15 16 14 10
16 10 13 11
22 16 15 11
21 20 17 12
19 25 15 13
17 19 11 11
20 18 20 15
25 19 21 12
21 20 24 24
22 25 22 15
21 16 21 17
17 25 20 22
21 24 20 20
15 20 19 28
23 21 23 22
23 21 27 21
18 20 18 21
10 21 23 23
10 18 22 18
8 22 24 23
8 15 21 26
14 10 18 20
14 10 18 25
10 10 19 22
15 12 15 19
20 14 12 20
15 14 13 19
14 14 11 15
18 16 13 18
15 16 19 16
13 14 12 13
11 18 16 12
12 13 11 21
13 11 21 15
15 15 12 12
10 13 13 14
18 13 11 14
12 16 17 13
15 11 14 15
9 13 14 10
10 15 14 16
10 13 15 15
12 12 12 16
14 10 13 17
11 9 14 11
9 12 10 13
10 12 11 15
12 13 10 10
8 9 10 12
9 8 12 10
9 12 11 12
8 10 12 10
7 9 9 9
8 9 9 11
7 8 13 14
4 9 7 8
7 7 9 11
6 7 9 8
6 6 6 10
1 5 8 10
0 5 9 8
0 6 7 9
0 7 6 7
0 1 4 6
0 0 6 8
0 0 6 6
0 0 6 8
0 0 1 4
0 0 0 6
0 0 0 5
0 0 0 6
0 0 0 1
0 0 0 0
0 0 0 0
0 0 0 0
0 0 0 0
0 0 0 0
0 0 0 0
0 0 0 0
0 0 0 0
0 0 0 0
0 0 0 0
0 0 0 0
0 0 0 0
0 0 0 0
0 0 0 0
0 0 0 0
0 0 0 0
0 0 0 0
0 0 0 0
0 0 0 0
0 0 0 0
0 0 0 0
0 0 0 0
0 0 0 0
0 0 0 0
0 0 0 0
0 0 0 0
0 0 0 0
0 0 0 0
0 0 0 0
0 0 0 0
0 0 0 0
0 0 0 0
0 0 0 0
0 0 0 0
0 0 0 0
0 0 0 0
0 0 0 0
0 0 0 0
0 0 0 0
0 0 0 0
0 0 0 0
0 0 0 0
0 0 0 0
0 0 0 0
0 0 0 0
0 0 0 0
0 0 0 0
0 0 0 0
0 0 0 0
0 0 0 0
0 0 0 0
0 0 0 0
0 0 0 0
0 0 0 0
0 0 0 0
0 0 0 0
0 0 0 0
0 0 0 0
0 0 0 0
0 0 0 0
0 0 0 0
0 0 0 0
0 0 0 0
0 0 0 0
0 0 0 0
0 0 0 0
0 0 0 0
0 0 0 0
0 0 0 0
0 0 0 0
0 0 0 0
0 0 0 0
0 0 0 0
0 0 0 0
0 0 0 0
0 0 0 0
0 0 0 0
0 0 0 0
0 0 0 0
0 0 0 0
0 0 0 0
0 0 0 0
0 0 0 0
0 0 0 0
0 0 0 0
0 0 0 0
0 0 0 0
0 0 0 0
0 0 0 0
0 0 0 0
0 0 0 0
0 0 0 0
0 0 0 0
0 0 0 0
0 0 0 0
0 0 0 0
0 0 0 0
0 0 0 0
0 0 0 0
0 0 0 0
0 0 0 0
0 0 0 0
0 0 0 0
0 0 0 0
0 0 0 0
0 0 0 0
0 0 0 0
0 0 0 0
0 0 0 0
0 0 0 0
0 0 0 0
0 0 0 0
0 0 0 0
0 0 0 0
0 0 0 0
0 0 0 0
0 0 0 0
0 0 0 0
0 0 0 0
0 0 0 0
0 0 0 0
0 0 0 0
0 0 0 0
0 0 0 0
0 0 0 0
0 0 0 0
0 0 0 0
0 0 0 0
0 0 0 0
0 0 0 0
0 0 0 0
0 0 0 0
0 0 0 0
0 0 0 0
0 0 0 0
0 0 0 0
0 0 0 0
0 0 0 0
0 0 0 0
0 0 0 0
0 0 0 0
0 0 0 0
0 0 0 0
0 0 0 0
0 0 0 0
0 0 0 0
0 0 0 0
0 0 0 0
0 0 0 0
0 0 0 0
0 0 0 0
0 0 0 0
0 0 0 0
0 0 0 0
0 0 0 0
0 0 0 0
0 0 0 0
0 0 0 0
0 0 0 0
0 0 0 0
0 0 0 0
0 0 0 0
0 0 0 0
0 0 0 0
0 0 0 0
0 0 0 0
0 0 0 0
0 0 0 0
0 0 0 0
0 0 0 0
0 0 0 0
0 0 0 0
0 0 0 0
0 0 0 0
0 0 0 0
0 0 0 0
0 0 0 0
0 0 0 0
0 0 0 0
0 0 0 0
