0 0 0 0
0 0 0 0
0 0 0 0
0 0 0 0
0 0 0 0
0 0 0 0
0 0 0 0
0 0 0 0
0 0 0 0
0 0 0 0
0 0 0 0
0 0 0 0
0 0 0 0
0 0 0 0
0 0 0 0
0 0 0 0
0 0 0 0
0 0 0 0
0 0 0 0
0 0 0 0
0 0 0 0
0 0 0 0
0 0 0 0
0 0 0 0
0 0 0 0
0 0 0 0
0 0 0 0
0 0 0 0
0 0 0 0
0 0 0 0
0 0 0 0
0 0 0 0
0 0 0 0
0 0 0 0
0 0 0 0
0 0 0 0
0 0 0 0
0 0 0 0
0 0 0 0
0 0 0 0
0 0 0 0
0 0 0 0
0 0 0 0
0 0 0 0
0 0 0 0
0 0 0 0
0 0 0 0
0 0 0 0
0 0 0 0
0 0 0 0
0 0 0 0
0 0 0 0
0 0 0 0
0 0 0 0
0 0 0 0
0 0 0 0
0 0 0 0
0 0 0 0
0 0 0 0
0 0 0 0
0 0 0 0
0 0 0 0
0 0 0 0
0 0 0 0
0 0 0 0
0 0 0 0
0 0 0 0
0 0 0 0
0 0 0 0
0 0 0 0
0 0 0 0
0 0 0 0
0 0 0 0
0 0 0 0
0 0 0 0
0 0 0 0
0 0 0 0
0 0 0 0
0 0 0 0
0 0 0 0
0 0 0 0
0 0 0 0
0 0 0 0
0 0 0 0
0 0 0 0
0 0 0 0
0 0 0 0
0 0 0 0
0 0 0 0
0 0 0 0
0 0 0 0
0 0 0 0
0 0 0 0
0 0 0 0
0 0 0 0
0 0 0 0
0 0 0 0
0 0 0 0
0 0 0 0
0 0 0 0
0 0 0 0
0 0 0 0
0 0 0 0
0 0 0 0
0 0 0 0
0 0 0 0
0 0 0 0
0 0 0 0
0 0 0 0
0 0 0 0
0 0 0 0
0 0 0 0
0 0 0 0
0 0 0 0
0 0 0 0
0 0 0 0
0 0 0 0
0 0 0 0
0 0 0 0
0 0 0 0
0 0 0 0
0 0 0 0
0 0 0 0
0 0 0 0
0 0 0 0
0 0 0 0
0 0 0 0
0 0 0 0
0 0 0 0
0 0 0 0
0 0 0 0
0 0 0 0
0 0 0 0
0 0 0 0
0 0 0 0
0 0 0 0
0 0 0 0
0 0 0 0
0 0 0 0
0 0 0 0
0 0 0 0
0 0 0 0
0 0 0 0
0 0 0 0
0 0 0 0
0 0 0 0
0 0 0 0
0 0 0 0
0 0 0 0
0 0 0 0
0 0 0 0
0 0 0 0
2 0 0 0
6 0 0 0
5 0 0 0
9 0 0 0
10 4 0 0
7 5 0 0
5 9 0 0
5 8 0 0
5 10 5 0
5 7 6 0
5 6 10 0
10 5 10 0
13 5 10 5
15 6 6 9
12 6 6 10
19 11 6 10
23 14 6 10
17 12 6 9
17 14 6 6
26 23 10 6
16 14 14 7
22 19 13 8
21 19 15 5
20 21 18 9
25 21 16 15
28 26 16 8
27 19 20 15
25 22 23 17
27 28 21 16
35 29 25 13
27 28 24 27
34 28 27 24
37 33 29 21
30 31 30 24
31 33 33 33
30 37 32 30
29 30 29 26
27 32 37 35
25 33 33 40
28 25 32 30
27 27 33 28
23 28 31 32
23 29 28 40
20 24 28 31
19 23 30 27
26 23 23 33
17 20 26 34
19 23 26 24
15 18 21 23
14 18 23 25
20 16 17 28
18 18 17 23
12 15 14 17
12 15 20 17
13 15 19 18
13 15 17 15
11 11 12 18
14 13 8 18
15 13 17 11
11 13 14 14
14 13 14 15
13 12 9 8
14 14 13 13
12 11 14 11
14 12 10 16
15 12 12 14
12 15 17 12
16 13 12 9
14 14 11 14
14 17 13 14
15 13 14 12
15 14 13 14
13 14 15 11
13 13 14 14
14 15 12 12
16 14 16 13
18 14 13 12
23 13 14 16
22 15 14 17
21 20 14 11
28 24 11 15
30 20 18 14
22 22 18 15
28 29 21 14
27 28 22 13
23 26 23 13
22 30 26 22
24 27 29 25
26 22 33 20
27 28 29 30
27 21 28 33
23 29 30 28
28 23 24 34
29 30 26 36
31 28 26 27
32 27 23 28
25 29 31 33
29 35 31 20
24 31 31 29
25 21 30 27
23 25 31 34
29 26 29 30
16 24 23 24
20 20 22 28
17 20 24 26
18 21 20 30
20 15 18 16
20 22 21 18
30 24 17 24
17 21 24 16
22 22 18 19
23 16 25 23
23 23 20 28
22 17 21 17
15 25 20 20
14 24 21 15
20 16 21 20
15 17 15 27
22 15 18 18
27 19 19 22
19 19 19 14
24 21 21 17
24 25 19 20
26 22 19 28
23 26 17 12
24 20 23 19
32 26 25 18
22 23 21 18
20 25 24 26
15 23 22 21
20 22 26 17
20 22 21 23
19 23 25 25
15 16 23 22
18 20 17 25
10 12 16 29
9 15 21 16
11 14 18 16
9 15 15 17
12 18 15 19
11 9 13 11
10 11 13 13
13 12 16 21
17 7 15 13
18 11 14 12
19 12 14 15
21 15 10 16
20 18 9 14
19 20 12 13
21 21 9 19
21 19 17 10
27 22 17 12
27 24 22 10
23 22 23 10
28 26 21 21
20 27 24 18
18 28 28 21
19 27 26 25
25 19 32 25
23 18 33 25
17 25 27 30
16 21 18 33
19 20 19 34
16 21 23 30
20 16 17 20
17 20 24 23
18 17 16 23
13 18 15 17
7 20 23 19
7 18 18 21
10 9 20 19
5 8 20 16
7 9 17 13
9 7 9 23
5 7 7 26
4 8 9 17
7 6 7 6
11 7 8 8
16 7 8 7
17 5 6 8
11 7 7 8
15 10 8 9
19 13 7 6
16 22 6 9
17 12 9 7
18 13 9 5
14 22 11 8
12 16 21 6
10 13 16 12
15 16 15 9
11 18 17 12
7 10 16 17
11 9 12 17
13 12 17 18
15 14 13 17
14 13 15 9
15 13 5 18
19 11 12 15
12 10 27 12
9 15 13 10
17 18 9 13
8 16 8 17
10 9 15 17
8 14 12 20
12 13 14 8
12 12 12 15
19 10 15 8
14 10 9 13
15 8 13 10
12 12 15 12
11 20 17 11
15 16 9 14
10 13 10 11
9 13 9 16
10 15 15 18
8 14 15 13
8 8 14 11
9 10 16 11
8 10 16 13
9 8 11 6
1 11 10 15
0 9 11 21
0 10 11 13
0 2 12 12
0 0 11 12
0 0 12 16
0 0 2 12
0 0 0 11
0 0 0 17
0 0 0 2
0 0 0 0
0 0 0 0
0 0 0 0
0 0 0 0
0 0 0 0
0 0 0 0
0 0 0 0
0 0 0 0
0 0 0 0
0 0 0 0
0 0 0 0
0 0 0 0
0 0 0 0
0 0 0 0
0 0 0 0
0 0 0 0
0 0 0 0
0 0 0 0
0 0 0 0
0 0 0 0
0 0 0 0
0 0 0 0
0 0 0 0
0 0 0 0
0 0 0 0
0 0 0 0
0 0 0 0
0 0 0 0
0 0 0 0
0 0 0 0
0 0 0 0
0 0 0 0
0 0 0 0
0 0 0 0
0 0 0 0
0 0 0 0
0 0 0 0
0 0 0 0
0 0 0 0
0 0 0 0
0 0 0 0
0 0 0 0
0 0 0 0
0 0 0 0
0 0 0 0
0 0 0 0
0 0 0 0
0 0 0 0
0 0 0 0
0 0 0 0
0 0 0 0
0 0 0 0
0 0 0 0
0 0 0 0
0 0 0 0
0 0 0 0
0 0 0 0
0 0 0 0
0 0 0 0
0 0 0 0
0 0 0 0
0 0 0 0
0 0 0 0
0 0 0 0
0 0 0 0
0 0 0 0
0 0 0 0
0 0 0 0
0 0 0 0
0 0 0 0
0 0 0 0
0 0 0 0
0 0 0 0
0 0 0 0
0 0 0 0
0 0 0 0
0 0 0 0
0 0 0 0
0 0 0 0
0 0 0 0
0 0 0 0
0 0 0 0
0 0 0 0
0 0 0 0
0 0 0 0
0 0 0 0
0 0 0 0
0 0 0 0
0 0 0 0
0 0 0 0
0 0 0 0
0 0 0 0
0 0 0 0
0 0 0 0
0 0 0 0
0 0 0 0
0 0 0 0
0 0 0 0
0 0 0 0
0 0 0 0
0 0 0 0
0 0 0 0
0 0 0 0
0 0 0 0
0 0 0 0
0 0 0 0
0 0 0 0
0 0 0 0
0 0 0 0
0 0 0 0
0 0 0 0
0 0 0 0
0 0 0 0
0 0 0 0
0 0 0 0
0 0 0 0
0 0 0 0
0 0 0 0
0 0 0 0
0 0 0 0
0 0 0 0
0 0 0 0
0 0 0 0
0 0 0 0
0 0 0 0
0 0 0 0
0 0 0 0
0 0 0 0
0 0 0 0
0 0 0 0
0 0 0 0
0 0 0 0
0 0 0 0
0 0 0 0
0 0 0 0
0 0 0 0
0 0 0 0
0 0 0 0
0 0 0 0
0 0 0 0
0 0 0 0
0 0 0 0
0 0 0 0
0 0 0 0
0 0 0 0
0 0 0 0
0 0 0 0
0 0 0 0
0 0 0 0
0 0 0 0
0 0 0 0
0 0 0 0
0 0 0 0
0 0 0 0
0 0 0 0
0 0 0 0
0 0 0 0
0 0 0 0
0 0 0 0
0 0 0 0
0 0 0 0
0 0 0 0
0 0 0 0
0 0 0 0
0 0 0 0
0 0 0 0
0 0 0 0
0 0 0 0
0 0 0 0
0 0 0 0
0 0 0 0
0 0 0 0
0 0 0 0
0 0 0 0
0 0 0 0
0 0 0 0
0 0 0 0
0 0 0 0
0 0 0 0
0 0 0 0
0 0 0 0
0 0 0 0
0 0 0 0
0 0 0 0
0 0 0 0
0 0 0 0
0 0 0 0
0 0 0 0
0 0 0 0
0 0 0 0
0 0 0 0
0 0 0 0
0 0 0 0
0 0 0 0
0 0 0 0
0 0 0 0
0 0 0 0
0 0 0 0
0 0 0 0
0 0 0 0
0 0 0 0
0 0 0 0
0 0 0 0
0 0 0 0
0 0 0 0
0 0 0 0
0 0 0 0
0 0 0 0
0 0 0 0
0 0 0 0
0 0 0 0
0 0 0 0
0 0 0 0
0 0 0 0
0 0 0 0
0 0 0 0
0 0 0 0
0 0 0 0
0 0 0 0
0 0 0 0
0 0 0 0
0 0 0 0
0 0 0 0
0 0 0 0
0 0 0 0
0 0 0 0
0 0 0 0
0 0 0 0
0 0 0 0
0 0 0 0
0 0 0 0
0 0 0 0
0 0 0 0
0 0 0 0
0 0 0 0
0 0 0 0
0 0 0 0
0 0 0 0
0 0 0 0
0 0 0 0
0 0 0 0
0 0 0 0
0 0 0 0
0 0 0 0
0 0 0 0
0 0 0 0
0 0 0 0
0 0 0 0
0 0 0 0
0 0 0 0
0 0 0 0
0 0 0 0
0 0 0 0
0 0 0 0
0 0 0 0
0 0 0 0
0 0 0 0
0 0 0 0
0 0 0 0
0 0 0 0
0 0 0 0
0 0 0 0
0 0 0 0
