0 0 0 0
0 0 0 0
0 0 0 0
0 0 0 0
0 0 0 0
0 0 0 0
0 0 0 0
0 0 0 0
0 0 0 0
0 0 0 0
0 0 0 0
0 0 0 0
0 0 0 0
0 0 0 0
0 0 0 0
0 0 0 0
0 0 0 0
0 0 0 0
0 0 0 0
0 0 0 0
0 0 0 0
0 0 0 0
0 0 0 0
0 0 0 0
0 0 0 0
0 0 0 0
0 0 0 0
0 0 0 0
0 0 0 0
0 0 0 0
0 0 0 0
0 0 0 0
0 0 0 0
0 0 0 0
0 0 0 0
0 0 0 0
0 0 0 0
0 0 0 0
0 0 0 0
0 0 0 0
0 0 0 0
0 0 0 0
0 0 0 0
0 0 0 0
0 0 0 0
0 0 0 0
0 0 0 0
0 0 0 0
0 0 0 0
0 0 0 0
0 0 0 0
0 0 0 0
0 0 0 0
0 0 0 0
0 0 0 0
0 0 0 0
0 0 0 0
0 0 0 0
0 0 0 0
0 0 0 0
0 0 0 0
0 0 0 0
0 0 0 0
0 0 0 0
0 0 0 0
0 0 0 0
0 0 0 0
0 0 0 0
0 0 0 0
0 0 0 0
0 0 0 0
0 0 0 0
0 0 0 0
0 0 0 0
0 0 0 0
0 0 0 0
0 0 0 0
0 0 0 0
0 0 0 0
0 0 0 0
0 0 0 0
0 0 0 0
0 0 0 0
0 0 0 0
0 0 0 0
0 0 0 0
0 0 0 0
0 0 0 0
0 0 0 0
0 0 0 0
0 0 0 0
0 0 0 0
0 0 0 0
0 0 0 0
0 0 0 0
0 0 0 0
0 0 0 0
0 0 0 0
0 0 0 0
0 0 0 0
0 0 0 0
0 0 0 0
0 0 0 0
0 0 0 0
0 0 0 0
0 0 0 0
0 0 0 0
0 0 0 0
0 0 0 0
0 0 0 0
0 0 0 0
0 0 0 0
0 0 0 0
0 0 0 0
0 0 0 0
0 0 0 0
0 0 0 0
0 0 0 0
0 0 0 0
0 0 0 0
0 0 0 0
0 0 0 0
0 0 0 0
0 0 0 0
0 0 0 0
0 0 0 0
0 0 0 0
0 0 0 0
0 0 0 0
0 0 0 0
0 0 0 0
0 0 0 0
0 0 0 0
0 0 0 0
0 0 0 0
0 0 0 0
0 0 0 0
0 0 0 0
0 0 0 0
0 0 0 0
0 0 0 0
0 0 0 0
0 0 0 0
0 0 0 0
0 0 0 0
0 0 0 0
0 0 0 0
0 0 0 0
0 0 0 0
0 0 0 0
0 0 0 0
0 0 0 0
0 0 0 0
0 0 0 0
0 0 0 0
0 0 0 0
0 0 0 0
0 0 0 0
0 0 0 0
0 0 0 0
0 0 0 0
0 0 0 0
0 0 0 0
0 0 0 0
0 0 0 0
0 0 0 0
0 0 0 0
0 0 0 0
0 0 0 0
0 0 0 0
0 0 0 0
0 0 0 0
0 0 0 0
0 0 0 0
0 0 0 0
0 0 0 0
0 0 0 0
0 0 0 0
0 0 0 0
0 0 0 0
0 0 0 0
0 0 0 0
0 0 0 0
0 0 0 0
0 0 0 0
0 0 0 0
0 0 0 0
0 0 0 0
0 0 0 0
0 0 0 0
0 0 0 0
0 0 0 0
0 0 0 0
0 0 0 0
0 0 0 0
0 0 0 0
0 0 0 0
0 0 0 0
0 0 0 0
0 0 0 0
0 0 0 0
0 0 0 0
0 0 0 0
0 0 0 0
0 0 0 0
0 0 0 0
0 0 0 0
0 0 0 0
0 0 0 0
0 0 0 0
0 0 0 0
0 0 0 0
0 0 0 0
0 0 0 0
0 0 0 0
0 0 0 0
0 0 0 0
0 0 0 0
0 0 0 0
0 0 0 0
0 0 0 0
0 0 0 0
0 0 0 0
0 0 0 0
0 0 0 0
0 0 0 0
0 0 0 0
0 0 0 0
0 0 0 0
0 0 0 0
0 0 0 0
0 0 0 0
0 0 0 0
0 0 0 0
0 0 0 0
0 0 0 0
0 0 0 0
0 0 0 0
0 0 0 0
0 0 0 0
0 0 0 0
0 0 0 0
0 0 0 0
0 0 0 0
0 0 0 0
0 0 0 0
0 0 0 0
0 0 0 0
0 0 0 0
0 0 0 0
0 0 0 0
0 0 0 0
0 0 0 0
0 0 0 0
0 0 0 0
0 0 0 0
0 0 0 0
0 0 0 0
0 0 0 0
0 0 0 0
0 0 0 0
0 0 0 0
0 0 0 0
0 0 0 0
0 0 0 0
0 0 0 0
0 0 0 0
0 0 0 0
0 0 0 0
0 0 0 0
0 0 0 0
0 0 0 0
0 0 0 0
0 0 0 0
0 0 0 0
0 0 0 0
0 0 0 0
0 0 0 0
0 0 0 0
0 0 0 0
0 0 0 0
0 0 0 0
0 0 0 0
0 0 0 0
0 0 0 0
0 0 0 0
0 0 0 0
0 0 0 0
0 0 0 0
0 0 0 0
0 0 0 0
0 0 0 0
0 0 0 0
0 0 0 0
0 0 0 0
0 0 0 0
0 0 0 0
0 0 0 0
0 0 0 0
0 0 0 0
0 0 0 0
0 0 0 0
0 0 0 0
0 0 0 0
0 0 0 0
0 0 0 0
0 0 0 0
0 0 0 0
0 0 0 0
0 0 0 0
0 0 0 0
0 0 0 0
0 0 0 0
0 0 0 0
0 0 0 0
0 0 0 0
0 0 0 0
0 0 0 0
0 0 0 0
0 0 0 0
0 0 0 0
0 0 0 0
0 0 0 0
0 0 0 0
0 0 0 0
0 0 0 0
0 0 0 0
0 0 0 0
0 0 0 0
0 0 0 0
0 0 0 0
0 0 0 0
0 0 0 0
0 0 0 0
0 0 0 0
0 0 0 0
0 0 0 0
0 0 0 0
0 0 0 0
0 0 0 0
0 0 0 0
0 0 0 0
0 0 0 0
0 0 0 0
0 0 0 0
0 0 0 0
0 0 0 0
0 0 0 0
0 0 0 0
0 0 0 0
0 0 0 0
0 0 0 0
0 0 0 0
0 0 0 0
0 0 0 0
0 0 0 0
0 0 0 0
0 0 0 0
0 0 0 0
0 0 0 0
0 0 0 0
0 0 0 0
0 0 0 0
0 0 0 0
0 0 0 0
0 0 0 0
0 0 0 0
0 0 0 5
0 0 0 9
0 0 0 7
0 0 5 7
0 0 9 5
0 0 6 2
0 6 9 3
0 9 4 11
0 8 3 10
6 7 7 19
10 3 10 15
8 4 12 17
7 10 18 15
3 11 18 17
6 14 14 16
12 18 18 11
13 21 16 11
18 13 17 9
20 17 9 7
17 20 11 7
14 12 11 5
20 11 7 6
18 12 6 6
12 11 6 8
12 5 6 10
11 7 5 10
11 7 11 8
6 6 11 12
9 9 8 14
6 7 9 12
4 10 21 20
9 19 19 21
19 21 17 29
23 22 26 25
22 22 25 33
22 22 23 24
22 26 30 18
14 14 21 21
21 18 20 27
21 31 20 12
18 16 19 15
21 21 22 16
22 18 21 17
19 29 14 17
22 23 20 17
24 18 18 22
29 21 19 25
20 22 23 18
23 16 20 30
18 21 23 26
20 27 23 24
24 18 25 27
21 21 23 25
22 21 25 25
21 29 24 19
25 21 26 22
20 15 20 23
18 24 16 14
19 21 17 16
19 15 15 11
13 16 17 16
15 13 14 13
20 16 14 11
13 14 13 10
14 17 16 14
14 12 12 18
17 16 18 23
14 18 16 25
21 20 18 24
14 15 28 31
14 25 25 26
28 23 22 29
23 19 21 33
19 25 31 24
21 26 28 22
21 19 21 21
24 14 29 13
18 24 23 18
13 23 19 19
19 27 14 14
18 24 11 18
30 18 21 16
19 17 16 20
21 11 20 17
19 19 13 14
17 20 17 16
16 13 17 17
12 13 14 19
18 18 20 14
18 16 17 15
13 19 16 18
15 19 18 21
19 18 22 26
21 24 21 24
28 19 28 22
20 29 25 27
25 28 28 32
34 28 27 28
30 27 29 28
28 31 25 25
29 27 33 21
30 29 26 20
32 32 20 24
30 26 23 22
32 22 23 25
25 25 27 23
26 28 25 19
28 27 21 18
28 23 22 27
23 21 27 19
24 27 20 23
26 21 19 21
26 21 16 24
16 18 25 22
19 18 26 21
21 25 19 16
22 20 19 18
16 17 21 13
18 20 14 15
18 18 18 18
19 19 16 18
21 19 15 20
18 16 16 20
17 16 14 24
19 15 21 22
19 17 24 18
16 19 25 18
19 24 24 22
22 21 19 20
15 24 18 25
20 22 19 30
21 21 22 29
23 21 27 25
24 18 24 23
23 22 30 28
19 24 26 30
17 27 29 27
24 27 25 31
22 27 27 30
27 25 28 31
29 25 31 26
28 30 30 30
25 31 30 37
28 29 31 35
29 32 33 33
28 34 32 33
33 34 39 36
35 30 34 32
34 34 34 29
35 40 39 37
35 37 35 38
37 35 32 29
36 39 35 28
34 35 30 30
40 30 29 33
39 32 32 30
28 32 35 29
37 33 31 33
33 33 29 30
35 35 33 29
34 33 30 35
32 31 32 43
36 35 40 30
41 40 33 26
32 29 32 26
32 26 31 30
30 36 29 30
30 36 31 23
36 32 22 15
31 23 20 22
27 19 18 21
26 22 23 26
24 24 25 24
24 24 21 17
26 19 16 24
19 20 29 20
19 22 21 17
22 23 14 12
17 15 16 16
18 17 13 11
11 10 12 12
12 12 12 13
14 13 12 11
12 11 9 5
5 5 4 4
6 4 3 4
6 5 5 4
4 4 4 4
5 5 5 5
4 5 5 4
6 5 4 6
6 5 6 12
6 8 13 8
11 14 8 5
13 6 5 5
5 5 6 3
7 6 3 0
4 3 0 0
2 0 0 0
0 0 0 0
0 0 0 0
0 0 0 0
0 0 0 0
0 0 0 0
0 0 0 0
0 0 0 0
0 0 0 0
0 0 0 0
0 0 0 0
0 0 0 0
0 0 0 0
0 0 0 0
0 0 0 0
0 0 0 0
0 0 0 0
0 0 0 0
0 0 0 0
0 0 0 0
0 0 0 0
0 0 0 0
0 0 0 0
0 0 0 0
0 0 0 0
0 0 0 0
0 0 0 0
0 0 0 0
0 0 0 0
0 0 0 0
0 0 0 0
0 0 0 0
0 0 0 0
0 0 0 0
0 0 0 0
0 0 0 0
0 0 0 0
0 0 0 0
0 0 0 0
0 0 0 0
0 0 0 0
0 0 0 0
0 0 0 0
0 0 0 0
0 0 0 0
0 0 0 0
0 0 0 0
0 0 0 0
0 0 0 0
0 0 0 0
0 0 0 0
0 0 0 0
0 0 0 0
0 0 0 0
0 0 0 0
0 0 0 0
0 0 0 0
0 0 0 0
0 0 0 0
0 0 0 0
0 0 0 0
0 0 0 0
0 0 0 0
0 0 0 0
0 0 0 0
0 0 0 0
0 0 0 0
0 0 0 0
0 0 0 0
0 0 0 0
0 0 0 0
0 0 0 0
0 0 0 0
0 0 0 0
0 0 0 0
0 0 0 0
0 0 0 0
0 0 0 0
0 0 0 0
0 0 0 0
