0 0 0 0
0 0 0 0
0 0 0 0
0 0 0 0
0 0 0 0
0 0 0 0
0 0 0 0
0 0 0 0
0 0 0 0
0 0 0 0
0 0 0 0
0 0 0 0
0 0 0 0
0 0 0 0
0 0 0 0
0 0 0 0
0 0 0 0
0 0 0 0
0 0 0 0
0 0 0 0
0 0 0 0
0 0 0 0
0 0 0 0
0 0 0 0
0 0 0 0
0 0 0 0
0 0 0 0
0 0 0 0
0 0 0 0
0 0 0 0
0 0 0 0
0 0 0 0
0 0 0 0
0 0 0 0
0 0 0 0
0 0 0 0
0 0 0 0
0 0 0 0
0 0 0 0
0 0 0 0
0 0 0 0
0 0 0 0
0 0 0 0
0 0 0 0
0 0 0 0
0 0 0 0
0 0 0 0
0 0 0 0
0 0 0 0
0 0 0 0
0 0 0 0
0 0 0 0
0 0 0 0
0 0 0 0
0 0 0 0
0 0 0 0
0 0 0 0
0 0 0 0
0 0 0 0
0 0 0 0
0 0 0 0
0 0 0 0
0 0 0 0
0 0 0 0
0 0 0 0
0 0 0 0
0 0 0 0
0 0 0 0
0 0 0 0
0 0 0 0
0 0 0 0
0 0 0 0
0 0 0 0
0 0 0 0
0 0 0 0
0 0 0 0
0 0 0 0
0 0 0 0
0 0 0 0
0 0 0 0
0 0 0 0
0 0 0 0
0 0 0 0
0 0 0 0
0 0 0 0
0 0 0 0
0 0 0 0
0 0 0 0
0 0 0 0
0 0 0 0
0 0 0 0
0 0 0 0
0 0 0 0
0 0 0 0
0 0 0 0
0 0 0 0
0 0 0 0
0 0 0 0
0 0 0 0
0 0 0 0
0 0 0 0
0 0 0 0
0 0 0 0
0 0 0 0
0 0 0 0
0 0 0 0
0 0 0 0
0 0 0 0
0 0 0 0
0 0 0 0
0 0 0 0
0 0 0 0
0 0 0 0
0 0 0 0
0 0 0 0
0 0 0 0
0 0 0 0
0 0 0 0
0 0 0 0
0 0 0 0
0 0 0 0
0 0 0 0
0 0 0 0
0 0 0 0
0 0 0 0
0 0 0 0
0 0 0 0
0 0 0 0
0 0 0 0
0 0 0 0
0 0 0 0
0 0 0 0
0 0 0 0
0 0 0 0
0 0 0 0
0 0 0 0
0 0 0 0
0 0 0 0
0 0 0 0
0 0 0 0
0 0 0 0
0 0 0 0
0 0 0 0
0 0 0 0
0 0 0 0
0 0 0 0
0 0 0 0
0 0 0 0
0 0 0 0
0 0 0 0
0 0 0 0
0 0 0 0
0 0 0 0
0 0 0 0
0 0 0 0
0 0 0 0
0 0 0 0
0 0 0 0
0 0 0 0
0 0 0 0
0 0 0 0
0 0 0 0
0 0 0 0
0 0 0 0
0 0 0 0
0 0 0 0
0 0 0 0
0 0 0 0
0 0 0 0
0 0 0 0
0 0 0 0
0 0 0 0
0 0 0 0
0 0 0 0
0 0 0 0
0 0 0 0
0 0 0 0
0 0 0 0
0 0 0 0
0 0 0 0
0 0 0 0
0 0 0 0
0 0 0 0
0 0 0 0
0 0 0 0
0 0 0 0
0 0 0 0
0 0 0 0
0 0 0 0
0 0 0 0
0 0 0 0
0 0 0 0
0 0 0 0
0 0 0 0
0 0 0 0
0 0 0 0
0 0 0 0
0 0 0 0
0 0 0 0
0 0 0 0
0 0 0 0
0 0 0 0
0 0 0 0
0 0 0 0
0 0 0 0
0 0 0 0
0 0 0 0
0 0 0 0
0 0 0 0
0 0 0 0
0 0 0 0
0 0 0 0
0 0 0 0
0 0 0 0
0 0 0 0
0 0 0 0
0 0 0 0
0 0 0 0
0 0 0 0
0 0 0 0
0 0 0 0
0 0 0 0
0 0 0 0
0 0 0 0
0 0 0 0
0 0 0 0
0 0 0 0
0 0 0 0
0 0 0 0
0 0 0 0
0 0 0 0
0 0 0 0
0 0 0 0
0 0 0 0
0 0 0 0
0 0 0 0
0 0 0 0
0 0 0 0
0 0 0 0
0 0 0 0
0 0 0 0
0 0 0 0
0 0 0 0
0 0 0 0
0 0 0 0
0 0 0 0
0 0 0 0
0 0 0 0
0 0 0 0
0 0 0 0
0 0 0 0
0 0 0 0
0 0 0 0
0 0 0 0
0 0 0 0
0 0 0 0
0 0 0 0
0 0 0 0
0 0 0 0
0 0 0 0
0 0 0 0
0 0 0 0
0 0 0 0
0 0 0 0
0 0 0 0
0 0 0 0
0 0 0 0
0 0 0 0
0 0 0 0
0 0 0 0
0 0 0 0
0 0 0 0
0 0 0 0
0 0 0 0
0 0 0 0
0 0 0 0
0 0 0 0
0 0 0 0
3 0 0 0
5 0 0 0
2 0 0 0
4 0 0 0
10 2 0 0
6 6 0 0
7 1 0 0
12 5 0 0
17 8 1 0
11 7 6 0
19 8 2 0
14 15 5 0
21 14 8 0
17 12 6 6
20 22 11 2
19 15 16 7
18 18 11 7
18 20 20 5
21 18 15 18
19 18 16 11
21 17 22 18
18 22 17 15
20 19 16 15
21 16 20 20
19 21 21 18
18 22 17 21
20 14 18 15
17 22 21 18
20 17 17 20
18 19 19 17
17 19 18 17
19 18 16 19
25 19 17 21
18 18 22 14
25 20 17 17
19 17 21 21
20 23 17 15
23 27 17 19
21 20 23 21
19 23 22 20
22 19 16 18
19 19 27 21
23 22 22 19
25 21 20 18
22 22 22 23
30 21 21 20
22 23 19 24
23 26 23 23
26 21 23 17
23 25 25 21
20 25 23 25
18 26 19 23
22 22 24 30
21 24 24 19
13 23 27 21
10 19 22 23
16 15 26 22
18 16 22 25
18 20 17 21
17 14 19 26
26 14 18 18
28 14 17 20
19 23 15 21
18 26 21 18
29 17 18 22
21 22 20 17
26 25 19 21
25 26 19 17
25 22 24 22
23 21 22 20
22 19 22 21
19 25 22 18
28 22 23 18
20 23 22 26
15 24 21 22
17 22 15 16
20 17 21 22
14 15 26 23
15 19 19 19
21 25 23 19
25 15 17 17
32 17 13 18
26 15 18 22
23 25 21 23
24 28 23 15
29 28 20 17
29 27 22 18
21 24 21 17
22 29 24 27
18 25 26 26
16 22 32 23
23 27 30 21
27 23 19 23
30 14 30 27
19 18 27 32
18 23 17 29
16 24 19 23
19 29 22 24
24 23 17 21
20 20 20 21
19 16 26 18
17 22 33 26
20 20 19 18
23 18 20 20
15 22 20 32
17 25 18 23
18 17 25 21
21 15 25 23
19 20 18 23
17 23 18 28
17 21 20 21
18 20 23 16
14 17 19 19
15 14 23 25
17 15 20 21
20 17 20 20
20 19 16 20
20 20 14 24
21 20 17 19
23 18 20 18
24 19 18 17
21 25 22 17
21 25 19 17
22 20 26 23
22 16 24 19
18 21 20 25
26 25 19 27
22 23 18 18
19 20 24 20
22 26 17 17
19 16 22 19
20 20 26 24
20 21 23 22
17 19 15 24
14 21 21 18
15 16 19 18
16 18 18 21
12 15 22 23
16 17 17 19
16 11 15 16
15 18 13 16
11 15 19 18
10 14 17 15
13 14 14 19
12 11 12 17
16 16 16 16
16 13 16 11
19 14 14 16
17 14 11 15
16 18 16 15
16 17 17 15
19 19 19 18
18 15 14 16
14 15 15 15
16 20 19 15
17 16 19 18
20 20 15 23
14 14 15 16
15 12 19 11
18 13 14 15
19 18 13 19
17 18 15 12
17 25 15 16
22 18 19 14
15 17 22 16
19 15 18 20
21 17 22 19
21 22 14 20
18 21 19 18
14 15 20 18
15 21 18 24
20 15 21 17
19 13 16 14
21 13 10 21
24 15 15 14
23 18 19 15
23 24 14 13
27 23 13 11
31 21 15 14
26 26 20 19
26 23 22 15
21 29 24 15
24 27 21 18
22 29 27 23
20 26 26 24
23 21 24 22
15 24 29 23
14 25 30 23
14 22 25 26
8 15 24 26
14 21 26 24
11 13 21 34
12 11 21 27
7 10 16 24
13 13 20 19
12 12 13 21
14 10 12 22
10 10 12 20
9 14 11 16
11 13 13 15
10 11 13 12
8 10 11 14
13 11 14 12
8 8 9 13
6 11 10 14
8 10 10 10
6 9 10 13
7 5 12 10
6 7 10 8
7 8 7 10
7 8 6 12
8 5 6 11
7 6 8 6
6 8 8 6
3 7 7 6
6 8 5 8
5 7 7 8
5 3 8 8
0 6 8 3
0 4 6 10
0 6 4 8
0 0 5 7
0 0 5 6
0 0 6 4
0 0 0 4
0 0 0 6
0 0 0 5
0 0 0 0
0 0 0 0
0 0 0 0
0 0 0 0
0 0 0 0
0 0 0 0
0 0 0 0
0 0 0 0
0 0 0 0
0 0 0 0
0 0 0 0
0 0 0 0
0 0 0 0
0 0 0 0
0 0 0 0
0 0 0 0
0 0 0 0
0 0 0 0
0 0 0 0
0 0 0 0
0 0 0 0
0 0 0 0
0 0 0 0
0 0 0 0
0 0 0 0
0 0 0 0
0 0 0 0
0 0 0 0
0 0 0 0
0 0 0 0
0 0 0 0
0 0 0 0
0 0 0 0
0 0 0 0
0 0 0 0
0 0 0 0
0 0 0 0
0 0 0 0
0 0 0 0
0 0 0 0
0 0 0 0
0 0 0 0
0 0 0 0
0 0 0 0
0 0 0 0
0 0 0 0
0 0 0 0
0 0 0 0
0 0 0 0
0 0 0 0
0 0 0 0
0 0 0 0
0 0 0 0
0 0 0 0
0 0 0 0
0 0 0 0
0 0 0 0
0 0 0 0
0 0 0 0
0 0 0 0
0 0 0 0
0 0 0 0
0 0 0 0
0 0 0 0
0 0 0 0
0 0 0 0
0 0 0 0
0 0 0 0
0 0 0 0
0 0 0 0
0 0 0 0
0 0 0 0
0 0 0 0
0 0 0 0
0 0 0 0
0 0 0 0
0 0 0 0
0 0 0 0
0 0 0 0
0 0 0 0
0 0 0 0
0 0 0 0
0 0 0 0
0 0 0 0
0 0 0 0
0 0 0 0
0 0 0 0
0 0 0 0
0 0 0 0
0 0 0 0
0 0 0 0
0 0 0 0
0 0 0 0
0 0 0 0
0 0 0 0
0 0 0 0
0 0 0 0
0 0 0 0
0 0 0 0
0 0 0 0
0 0 0 0
0 0 0 0
0 0 0 0
0 0 0 0
0 0 0 0
0 0 0 0
0 0 0 0
0 0 0 0
0 0 0 0
0 0 0 0
0 0 0 0
0 0 0 0
0 0 0 0
0 0 0 0
0 0 0 0
0 0 0 0
0 0 0 0
0 0 0 0
0 0 0 0
0 0 0 0
0 0 0 0
0 0 0 0
0 0 0 0
0 0 0 0
0 0 0 0
0 0 0 0
0 0 0 0
0 0 0 0
0 0 0 0
0 0 0 0
0 0 0 0
0 0 0 0
0 0 0 0
0 0 0 0
0 0 0 0
0 0 0 0
0 0 0 0
0 0 0 0
0 0 0 0
0 0 0 0
