0 0 0 0
0 0 0 0
0 0 0 0
0 0 0 0
0 0 0 0
0 0 0 0
0 0 0 0
0 0 0 0
0 0 0 0
0 0 0 0
0 0 0 0
0 0 0 0
0 0 0 0
0 0 0 0
0 0 0 0
0 0 0 0
0 0 0 0
0 0 0 0
0 0 0 0
0 0 0 0
0 0 0 0
0 0 0 0
0 0 0 0
0 0 0 0
0 0 0 0
0 0 0 0
0 0 0 0
0 0 0 0
0 0 0 0
0 0 0 0
0 0 0 0
0 0 0 0
0 0 0 0
0 0 0 0
0 0 0 0
0 0 0 0
0 0 0 0
0 0 0 0
0 0 0 0
0 0 0 0
0 0 0 0
0 0 0 0
0 0 0 0
0 0 0 0
0 0 0 0
0 0 0 0
0 0 0 0
0 0 0 0
0 0 0 0
0 0 0 0
0 0 0 0
0 0 0 0
0 0 0 0
0 0 0 0
0 0 0 0
0 0 0 0
0 0 0 0
0 0 0 0
0 0 0 0
0 0 0 0
0 0 0 0
0 0 0 0
0 0 0 0
0 0 0 0
0 0 0 0
0 0 0 0
0 0 0 0
0 0 0 0
0 0 0 0
0 0 0 0
0 0 0 0
0 0 0 0
0 0 0 0
0 0 0 0
0 0 0 0
0 0 0 0
0 0 0 0
0 0 0 0
0 0 0 0
0 0 0 0
0 0 0 0
0 0 0 0
0 0 0 0
0 0 0 0
0 0 0 0
0 0 0 0
0 0 0 0
0 0 0 0
0 0 0 0
0 0 0 0
0 0 0 0
0 0 0 0
0 0 0 0
0 0 0 0
0 0 0 0
0 0 0 0
0 0 0 0
0 0 0 0
0 0 0 0
0 0 0 0
0 0 0 0
0 0 0 0
0 0 0 0
0 0 0 0
0 0 0 0
0 0 0 0
0 0 0 0
0 0 0 0
0 0 0 0
0 0 0 0
0 0 0 0
0 0 0 0
0 0 0 0
0 0 0 0
0 0 0 0
0 0 0 0
0 0 0 0
0 0 0 0
0 0 0 0
0 0 0 0
0 0 0 0
0 0 0 0
0 0 0 0
0 0 0 0
0 0 0 0
0 0 0 0
0 0 0 0
0 0 0 0
0 0 0 0
0 0 0 0
0 0 0 0
0 0 0 0
0 0 0 0
0 0 0 0
0 0 0 0
0 0 0 0
0 0 0 0
0 0 0 0
0 0 0 0
0 0 0 0
0 0 0 0
0 0 0 0
0 0 0 0
0 0 0 0
0 0 0 0
0 0 0 0
0 0 0 0
0 0 0 0
0 0 0 0
0 0 0 0
0 0 0 0
0 0 0 0
0 0 0 0
0 0 0 0
0 0 0 0
0 0 0 0
0 0 0 0
0 0 0 0
0 0 0 0
0 0 0 0
0 0 0 0
0 0 0 0
0 0 0 0
0 0 0 0
0 0 0 0
0 0 0 0
0 0 0 0
0 0 0 0
0 0 0 0
0 0 0 0
0 0 0 0
0 0 0 0
0 0 0 0
0 0 0 0
0 0 0 0
0 0 0 0
0 0 0 0
0 0 0 0
0 0 0 0
0 0 0 0
0 0 0 0
0 0 0 0
0 0 0 0
0 0 0 0
0 0 0 0
0 0 0 0
0 0 0 0
0 0 0 0
0 0 0 0
0 0 0 0
0 0 0 0
0 0 0 0
0 0 0 0
0 0 0 0
0 0 0 0
0 0 0 0
0 0 0 0
0 0 0 0
0 0 0 0
0 0 0 0
0 0 0 0
0 0 0 0
0 0 0 0
0 0 0 0
0 0 0 0
0 0 0 0
0 0 0 0
0 0 0 0
0 0 0 0
0 0 0 0
0 0 0 0
0 0 0 0
0 0 0 0
0 0 0 0
0 0 0 0
0 0 0 0
0 0 0 0
0 0 0 0
0 0 0 0
0 0 0 0
0 0 0 0
0 0 0 0
0 0 0 0
0 0 0 0
0 0 0 0
0 0 0 0
0 0 0 0
0 0 0 0
0 0 0 0
0 0 0 0
0 0 0 0
0 0 0 0
0 0 0 0
0 0 0 0
0 0 0 0
0 0 0 0
0 0 0 0
0 0 0 0
0 0 0 0
0 0 0 0
0 0 0 0
0 0 0 0
0 0 0 0
0 0 0 0
0 0 0 0
2 0 0 0
6 0 0 0
6 0 0 0
4 0 0 0
4 3 0 0
4 5 0 0
5 4 0 0
6 5 0 0
10 4 3 0
12 4 4 0
8 3 4 0
16 9 6 0
13 9 3 3
19 13 4 5
21 9 4 3
16 14 9 4
18 16 9 4
21 20 10 2
27 16 13 9
26 18 13 6
21 15 20 12
27 30 15 8
28 21 16 13
23 26 17 16
26 26 24 18
20 20 24 14
22 26 23 14
27 27 22 23
18 25 24 23
21 21 25 21
23 20 21 21
23 20 28 25
23 24 23 19
19 16 20 26
25 24 20 23
25 21 22 24
15 21 19 21
21 21 23 21
17 20 17 21
21 20 19 24
15 28 19 17
13 15 24 20
16 18 19 17
9 19 22 20
17 17 16 18
16 14 23 21
12 18 18 20
10 18 19 21
14 14 18 15
15 14 22 20
18 16 15 21
19 16 19 25
23 16 16 17
20 16 19 22
17 17 19 17
21 18 21 23
20 20 15 21
25 18 15 20
22 21 16 18
21 19 15 19
30 20 22 19
26 20 17 18
23 27 18 13
22 28 20 16
25 25 24 14
25 20 23 22
20 25 26 21
27 22 22 25
27 18 19 21
20 27 23 23
32 27 23 16
24 27 24 24
29 18 27 17
23 28 23 21
26 25 18 30
24 26 25 22
21 30 25 24
24 26 26 19
23 24 29 18
21 21 25 30
26 24 26 24
24 24 26 27
29 25 25 29
23 23 23 25
21 25 24 30
25 23 23 23
23 22 26 26
16 21 22 28
20 28 22 24
17 19 19 17
22 19 25 19
19 18 24 25
18 20 19 18
18 19 22 26
24 17 16 18
19 23 20 20
19 24 20 21
25 19 19 24
19 28 19 18
16 16 29 18
19 24 21 19
25 19 22 24
22 16 26 23
18 20 20 26
17 22 19 23
18 20 20 20
20 18 18 23
15 17 22 22
19 20 18 23
14 18 17 22
16 21 17 16
12 15 18 19
10 17 20 14
10 18 23 20
10 13 17 18
10 8 19 18
12 9 16 22
10 10 12 19
12 14 16 19
15 10 8 18
13 14 8 15
17 12 10 14
20 12 13 12
16 17 16 10
16 19 14 9
16 16 12 14
16 15 19 14
22 15 18 13
17 20 16 17
16 19 14 16
21 14 15 20
26 19 19 17
27 17 18 14
27 28 17 17
25 20 14 13
23 24 27 16
24 29 23 18
29 25 24 25
26 27 24 22
19 22 24 22
26 26 27 21
26 24 23 29
17 21 24 23
23 27 24 24
18 19 22 24
17 21 24 26
13 20 20 19
11 21 26 26
10 17 20 23
11 15 20 18
9 12 21 25
13 7 12 20
8 10 15 17
9 12 12 19
16 10 14 13
8 9 10 16
14 9 8 12
10 11 11 15
15 15 9 10
16 12 11 9
14 14 9 12
25 13 11 10
18 15 15 11
20 17 14 9
24 15 14 13
19 19 17 10
27 22 18 13
23 20 18 18
20 22 16 19
23 20 15 21
19 21 18 16
30 26 22 15
16 24 20 19
24 25 19 16
25 22 24 14
19 18 25 18
26 20 24 20
16 23 21 22
14 24 19 23
21 24 27 21
20 25 23 21
17 19 15 19
16 16 24 25
18 13 28 26
15 27 23 25
16 22 22 24
14 18 17 18
11 14 20 22
12 17 16 23
15 15 30 25
14 9 22 21
12 12 12 17
17 16 12 24
16 16 13 21
16 13 10 22
12 14 17 14
15 17 22 15
14 14 14 15
11 14 14 12
9 13 12 22
10 16 17 19
14 12 10 12
11 9 17 13
9 11 16 13
10 9 11 16
8 14 8 13
14 12 9 14
12 9 13 12
8 9 13 11
9 10 11 10
7 10 11 8
10 11 7 14
10 11 9 14
7 8 12 9
6 8 10 8
6 8 11 9
9 9 10 10
7 7 7 11
4 7 7 9
6 6 9 12
5 7 8 9
6 7 6 6
6 5 7 10
0 5 6 6
0 5 8 8
0 7 5 5
0 4 6 8
0 0 6 8
0 0 4 7
0 0 6 3
0 0 3 6
0 0 0 5
0 0 0 5
0 0 0 7
0 0 0 0
0 0 0 0
0 0 0 0
0 0 0 0
0 0 0 0
0 0 0 0
0 0 0 0
0 0 0 0
0 0 0 0
0 0 0 0
0 0 0 0
0 0 0 0
0 0 0 0
0 0 0 0
0 0 0 0
0 0 0 0
0 0 0 0
0 0 0 0
0 0 0 0
0 0 0 0
0 0 0 0
0 0 0 0
0 0 0 0
0 0 0 0
0 0 0 0
0 0 0 0
0 0 0 0
0 0 0 0
0 0 0 0
0 0 0 0
0 0 0 0
0 0 0 0
0 0 0 0
0 0 0 0
0 0 0 0
0 0 0 0
0 0 0 0
0 0 0 0
0 0 0 0
0 0 0 0
0 0 0 0
0 0 0 0
0 0 0 0
0 0 0 0
0 0 0 0
0 0 0 0
0 0 0 0
0 0 0 0
0 0 0 0
0 0 0 0
0 0 0 0
0 0 0 0
0 0 0 0
0 0 0 0
0 0 0 0
0 0 0 0
0 0 0 0
0 0 0 0
0 0 0 0
0 0 0 0
0 0 0 0
0 0 0 0
0 0 0 0
0 0 0 0
0 0 0 0
0 0 0 0
0 0 0 0
0 0 0 0
0 0 0 0
0 0 0 0
0 0 0 0
0 0 0 0
0 0 0 0
0 0 0 0
0 0 0 0
0 0 0 0
0 0 0 0
0 0 0 0
0 0 0 0
0 0 0 0
0 0 0 0
0 0 0 0
0 0 0 0
0 0 0 0
0 0 0 0
0 0 0 0
0 0 0 0
0 0 0 0
0 0 0 0
0 0 0 0
0 0 0 0
0 0 0 0
0 0 0 0
0 0 0 0
0 0 0 0
0 0 0 0
0 0 0 0
0 0 0 0
0 0 0 0
0 0 0 0
0 0 0 0
0 0 0 0
0 0 0 0
0 0 0 0
0 0 0 0
0 0 0 0
0 0 0 0
0 0 0 0
0 0 0 0
0 0 0 0
0 0 0 0
0 0 0 0
0 0 0 0
0 0 0 0
0 0 0 0
0 0 0 0
0 0 0 0
0 0 0 0
0 0 0 0
0 0 0 0
0 0 0 0
0 0 0 0
0 0 0 0
0 0 0 0
0 0 0 0
0 0 0 0
0 0 0 0
0 0 0 0
0 0 0 0
0 0 0 0
0 0 0 0
0 0 0 0
0 0 0 0
0 0 0 0
0 0 0 0
0 0 0 0
0 0 0 0
0 0 0 0
0 0 0 0
0 0 0 0
0 0 0 0
0 0 0 0
0 0 0 0
0 0 0 0
0 0 0 0
0 0 0 0
0 0 0 0
0 0 0 0
0 0 0 0
0 0 0 0
0 0 0 0
0 0 0 0
0 0 0 0
0 0 0 0
0 0 0 0
0 0 0 0
0 0 0 0
0 0 0 0
0 0 0 0
0 0 0 0
0 0 0 0
0 0 0 0
0 0 0 0
0 0 0 0
0 0 0 0
0 0 0 0
