0 0 0 0
0 0 0 0
0 0 0 0
0 0 0 0
0 0 0 0
0 0 0 0
0 0 0 0
0 0 0 0
0 0 0 0
0 0 0 0
0 0 0 0
0 0 0 0
0 0 0 0
0 0 0 0
0 0 0 0
0 0 0 0
0 0 0 0
0 0 0 0
0 0 0 0
0 0 0 0
0 0 0 0
0 0 0 0
0 0 0 0
0 0 0 0
0 0 0 0
0 0 0 0
0 0 0 0
0 0 0 0
0 0 0 0
0 0 0 0
0 0 0 0
0 0 0 0
0 0 0 0
0 0 0 0
0 0 0 0
0 0 0 0
0 0 0 0
0 0 0 0
0 0 0 0
0 0 0 0
0 0 0 0
0 0 0 0
0 0 0 0
0 0 0 0
0 0 0 0
0 0 0 0
0 0 0 0
0 0 0 0
0 0 0 0
0 0 0 0
0 0 0 0
0 0 0 0
0 0 0 0
0 0 0 0
0 0 0 0
0 0 0 0
0 0 0 0
0 0 0 0
0 0 0 0
0 0 0 0
0 0 0 0
0 0 0 0
0 0 0 0
0 0 0 0
0 0 0 0
0 0 0 0
0 0 0 0
0 0 0 0
0 0 0 0
0 0 0 0
0 0 0 0
0 0 0 0
0 0 0 0
0 0 0 0
0 0 0 0
0 0 0 0
0 0 0 0
0 0 0 0
0 0 0 0
0 0 0 0
0 0 0 0
0 0 0 0
0 0 0 0
0 0 0 0
0 0 0 0
0 0 0 0
0 0 0 0
0 0 0 0
0 0 0 0
0 0 0 0
0 0 0 0
0 0 0 0
0 0 0 0
0 0 0 0
0 0 0 0
0 0 0 0
0 0 0 0
0 0 0 0
0 0 0 0
0 0 0 0
0 0 0 0
0 0 0 0
0 0 0 0
0 0 0 0
0 0 0 0
0 0 0 0
0 0 0 0
0 0 0 0
0 0 0 0
0 0 0 0
0 0 0 0
0 0 0 0
0 0 0 0
0 0 0 0
0 0 0 0
0 0 0 0
0 0 0 0
0 0 0 0
0 0 0 0
0 0 0 0
0 0 0 0
0 0 0 0
0 0 0 0
0 0 0 0
0 0 0 0
0 0 0 0
0 0 0 0
0 0 0 0
0 0 0 0
0 0 0 0
0 0 0 0
0 0 0 0
0 0 0 0
0 0 0 0
0 0 0 0
0 0 0 0
0 0 0 0
0 0 0 0
0 0 0 0
0 0 0 0
0 0 0 0
0 0 0 0
0 0 0 0
0 0 0 0
0 0 0 0
0 0 0 0
0 0 0 0
0 0 0 0
0 0 0 0
0 0 0 0
0 0 0 0
0 0 0 0
0 0 0 0
0 0 0 0
0 0 0 0
0 0 0 0
0 0 0 0
0 0 0 0
0 0 0 0
0 0 0 0
0 0 0 0
0 0 0 0
0 0 0 0
0 0 0 0
0 0 0 0
0 0 0 0
0 0 0 0
0 0 0 0
0 0 0 0
0 0 0 0
0 0 0 0
0 0 0 0
0 0 0 0
0 0 0 0
0 0 0 0
0 0 0 0
0 0 0 0
0 0 0 0
0 0 0 0
0 0 0 0
0 0 0 0
0 0 0 0
0 0 0 0
0 0 0 0
0 0 0 0
0 0 0 0
0 0 0 0
0 0 0 0
0 0 0 0
0 0 0 0
0 0 0 0
0 0 0 0
0 0 0 0
0 0 0 0
0 0 0 0
0 0 0 0
0 0 0 0
0 0 0 0
0 0 0 0
0 0 0 0
0 0 0 0
0 0 0 0
0 0 0 0
0 0 0 0
0 0 0 0
0 0 0 0
0 0 0 0
0 0 0 0
0 0 0 0
0 0 0 0
0 0 0 0
0 0 0 0
0 0 0 0
0 0 0 0
0 0 0 0
0 0 0 0
0 0 0 0
0 0 0 0
0 0 0 0
0 0 0 0
0 0 0 0
0 0 0 0
0 0 0 0
0 0 0 0
0 0 0 0
0 0 0 0
0 0 0 0
0 0 0 0
0 0 0 0
0 0 0 0
0 0 0 0
0 0 0 0
0 0 0 0
0 0 0 0
0 0 0 0
0 0 0 0
0 0 0 0
0 0 0 0
0 0 0 0
0 0 0 0
0 0 0 0
0 0 0 0
0 0 0 0
0 0 0 0
0 0 0 0
0 0 0 0
0 0 0 0
0 0 0 0
0 0 0 0
0 0 0 0
0 0 0 0
0 0 0 0
0 0 0 0
0 0 0 0
0 0 0 0
0 0 0 0
0 0 0 0
0 0 0 0
0 0 0 0
0 0 0 0
0 0 0 0
0 0 0 0
0 0 0 0
0 0 0 0
0 0 0 0
0 0 0 0
0 0 0 0
0 0 0 0
0 0 0 0
0 0 0 0
0 0 0 0
0 0 0 0
0 0 0 0
0 0 0 0
0 0 0 0
0 0 0 0
0 0 0 0
0 0 0 0
0 0 0 0
0 0 0 0
0 0 0 0
0 0 0 0
0 0 0 0
0 0 0 0
0 0 0 0
0 0 0 0
0 0 0 0
0 0 0 0
0 0 0 0
0 0 0 0
0 0 0 0
0 0 0 0
0 0 0 0
0 0 0 0
0 0 0 0
0 0 0 0
0 0 0 0
0 0 0 0
0 0 0 0
0 0 0 0
0 0 0 0
0 0 0 0
0 0 0 0
0 0 0 0
0 0 0 0
0 0 0 0
0 0 0 0
0 0 0 0
0 0 0 0
0 0 0 0
0 0 0 0
0 0 0 0
0 0 0 0
0 0 0 0
0 0 0 0
0 0 0 0
0 0 0 0
0 0 0 0
0 0 0 0
0 0 0 0
0 0 0 0
0 0 0 0
0 0 0 0
0 0 0 0
0 0 0 0
0 0 0 0
0 0 0 0
0 0 0 0
0 0 0 5
0 0 0 5
0 0 0 4
0 0 0 5
0 0 7 3
0 0 5 5
0 0 5 4
0 5 4 6
0 5 6 5
0 6 4 11
5 5 6 7
3 4 5 7
4 4 5 8
6 5 9 13
6 6 9 15
5 4 5 8
5 10 14 12
6 8 12 12
4 7 13 9
7 15 12 8
7 12 14 15
9 14 9 5
14 10 8 5
13 12 12 5
14 11 6 5
14 11 4 11
10 11 6 8
11 4 4 13
11 6 9 9
9 4 10 14
7 6 7 11
4 4 13 13
6 11 10 4
4 8 11 9
6 8 12 9
11 14 13 9
7 13 10 9
7 8 8 10
10 11 8 10
17 14 10 7
8 12 11 10
8 8 12 12
14 8 6 6
13 10 11 7
10 11 10 19
8 11 6 23
11 10 11 24
17 9 12 28
8 14 19 23
10 10 28 22
9 11 26 20
14 16 21 24
14 17 27 21
13 23 24 19
16 28 25 20
11 18 21 23
15 28 19 23
27 29 16 24
23 30 16 25
25 16 21 12
27 17 26 23
27 14 28 22
30 25 21 16
22 31 20 17
21 17 19 22
21 20 26 12
14 26 18 13
21 24 16 23
26 19 16 22
23 21 23 14
23 24 14 17
23 10 17 18
17 14 16 21
16 24 13 33
16 16 22 30
24 20 34 27
21 26 25 27
21 24 28 26
26 28 28 27
26 24 30 17
24 28 26 18
30 27 18 12
27 22 18 12
19 19 17 19
18 18 14 17
22 22 15 16
21 17 20 21
17 13 16 18
21 20 17 21
17 20 19 18
22 16 20 16
21 16 23 23
15 23 17 23
17 21 23 19
20 18 20 16
20 23 16 29
26 20 22 24
18 21 28 23
19 19 22 18
22 26 18 21
21 21 18 20
22 20 24 13
20 20 19 15
22 17 13 13
17 21 13 13
16 12 16 16
19 14 14 23
15 14 13 23
15 15 20 19
16 14 17 20
12 13 19 28
13 22 18 23
14 17 27 19
20 18 28 23
19 26 23 21
19 26 22 20
21 24 23 23
24 19 24 21
24 27 23 22
24 24 19 22
23 25 21 19
24 20 22 19
23 19 14 21
26 20 14 21
21 17 19 22
18 16 22 21
20 18 16 22
13 17 21 20
12 14 27 19
17 21 22 21
18 22 21 25
17 23 17 20
20 19 21 24
24 20 22 21
16 23 23 21
20 22 22 16
22 20 23 19
23 19 19 20
20 23 20 19
24 20 18 22
23 23 20 23
18 21 25 24
19 21 23 20
21 24 23 21
25 27 23 20
22 24 23 24
29 24 23 23
27 21 25 24
23 23 23 25
24 26 25 26
27 26 24 24
25 28 25 26
27 26 27 26
26 26 25 24
23 24 28 27
27 25 28 28
28 26 27 27
27 27 27 27
25 27 28 25
26 25 23 25
27 27 26 28
25 32 27 28
27 29 25 30
30 25 27 24
27 25 27 26
29 26 27 22
29 26 25 26
26 29 26 24
26 25 23 25
29 28 25 25
28 24 25 24
26 25 27 24
27 24 25 26
26 23 26 29
24 26 26 31
25 27 30 25
23 25 28 23
24 28 29 24
28 30 24 26
31 32 23 28
27 25 25 26
26 25 25 27
29 23 26 29
25 24 30 24
28 30 29 28
28 29 27 21
27 29 26 23
26 24 22 21
31 27 24 19
23 23 21 23
23 23 23 24
25 22 19 17
25 20 23 20
25 20 16 20
19 23 19 19
17 18 19 14
24 19 20 14
22 18 11 13
18 20 14 12
15 14 16 12
19 13 11 14
15 15 13 13
15 12 13 7
14 13 15 9
11 13 9 10
14 13 10 12
12 9 12 6
15 12 11 8
9 10 5 9
9 10 7 12
11 5 8 10
11 5 12 3
6 9 9 0
4 13 5 0
8 10 0 0
8 5 0 0
9 1 0 0
8 0 0 0
3 0 0 0
0 0 0 0
0 0 0 0
0 0 0 0
0 0 0 0
0 0 0 0
0 0 0 0
0 0 0 0
0 0 0 0
0 0 0 0
0 0 0 0
0 0 0 0
0 0 0 0
0 0 0 0
0 0 0 0
0 0 0 0
0 0 0 0
0 0 0 0
0 0 0 0
0 0 0 0
0 0 0 0
0 0 0 0
0 0 0 0
0 0 0 0
0 0 0 0
0 0 0 0
0 0 0 0
0 0 0 0
0 0 0 0
0 0 0 0
0 0 0 0
0 0 0 0
0 0 0 0
0 0 0 0
0 0 0 0
0 0 0 0
0 0 0 0
0 0 0 0
0 0 0 0
0 0 0 0
0 0 0 0
0 0 0 0
0 0 0 0
0 0 0 0
0 0 0 0
0 0 0 0
0 0 0 0
0 0 0 0
0 0 0 0
0 0 0 0
0 0 0 0
0 0 0 0
0 0 0 0
0 0 0 0
0 0 0 0
0 0 0 0
0 0 0 0
0 0 0 0
0 0 0 0
0 0 0 0
0 0 0 0
0 0 0 0
0 0 0 0
0 0 0 0
0 0 0 0
0 0 0 0
0 0 0 0
0 0 0 0
0 0 0 0
0 0 0 0
0 0 0 0
0 0 0 0
0 0 0 0
0 0 0 0
0 0 0 0
0 0 0 0
0 0 0 0
0 0 0 0
0 0 0 0
0 0 0 0
0 0 0 0
0 0 0 0
0 0 0 0
0 0 0 0
0 0 0 0
0 0 0 0
0 0 0 0
0 0 0 0
0 0 0 0
0 0 0 0
0 0 0 0
0 0 0 0
0 0 0 0
0 0 0 0
0 0 0 0
0 0 0 0
0 0 0 0
0 0 0 0
0 0 0 0
