0 0 0 0
0 0 0 0
0 0 0 0
0 0 0 0
0 0 0 0
0 0 0 0
0 0 0 0
0 0 0 0
0 0 0 0
0 0 0 0
0 0 0 0
0 0 0 0
0 0 0 0
0 0 0 0
0 0 0 0
0 0 0 0
0 0 0 0
0 0 0 0
0 0 0 0
0 0 0 0
0 0 0 0
0 0 0 0
0 0 0 0
0 0 0 0
0 0 0 0
0 0 0 0
0 0 0 0
0 0 0 0
0 0 0 0
0 0 0 0
0 0 0 0
0 0 0 0
0 0 0 0
0 0 0 0
0 0 0 0
0 0 0 0
0 0 0 0
0 0 0 0
0 0 0 0
0 0 0 0
0 0 0 0
0 0 0 0
0 0 0 0
0 0 0 0
0 0 0 0
0 0 0 0
0 0 0 0
0 0 0 0
0 0 0 0
0 0 0 0
0 0 0 0
0 0 0 0
0 0 0 0
0 0 0 0
0 0 0 0
0 0 0 0
0 0 0 0
0 0 0 0
0 0 0 0
0 0 0 0
0 0 0 0
0 0 0 0
0 0 0 0
0 0 0 0
0 0 0 0
0 0 0 0
0 0 0 0
0 0 0 0
0 0 0 0
0 0 0 0
0 0 0 0
0 0 0 0
0 0 0 0
0 0 0 0
0 0 0 0
0 0 0 0
0 0 0 0
0 0 0 0
0 0 0 0
0 0 0 0
0 0 0 0
0 0 0 0
0 0 0 0
0 0 0 0
0 0 0 0
0 0 0 0
0 0 0 0
0 0 0 0
0 0 0 0
0 0 0 0
0 0 0 0
0 0 0 0
0 0 0 0
0 0 0 0
0 0 0 0
0 0 0 0
0 0 0 0
0 0 0 0
0 0 0 0
0 0 0 0
0 0 0 0
0 0 0 0
0 0 0 0
0 0 0 0
0 0 0 0
0 0 0 0
0 0 0 0
0 0 0 0
0 0 0 0
0 0 0 0
0 0 0 0
0 0 0 0
0 0 0 0
0 0 0 0
0 0 0 0
0 0 0 0
0 0 0 0
0 0 0 0
0 0 0 0
0 0 0 0
0 0 0 0
0 0 0 0
0 0 0 0
0 0 0 0
0 0 0 0
0 0 0 0
1 0 0 0
5 0 0 0
4 0 0 0
5 2 0 0
6 5 0 0
5 5 0 0
5 3 2 0
4 7 5 0
9 5 5 0
10 5 4 2
14 4 7 4
13 6 7 6
14 12 3 5
18 13 4 6
17 13 5 7
15 13 9 4
13 18 11 4
16 18 13 4
13 15 13 7
16 16 22 12
21 16 16 10
15 13 18 13
18 17 15 16
26 19 18 19
25 18 12 22
25 21 16 16
20 21 19 18
27 26 23 16
24 22 17 17
27 25 21 17
25 25 27 18
22 26 26 18
26 22 23 27
28 25 21 23
26 27 25 22
28 28 25 25
24 25 29 24
30 23 25 23
18 27 24 27
24 26 24 25
32 28 27 27
25 27 28 25
27 25 25 27
25 25 32 28
24 31 30 29
32 27 27 26
28 21 25 28
27 34 25 31
22 23 26 29
23 28 26 25
22 27 24 25
26 23 29 29
21 21 30 28
21 24 22 22
17 20 23 28
23 22 23 21
23 21 20 30
20 17 20 20
20 20 21 20
17 22 19 21
18 20 20 23
22 17 20 17
19 19 17 19
16 18 19 19
14 18 16 19
17 18 16 17
17 18 17 14
18 14 20 17
14 15 16 18
10 14 17 16
15 15 13 14
16 15 16 14
16 15 15 16
16 14 12 15
11 14 15 16
15 14 15 15
17 13 16 15
18 16 16 14
25 15 12 15
15 17 14 14
15 16 15 13
18 22 15 15
24 20 14 13
27 16 18 17
21 18 24 13
13 24 21 16
19 24 17 19
21 21 15 19
26 20 25 23
21 19 24 17
20 19 21 17
22 22 18 24
21 20 21 22
25 25 22 25
23 21 21 22
23 22 23 19
26 25 21 20
32 23 22 20
23 23 18 27
24 26 25 22
27 29 26 21
25 24 25 21
21 23 25 25
27 28 28 26
21 27 21 23
20 20 23 26
32 23 26 27
32 26 30 22
29 27 20 23
27 29 30 27
29 31 29 31
32 27 26 23
34 32 26 25
24 33 32 29
27 33 28 29
17 24 31 28
20 29 31 34
20 23 30 26
19 16 27 25
13 19 22 24
11 16 22 35
19 14 18 24
20 19 17 16
24 21 18 19
20 19 19 22
19 15 19 22
23 18 15 20
25 23 20 18
18 32 21 18
17 19 22 15
12 17 24 18
21 17 19 24
17 21 23 24
22 19 19 25
18 21 19 21
16 18 24 16
17 22 24 20
20 17 18 34
19 16 15 19
14 15 19 15
15 17 27 19
17 17 13 22
16 15 16 23
21 10 17 16
16 13 13 19
21 20 10 20
21 20 9 10
15 15 13 11
15 14 15 11
14 23 20 10
14 21 20 9
16 16 13 15
16 13 19 19
13 13 20 14
18 18 16 18
22 16 17 15
16 14 14 21
20 19 20 20
17 20 17 16
15 19 12 15
24 18 24 22
20 16 18 16
19 19 18 14
16 25 17 25
19 19 15 18
18 22 27 19
19 17 23 16
19 17 20 20
16 15 22 22
13 19 14 21
15 16 16 20
13 19 22 23
18 13 16 18
22 12 13 16
10 12 13 22
9 14 14 16
14 13 15 14
25 16 13 13
14 18 5 12
6 9 10 9
11 8 16 12
16 25 15 12
20 16 14 8
15 13 16 7
14 11 11 16
12 13 18 16
12 17 17 12
6 14 16 13
10 13 14 12
6 17 11 19
8 11 17 16
11 7 14 20
8 5 13 14
5 9 14 16
12 9 9 11
13 10 10 13
21 8 7 13
14 7 9 10
9 11 12 10
13 20 7 11
12 18 7 11
11 12 11 8
5 10 16 12
12 13 15 8
8 14 16 8
9 8 12 15
11 11 14 16
10 5 13 11
10 8 11 19
9 12 10 14
11 12 8 11
9 11 7 9
5 9 10 15
6 10 11 9
6 10 13 7
6 6 9 11
5 6 11 11
4 6 11 10
7 6 8 12
5 5 6 10
2 5 5 10
0 7 5 10
0 5 6 9
0 4 7 5
0 0 7 5
0 0 4 6
0 0 6 6
0 0 0 7
0 0 0 5
0 0 0 7
0 0 0 1
0 0 0 0
0 0 0 0
0 0 0 0
0 0 0 0
0 0 0 0
0 0 0 0
0 0 0 0
0 0 0 0
0 0 0 0
0 0 0 0
0 0 0 0
0 0 0 0
0 0 0 0
0 0 0 0
0 0 0 0
0 0 0 0
0 0 0 0
0 0 0 0
0 0 0 0
0 0 0 0
0 0 0 0
0 0 0 0
0 0 0 0
0 0 0 0
0 0 0 0
0 0 0 0
0 0 0 0
0 0 0 0
0 0 0 0
0 0 0 0
0 0 0 0
0 0 0 0
0 0 0 0
0 0 0 0
0 0 0 0
0 0 0 0
0 0 0 0
0 0 0 0
0 0 0 0
0 0 0 0
0 0 0 0
0 0 0 0
0 0 0 0
0 0 0 0
0 0 0 0
0 0 0 0
0 0 0 0
0 0 0 0
0 0 0 0
0 0 0 0
0 0 0 0
0 0 0 0
0 0 0 0
0 0 0 0
0 0 0 0
0 0 0 0
0 0 0 0
0 0 0 0
0 0 0 0
0 0 0 0
0 0 0 0
0 0 0 0
0 0 0 0
0 0 0 0
0 0 0 0
0 0 0 0
0 0 0 0
0 0 0 0
0 0 0 0
0 0 0 0
0 0 0 0
0 0 0 0
0 0 0 0
0 0 0 0
0 0 0 0
0 0 0 0
0 0 0 0
0 0 0 0
0 0 0 0
0 0 0 0
0 0 0 0
0 0 0 0
0 0 0 0
0 0 0 0
0 0 0 0
0 0 0 0
0 0 0 0
0 0 0 0
0 0 0 0
0 0 0 0
0 0 0 0
0 0 0 0
0 0 0 0
0 0 0 0
0 0 0 0
0 0 0 0
0 0 0 0
0 0 0 0
0 0 0 0
0 0 0 0
0 0 0 0
0 0 0 0
0 0 0 0
0 0 0 0
0 0 0 0
0 0 0 0
0 0 0 0
0 0 0 0
0 0 0 0
0 0 0 0
0 0 0 0
0 0 0 0
0 0 0 0
0 0 0 0
0 0 0 0
0 0 0 0
0 0 0 0
0 0 0 0
0 0 0 0
0 0 0 0
0 0 0 0
0 0 0 0
0 0 0 0
0 0 0 0
0 0 0 0
0 0 0 0
0 0 0 0
0 0 0 0
0 0 0 0
0 0 0 0
0 0 0 0
0 0 0 0
0 0 0 0
0 0 0 0
0 0 0 0
0 0 0 0
0 0 0 0
0 0 0 0
0 0 0 0
0 0 0 0
0 0 0 0
0 0 0 0
0 0 0 0
0 0 0 0
0 0 0 0
0 0 0 0
0 0 0 0
0 0 0 0
0 0 0 0
0 0 0 0
0 0 0 0
0 0 0 0
0 0 0 0
0 0 0 0
0 0 0 0
0 0 0 0
0 0 0 0
0 0 0 0
0 0 0 0
0 0 0 0
0 0 0 0
0 0 0 0
0 0 0 0
0 0 0 0
0 0 0 0
0 0 0 0
0 0 0 0
0 0 0 0
0 0 0 0
0 0 0 0
0 0 0 0
0 0 0 0
0 0 0 0
0 0 0 0
0 0 0 0
0 0 0 0
0 0 0 0
0 0 0 0
0 0 0 0
0 0 0 0
0 0 0 0
0 0 0 0
0 0 0 0
0 0 0 0
0 0 0 0
0 0 0 0
0 0 0 0
0 0 0 0
0 0 0 0
0 0 0 0
0 0 0 0
0 0 0 0
0 0 0 0
0 0 0 0
0 0 0 0
0 0 0 0
0 0 0 0
0 0 0 0
0 0 0 0
0 0 0 0
0 0 0 0
0 0 0 0
0 0 0 0
0 0 0 0
0 0 0 0
0 0 0 0
0 0 0 0
0 0 0 0
0 0 0 0
0 0 0 0
0 0 0 0
0 0 0 0
0 0 0 0
0 0 0 0
0 0 0 0
0 0 0 0
0 0 0 0
0 0 0 0
0 0 0 0
0 0 0 0
0 0 0 0
0 0 0 0
0 0 0 0
0 0 0 0
0 0 0 0
0 0 0 0
0 0 0 0
0 0 0 0
0 0 0 0
0 0 0 0
0 0 0 0
0 0 0 0
0 0 0 0
0 0 0 0
0 0 0 0
0 0 0 0
0 0 0 0
0 0 0 0
0 0 0 0
0 0 0 0
0 0 0 0
0 0 0 0
0 0 0 0
0 0 0 0
0 0 0 0
0 0 0 0
0 0 0 0
0 0 0 0
0 0 0 0
0 0 0 0
0 0 0 0
0 0 0 0
0 0 0 0
0 0 0 0
0 0 0 0
0 0 0 0
0 0 0 0
0 0 0 0
0 0 0 0
0 0 0 0
0 0 0 0
0 0 0 0
0 0 0 0
0 0 0 0
0 0 0 0
0 0 0 0
0 0 0 0
0 0 0 0
0 0 0 0
0 0 0 0
0 0 0 0
0 0 0 0
0 0 0 0
0 0 0 0
0 0 0 0
0 0 0 0
0 0 0 0
0 0 0 0
0 0 0 0
0 0 0 0
0 0 0 0
0 0 0 0
0 0 0 0
0 0 0 0
0 0 0 0
0 0 0 0
0 0 0 0
0 0 0 0
