0 0 0 0
0 0 0 0
0 0 0 0
0 0 0 0
0 0 0 0
0 0 0 0
0 0 0 0
0 0 0 0
0 0 0 0
0 0 0 0
0 0 0 0
0 0 0 0
0 0 0 0
0 0 0 0
0 0 0 0
0 0 0 0
0 0 0 0
0 0 0 0
0 0 0 0
0 0 0 0
0 0 0 0
0 0 0 0
0 0 0 0
0 0 0 0
0 0 0 0
0 0 0 0
0 0 0 0
0 0 0 0
0 0 0 0
0 0 0 0
0 0 0 0
0 0 0 0
0 0 0 0
0 0 0 0
0 0 0 0
0 0 0 0
0 0 0 0
0 0 0 0
0 0 0 0
0 0 0 0
0 0 0 0
0 0 0 0
0 0 0 0
0 0 0 0
0 0 0 0
0 0 0 0
0 0 0 0
0 0 0 0
0 0 0 0
0 0 0 0
0 0 0 0
0 0 0 0
0 0 0 0
0 0 0 0
0 0 0 0
0 0 0 0
0 0 0 0
0 0 0 0
0 0 0 0
0 0 0 0
0 0 0 0
0 0 0 0
0 0 0 0
0 0 0 0
0 0 0 0
0 0 0 0
0 0 0 0
0 0 0 0
0 0 0 0
0 0 0 0
0 0 0 0
0 0 0 0
0 0 0 0
0 0 0 0
0 0 0 0
0 0 0 0
0 0 0 0
0 0 0 0
0 0 0 0
0 0 0 0
0 0 0 0
0 0 0 0
0 0 0 0
0 0 0 0
0 0 0 0
0 0 0 0
0 0 0 0
0 0 0 0
0 0 0 0
0 0 0 0
0 0 0 0
0 0 0 0
0 0 0 0
0 0 0 0
0 0 0 0
0 0 0 0
0 0 0 0
0 0 0 0
0 0 0 0
0 0 0 0
0 0 0 0
0 0 0 0
0 0 0 0
0 0 0 0
0 0 0 0
0 0 0 0
0 0 0 0
0 0 0 0
0 0 0 0
0 0 0 0
0 0 0 0
0 0 0 0
0 0 0 0
0 0 0 0
0 0 0 0
0 0 0 0
0 0 0 0
0 0 0 0
0 0 0 0
0 0 0 0
0 0 0 0
0 0 0 0
0 0 0 0
0 0 0 0
0 0 0 0
0 0 0 0
0 0 0 0
0 0 0 0
0 0 0 0
0 0 0 0
0 0 0 0
0 0 0 0
0 0 0 0
0 0 0 0
0 0 0 0
0 0 0 0
0 0 0 0
0 0 0 0
0 0 0 0
0 0 0 0
0 0 0 0
0 0 0 0
0 0 0 0
0 0 0 0
0 0 0 0
0 0 0 0
0 0 0 0
0 0 0 0
0 0 0 0
0 0 0 0
0 0 0 0
0 0 0 0
0 0 0 0
0 0 0 0
0 0 0 0
0 0 0 0
0 0 0 0
0 0 0 0
0 0 0 0
0 0 0 0
0 0 0 0
0 0 0 0
0 0 0 0
0 0 0 0
0 0 0 0
0 0 0 0
0 0 0 0
0 0 0 0
0 0 0 0
0 0 0 0
0 0 0 0
0 0 0 0
0 0 0 0
0 0 0 0
0 0 0 0
0 0 0 0
0 0 0 0
0 0 0 0
0 0 0 0
0 0 0 0
0 0 0 0
0 0 0 0
0 0 0 0
0 0 0 0
0 0 0 0
0 0 0 0
0 0 0 0
0 0 0 0
0 0 0 0
0 0 0 0
0 0 0 0
0 0 0 0
0 0 0 0
0 0 0 0
0 0 0 0
0 0 0 0
0 0 0 0
0 0 0 0
0 0 0 0
0 0 0 0
0 0 0 0
0 0 0 0
0 0 0 0
0 0 0 0
0 0 0 0
0 0 0 0
0 0 0 0
0 0 0 0
0 0 0 0
0 0 0 0
0 0 0 0
0 0 0 0
0 0 0 0
0 0 0 0
0 0 0 0
0 0 0 0
0 0 0 0
0 0 0 0
0 0 0 0
0 0 0 0
0 0 0 0
0 0 0 0
0 0 0 0
0 0 0 0
0 0 0 0
0 0 0 0
0 0 0 0
0 0 0 0
0 0 0 0
0 0 0 0
0 0 0 0
0 0 0 0
0 0 0 0
0 0 0 0
0 0 0 0
0 0 0 0
0 0 0 0
0 0 0 0
0 0 0 0
0 0 0 0
0 0 0 0
0 0 0 0
0 0 0 0
0 0 0 0
0 0 0 0
0 0 0 0
0 0 0 0
0 0 0 0
0 0 0 0
0 0 0 0
0 0 0 0
0 0 0 0
0 0 0 0
0 0 0 0
0 0 0 0
0 0 0 0
0 0 0 0
0 0 0 0
0 0 0 0
0 0 0 0
0 0 0 0
0 0 0 0
0 0 0 0
0 0 0 0
0 0 0 0
0 0 0 0
0 0 0 0
0 0 0 0
0 0 0 0
0 0 0 0
0 0 0 0
0 0 0 0
0 0 0 0
0 0 0 0
0 0 0 0
0 0 0 0
0 0 0 0
0 0 0 0
0 0 0 0
0 0 0 0
0 0 0 0
0 0 0 0
0 0 0 0
0 0 0 0
0 0 0 0
0 0 0 0
0 0 0 0
0 0 0 0
0 0 0 0
0 0 0 0
0 0 0 0
0 0 0 0
0 0 0 0
0 0 0 0
0 0 0 0
0 0 0 0
0 0 0 0
0 0 0 0
0 0 0 0
0 0 0 0
0 0 0 0
0 0 0 0
0 0 0 0
0 0 0 0
0 0 0 0
0 0 0 0
0 0 0 0
0 0 0 0
0 0 0 0
0 0 0 0
0 0 0 0
0 0 0 0
6 0 0 0
9 0 0 0
18 0 0 0
20 1 0 0
20 4 0 0
19 14 0 0
15 27 0 0
23 19 1 0
20 21 7 0
14 19 25 0
10 18 25 0
14 16 25 1
19 17 21 21
16 12 14 33
16 12 11 31
17 17 14 13
16 15 18 11
16 17 14 10
19 16 10 14
19 19 20 18
19 17 18 18
16 11 13 12
22 20 16 14
22 23 18 17
15 21 19 17
16 14 14 14
21 18 18 15
26 19 23 20
17 21 19 19
19 20 15 17
24 20 16 16
25 22 22 18
25 23 21 20
22 20 21 20
17 27 21 18
18 22 27 22
24 16 24 21
28 16 17 25
20 24 17 24
15 25 21 20
18 18 21 17
24 21 25 18
27 21 18 21
18 20 18 23
19 17 19 18
21 23 21 17
21 26 22 22
15 22 20 23
21 18 20 20
18 18 21 18
20 18 20 19
23 17 18 24
28 23 19 16
24 23 17 13
16 19 25 18
18 20 25 22
27 22 19 18
22 24 20 29
14 22 22 21
13 25 19 24
13 16 19 20
8 14 24 21
13 13 25 20
18 14 15 19
18 13 14 21
22 16 14 20
18 9 15 16
24 14 12 13
23 27 15 14
27 21 18 15
22 21 17 14
19 22 14 19
20 28 18 18
26 28 24 18
26 18 21 15
22 17 31 18
22 23 20 16
21 22 32 20
31 27 17 31
23 24 18 28
13 24 20 23
19 21 26 26
24 23 20 15
35 27 27 20
29 21 22 21
30 18 27 24
27 23 24 25
24 38 27 23
31 26 24 30
37 28 20 33
21 40 17 25
32 22 37 18
25 29 33 22
20 36 36 24
19 18 27 32
22 27 30 31
25 29 31 28
21 22 31 37
24 21 21 21
27 17 28 32
31 26 26 36
27 26 22 33
25 31 18 21
26 30 28 24
16 29 27 23
21 25 26 32
20 22 31 25
18 23 27 22
22 19 22 22
25 17 29 24
18 20 25 30
18 28 17 32
25 20 20 23
18 17 26 27
16 23 18 22
20 18 17 27
25 19 25 18
20 20 24 16
12 22 19 23
16 16 19 23
18 20 15 20
21 17 22 19
17 17 18 18
20 17 16 19
18 22 18 19
17 22 25 18
21 17 20 19
16 18 18 20
24 19 14 22
19 23 26 20
16 19 21 27
14 18 18 19
13 14 18 19
17 16 16 18
21 13 18 16
19 21 17 18
13 18 20 16
15 20 15 19
17 16 22 20
20 16 15 23
16 17 16 16
10 17 20 18
18 14 17 16
20 15 15 17
19 17 16 16
20 17 14 17
15 21 18 17
13 16 21 17
14 14 14 18
11 16 12 13
15 12 14 14
20 18 17 14
18 13 17 13
16 14 14 16
17 13 14 17
11 17 15 15
13 16 14 14
11 15 11 17
17 16 17 13
17 14 14 13
17 18 16 10
15 18 18 14
21 14 19 18
20 14 18 16
22 16 17 23
26 22 17 20
21 22 16 18
18 18 17 17
18 22 17 20
22 22 23 13
19 16 16 19
26 20 15 19
23 23 19 13
17 23 21 15
20 27 19 17
23 21 26 16
17 15 21 20
25 19 28 28
19 19 24 17
28 20 20 26
24 14 18 27
25 30 13 26
25 28 20 23
22 26 18 15
22 20 26 14
19 26 28 23
15 33 23 22
11 13 20 20
11 21 33 21
10 21 22 25
5 13 24 28
8 6 19 26
6 9 20 21
8 9 13 26
10 6 10 23
5 4 7 13
8 10 10 16
9 11 4 12
11 6 8 7
7 8 9 12
6 12 12 5
8 10 6 9
8 3 10 8
3 10 11 11
8 8 6 7
2 3 8 11
0 8 9 11
0 4 5 4
0 0 7 12
0 0 5 7
0 0 0 6
0 0 0 5
0 0 0 0
0 0 0 0
0 0 0 0
0 0 0 0
0 0 0 0
0 0 0 0
0 0 0 0
0 0 0 0
0 0 0 0
0 0 0 0
0 0 0 0
0 0 0 0
0 0 0 0
0 0 0 0
0 0 0 0
0 0 0 0
0 0 0 0
0 0 0 0
0 0 0 0
0 0 0 0
0 0 0 0
0 0 0 0
0 0 0 0
0 0 0 0
0 0 0 0
0 0 0 0
0 0 0 0
0 0 0 0
0 0 0 0
0 0 0 0
0 0 0 0
0 0 0 0
0 0 0 0
0 0 0 0
0 0 0 0
0 0 0 0
0 0 0 0
0 0 0 0
0 0 0 0
0 0 0 0
0 0 0 0
0 0 0 0
0 0 0 0
0 0 0 0
0 0 0 0
0 0 0 0
0 0 0 0
0 0 0 0
0 0 0 0
0 0 0 0
0 0 0 0
0 0 0 0
0 0 0 0
0 0 0 0
0 0 0 0
0 0 0 0
0 0 0 0
0 0 0 0
0 0 0 0
0 0 0 0
0 0 0 0
0 0 0 0
0 0 0 0
0 0 0 0
0 0 0 0
0 0 0 0
0 0 0 0
0 0 0 0
0 0 0 0
0 0 0 0
0 0 0 0
0 0 0 0
0 0 0 0
0 0 0 0
0 0 0 0
0 0 0 0
0 0 0 0
0 0 0 0
0 0 0 0
0 0 0 0
0 0 0 0
0 0 0 0
0 0 0 0
0 0 0 0
0 0 0 0
0 0 0 0
0 0 0 0
0 0 0 0
0 0 0 0
0 0 0 0
0 0 0 0
0 0 0 0
0 0 0 0
0 0 0 0
0 0 0 0
0 0 0 0
0 0 0 0
0 0 0 0
0 0 0 0
0 0 0 0
0 0 0 0
0 0 0 0
0 0 0 0
0 0 0 0
0 0 0 0
0 0 0 0
0 0 0 0
0 0 0 0
0 0 0 0
0 0 0 0
0 0 0 0
0 0 0 0
0 0 0 0
0 0 0 0
0 0 0 0
0 0 0 0
0 0 0 0
0 0 0 0
0 0 0 0
0 0 0 0
0 0 0 0
