0 0 0 0
0 0 0 0
0 0 0 0
0 0 0 0
0 0 0 0
0 0 0 0
0 0 0 0
0 0 0 0
0 0 0 0
0 0 0 0
0 0 0 0
0 0 0 0
0 0 0 0
0 0 0 0
0 0 0 0
0 0 0 0
0 0 0 0
0 0 0 0
0 0 0 0
0 0 0 0
0 0 0 0
0 0 0 0
0 0 0 0
0 0 0 0
0 0 0 0
0 0 0 0
0 0 0 0
0 0 0 0
0 0 0 0
0 0 0 0
0 0 0 0
0 0 0 0
0 0 0 0
0 0 0 0
0 0 0 0
0 0 0 0
0 0 0 0
0 0 0 0
0 0 0 0
0 0 0 0
0 0 0 0
0 0 0 0
0 0 0 0
0 0 0 0
0 0 0 0
0 0 0 0
0 0 0 0
0 0 0 0
0 0 0 0
0 0 0 0
0 0 0 0
0 0 0 0
0 0 0 0
0 0 0 0
0 0 0 0
0 0 0 0
0 0 0 0
0 0 0 0
0 0 0 0
0 0 0 0
0 0 0 0
0 0 0 0
0 0 0 0
0 0 0 0
0 0 0 0
0 0 0 0
0 0 0 0
0 0 0 0
0 0 0 0
0 0 0 0
0 0 0 0
0 0 0 0
0 0 0 0
0 0 0 0
0 0 0 0
0 0 0 0
0 0 0 0
0 0 0 0
0 0 0 0
0 0 0 0
0 0 0 0
0 0 0 0
0 0 0 0
0 0 0 0
0 0 0 0
0 0 0 0
0 0 0 0
0 0 0 0
0 0 0 0
0 0 0 0
0 0 0 0
0 0 0 0
0 0 0 0
0 0 0 0
0 0 0 0
0 0 0 0
0 0 0 0
0 0 0 0
0 0 0 0
0 0 0 0
0 0 0 0
0 0 0 0
0 0 0 0
0 0 0 0
0 0 0 0
0 0 0 0
0 0 0 0
0 0 0 0
0 0 0 0
0 0 0 0
0 0 0 0
0 0 0 0
0 0 0 0
0 0 0 0
0 0 0 0
0 0 0 0
3 0 0 0
4 0 0 0
4 0 0 0
4 7 0 0
7 3 0 0
9 3 3 0
10 3 4 0
15 8 5 0
14 8 4 6
10 13 5 4
9 12 6 3
15 12 8 4
15 13 9 7
12 12 11 6
10 15 16 5
16 14 13 8
12 11 15 13
16 12 12 14
16 17 12 13
18 15 15 17
21 13 16 12
21 14 13 16
20 18 12 15
19 24 17 11
24 23 19 15
22 22 16 15
24 18 16 17
24 24 27 18
28 27 26 19
24 22 20 15
28 22 21 26
23 25 23 25
27 25 27 21
26 30 26 24
30 29 26 25
28 23 25 26
25 26 26 24
22 28 25 28
21 25 26 23
22 27 29 23
25 21 29 34
30 21 20 24
30 23 21 22
23 29 28 26
23 29 26 24
23 27 23 25
28 24 23 29
26 24 32 25
26 28 26 21
24 25 27 24
25 22 24 29
21 24 24 32
29 24 28 27
28 31 25 26
26 25 23 22
27 24 24 26
23 24 25 26
22 23 24 26
22 25 23 23
19 25 26 21
24 19 24 22
20 22 22 22
19 22 22 25
20 21 20 23
20 19 19 18
19 20 20 18
18 17 24 23
19 16 18 22
16 20 17 21
18 18 18 16
17 15 17 18
18 16 16 15
19 18 16 16
17 15 18 20
16 18 13 18
17 15 15 16
16 19 15 11
19 17 16 15
16 15 16 16
17 16 18 14
19 17 16 16
25 18 17 16
22 19 19 16
18 19 15 16
19 23 19 15
20 23 19 25
19 21 19 17
25 17 21 13
24 20 23 18
19 18 21 24
21 26 18 23
24 22 19 19
24 21 24 19
22 20 22 21
23 23 20 17
30 23 21 24
25 23 22 23
23 25 25 22
28 31 22 21
24 29 21 20
26 23 27 20
28 28 32 30
24 24 23 25
18 22 22 24
22 27 32 27
20 22 27 23
22 19 23 23
21 28 27 33
24 21 19 27
19 19 20 23
19 24 25 21
29 27 23 22
22 23 28 22
28 23 23 28
27 28 30 29
27 26 28 24
30 24 26 24
21 25 25 38
17 28 26 26
17 31 20 28
17 17 28 26
16 18 27 23
14 16 22 31
14 16 17 26
16 12 16 19
21 17 12 11
19 19 19 15
15 17 21 16
19 17 17 19
24 18 18 18
13 20 19 18
15 22 17 21
19 16 17 21
16 19 23 19
20 10 25 21
18 17 15 21
22 22 10 20
23 16 15 14
23 16 18 14
24 28 16 18
22 20 24 16
25 19 21 17
25 23 14 22
19 27 18 20
18 20 25 16
16 22 21 16
18 18 26 23
16 21 19 17
16 14 20 18
11 16 19 23
14 13 16 19
15 19 14 19
13 13 18 19
15 15 15 17
18 11 15 15
14 14 12 16
15 18 15 15
15 20 14 14
24 14 14 12
21 13 22 16
15 17 18 15
26 20 15 17
19 18 16 24
24 23 15 12
20 21 19 18
17 19 17 18
23 26 23 15
27 14 20 23
28 19 22 22
13 26 21 16
16 18 15 17
18 22 21 18
18 21 19 27
8 18 18 15
10 17 20 17
22 15 18 18
10 13 18 16
10 10 19 13
14 12 14 20
14 14 17 22
12 15 12 13
8 13 8 13
10 12 12 18
9 12 14 17
6 17 21 10
4 9 13 11
6 11 14 12
7 4 9 14
8 5 10 18
18 5 16 17
12 6 8 13
13 11 5 13
10 10 5 9
11 14 6 12
11 13 9 7
10 10 6 6
7 10 11 6
8 16 13 10
10 12 16 9
10 8 10 5
10 10 12 10
8 8 15 13
13 7 13 18
10 10 10 13
10 11 8 12
8 11 7 14
8 10 9 13
11 9 11 8
7 10 7 9
4 8 11 5
7 9 13 12
5 10 7 9
3 5 8 8
6 6 10 14
4 3 12 9
5 5 6 8
7 6 4 11
0 6 5 10
0 5 5 7
0 4 7 5
0 3 5 5
0 0 5 6
0 0 4 6
0 0 5 5
0 0 0 5
0 0 0 4
0 0 0 7
0 0 0 0
0 0 0 0
0 0 0 0
0 0 0 0
0 0 0 0
0 0 0 0
0 0 0 0
0 0 0 0
0 0 0 0
0 0 0 0
0 0 0 0
0 0 0 0
0 0 0 0
0 0 0 0
0 0 0 0
0 0 0 0
0 0 0 0
0 0 0 0
0 0 0 0
0 0 0 0
0 0 0 0
0 0 0 0
0 0 0 0
0 0 0 0
0 0 0 0
0 0 0 0
0 0 0 0
0 0 0 0
0 0 0 0
0 0 0 0
0 0 0 0
0 0 0 0
0 0 0 0
0 0 0 0
0 0 0 0
0 0 0 0
0 0 0 0
0 0 0 0
0 0 0 0
0 0 0 0
0 0 0 0
0 0 0 0
0 0 0 0
0 0 0 0
0 0 0 0
0 0 0 0
0 0 0 0
0 0 0 0
0 0 0 0
0 0 0 0
0 0 0 0
0 0 0 0
0 0 0 0
0 0 0 0
0 0 0 0
0 0 0 0
0 0 0 0
0 0 0 0
0 0 0 0
0 0 0 0
0 0 0 0
0 0 0 0
0 0 0 0
0 0 0 0
0 0 0 0
0 0 0 0
0 0 0 0
0 0 0 0
0 0 0 0
0 0 0 0
0 0 0 0
0 0 0 0
0 0 0 0
0 0 0 0
0 0 0 0
0 0 0 0
0 0 0 0
0 0 0 0
0 0 0 0
0 0 0 0
0 0 0 0
0 0 0 0
0 0 0 0
0 0 0 0
0 0 0 0
0 0 0 0
0 0 0 0
0 0 0 0
0 0 0 0
0 0 0 0
0 0 0 0
0 0 0 0
0 0 0 0
0 0 0 0
0 0 0 0
0 0 0 0
0 0 0 0
0 0 0 0
0 0 0 0
0 0 0 0
0 0 0 0
0 0 0 0
0 0 0 0
0 0 0 0
0 0 0 0
0 0 0 0
0 0 0 0
0 0 0 0
0 0 0 0
0 0 0 0
0 0 0 0
0 0 0 0
0 0 0 0
0 0 0 0
0 0 0 0
0 0 0 0
0 0 0 0
0 0 0 0
0 0 0 0
0 0 0 0
0 0 0 0
0 0 0 0
0 0 0 0
0 0 0 0
0 0 0 0
0 0 0 0
0 0 0 0
0 0 0 0
0 0 0 0
0 0 0 0
0 0 0 0
0 0 0 0
0 0 0 0
0 0 0 0
0 0 0 0
0 0 0 0
0 0 0 0
0 0 0 0
0 0 0 0
0 0 0 0
0 0 0 0
0 0 0 0
0 0 0 0
0 0 0 0
0 0 0 0
0 0 0 0
0 0 0 0
0 0 0 0
0 0 0 0
0 0 0 0
0 0 0 0
0 0 0 0
0 0 0 0
0 0 0 0
0 0 0 0
0 0 0 0
0 0 0 0
0 0 0 0
0 0 0 0
0 0 0 0
0 0 0 0
0 0 0 0
0 0 0 0
0 0 0 0
0 0 0 0
0 0 0 0
0 0 0 0
0 0 0 0
0 0 0 0
0 0 0 0
0 0 0 0
0 0 0 0
0 0 0 0
0 0 0 0
0 0 0 0
0 0 0 0
0 0 0 0
0 0 0 0
0 0 0 0
0 0 0 0
0 0 0 0
0 0 0 0
0 0 0 0
0 0 0 0
0 0 0 0
0 0 0 0
0 0 0 0
0 0 0 0
0 0 0 0
0 0 0 0
0 0 0 0
0 0 0 0
0 0 0 0
0 0 0 0
0 0 0 0
0 0 0 0
0 0 0 0
0 0 0 0
0 0 0 0
0 0 0 0
0 0 0 0
0 0 0 0
0 0 0 0
0 0 0 0
0 0 0 0
0 0 0 0
0 0 0 0
0 0 0 0
0 0 0 0
0 0 0 0
0 0 0 0
0 0 0 0
0 0 0 0
0 0 0 0
0 0 0 0
0 0 0 0
0 0 0 0
0 0 0 0
0 0 0 0
0 0 0 0
0 0 0 0
0 0 0 0
0 0 0 0
0 0 0 0
0 0 0 0
0 0 0 0
0 0 0 0
0 0 0 0
0 0 0 0
0 0 0 0
0 0 0 0
0 0 0 0
0 0 0 0
0 0 0 0
0 0 0 0
0 0 0 0
0 0 0 0
0 0 0 0
0 0 0 0
0 0 0 0
0 0 0 0
0 0 0 0
0 0 0 0
0 0 0 0
0 0 0 0
0 0 0 0
0 0 0 0
0 0 0 0
0 0 0 0
0 0 0 0
0 0 0 0
0 0 0 0
0 0 0 0
0 0 0 0
0 0 0 0
0 0 0 0
0 0 0 0
0 0 0 0
0 0 0 0
0 0 0 0
0 0 0 0
0 0 0 0
0 0 0 0
0 0 0 0
0 0 0 0
0 0 0 0
0 0 0 0
0 0 0 0
0 0 0 0
0 0 0 0
0 0 0 0
0 0 0 0
0 0 0 0
0 0 0 0
0 0 0 0
0 0 0 0
0 0 0 0
0 0 0 0
0 0 0 0
0 0 0 0
0 0 0 0
0 0 0 0
0 0 0 0
0 0 0 0
0 0 0 0
0 0 0 0
0 0 0 0
0 0 0 0
0 0 0 0
0 0 0 0
0 0 0 0
0 0 0 0
0 0 0 0
0 0 0 0
0 0 0 0
0 0 0 0
0 0 0 0
0 0 0 0
0 0 0 0
0 0 0 0
0 0 0 0
0 0 0 0
