0 0 0 0
0 0 0 0
0 0 0 0
0 0 0 0
0 0 0 0
0 0 0 0
0 0 0 0
0 0 0 0
0 0 0 0
0 0 0 0
0 0 0 0
0 0 0 0
0 0 0 0
0 0 0 0
0 0 0 0
0 0 0 0
0 0 0 0
0 0 0 0
0 0 0 0
0 0 0 0
0 0 0 0
0 0 0 0
0 0 0 0
0 0 0 0
0 0 0 0
0 0 0 0
0 0 0 0
0 0 0 0
0 0 0 0
0 0 0 0
0 0 0 0
0 0 0 0
0 0 0 0
0 0 0 0
0 0 0 0
0 0 0 0
0 0 0 0
0 0 0 0
0 0 0 0
0 0 0 0
0 0 0 0
0 0 0 0
0 0 0 0
0 0 0 0
0 0 0 0
0 0 0 0
0 0 0 0
0 0 0 0
0 0 0 0
0 0 0 0
0 0 0 0
0 0 0 0
0 0 0 0
0 0 0 0
0 0 0 0
0 0 0 0
0 0 0 0
0 0 0 0
0 0 0 0
0 0 0 0
0 0 0 0
0 0 0 0
0 0 0 0
0 0 0 0
0 0 0 0
0 0 0 0
0 0 0 0
0 0 0 0
0 0 0 0
0 0 0 0
0 0 0 0
0 0 0 0
0 0 0 0
0 0 0 0
0 0 0 0
0 0 0 0
0 0 0 0
0 0 0 0
0 0 0 0
0 0 0 0
0 0 0 0
0 0 0 0
0 0 0 0
0 0 0 0
0 0 0 0
0 0 0 0
0 0 0 0
0 0 0 0
0 0 0 0
0 0 0 0
0 0 0 0
0 0 0 0
0 0 0 0
0 0 0 0
0 0 0 0
0 0 0 0
0 0 0 0
0 0 0 0
0 0 0 0
0 0 0 0
0 0 0 0
0 0 0 0
0 0 0 0
0 0 0 0
0 0 0 0
0 0 0 0
0 0 0 0
0 0 0 0
0 0 0 0
0 0 0 0
0 0 0 0
0 0 0 0
0 0 0 0
0 0 0 0
0 0 0 0
0 0 0 0
0 0 0 0
0 0 0 0
0 0 0 0
0 0 0 0
0 0 0 0
0 0 0 0
0 0 0 0
0 0 0 0
0 0 0 0
0 0 0 0
0 0 0 0
0 0 0 0
0 0 0 0
0 0 0 0
0 0 0 0
0 0 0 0
0 0 0 0
0 0 0 0
0 0 0 0
0 0 0 0
0 0 0 0
0 0 0 0
0 0 0 0
0 0 0 0
0 0 0 0
0 0 0 0
0 0 0 0
0 0 0 0
0 0 0 0
0 0 0 0
0 0 0 0
0 0 0 0
0 0 0 0
0 0 0 0
0 0 0 0
0 0 0 0
0 0 0 0
0 0 0 0
0 0 0 0
0 0 0 0
0 0 0 0
0 0 0 0
0 0 0 0
0 0 0 0
0 0 0 0
0 0 0 0
0 0 0 0
0 0 0 0
0 0 0 0
0 0 0 0
0 0 0 0
0 0 0 0
0 0 0 0
0 0 0 0
0 0 0 0
0 0 0 0
0 0 0 0
0 0 0 0
0 0 0 0
0 0 0 0
0 0 0 0
0 0 0 0
0 0 0 0
0 0 0 0
0 0 0 0
0 0 0 0
0 0 0 0
0 0 0 0
0 0 0 0
0 0 0 0
0 0 0 0
0 0 0 0
0 0 0 0
0 0 0 0
0 0 0 0
0 0 0 0
0 0 0 0
0 0 0 0
0 0 0 0
0 0 0 0
0 0 0 0
0 0 0 0
0 0 0 0
0 0 0 0
0 0 0 0
0 0 0 0
0 0 0 0
0 0 0 0
0 0 0 0
0 0 0 0
0 0 0 0
0 0 0 0
0 0 0 0
0 0 0 0
0 0 0 0
0 0 0 0
0 0 0 0
0 0 0 0
0 0 0 0
0 0 0 0
0 0 0 0
0 0 0 0
0 0 0 0
0 0 0 0
0 0 0 0
0 0 0 0
0 0 0 0
0 0 0 0
0 0 0 0
0 0 0 0
0 0 0 0
0 0 0 0
0 0 0 0
0 0 0 0
0 0 0 0
0 0 0 0
0 0 0 0
0 0 0 0
0 0 0 0
0 0 0 0
0 0 0 0
0 0 0 0
0 0 0 0
0 0 0 0
0 0 0 0
0 0 0 0
0 0 0 0
0 0 0 0
0 0 0 0
0 0 0 0
0 0 0 0
0 0 0 0
0 0 0 0
0 0 0 0
0 0 0 0
0 0 0 0
0 0 0 0
0 0 0 0
0 0 0 0
0 0 0 0
0 0 0 0
0 0 0 0
0 0 0 0
0 0 0 0
0 0 0 0
0 0 0 0
0 0 0 0
0 0 0 0
0 0 0 0
0 0 0 0
0 0 0 0
0 0 0 0
0 0 0 0
0 0 0 0
0 0 0 0
0 0 0 0
0 0 0 0
0 0 0 0
0 0 0 0
0 0 0 0
0 0 0 0
0 0 0 0
0 0 0 0
0 0 0 0
0 0 0 0
0 0 0 0
0 0 0 0
0 0 0 0
0 0 0 0
0 0 0 0
0 0 0 0
0 0 0 0
0 0 0 0
0 0 0 0
0 0 0 0
0 0 0 0
0 0 0 0
0 0 0 0
0 0 0 0
0 0 0 0
0 0 0 0
0 0 0 0
0 0 0 0
0 0 0 0
0 0 0 0
0 0 0 0
0 0 0 0
0 0 0 0
0 0 0 0
0 0 0 0
0 0 0 0
0 0 0 0
0 0 0 0
0 0 0 0
0 0 0 0
0 0 0 0
0 0 0 0
0 0 0 0
0 0 0 0
0 0 0 0
0 0 0 0
0 0 0 0
0 0 0 0
0 0 0 0
0 0 0 0
0 0 0 0
0 0 0 0
0 0 0 0
0 0 0 0
0 0 0 0
0 0 0 0
10 0 0 0
51 0 0 0
19 0 0 0
11 20 0 0
13 40 0 0
14 15 2 0
13 8 31 0
15 14 24 0
14 16 12 17
18 13 12 23
13 11 11 14
13 17 14 9
16 16 14 18
17 16 14 11
18 17 15 10
18 14 15 12
18 16 18 15
16 16 15 14
17 16 15 18
16 17 17 14
19 19 15 16
18 15 15 18
22 17 18 16
20 16 16 15
27 24 17 15
23 21 15 16
22 22 22 18
17 23 22 17
18 24 24 19
24 16 21 24
19 18 22 21
19 26 19 19
18 18 17 22
20 17 23 16
21 21 21 23
18 22 17 21
20 21 19 22
21 16 20 17
22 18 23 18
15 19 18 24
18 22 19 20
15 15 18 16
13 15 19 18
21 15 15 22
21 15 16 16
25 18 16 15
21 24 14 12
24 22 14 15
21 22 23 17
24 21 23 12
22 21 18 18
19 25 20 25
22 24 23 22
15 22 22 17
14 20 23 21
13 15 23 21
16 16 19 22
15 16 23 22
17 12 15 20
18 14 15 18
19 19 14 21
18 18 14 15
19 17 17 18
18 19 18 17
18 18 19 17
15 17 19 16
15 19 17 21
28 20 18 17
30 17 20 17
29 18 15 17
24 19 21 22
17 15 17 18
18 27 18 15
21 41 19 18
23 24 17 17
34 19 12 18
31 22 29 13
31 20 50 18
29 29 27 25
18 30 22 22
21 37 20 24
26 33 20 54
19 26 25 20
35 19 35 25
34 18 41 27
30 29 37 24
32 26 23 23
28 34 18 22
31 33 18 60
30 27 27 31
27 26 42 27
23 26 22 19
36 39 28 25
25 31 27 24
23 34 26 32
22 22 40 22
22 30 32 23
22 21 29 45
35 18 33 31
26 27 21 27
32 27 27 28
30 22 23 34
27 30 23 29
16 33 24 34
21 35 26 17
22 26 22 22
19 20 33 23
15 19 34 23
24 22 30 26
19 22 25 20
20 18 26 43
24 18 22 43
19 24 18 19
18 22 21 24
19 17 24 20
21 16 18 22
24 19 16 20
24 27 19 23
21 24 23 22
17 21 23 15
16 16 22 19
18 21 20 21
18 20 19 23
20 18 20 23
18 24 16 19
22 23 25 20
20 19 24 26
20 22 23 23
16 14 26 21
19 15 18 26
18 21 17 21
16 20 19 18
14 16 14 18
18 15 14 17
18 15 19 18
14 14 17 16
12 16 12 15
12 13 14 13
15 16 17 12
16 17 16 15
16 12 15 16
17 14 14 15
11 16 14 16
16 18 16 15
16 14 17 14
11 15 11 15
14 12 16 17
13 11 17 14
18 13 12 17
16 17 11 13
19 15 15 11
19 15 15 17
19 23 15 15
17 19 21 13
19 18 16 16
18 20 22 21
18 20 21 20
22 19 18 18
12 18 23 22
11 15 18 20
13 14 15 19
16 13 13 20
13 14 12 15
20 10 12 12
28 13 14 15
27 15 12 13
13 29 12 13
28 27 12 12
24 23 24 11
34 20 29 18
20 26 29 14
16 33 12 18
16 21 33 35
25 25 28 23
16 16 31 27
22 18 22 28
27 18 20 26
19 21 20 27
22 25 15 25
25 27 19 18
26 18 20 15
24 19 36 16
14 20 14 29
22 22 28 19
11 23 14 29
16 16 12 26
11 15 15 20
10 22 24 11
7 12 21 10
9 19 15 13
8 11 11 26
13 5 22 12
6 8 20 18
14 13 13 17
8 10 7 17
9 12 9 18
9 10 18 23
5 7 6 8
5 10 15 6
0 8 9 15
0 2 9 17
0 0 8 16
0 0 0 3
0 0 0 7
0 0 0 0
0 0 0 0
0 0 0 0
0 0 0 0
0 0 0 0
0 0 0 0
0 0 0 0
0 0 0 0
0 0 0 0
0 0 0 0
0 0 0 0
0 0 0 0
0 0 0 0
0 0 0 0
0 0 0 0
0 0 0 0
0 0 0 0
0 0 0 0
0 0 0 0
0 0 0 0
0 0 0 0
0 0 0 0
0 0 0 0
0 0 0 0
0 0 0 0
0 0 0 0
0 0 0 0
0 0 0 0
0 0 0 0
0 0 0 0
0 0 0 0
0 0 0 0
0 0 0 0
0 0 0 0
0 0 0 0
0 0 0 0
0 0 0 0
0 0 0 0
0 0 0 0
0 0 0 0
0 0 0 0
0 0 0 0
0 0 0 0
0 0 0 0
0 0 0 0
0 0 0 0
0 0 0 0
0 0 0 0
0 0 0 0
0 0 0 0
0 0 0 0
0 0 0 0
0 0 0 0
0 0 0 0
0 0 0 0
0 0 0 0
0 0 0 0
0 0 0 0
0 0 0 0
0 0 0 0
0 0 0 0
0 0 0 0
0 0 0 0
0 0 0 0
0 0 0 0
0 0 0 0
0 0 0 0
0 0 0 0
0 0 0 0
0 0 0 0
0 0 0 0
0 0 0 0
0 0 0 0
0 0 0 0
0 0 0 0
0 0 0 0
0 0 0 0
0 0 0 0
0 0 0 0
0 0 0 0
0 0 0 0
0 0 0 0
0 0 0 0
0 0 0 0
0 0 0 0
0 0 0 0
0 0 0 0
0 0 0 0
0 0 0 0
0 0 0 0
0 0 0 0
0 0 0 0
0 0 0 0
0 0 0 0
0 0 0 0
0 0 0 0
0 0 0 0
0 0 0 0
0 0 0 0
0 0 0 0
0 0 0 0
0 0 0 0
0 0 0 0
0 0 0 0
0 0 0 0
0 0 0 0
0 0 0 0
0 0 0 0
0 0 0 0
0 0 0 0
0 0 0 0
0 0 0 0
0 0 0 0
0 0 0 0
