0 0 0 0
0 0 0 0
0 0 0 0
0 0 0 0
0 0 0 0
0 0 0 0
0 0 0 0
0 0 0 0
0 0 0 0
0 0 0 0
0 0 0 0
0 0 0 0
0 0 0 0
0 0 0 0
0 0 0 0
0 0 0 0
0 0 0 0
0 0 0 0
0 0 0 0
0 0 0 0
0 0 0 0
0 0 0 0
0 0 0 0
0 0 0 0
0 0 0 0
0 0 0 0
0 0 0 0
0 0 0 0
0 0 0 0
0 0 0 0
0 0 0 0
0 0 0 0
0 0 0 0
0 0 0 0
0 0 0 0
0 0 0 0
0 0 0 0
0 0 0 0
0 0 0 0
0 0 0 0
0 0 0 0
0 0 0 0
0 0 0 0
0 0 0 0
0 0 0 0
0 0 0 0
0 0 0 0
0 0 0 0
0 0 0 0
0 0 0 0
0 0 0 0
0 0 0 0
0 0 0 0
0 0 0 0
0 0 0 0
0 0 0 0
0 0 0 0
0 0 0 0
0 0 0 0
0 0 0 0
0 0 0 0
0 0 0 0
0 0 0 0
0 0 0 0
0 0 0 0
0 0 0 0
0 0 0 0
0 0 0 0
0 0 0 0
0 0 0 0
0 0 0 0
0 0 0 0
0 0 0 0
0 0 0 0
0 0 0 0
0 0 0 0
0 0 0 0
0 0 0 0
0 0 0 0
0 0 0 0
0 0 0 0
0 0 0 0
0 0 0 0
0 0 0 0
0 0 0 0
0 0 0 0
0 0 0 0
0 0 0 0
0 0 0 0
0 0 0 0
0 0 0 0
0 0 0 0
0 0 0 0
0 0 0 0
0 0 0 0
0 0 0 0
0 0 0 0
0 0 0 0
0 0 0 0
0 0 0 0
0 0 0 0
0 0 0 0
0 0 0 0
0 0 0 0
0 0 0 0
0 0 0 0
0 0 0 0
0 0 0 0
0 0 0 0
0 0 0 0
0 0 0 0
0 0 0 0
0 0 0 0
0 0 0 0
0 0 0 0
0 0 0 0
0 0 0 0
0 0 0 0
0 0 0 0
0 0 0 0
0 0 0 0
0 0 0 0
0 0 0 0
0 0 0 0
0 0 0 0
0 0 0 0
0 0 0 0
0 0 0 0
0 0 0 0
0 0 0 0
0 0 0 0
0 0 0 0
0 0 0 0
0 0 0 0
0 0 0 0
0 0 0 0
0 0 0 0
0 0 0 0
0 0 0 0
0 0 0 0
0 0 0 0
0 0 0 0
0 0 0 0
0 0 0 0
0 0 0 0
0 0 0 0
0 0 0 0
0 0 0 0
0 0 0 0
0 0 0 0
0 0 0 0
0 0 0 0
0 0 0 0
0 0 0 0
0 0 0 0
0 0 0 0
0 0 0 0
0 0 0 0
0 0 0 0
0 0 0 0
0 0 0 0
0 0 0 0
0 0 0 0
0 0 0 0
0 0 0 0
0 0 0 0
0 0 0 0
0 0 0 0
0 0 0 0
0 0 0 0
0 0 0 0
0 0 0 0
0 0 0 0
0 0 0 0
0 0 0 0
0 0 0 0
0 0 0 0
0 0 0 0
0 0 0 0
0 0 0 0
0 0 0 0
0 0 0 0
0 0 0 0
0 0 0 0
0 0 0 0
0 0 0 0
0 0 0 0
0 0 0 0
0 0 0 0
0 0 0 0
0 0 0 0
0 0 0 0
0 0 0 0
0 0 0 0
0 0 0 0
0 0 0 0
0 0 0 0
0 0 0 0
0 0 0 0
0 0 0 0
0 0 0 0
0 0 0 0
0 0 0 0
0 0 0 0
0 0 0 0
0 0 0 0
0 0 0 0
0 0 0 0
0 0 0 0
0 0 0 0
0 0 0 0
0 0 0 0
0 0 0 0
0 0 0 0
0 0 0 0
0 0 0 0
0 0 0 0
0 0 0 0
0 0 0 0
0 0 0 0
0 0 0 0
0 0 0 0
0 0 0 0
0 0 0 0
0 0 0 0
0 0 0 0
0 0 0 0
0 0 0 0
0 0 0 0
0 0 0 0
0 0 0 0
0 0 0 0
0 0 0 0
0 0 0 0
0 0 0 0
0 0 0 0
0 0 0 0
0 0 0 0
0 0 0 0
0 0 0 0
0 0 0 0
0 0 0 0
0 0 0 0
0 0 0 0
0 0 0 0
0 0 0 0
0 0 0 0
0 0 0 0
0 0 0 0
0 0 0 0
0 0 0 0
0 0 0 0
0 0 0 0
0 0 0 0
0 0 0 0
0 0 0 0
0 0 0 0
0 0 0 0
0 0 0 0
0 0 0 0
0 0 0 0
0 0 0 0
0 0 0 0
0 0 0 0
0 0 0 0
0 0 0 0
0 0 0 0
0 0 0 0
0 0 0 0
0 0 0 0
0 0 0 0
0 0 0 0
0 0 0 0
0 0 0 0
0 0 0 0
0 0 0 0
0 0 0 0
0 0 0 0
0 0 0 0
0 0 0 0
0 0 0 0
0 0 0 0
0 0 0 0
0 0 0 0
0 0 0 0
0 0 0 0
0 0 0 0
0 0 0 0
0 0 0 0
0 0 0 0
0 0 0 0
0 0 0 0
0 0 0 0
0 0 0 0
0 0 0 0
0 0 0 0
0 0 0 0
0 0 0 0
0 0 0 0
0 0 0 0
0 0 0 0
0 0 0 0
0 0 0 0
0 0 0 0
0 0 0 0
0 0 0 0
0 0 0 0
0 0 0 0
0 0 0 0
0 0 0 0
0 0 0 0
0 0 0 0
0 0 0 0
0 0 0 0
0 0 0 0
0 0 0 0
0 0 0 0
0 0 0 0
0 0 0 0
0 0 0 0
0 0 0 0
0 0 0 0
0 0 0 0
0 0 0 0
0 0 0 0
0 0 0 0
0 0 0 0
0 0 0 0
0 0 0 0
0 0 0 0
0 0 0 0
0 0 0 0
0 0 0 0
0 0 0 0
0 0 0 0
0 0 0 0
0 0 0 0
0 0 0 0
0 0 0 0
0 0 0 0
0 0 0 0
0 0 0 2
0 0 0 6
0 0 0 4
0 0 1 6
0 0 7 6
0 0 4 4
0 0 5 4
0 6 4 6
0 4 5 5
0 5 7 4
5 6 6 11
5 5 4 11
5 6 1 10
6 5 10 13
4 3 14 15
6 3 10 15
6 9 14 9
3 15 17 12
2 12 13 14
10 12 10 5
13 16 11 6
14 15 15 7
16 11 7 4
14 13 5 6
13 14 4 6
11 5 6 9
15 7 5 8
14 5 7 6
5 4 9 8
5 6 8 16
6 5 8 12
6 11 7 7
5 9 10 7
6 6 13 19
8 8 10 14
12 9 5 8
7 11 17 11
6 12 15 18
9 6 12 8
10 13 15 9
10 15 17 14
11 15 7 16
10 19 12 12
14 14 17 17
18 12 16 14
19 16 17 14
19 16 13 11
15 18 13 11
17 13 12 28
17 16 8 29
18 11 13 24
12 9 22 27
11 17 30 33
14 14 32 31
17 19 27 25
16 30 27 25
18 27 37 14
25 29 37 16
21 31 20 19
29 35 18 24
23 35 15 14
36 23 7 15
29 13 12 17
22 12 16 29
20 14 23 21
24 11 23 24
17 16 20 32
17 21 33 28
21 28 34 22
19 25 30 26
20 36 27 26
22 28 24 24
29 30 24 17
27 29 22 18
26 21 13 18
25 19 18 24
24 18 21 19
17 20 16 13
24 15 20 20
20 16 19 26
17 22 16 21
21 18 27 17
19 16 23 18
17 24 15 17
18 22 19 29
23 20 28 21
19 23 23 19
26 27 20 22
27 23 21 19
24 22 24 18
22 23 17 24
22 21 19 20
22 17 22 17
22 19 19 17
15 23 15 19
19 16 18 19
22 15 17 14
15 16 21 15
17 18 16 14
15 21 14 15
19 14 13 13
16 15 15 15
14 13 14 17
17 14 12 22
12 15 18 18
16 16 23 20
16 14 17 24
15 23 20 23
17 18 24 23
21 20 24 25
21 26 21 24
22 24 25 24
22 24 24 20
29 22 23 21
22 22 21 18
25 19 20 22
20 26 18 15
19 19 19 12
24 18 17 19
17 19 15 16
16 17 19 15
22 14 17 20
20 21 16 19
20 18 22 19
14 18 18 20
13 21 18 20
20 17 16 22
23 21 17 19
23 19 23 27
20 17 21 22
15 16 24 18
19 18 20 18
19 24 18 23
19 17 19 24
21 24 27 19
16 24 23 26
18 20 25 30
19 21 24 30
27 25 29 29
28 26 25 25
23 35 29 24
21 25 25 26
27 22 28 29
30 25 28 26
27 31 27 25
27 28 26 27
23 30 27 28
25 25 26 29
27 22 26 25
32 29 26 24
29 29 31 25
29 28 27 29
24 27 26 32
29 28 27 27
29 25 32 28
29 28 26 25
28 31 27 30
28 31 30 31
26 26 27 26
31 31 34 28
34 26 30 27
31 29 28 32
27 36 31 29
27 32 27 22
30 28 31 22
32 29 24 20
33 23 22 28
31 31 25 27
26 29 25 29
26 24 27 30
30 22 29 27
27 23 26 30
26 33 28 24
21 29 29 24
34 28 26 27
32 30 25 30
26 24 29 32
32 25 29 28
23 27 25 23
23 29 31 26
30 31 25 23
28 30 28 24
32 23 23 23
26 25 23 21
23 29 24 18
30 22 18 22
25 22 19 21
23 19 22 17
23 15 22 17
14 26 17 19
21 19 17 17
23 20 20 13
21 16 16 14
16 20 14 11
19 14 11 13
19 12 11 14
14 12 14 10
12 13 15 13
11 14 10 10
15 12 10 11
13 13 12 8
11 9 11 5
10 13 5 5
12 7 5 5
10 5 7 8
5 6 2 11
6 3 6 8
3 3 11 3
2 6 9 0
3 12 4 0
10 7 0 0
9 5 0 0
7 0 0 0
5 0 0 0
0 0 0 0
0 0 0 0
0 0 0 0
0 0 0 0
0 0 0 0
0 0 0 0
0 0 0 0
0 0 0 0
0 0 0 0
0 0 0 0
0 0 0 0
0 0 0 0
0 0 0 0
0 0 0 0
0 0 0 0
0 0 0 0
0 0 0 0
0 0 0 0
0 0 0 0
0 0 0 0
0 0 0 0
0 0 0 0
0 0 0 0
0 0 0 0
0 0 0 0
0 0 0 0
0 0 0 0
0 0 0 0
0 0 0 0
0 0 0 0
0 0 0 0
0 0 0 0
0 0 0 0
0 0 0 0
0 0 0 0
0 0 0 0
0 0 0 0
0 0 0 0
0 0 0 0
0 0 0 0
0 0 0 0
0 0 0 0
0 0 0 0
0 0 0 0
0 0 0 0
0 0 0 0
0 0 0 0
0 0 0 0
0 0 0 0
0 0 0 0
0 0 0 0
0 0 0 0
0 0 0 0
0 0 0 0
0 0 0 0
0 0 0 0
0 0 0 0
0 0 0 0
0 0 0 0
0 0 0 0
0 0 0 0
0 0 0 0
0 0 0 0
0 0 0 0
0 0 0 0
0 0 0 0
0 0 0 0
0 0 0 0
0 0 0 0
0 0 0 0
0 0 0 0
0 0 0 0
0 0 0 0
0 0 0 0
0 0 0 0
0 0 0 0
0 0 0 0
0 0 0 0
0 0 0 0
0 0 0 0
0 0 0 0
0 0 0 0
0 0 0 0
0 0 0 0
0 0 0 0
0 0 0 0
0 0 0 0
0 0 0 0
0 0 0 0
0 0 0 0
