0 0 0 0
0 0 0 0
0 0 0 0
0 0 0 0
0 0 0 0
0 0 0 0
0 0 0 0
0 0 0 0
0 0 0 0
0 0 0 0
0 0 0 0
0 0 0 0
0 0 0 0
0 0 0 0
0 0 0 0
0 0 0 0
0 0 0 0
0 0 0 0
0 0 0 0
0 0 0 0
0 0 0 0
0 0 0 0
0 0 0 0
0 0 0 0
0 0 0 0
0 0 0 0
0 0 0 0
0 0 0 0
0 0 0 0
0 0 0 0
0 0 0 0
0 0 0 0
0 0 0 0
0 0 0 0
0 0 0 0
0 0 0 0
0 0 0 0
0 0 0 0
0 0 0 0
0 0 0 0
0 0 0 0
0 0 0 0
0 0 0 0
0 0 0 0
0 0 0 0
0 0 0 0
0 0 0 0
0 0 0 0
0 0 0 0
0 0 0 0
0 0 0 0
0 0 0 0
0 0 0 0
0 0 0 0
0 0 0 0
0 0 0 0
0 0 0 0
0 0 0 0
0 0 0 0
0 0 0 0
0 0 0 0
0 0 0 0
0 0 0 0
0 0 0 0
0 0 0 0
0 0 0 0
0 0 0 0
0 0 0 0
0 0 0 0
0 0 0 0
0 0 0 0
0 0 0 0
0 0 0 0
0 0 0 0
0 0 0 0
0 0 0 0
0 0 0 0
0 0 0 0
0 0 0 0
0 0 0 0
0 0 0 0
0 0 0 0
0 0 0 0
0 0 0 0
0 0 0 0
0 0 0 0
0 0 0 0
0 0 0 0
0 0 0 0
0 0 0 0
0 0 0 0
0 0 0 0
0 0 0 0
0 0 0 0
0 0 0 0
0 0 0 0
0 0 0 0
0 0 0 0
0 0 0 0
0 0 0 0
0 0 0 0
0 0 0 0
0 0 0 0
0 0 0 0
0 0 0 0
0 0 0 0
0 0 0 0
0 0 0 0
0 0 0 0
0 0 0 0
0 0 0 0
0 0 0 0
0 0 0 0
0 0 0 0
0 0 0 0
0 0 0 0
0 0 0 0
0 0 0 0
0 0 0 0
0 0 0 0
0 0 0 0
0 0 0 0
0 0 0 0
0 0 0 0
0 0 0 0
0 0 0 0
0 0 0 0
0 0 0 0
0 0 0 0
0 0 0 0
0 0 0 0
0 0 0 0
0 0 0 0
0 0 0 0
0 0 0 0
0 0 0 0
0 0 0 0
0 0 0 0
0 0 0 0
0 0 0 0
0 0 0 0
0 0 0 0
0 0 0 0
0 0 0 0
0 0 0 0
0 0 0 0
0 0 0 0
0 0 0 0
0 0 0 0
0 0 0 0
0 0 0 0
0 0 0 0
0 0 0 0
0 0 0 0
0 0 0 0
0 0 0 0
0 0 0 0
0 0 0 0
0 0 0 0
0 0 0 0
0 0 0 0
0 0 0 0
0 0 0 0
0 0 0 0
0 0 0 0
0 0 0 0
0 0 0 0
0 0 0 0
0 0 0 0
0 0 0 0
0 0 0 0
0 0 0 0
0 0 0 0
0 0 0 0
0 0 0 0
0 0 0 0
0 0 0 0
0 0 0 0
0 0 0 0
0 0 0 0
0 0 0 0
0 0 0 0
0 0 0 0
0 0 0 0
0 0 0 0
0 0 0 0
0 0 0 0
0 0 0 0
0 0 0 0
0 0 0 0
0 0 0 0
0 0 0 0
0 0 0 0
0 0 0 0
0 0 0 0
0 0 0 0
0 0 0 0
0 0 0 0
0 0 0 0
0 0 0 0
0 0 0 0
0 0 0 0
0 0 0 0
0 0 0 0
0 0 0 0
0 0 0 0
0 0 0 0
0 0 0 0
0 0 0 0
0 0 0 0
0 0 0 0
0 0 0 0
0 0 0 0
0 0 0 0
0 0 0 0
0 0 0 0
0 0 0 0
0 0 0 0
0 0 0 0
0 0 0 0
0 0 0 0
0 0 0 0
0 0 0 0
0 0 0 0
0 0 0 0
0 0 0 0
0 0 0 0
0 0 0 0
0 0 0 0
0 0 0 0
0 0 0 0
0 0 0 0
0 0 0 0
0 0 0 0
0 0 0 0
0 0 0 0
0 0 0 0
0 0 0 0
0 0 0 0
0 0 0 0
0 0 0 0
0 0 0 0
0 0 0 0
0 0 0 0
0 0 0 0
0 0 0 0
0 0 0 0
0 0 0 0
0 0 0 0
0 0 0 0
0 0 0 0
0 0 0 0
0 0 0 0
0 0 0 0
0 0 0 0
0 0 0 0
0 0 0 0
0 0 0 0
0 0 0 0
0 0 0 0
0 0 0 0
0 0 0 0
0 0 0 0
0 0 0 0
0 0 0 0
0 0 0 0
0 0 0 0
0 0 0 0
0 0 0 0
0 0 0 0
0 0 0 0
0 0 0 0
0 0 0 0
0 0 0 0
0 0 0 0
0 0 0 0
0 0 0 0
0 0 0 0
0 0 0 0
0 0 0 0
0 0 0 0
0 0 0 0
0 0 0 0
0 0 0 0
0 0 0 0
0 0 0 0
0 0 0 0
0 0 0 0
0 0 0 0
0 0 0 0
0 0 0 0
0 0 0 0
0 0 0 0
0 0 0 0
0 0 0 0
0 0 0 0
0 0 0 0
0 0 0 0
0 0 0 0
0 0 0 0
0 0 0 0
0 0 0 0
0 0 0 0
0 0 0 0
0 0 0 0
0 0 0 0
0 0 0 0
0 0 0 0
0 0 0 0
0 0 0 0
0 0 0 0
0 0 0 0
0 0 0 0
0 0 0 0
0 0 0 0
0 0 0 0
0 0 0 0
0 0 0 0
0 0 0 0
0 0 0 0
0 0 0 0
0 0 0 0
0 0 0 0
0 0 0 0
0 0 0 0
0 0 0 0
0 0 0 0
0 0 0 0
0 0 0 0
0 0 0 0
0 0 0 0
0 0 0 0
0 0 0 0
0 0 0 0
0 0 0 0
0 0 0 0
0 0 0 0
0 0 0 0
0 0 0 0
0 0 0 0
0 0 0 0
0 0 0 0
0 0 0 0
0 0 0 0
0 0 0 0
6 0 0 0
8 0 0 0
5 5 0 0
12 9 0 0
4 2 5 0
14 12 9 0
6 6 2 5
14 8 10 8
7 13 8 4
8 5 3 6
7 11 12 8
12 10 11 6
11 8 4 8
14 7 12 12
13 10 11 8
11 8 9 6
10 13 5 12
13 16 8 10
21 10 10 5
20 11 11 7
18 18 11 8
20 18 15 12
19 17 19 9
18 19 15 12
22 20 14 20
15 17 17 12
16 24 18 16
23 18 22 15
24 18 20 14
16 17 18 25
16 21 21 18
21 21 19 20
19 20 21 19
21 17 20 23
17 17 15 22
16 22 19 16
15 15 21 16
12 14 15 19
14 14 13 20
14 12 15 12
13 16 15 12
16 15 14 17
20 14 13 16
17 16 14 13
18 14 17 11
15 19 17 13
20 20 14 16
23 19 15 19
17 15 16 18
20 19 22 13
20 21 18 16
20 19 19 21
16 15 20 19
17 22 17 17
14 18 19 21
21 16 21 18
16 19 18 18
19 19 16 19
18 17 19 18
17 21 17 13
18 16 16 25
22 16 19 18
15 19 19 17
19 18 16 18
19 16 19 16
16 15 20 18
16 18 19 18
20 22 15 15
17 19 17 21
15 17 19 21
18 16 18 19
21 17 16 18
26 17 16 15
25 19 17 15
21 20 17 15
24 28 20 19
28 22 21 21
28 29 22 15
30 31 30 18
33 27 28 27
32 29 28 27
31 30 30 30
33 27 32 29
31 35 23 28
37 27 31 29
28 29 25 25
20 31 35 34
25 35 28 26
28 35 32 27
41 25 27 33
33 23 32 31
30 27 26 26
28 31 27 24
25 35 38 26
35 38 28 34
30 31 36 29
38 32 33 43
41 32 32 43
37 31 40 32
21 35 29 27
24 45 34 26
25 34 31 38
28 31 29 38
39 18 38 35
17 17 42 31
12 17 21 22
23 33 23 24
27 25 19 37
30 24 19 29
27 19 24 30
41 33 42 28
36 35 24 21
28 34 30 31
26 32 29 35
24 40 30 36
30 32 36 26
24 29 37 32
26 21 31 34
23 26 42 31
20 22 20 29
17 16 12 24
17 17 19 26
12 18 18 26
15 15 16 13
14 13 18 12
13 16 16 17
17 14 14 21
17 18 14 18
14 16 15 10
16 16 19 17
19 17 17 19
15 15 19 13
13 17 13 20
18 14 18 21
16 18 17 15
15 14 14 14
23 19 17 17
17 26 26 24
15 14 19 21
15 16 15 22
19 18 21 16
17 16 15 15
20 16 13 15
21 20 23 19
18 23 22 23
17 18 18 23
15 17 18 19
16 16 19 13
19 18 14 15
18 16 18 19
10 15 18 18
12 15 13 21
15 15 15 12
17 11 15 13
15 13 14 15
19 21 13 12
18 15 14 15
12 14 19 18
19 20 14 14
17 20 16 13
20 15 26 18
12 19 18 26
15 16 17 23
20 18 16 19
20 20 23 18
42 19 20 18
30 28 16 19
34 36 25 20
16 29 32 25
19 24 29 28
32 26 23 28
22 21 25 25
18 28 28 21
14 16 30 27
11 13 19 29
19 11 10 27
45 16 11 12
30 41 17 10
16 28 28 17
15 27 31 26
15 16 28 25
15 18 26 25
14 13 15 29
12 17 17 24
13 17 18 13
17 15 13 19
13 10 15 19
7 18 15 15
7 12 12 16
22 6 16 11
35 5 13 11
45 18 9 14
13 44 17 18
20 41 19 20
0 9 25 16
0 7 41 12
0 17 10 21
0 0 5 28
0 0 11 19
0 0 11 6
0 0 0 4
0 0 0 13
0 0 0 6
0 0 0 0
0 0 0 0
0 0 0 0
0 0 0 0
0 0 0 0
0 0 0 0
0 0 0 0
0 0 0 0
0 0 0 0
0 0 0 0
0 0 0 0
0 0 0 0
0 0 0 0
0 0 0 0
0 0 0 0
0 0 0 0
0 0 0 0
0 0 0 0
0 0 0 0
0 0 0 0
0 0 0 0
0 0 0 0
0 0 0 0
0 0 0 0
0 0 0 0
0 0 0 0
0 0 0 0
0 0 0 0
0 0 0 0
0 0 0 0
0 0 0 0
0 0 0 0
0 0 0 0
0 0 0 0
0 0 0 0
0 0 0 0
0 0 0 0
0 0 0 0
0 0 0 0
0 0 0 0
0 0 0 0
0 0 0 0
0 0 0 0
0 0 0 0
0 0 0 0
0 0 0 0
0 0 0 0
0 0 0 0
0 0 0 0
0 0 0 0
0 0 0 0
0 0 0 0
0 0 0 0
0 0 0 0
0 0 0 0
0 0 0 0
0 0 0 0
0 0 0 0
0 0 0 0
0 0 0 0
0 0 0 0
0 0 0 0
0 0 0 0
0 0 0 0
0 0 0 0
0 0 0 0
0 0 0 0
0 0 0 0
0 0 0 0
0 0 0 0
0 0 0 0
0 0 0 0
0 0 0 0
0 0 0 0
0 0 0 0
0 0 0 0
0 0 0 0
0 0 0 0
0 0 0 0
0 0 0 0
0 0 0 0
0 0 0 0
0 0 0 0
0 0 0 0
0 0 0 0
0 0 0 0
0 0 0 0
0 0 0 0
0 0 0 0
0 0 0 0
0 0 0 0
0 0 0 0
0 0 0 0
0 0 0 0
0 0 0 0
0 0 0 0
0 0 0 0
