0 0 0 0
0 0 0 0
0 0 0 0
0 0 0 0
0 0 0 0
0 0 0 0
0 0 0 0
0 0 0 0
0 0 0 0
0 0 0 0
0 0 0 0
0 0 0 0
0 0 0 0
0 0 0 0
0 0 0 0
0 0 0 0
0 0 0 0
0 0 0 0
0 0 0 0
0 0 0 0
0 0 0 0
0 0 0 0
0 0 0 0
0 0 0 0
0 0 0 0
0 0 0 0
0 0 0 0
0 0 0 0
0 0 0 0
0 0 0 0
0 0 0 0
0 0 0 0
0 0 0 0
0 0 0 0
0 0 0 0
0 0 0 0
0 0 0 0
0 0 0 0
0 0 0 0
0 0 0 0
0 0 0 0
0 0 0 0
0 0 0 0
0 0 0 0
0 0 0 0
0 0 0 0
0 0 0 0
0 0 0 0
0 0 0 0
0 0 0 0
0 0 0 0
0 0 0 0
0 0 0 0
0 0 0 0
0 0 0 0
0 0 0 0
0 0 0 0
0 0 0 0
0 0 0 0
0 0 0 0
0 0 0 0
0 0 0 0
0 0 0 0
0 0 0 0
0 0 0 0
0 0 0 0
0 0 0 0
0 0 0 0
0 0 0 0
0 0 0 0
0 0 0 0
0 0 0 0
0 0 0 0
0 0 0 0
0 0 0 0
0 0 0 0
0 0 0 0
0 0 0 0
0 0 0 0
0 0 0 0
0 0 0 0
0 0 0 0
0 0 0 0
0 0 0 0
0 0 0 0
0 0 0 0
0 0 0 0
0 0 0 0
0 0 0 0
0 0 0 0
0 0 0 0
0 0 0 0
0 0 0 0
0 0 0 0
0 0 0 0
0 0 0 0
0 0 0 0
0 0 0 0
0 0 0 0
0 0 0 0
0 0 0 0
0 0 0 0
0 0 0 0
0 0 0 0
0 0 0 0
0 0 0 0
0 0 0 0
0 0 0 0
0 0 0 0
0 0 0 0
0 0 0 0
0 0 0 0
0 0 0 0
0 0 0 0
0 0 0 0
0 0 0 0
0 0 0 0
0 0 0 0
0 0 0 0
0 0 0 0
0 0 0 0
0 0 0 0
0 0 0 0
0 0 0 0
0 0 0 0
0 0 0 0
0 0 0 0
0 0 0 0
0 0 0 0
0 0 0 0
0 0 0 0
0 0 0 0
0 0 0 0
0 0 0 0
0 0 0 0
0 0 0 0
0 0 0 0
0 0 0 0
0 0 0 0
0 0 0 0
0 0 0 0
0 0 0 0
0 0 0 0
0 0 0 0
0 0 0 0
0 0 0 0
0 0 0 0
0 0 0 0
0 0 0 0
0 0 0 0
0 0 0 0
0 0 0 0
0 0 0 0
0 0 0 0
0 0 0 0
0 0 0 0
0 0 0 0
0 0 0 0
0 0 0 0
0 0 0 0
0 0 0 0
0 0 0 0
0 0 0 0
0 0 0 0
0 0 0 0
0 0 0 0
0 0 0 0
0 0 0 0
0 0 0 0
0 0 0 0
0 0 0 0
0 0 0 0
0 0 0 0
0 0 0 0
0 0 0 0
0 0 0 0
0 0 0 0
0 0 0 0
0 0 0 0
0 0 0 0
0 0 0 0
0 0 0 0
0 0 0 0
0 0 0 0
0 0 0 0
0 0 0 0
0 0 0 0
0 0 0 0
0 0 0 0
0 0 0 0
0 0 0 0
0 0 0 0
0 0 0 0
0 0 0 0
0 0 0 0
0 0 0 0
0 0 0 0
0 0 0 0
0 0 0 0
0 0 0 0
0 0 0 0
1 0 0 0
47 0 0 0
37 0 0 0
3 0 0 0
1 12 0 0
7 35 0 0
3 30 0 0
0 11 3 0
0 0 20 0
0 1 22 0
0 9 22 0
0 1 15 12
0 0 6 16
15 0 1 15
45 0 2 15
47 0 8 15
20 10 0 13
39 27 0 2
45 27 0 1
28 32 8 3
14 46 20 7
40 34 18 0
47 23 23 9
33 39 34 12
28 34 36 13
52 32 37 21
35 25 29 27
10 49 28 22
17 38 44 31
43 30 33 41
48 31 28 33
38 29 35 28
15 29 41 39
9 32 27 40
8 34 36 24
8 32 39 33
9 18 30 36
14 9 22 39
9 11 25 33
8 8 26 35
13 9 26 29
11 11 9 23
10 12 7 17
9 9 10 21
11 11 12 24
9 10 8 18
11 8 13 8
11 14 10 10
12 7 9 6
12 11 11 12
12 11 10 11
15 11 10 11
10 12 13 11
11 11 9 9
10 12 10 11
15 11 11 11
16 17 11 11
13 9 12 12
13 10 10 8
12 11 13 12
13 17 12 9
14 15 14 12
15 12 11 12
12 16 11 10
12 9 12 14
26 15 15 13
40 14 14 15
39 24 14 7
39 32 16 13
54 33 22 12
42 33 27 18
58 41 28 24
48 55 26 23
25 49 38 29
18 44 46 20
14 42 48 31
18 25 47 42
21 18 43 47
16 18 30 39
20 12 25 38
26 20 22 48
20 27 18 24
26 23 19 24
24 20 20 25
23 24 22 18
33 24 24 23
23 24 27 21
22 24 22 19
13 28 21 23
27 27 22 28
20 21 27 23
15 19 27 24
13 21 18 25
13 21 34 22
22 14 22 23
19 17 16 25
24 13 20 27
20 20 18 26
23 20 17 17
24 22 20 18
20 26 16 19
21 24 16 21
19 16 23 22
21 18 24 16
14 25 20 19
17 20 24 15
16 18 19 23
21 12 19 23
21 19 17 24
18 17 18 18
21 19 15 14
19 25 19 20
17 18 19 15
21 19 17 20
15 16 23 17
15 22 22 18
10 19 18 22
9 14 16 18
10 18 21 25
12 9 20 18
10 9 12 16
10 10 17 24
12 9 10 14
11 10 13 16
9 13 11 13
12 11 7 16
6 10 10 11
11 9 7 8
9 11 14 12
10 11 9 8
10 8 14 11
9 13 10 8
13 8 8 12
13 11 12 10
18 8 9 7
29 11 12 14
19 12 9 10
38 19 12 13
29 23 8 8
27 23 15 10
34 32 25 12
39 31 16 11
31 25 19 21
39 31 21 20
30 34 32 19
29 28 30 18
43 33 34 21
23 39 30 26
25 35 24 29
23 37 28 28
23 29 35 24
23 23 33 33
17 20 39 23
18 30 32 35
12 26 33 34
13 20 23 28
13 18 22 31
14 8 22 33
11 13 24 32
12 11 24 25
13 15 14 22
8 12 12 22
12 13 10 15
10 14 11 19
11 12 9 17
9 12 16 15
9 11 15 14
8 11 11 9
9 10 16 13
12 12 11 9
12 9 14 15
11 7 11 15
14 11 10 11
16 12 9 17
15 15 12 12
15 12 12 13
21 18 10 11
16 14 15 10
11 18 11 12
16 18 19 13
13 14 18 17
11 15 16 10
10 14 15 19
16 13 18 22
20 16 15 14
11 12 15 17
16 10 12 15
16 15 19 20
14 15 14 13
13 16 12 13
13 17 8 20
10 10 9 14
11 13 23 10
10 13 16 10
12 15 10 12
16 12 10 14
12 11 11 15
12 11 13 14
13 12 20 9
16 19 13 13
17 12 11 13
8 11 13 19
16 14 15 14
11 14 14 12
10 12 14 16
10 10 16 12
18 14 6 13
12 10 13 16
16 13 11 14
15 16 10 13
15 18 15 7
13 13 13 8
12 11 16 14
13 14 14 14
13 14 15 14
5 11 14 16
0 11 12 14
0 11 12 11
0 11 12 16
0 10 11 13
0 1 9 12
0 0 9 11
0 0 9 7
0 0 11 14
0 0 6 8
0 0 0 9
0 0 0 9
0 0 0 7
0 0 0 10
0 0 0 1
0 0 0 0
0 0 0 0
0 0 0 0
0 0 0 0
0 0 0 0
0 0 0 0
0 0 0 0
0 0 0 0
0 0 0 0
0 0 0 0
0 0 0 0
0 0 0 0
0 0 0 0
0 0 0 0
0 0 0 0
0 0 0 0
0 0 0 0
0 0 0 0
0 0 0 0
0 0 0 0
0 0 0 0
0 0 0 0
0 0 0 0
0 0 0 0
0 0 0 0
0 0 0 0
0 0 0 0
0 0 0 0
0 0 0 0
0 0 0 0
0 0 0 0
0 0 0 0
0 0 0 0
0 0 0 0
0 0 0 0
0 0 0 0
0 0 0 0
0 0 0 0
0 0 0 0
0 0 0 0
0 0 0 0
0 0 0 0
0 0 0 0
0 0 0 0
0 0 0 0
0 0 0 0
0 0 0 0
0 0 0 0
0 0 0 0
0 0 0 0
0 0 0 0
0 0 0 0
0 0 0 0
0 0 0 0
0 0 0 0
0 0 0 0
0 0 0 0
0 0 0 0
0 0 0 0
0 0 0 0
0 0 0 0
0 0 0 0
0 0 0 0
0 0 0 0
0 0 0 0
0 0 0 0
0 0 0 0
0 0 0 0
0 0 0 0
0 0 0 0
0 0 0 0
0 0 0 0
0 0 0 0
0 0 0 0
0 0 0 0
0 0 0 0
0 0 0 0
0 0 0 0
0 0 0 0
0 0 0 0
0 0 0 0
0 0 0 0
0 0 0 0
0 0 0 0
0 0 0 0
0 0 0 0
0 0 0 0
0 0 0 0
0 0 0 0
0 0 0 0
0 0 0 0
0 0 0 0
0 0 0 0
0 0 0 0
0 0 0 0
0 0 0 0
0 0 0 0
0 0 0 0
0 0 0 0
0 0 0 0
0 0 0 0
0 0 0 0
0 0 0 0
0 0 0 0
0 0 0 0
0 0 0 0
0 0 0 0
0 0 0 0
0 0 0 0
0 0 0 0
0 0 0 0
0 0 0 0
0 0 0 0
0 0 0 0
0 0 0 0
0 0 0 0
0 0 0 0
0 0 0 0
0 0 0 0
0 0 0 0
0 0 0 0
0 0 0 0
0 0 0 0
0 0 0 0
0 0 0 0
0 0 0 0
0 0 0 0
0 0 0 0
0 0 0 0
0 0 0 0
0 0 0 0
0 0 0 0
0 0 0 0
0 0 0 0
0 0 0 0
0 0 0 0
0 0 0 0
0 0 0 0
0 0 0 0
0 0 0 0
0 0 0 0
0 0 0 0
0 0 0 0
0 0 0 0
0 0 0 0
0 0 0 0
0 0 0 0
0 0 0 0
0 0 0 0
0 0 0 0
0 0 0 0
0 0 0 0
0 0 0 0
0 0 0 0
0 0 0 0
0 0 0 0
0 0 0 0
0 0 0 0
0 0 0 0
0 0 0 0
0 0 0 0
0 0 0 0
0 0 0 0
0 0 0 0
0 0 0 0
0 0 0 0
0 0 0 0
0 0 0 0
0 0 0 0
0 0 0 0
0 0 0 0
0 0 0 0
0 0 0 0
0 0 0 0
0 0 0 0
0 0 0 0
0 0 0 0
0 0 0 0
0 0 0 0
0 0 0 0
0 0 0 0
0 0 0 0
0 0 0 0
0 0 0 0
0 0 0 0
0 0 0 0
0 0 0 0
0 0 0 0
0 0 0 0
0 0 0 0
0 0 0 0
0 0 0 0
0 0 0 0
0 0 0 0
0 0 0 0
0 0 0 0
0 0 0 0
0 0 0 0
0 0 0 0
0 0 0 0
0 0 0 0
0 0 0 0
0 0 0 0
0 0 0 0
0 0 0 0
0 0 0 0
0 0 0 0
0 0 0 0
0 0 0 0
0 0 0 0
0 0 0 0
0 0 0 0
0 0 0 0
0 0 0 0
