0 0 0 0
0 0 0 0
0 0 0 0
0 0 0 0
0 0 0 1
0 0 0 0
0 -1 0 0
-1 3 1 0
2 -3 1 -3
-2 1 -3 5
0 4 5 -16
-7 -7 -14 16
1 33 37 27
76 1 89 -21
-35 -34 -76 -17
-94 1 -80 -1
-53 -25 -40 -61
-50 -90 -71 -1
-54 -8 -14 1
28 26 50 47
47 42 31 -2
-158 -154 -83 -166
15 -121 85 -21
89 90 27 157
-58 147 -45 66
-31 85 -24 81
-30 62 -39 35
-32 5 -1 -22
-46 5 -18 56
21 98 57 103
78 71 82 26
80 -1 -26 61
32 40 69 -19
53 -77 0 -94
-40 -64 -31 -16
94 23 95 18
58 -10 13 -44
-8 -66 1 -66
21 -35 -58 77
-65 33 -75 -1
-107 -29 -159 -47
-205 -42 -212 0
-26 -20 -41 -19
-48 9 -41 46
-25 71 -5 64
14 28 -96 -67
-78 -50 -19 2
32 44 36 37
-10 -16 -73 -68
-79 72 -43 100
24 91 73 47
68 3 16 -4
-39 33 15 -105
47 -61 38 -17
-17 -3 -82 -31
-107 -74 -69 -91
-35 -33 -66 -24
-92 -26 -78 -52
-15 -87 58 -104
84 -86 -15 -138
-41 -91 -21 -16
30 26 64 6
50 -43 3 -56
32 -59 43 82
73 160 99 143
104 69 76 4
17 -18 -1 -53
-25 -79 -16 -66
9 -25 15 4
-12 -11 -58 -61
40 -61 5 -50
-29 -8 -28 26
21 26 91 -1
133 -27 49 -92
34 -47 31 4
38 32 41 32
37 24 37 35
85 6 114 31
90 34 28 40
-27 75 -39 136
-6 183 26 -64
-24 -46 -76 0
-87 56 -41 89
35 78 86 35
-64 1 -124 -8
-142 -41 -96 -61
-23 -41 18 4
-2 22 -86 13
-11 -28 83 -6
134 67 120 115
71 77 37 -32
-6 -137 -6 -101
-34 -52 -43 -43
2 -81 84 -121
145 -118 30 -92
-14 -130 -37 -138
-1 -105 91 -50
189 -13 234 -17
24 -127 -110 -163
-203 -105 -201 -5
-120 61 -33 51
3 -9 -31 -43
-114 -47 -125 -29
-78 -14 -14 -15
38 -27 68 -41
-12 61 -27 -32
-49 -117 -68 -135
-74 -69 -68 38
-55 112 -112 2
-83 -51 -35 -60
16 -3 54 86
74 145 71 133
16 -35 -4 -21
-35 43 -50 124
-28 161 31 115
101 4 80 -6
120 -6 115 23
79 27 35 -22
3 -95 -13 -134
-81 -32 -70 20
-42 45 -9 42
11 35 14 49
5 77 1 51
-15 76 -34 68
-69 35 -120 -2
-166 -21 -179 -12
-4 -105 70 -62
102 -34 72 -28
8 -28 -37 -16
-32 10 1 22
-3 7 -43 -13
-84 -18 -93 -7
-63 0 -21 -15
48 46 9 -16
-25 -81 -33 -126
-23 -132 -15 -99
-19 -51 -39 58
-44 -8 -22 -95
0 -127 6 -68
10 48 28 137
27 59 70 54
91 48 99 61
108 85 113 93
99 68 -164 -116
-191 -57 -169 15
-120 61 -79 63
-57 34 -37 8
113 6 134 -8
134 -28 115 -51
101 -63 108 -53
121 -26 138 -41
46 18 -60 37
-108 27 -67 18
34 26 137 38
-196 -118 -189 -123
-106 -60 7 63
86 182 92 226
37 171 -44 35
-54 -18 -6 -59
62 -83 96 -81
70 -43 10 17
45 42 18 70
3 66 -15 52
-32 47 -27 50
10 52 149 22
125 42 31 28
-48 -25 -39 -85
54 -108 153 -68
107 114 67 69
21 -21 7 -106
30 -135 70 -93
107 -8 63 -11
22 -21 -39 -48
-85 -70 -91 -64
-69 -23 -60 33
-49 -40 -45 -45
9 -55 79 -71
105 -92 60 -107
-20 -102 -19 -99
80 -42 158 26
167 69 112 74
42 54 -3 34
-7 18 10 34
19 31 12 4
-17 -37 -61 -79
-97 -110 -58 13
-34 -54 10 -74
43 -26 44 62
11 136 -32 164
10 -81 37 -25
34 46 -10 74
-68 40 -95 -17
-67 -40 -141 86
-138 16 -124 -93
-88 -178 -30 -189
28 -133 52 -64
5 -156 -66 -218
-113 -173 -116 -49
-82 65 -37 100
2 51 -40 -23
-29 -29 -38 -41
-74 -40 -113 -2
-123 73 -93 148
21 66 -84 80
-168 81 -169 60
-78 10 48 -52
127 -88 80 63
25 123 -11 136
-18 85 -12 10
-14 -32 -31 -13
-13 14 34 49
82 58 113 40
119 8 99 -26
62 -49 115 -67
90 -28 42 34
-4 92 -27 122
-23 120 -3 99
20 12 24 -37
-11 -73 -64 -71
-103 -18 -100 71
-60 155 9 -111
-60 -97 -111 -90
-129 -72 -120 -37
-104 -1 -87 10
-39 58 -20 68
4 53 7 39
-1 52 10 92
51 133 26 65
-28 75 -99 65
-119 45 -55 14
56 -33 141 -92
69 -29 51 -37
23 19 -8 102
-33 146 -37 108
-5 2 21 80
20 58 -14 16
-54 -31 -67 -55
-41 -34 1 23
-129 248 -94 229
-58 109 -48 -38
-78 -125 -127 -116
-158 -45 97 112
44 94 -37 14
-109 -76 -129 -124
-83 -111 3 -57
-17 -13 -35 -45
-34 -51 -10 -10
23 60 42 113
32 110 -95 8
-113 -6 -104 -19
-63 -32 -7 -48
34 -67 44 -79
-38 53 7 28
86 27 147 42
143 47 71 31
-24 10 -12 -37
25 34 60 91
53 78 -5 -1
-80 -89 -127 -131
-60 57 -27 83
24 73 78 56
117 58 128 80
111 95 2 -8
-2 -9 11 -14
33 -10 46 3
38 17 10 20
-161 105 -167 155
-110 153 -18 88
56 -19 83 -123
70 -179 45 91
108 53 158 -8
162 -71 118 -105
59 -89 23 -31
18 -6 37 -28
44 -69 35 -105
20 -108 8 -66
-6 7 0 -96
-69 -62 -94 -21
-51 5 26 11
77 3 64 -5
-34 4 -41 54
-41 74 -56 65
-84 45 -100 35
-77 42 -10 -29
29 -75 65 -98
93 -94 104 -70
91 -37 61 -6
-72 -5 -69 -23
-36 -51 -2 -63
18 -47 27 -20
32 -12 16 -13
-20 24 -61 83
-65 134 -27 133
17 62 16 -43
4 -33 -52 25
-47 101 0 131
36 89 28 8
-8 -48 -109 90
-25 183 56 191
67 101 -5 -25
-109 -97 -171 -68
-119 116 -60 110
-8 69 10 43
-6 62 -40 101
-70 102 -14 -116
-73 -170 -77 -142
-31 -49 25 37
53 63 48 37
-152 -182 -138 -155
-111 -106 -99 -67
-105 -46 -101 -36
-62 -31 15 -10
57 -17 79 -12
62 16 13 50
-43 62 -75 36
65 96 86 27
89 -45 58 -84
0 -76 -54 -45
-68 -28 -49 -17
49 -71 117 -99
108 -80 29 -34
-59 -1 -100 -4
35 43 43 66
14 81 -40 72
-88 44 -106 19
-95 17 141 -23
87 -100 3 -178
-58 -192 -63 -115
-24 14 16 102
61 53 39 31
15 -14 -3 -39
-20 -33 -38 -15
-52 -10 29 141
5 139 -26 71
-30 -29 19 -105
107 -116 177 -69
-22 -100 -18 -106
6 -121 61 -132
113 -126 114 -100
47 -62 12 33
-24 37 -13 22
38 -4 101 -18
138 -12 130 7
-42 10 11 75
79 142 138 187
154 176 112 99
28 -6 34 -205
110 -179 164 -100
164 -41 110 -36
37 -57 -9 -54
116 -19 76 -44
34 -74 4 -59
-3 23 14 126
46 166 47 125
21 52 1 3
-9 12 -2 51
22 62 52 17
-19 73 -17 89
6 93 52 67
107 3 140 -82
128 -148 -32 -47
-34 -36 -26 -46
-18 -96 -27 -163
-58 -200 -94 -174
-38 18 -1 9
2 -48 -24 -121
-43 -152 -18 -108
50 -4 28 111
55 160 47 136
23 64 16 -4
44 -38 101 -43
111 -3 118 0
65 6 -28 2
-116 -24 -155 -70
-134 -111 -58 -12
-78 -48 -47 -65
13 -45 59 16
68 99 43 162
67 -45 56 -37
33 -20 16 -2
30 8 78 15
133 34 -72 39
-70 134 -74 151
-77 59 -78 -88
-82 -197 -93 -205
1 -118 -32 -76
-45 -34 -22 -9
28 -9 78 -35
96 -77 3 -29
34 -80 59 -91
81 -61 105 -14
129 20 145 24
-29 -103 -62 -142
-79 -169 -63 -185
-25 -196 7 -201
14 -192 -119 -16
-79 -29 10 -54
90 -80 103 -92
45 -82 -40 -49
-39 -66 -8 -39
39 -7 58 5
31 -4 -9 -19
-8 -28 -38 73
78 14 153 -67
132 -104 33 -67
-80 8 -146 60
-59 79 -41 12
15 -9 83 5
117 16 91 -10
26 -63 -43 46
-15 45 6 61
-1 84 -18 97
-9 82 38 41
-24 18 51 25
74 33 50 26
15 -2 11 -27
52 -18 11 -9
9 58 -52 86
-127 64 -145 19
-71 -10 56 -2
-81 90 -143 61
-165 9 -115 -52
-13 -103 73 -131
86 -127 44 -7
-31 -8 -62 -15
-45 -23 -15 -16
-13 16 -42 64
-1 -68 19 -84
50 -92 48 -84
7 -57 -31 -20
-18 13 -7 -76
50 -32 68 29
25 75 -60 81
-147 51 -196 14
-11 16 -34 -12
-60 -36 -83 -61
-89 -83 -67 -94
-29 -83 1 -88
34 -89 31 -64
1 -35 -38 -13
-67 7 -81 32
-80 108 -106 55
-84 -20 -30 -62
17 -42 29 13
9 40 -90 -115
-96 -132 -75 -63
-49 69 -30 180
-19 196 -17 108
162 -34 105 -81
30 -68 -7 9
12 102 67 148
116 109 5 -10
35 -42 70 -17
77 31 41 53
-20 37 -71 19
-31 -119 36 -14
65 62 52 79
28 55 17 29
20 17 107 -30
88 -65 52 -79
34 -46 40 25
58 98 70 136
-119 -8 -121 -52
-94 -91 -51 -89
-4 -30 29 61
29 130 73 7
29 19 10 45
32 68 61 51
46 -21 -28 -111
12 30 44 163
116 231 171 174
157 31 73 -89
-28 -107 78 112
97 122 92 77
48 37 -5 49
-16 103 34 148
172 -85 140 -70
11 -8 -119 73
-155 129 -84 129
21 75 7 -48
-21 -65 -21 -47
9 -3 36 38
29 52 -7 41
-78 5 -90 -14
-51 -33 4 -39
37 -24 34 5
9 26 2 2
-4 -42 3 -42
-1 3 -30 52
-71 65 -95 36
16 -2 135 47
182 73 132 41
33 -38 -37 -106
-37 -118 116 118
109 82 55 -4
-2 -73 -25 -69
-5 6 33 91
0 12 54 -17
97 -21 102 -4
64 2 2 -27
-50 -82 -167 24
-211 17 -193 29
-134 47 -73 52
-39 34 -38 -3
-62 20 -100 17
-101 9 -65 -8
-2 -32 71 -60
137 -84 15 -13
23 41 11 76
-4 73 2 32
30 -24 52 -59
-4 43 -12 105
-7 114 27 59
74 -29 100 -97
87 -116 -108 165
-11 133 134 90
243 64 241 60
117 64 -60 59
15 -128 1 -155
10 -97 7 1
-21 69 -56 66
-69 9 -113 -148
-120 -96 -138 19
-158 115 -158 125
-121 49 -45 -51
-116 23 -156 -20
-155 -49 -104 -59
-26 -52 35 -37
39 -23 -33 55
-97 47 -100 7
-50 -42 0 -64
7 -44 -21 -3
-120 131 5 68
105 -27 111 -96
23 -110 -92 -83
-157 -50 136 -23
108 -19 55 -37
-6 -68 -48 -89
-51 -83 -17 -53
-2 -36 -27 -8
-44 12 -50 24
-41 28 -13 25
33 11 18 61
95 67 139 1
131 -90 87 -139
38 -119 6 -61
31 10 43 18
58 19 80 30
104 40 120 33
121 10 87 -153
82 -114 74 -46
59 1 40 5
29 -8 33 -5
-76 -2 -52 4
-35 -19 -29 -37
-32 -22 -42 19
-60 52 16 32
-54 55 -90 84
-66 100 3 79
73 21 99 -46
-57 -8 -176 -7
-261 -25 -248 -62
-133 -103 21 -126
133 -114 -19 -62
-6 -15 1 74
-3 138 -20 123
-40 28 -52 -85
118 12 49 27
-36 -12 -70 -86
-23 -127 68 -83
123 30 105 56
12 103 -52 134
-49 158 0 158
46 109 55 10
-83 -103 -73 1
-53 108 -39 148
-35 92 -31 -20
-14 -114 -50 170
-82 180 -52 136
13 53 68 -24
89 -59 93 -44
-182 -6 -55 14
32 13 20 3
-62 1 -135 16
-142 30 16 89
14 26 -10 -66
-37 -114 -51 -83
-57 -9 -64 40
50 35 66 -2
89 -28 105 -16
95 27 64 71
38 88 -25 52
72 68 152 40
169 -16 129 -69
68 -88 19 -65
28 56 -56 62
-99 56 -77 44
-19 33 20 24
5 15 -19 36
-15 77 -5 87
-1 69 -6 44
-18 33 -37 34
106 -56 21 -148
-56 -212 -87 -208
-70 -152 -35 -106
-13 -107 -84 17
-38 11 30 51
93 83 120 67
101 13 51 -33
69 65 65 74
47 36 8 -38
-47 -101 -99 -107
-124 -48 117 52
112 123 100 119
84 53 72 -26
74 -73 91 -72
129 71 129 -17
82 -111 25 -165
-1 -156 12 -93
36 -13 55 47
21 57 3 62
18 53 47 25
56 -12 30 -40
6 11 31 -2
78 -20 131 -25
168 -6 169 38
133 89 51 93
51 152 85 169
116 116 108 12
52 -90 -18 -133
35 84 61 127
52 125 15 89
-18 53 -25 40
-17 47 48 -105
-64 -11 -127 66
-101 99 -14 91
67 65 90 47
24 -103 37 -2
50 49 67 33
89 -20 107 -66
103 -76 38 11
-33 10 -46 -11
14 -21 96 11
126 77 68 137
-1 -20 -6 -72
33 -110 80 -101
86 -49 33 16
-53 61 -66 28
-76 85 -48 136
-15 162 -4 157
-12 135 -12 105
21 -7 99 49
99 82 16 103
-94 114 -158 107
-140 77 -78 -57
-55 -25 -14 29
17 72 12 78
-34 53 -92 24
0 -161 13 -140
26 -51 1 68
-66 148 -131 136
-135 37 -113 -15
-19 -65 70 -60
91 -28 40 -7
-30 -12 -58 -28
-74 -27 -26 -42
-7 -30 -25 -9
-52 -5 -59 -26
-39 -53 -14 -76
12 21 -6 99
-33 123 -32 102
1 70 40 43
52 126 36 98
47 17 82 -64
112 -95 108 -62
71 18 -63 71
-61 94 -42 72
-15 5 9 -71
23 -106 24 -79
-32 14 -101 17
-122 -4 -78 -35
7 -55 89 -54
127 -41 -73 56
-107 17 -78 -22
24 -20 154 35
240 114 237 164
-59 120 -154 68
-162 12 -90 -19
9 -25 80 -26
98 -39 32 38
23 1 1 -51
-12 -110 1 -163
40 -187 87 -168
50 -53 121 -62
170 -38 163 1
105 31 35 36
2 14 22 -42
67 -39 81 -47
62 -49 31 -34
17 -7 36 16
-91 -78 -22 -115
34 -86 32 -12
-18 62 -55 99
-25 90 17 69
108 101 130 101
75 71 -7 22
-55 -28 -47 -69
52 98 80 134
60 148 19 139
-11 117 -25 93
-33 70 -54 6
-93 -31 -72 -26
-6 39 58 129
83 184 55 163
96 -89 88 -133
56 -124 11 -62
-44 9 -105 38
-161 3 -208 -154
-248 -103 -169 38
-25 188 92 250
118 191 61 71
-64 -119 -80 -53
-75 17 -62 36
-51 1 -45 -46
-47 -66 126 45
86 16 9 -37
-53 -75 -58 -65
-5 -3 71 75
43 100 84 93
73 64 18 61
-39 98 -51 138
-8 131 45 -11
71 49 49 131
9 168 -15 113
-15 -7 -7 -112
37 22 -79 58
-130 49 -98 -3
-15 -54 59 -64
88 -27 17 -102
23 -79 35 -21
39 40 25 62
-3 26 -35 -45
-72 36 -120 74
-98 43 1 -40
121 -112 176 -111
122 -41 -29 74
-39 58 22 -10
99 -62 126 -48
82 18 10 79
54 107 100 81
111 56 86 45
40 34 -9 3
-54 -50 -109 50
-92 56 -17 102
53 154 49 164
-39 111 -139 18
-5 -15 48 -59
107 -65 110 -33
52 16 -13 57
-27 71 19 191
44 207 51 194
40 145 27 61
21 -35 13 -105
72 -29 84 -6
23 38 -69 73
-132 83 -131 73
-75 53 22 89
-14 74 -24 -2
0 -83 33 -113
42 -77 26 -10
-69 73 -47 65
3 32 18 8
-19 16 -64 52
-57 90 45 -105
95 -146 101 -178
59 -162 3 -86
-26 16 -13 83
-55 88 2 48
54 5 67 -8
38 6 2 22
-3 20 -11 -17
1 45 -3 91
-19 87 -31 40
-33 -11 -31 -29
24 59 55 20
51 -61 1 -129
-72 -136 -121 -79
-101 1 -78 127
7 177 66 192
75 171 48 116
22 43 15 -25
12 -72 13 -42
29 17 56 63
77 72 66 60
13 60 57 17
-6 62 -62 43
-74 1 -33 -8
40 29 108 69
29 71 3 -21
-27 -89 -41 -106
-37 -92 -35 -86
-53 -108 -36 -133
-106 -188 -113 -190
-65 -125 -2 -21
43 65 63 84
-52 -85 3 -70
52 0 67 75
52 102 42 66
59 6 3 31
-33 35 -76 27
-70 18 5 25
103 46 148 64
-51 33 -98 20
-75 62 -1 135
58 184 50 166
-22 87 -68 20
-91 -70 -115 -121
-125 -123 -112 -92
-81 -51 -49 -15
-117 -67 -101 -60
-34 -9 34 55
57 94 35 91
18 62 -4 -14
58 -12 69 -10
8 -23 -73 -52
-97 -83 -35 -102
43 4 28 29
-51 52 -124 59
-127 44 -51 9
49 -28 -59 -48
-12 -39 11 -29
15 -15 13 10
17 42 25 67
155 -27 72 -132
-57 -171 -143 -112
-122 10 -6 116
123 138 94 -76
71 -55 44 -10
20 36 -10 46
-57 2 -110 -80
-20 84 5 63
41 39 65 29
59 36 21 52
-37 66 -78 -87
-166 -47 -196 35
-153 98 -71 79
-1 -37 21 -189
62 -195 116 -122
149 36 130 181
62 228 -8 158
-27 23 -58 -35
29 -72 100 -79
107 -44 49 9
-33 36 -87 8
15 -1 15 -33
29 -10 26 43
-14 74 -79 52
-135 -6 -104 -20
-79 32 -45 87
-27 98 -33 50
-52 -27 -61 -77
130 10 132 39
102 43 45 12
-7 -24 -20 -17
9 45 -79 115
-70 153 -64 106
-29 4 37 -89
102 -126 126 -104
13 24 55 -65
81 -128 51 -125
-36 -65 -135 -4
-191 6 149 -65
67 -149 -19 -144
-47 -54 1 59
72 129 100 132
-40 -2 -119 -29
-128 -11 -97 39
-78 91 -91 113
-106 90 -86 32
-73 -13 -46 -62
-18 -89 6 -82
23 -55 24 -28
-20 36 -20 -8
5 -40 41 -36
54 2 21 49
-41 72 -157 147
-155 112 -98 19
-26 -57 22 -52
34 29 21 123
22 14 65 16
87 27 77 47
49 54 26 32
26 -6 54 88
79 106 85 109
66 75 31 19
-5 -17 -29 -3
-43 70 -83 99
-95 59 -90 -20
-85 -73 -81 -54
-64 31 -122 -71
30 -66 122 -77
98 -94 -15 -100
-132 -81 -173 -42
-37 175 21 147
69 99 92 48
89 18 62 19
12 41 55 104
23 53 -18 -30
-25 -94 1 -101
24 -58 2 -5
33 21 64 -18
109 -69 112 -108
35 -123 -99 -116
-206 -95 61 -132
198 -160 246 -140
177 -74 51 4
-45 48 -69 30
52 104 3 72
-53 37 -72 4
-41 -31 16 -67
53 -92 158 45
214 45 186 23
99 -20 11 -62
-29 -78 -9 -61
-76 22 -17 16
33 16 43 33
11 53 -39 49
-71 7 -14 103
-42 72 -73 83
-82 117 -53 132
5 101 54 32
32 58 69 -14
69 -44 31 -29
-28 6 -70 29
-62 24 -62 -16
8 -74 44 -100
21 -86 -44 -53
-106 -31 -121 -32
79 -53 97 -54
87 -17 32 34
-45 72 -97 91
-88 105 4 -118
-22 -162 -48 -193
-54 -189 -32 -140
8 -69 42 -16
55 -42 59 -31
21 -5 -50 15
-118 9 -141 -12
-108 -20 -73 137
-46 178 -23 118
-18 12 -33 -53
-60 -33 -82 39
5 -83 -30 -154
-43 -148 -37 -64
-23 36 -19 78
-33 45 -88 -84
-118 -100 -99 -84
-60 -60 -39 -40
-49 -20 -64 8
57 26 85 -17
69 -64 14 -81
-38 -53 -45 3
-7 53 40 -18
27 -9 11 -10
12 -12 25 -1
30 26 18 57
-9 38 11 12
50 -43 71 -79
60 -66 34 -15
15 31 -3 46
33 -31 47 -73
49 -65 42 -33
19 -8 -23 -5
80 -41 -3 -94
-55 -142 -65 -151
-46 -112 -19 -63
4 -61 53 63
7 -45 -36 -76
-66 -19 -76 67
-69 112 -55 93
-9 19 -26 11
-10 11 46 28
117 64 163 101
161 112 -32 5
28 9 102 49
130 101 70 123
-54 94 -168 38
-1 142 130 122
238 73 235 12
113 -30 -55 -34
-173 -6 18 67
60 -41 67 -108
35 -93 -11 -14
-35 70 -16 105
-91 -158 -35 -183
-14 -137 -25 -57
-38 9 -27 41
2 56 105 -132
76 -38 16 26
-26 21 -16 -38
43 -103 109 -131
91 37 145 -41
122 -98 52 -102
-4 -46 -8 43
36 115 -48 43
-107 35 -113 14
-44 10 71 28
167 42 189 24
-16 14 -30 -9
-4 21 50 65
91 63 86 0
39 -76 -133 -115
-95 -33 -25 37
41 28 73 -56
66 -147 27 -174
32 -22 43 -105
42 -142 37 -93
29 27 14 142
-9 175 -97 -41
-93 -76 -61 -49
-17 28 5 99
-16 112 -74 64
-78 28 -143 109
-113 170 -11 170
94 106 139 13
103 -63 280 40
207 38 101 15
-4 3 -80 18
-118 46 -121 52
117 36 126 13
110 15 73 38
21 52 -31 35
-65 -3 -15 133
-74 134 -94 111
-80 60 -47 -5
-10 -56 20 -74
-77 27 -72 22
-44 1 -6 -30
16 -67 1 -103
-49 -127 40 -18
70 8 83 40
57 66 2 75
-45 66 -46 43
-102 124 -56 75
-22 20 -11 -11
-14 -3 -12 31
1 56 -30 37
38 26 59 -6
14 -29 -68 -25
-125 2 -114 32
23 -26 60 -50
29 -55 -33 -32
-61 9 -20 43
59 50 144 55
123 37 34 -7
-61 -73 -110 -132
-103 -149 -67 -110
-76 -9 -109 34
-89 44 -25 47
40 63 62 80
26 72 85 68
10 34 -61 46
-98 80 -86 95
-36 69 27 22
-46 -103 -64 -94
-72 -60 -48 -11
9 42 68 83
81 96 109 52
14 4 -44 -59
-25 -94 36 -78
68 -20 31 43
-48 84 -44 100
10 84 80 56
128 41 136 44
110 47 94 -110
67 -171 -19 -176
-93 -113 -100 -20
-38 46 44 52
13 -89 -45 -41
-88 22 -78 73
-12 91 75 69
132 19 100 -16
50 -73 -6 -79
-25 -32 3 29
50 61 74 46
11 116 30 118
43 96 57 61
70 24 69 -17
45 -64 -59 -24
-52 -60 -25 -66
6 -57 22 -58
9 -76 -24 -89
-46 67 -53 49
-26 22 12 5
29 11 15 24
-13 12 58 7
64 -15 73 -21
70 -4 49 23
20 47 -6 70
30 -13 38 18
34 23 26 -11
24 -70 34 -124
44 -146 43 -93
-10 -135 -51 -142
-48 -106 -6 -41
32 22 25 55
-72 -81 -18 -102
56 -105 103 -106
80 -116 -12 -127
-111 -116 -197 -41
-236 -19 -159 -11
-17 -19 115 -29
181 -29 167 -17
-48 -151 -69 -119
-69 -49 -50 29
-28 78 -20 80
-27 45 70 -95
91 -213 85 -268
57 -238 31 -152
35 -69 72 -36
141 -2 148 -63
71 -109 -33 -126
-93 -111 -82 -63
-33 7 107 11
0 -20 -40 -52
15 -67 113 -52
164 -15 124 22
67 -99 82 -100
65 -64 12 -1
-43 53 -50 62
8 17 88 -32
128 -9 131 63
110 143 77 173
35 132 -4 47
34 -99 53 -100
69 -74 50 -31
9 12 -14 41
9 46 10 -89
51 -87 54 -39
40 32 27 86
4 90 -48 48
-51 -137 -130 -89
-161 8 -126 103
-53 141 13 102
43 18 96 55
153 53 149 49
80 40 -12 31
-67 29 -55 32
145 34 169 32
112 47 14 52
-65 22 -93 -32
-79 -67 -12 -122
-34 -70 -43 -10
-37 29 -28 48
-38 62 -69 73
65 -49 77 -74
91 -117 94 -150
68 -146 8 -94
-64 -7 45 -165
31 -121 5 -60
-30 -16 -62 -10
-76 -39 -68 -79
140 -68 143 -25
136 23 112 49
64 45 1 24
-46 7 52 -102
53 -85 75 -65
95 -47 96 -36
75 -37 31 -47
92 -29 74 48
35 77 1 35
-19 -53 -23 -131
-15 -152 -99 -8
-103 -24 -103 -68
-99 -120 -77 -147
-30 -128 30 -74
145 -23 92 -5
9 -6 -49 -15
-50 -18 -7 -8
44 6 70 -11
73 -20 77 -13
63 11 25 41
-27 57 -71 46
103 -45 77 -20
22 -15 -21 -25
-29 -39 -11 -50
-2 -62 -55 85
-42 56 -4 22
30 -1 31 -17
-2 -35 -30 -56
66 2 84 39
36 87 -61 111
-133 92 -111 43
8 1 80 45
67 46 23 60
-10 65 -2 50
41 20 84 -12
-144 74 -87 40
-51 -15 -56 -51
-96 -41 -139 3
-142 41 12 45
64 9 69 -25
3 -33 -98 -23
-163 -27 -146 -66
60 76 35 3
-14 -46 -44 -51
-31 -24 10 11
39 35 -73 38
-36 57 70 61
180 59 213 59
136 57 2 38
-144 46 -44 -14
48 -40 73 -10
36 51 -6 95
-2 87 48 -115
28 -127 -31 -90
-75 -24 -63 22
-7 18 42 -26
17 20 -49 79
-79 114 -43 89
43 15 121 -56
136 -80 -1 -4
-38 21 -49 12
-23 -11 14 -20
23 -9 -12 9
-74 -3 -70 62
-43 135 -18 174
-10 152 -7 91
10 37 155 -52
205 2 181 26
96 14 7 -3
-35 5 -20 43
129 -101 173 -35
127 25 23 55
-71 54 -106 52
-83 75 66 80
29 86 -29 25
-52 -55 -15 -89
57 -51 115 20
-5 139 -31 81
-30 27 -2 3
32 -2 41 -17
10 -53 8 -14
-96 4 -161 8
-155 -9 -103 -41
-60 -67 -60 -75
-81 -12 -164 -66
-170 -75 -111 -47
-38 -20 10 -26
21 -69 -8 -22
-31 -20 -58 13
-93 47 -128 57
-144 37 -129 9
117 10 146 40
140 34 108 -3
78 -38 73 -31
89 24 -90 37
-60 61 -40 46
-30 2 -28 -39
-30 -46 -29 -13
-5 21 44 28
60 43 22 62
-49 68 -114 50
-134 19 25 -43
20 1 5 55
-18 58 -43 -1
-60 -77 -56 -107
40 -4 38 -27
46 -74 60 -113
73 -104 78 -32
68 69 39 -22
140 5 170 -10
120 -40 34 -46
-18 -17 -2 27
83 -96 121 -85
43 -45 -89 8
-179 45 -175 44
-105 6 -13 51
-89 19 -127 -28
-99 -63 -29 -64
36 -35 64 1
-105 11 -65 -10
8 -22 58 -4
47 47 -16 102
-82 124 -41 8
-1 0 46 -21
68 -26 53 -5
19 34 -4 76
-14 -88 55 -33
103 52 102 114
58 117 10 65
-12 -1 20 32
48 17 66 -39
51 -102 -6 -119
-90 -63 -160 38
-19 -68 22 -82
78 -79 107 -27
104 50 98 89
110 40 67 70
80 22 23 -3
-66 -22 -131 -50
-131 -75 -70 -66
-30 84 -6 137
19 121 29 60
23 13 8 15
1 53 -88 108
-118 69 -104 4
-57 -54 2 -81
49 -71 66 -36
56 0 26 10
-14 16 -31 14
-16 4 10 -13
12 -36 -13 28
-67 36 -104 57
-96 68 -43 50
30 11 88 -18
-116 -67 -75 -12
-41 43 -18 46
-5 -11 2 -81
10 -97 2 -169
-67 -115 -112 -30
-115 36 -81 54
-29 28 20 -7
-30 -36 -18 -3
33 -6 75 -52
61 -100 -11 -95
-93 -25 -77 36
-46 24 13 -44
40 -95 12 -80
-45 -25 -75 9
-63 20 -57 -48
-8 -51 64 -6
126 28 152 9
132 -51 -54 88
-81 29 -74 -9
-51 -23 -35 -18
-34 -1 -44 28
139 -69 111 29
42 134 -21 163
-38 91 -12 -21
20 -74 93 -5
85 19 50 15
5 -25 -32 -66
-50 -71 -42 -39
-54 -95 -38 -100
-11 -85 17 -46
37 -5 41 4
37 -32 -11 36
61 84 123 157
130 222 82 240
23 202 -1 129
101 72 135 67
108 40 51 -2
7 -35 -6 -37
1 -9 25 72
-31 32 -14 -33
44 -62 73 -20
33 66 -49 134
-92 -133 -21 -188
64 -178 99 -115
65 -49 -1 -27
-48 -49 189 94
214 105 188 93
137 53 100 2
98 -31 115 -29
36 165 55 101
76 9 104 -65
116 -85 84 -47
7 18 26 -24
17 44 16 84
-5 56 -56 -37
-112 -146 -131 -192
-27 -83 -26 -8
-11 64 13 69
35 6 47 -68
49 -95 -110 18
-113 57 -59 50
5 2 40 -57
45 -91 46 -87
109 37 42 87
-50 129 -110 144
-100 124 -38 80
17 34 0 86
-48 97 -41 74
1 30 21 -10
-17 -27 -97 -22
73 -47 180 -69
226 -61 178 -29
63 7 -48 28
-95 31 37 -19
-14 22 -54 60
-62 90 -33 105
15 98 54 63
-32 101 -42 65
-11 15 40 -26
68 -36 50 -4
-7 60 71 -79
5 -19 -37 54
-37 116 -2 146
45 143 69 115
-82 -137 -27 -71
11 10 26 49
16 17 -8 -58
-27 -116 -96 16
-36 86 49 115
98 81 75 7
-4 -60 -86 -83
-17 81 3 51
-14 29 -60 15
-95 -1 -84 -24
-28 -45 31 19
18 87 -6 146
-16 152 2 103
40 41 78 13
50 52 102 81
98 62 33 26
-61 12 -129 26
-132 41 -106 -223
-50 -278 6 -239
40 -128 46 -16
34 39 19 32
27 -30 27 -11
36 28 45 57
45 52 34 8
17 -57 24 25
70 -54 108 -87
109 -70 58 -31
-28 -1 -99 14
-90 8 -51 -2
16 -24 60 -60
61 -84 40 -65
19 0 64 93
89 58 27 -18
-75 -92 -152 -118
-162 -92 -109 -45
-34 56 13 12
49 -27 41 -32
-11 -9 -67 12
-82 3 61 -18
140 -64 142 -69
70 -42 -15 -13
-45 -13 -2 -47
-71 3 -7 -30
-18 -64 -92 -78
-171 -69 -194 -53
-136 -45 -58 85
18 73 78 79
99 73 78 28
30 -45 -25 -101
-59 25 -86 67
-92 74 -77 12
-48 -91 -14 -156
14 -123 -48 -58
-52 108 -86 206
-105 180 -78 59
-21 -68 16 -120
60 22 37 73
39 139 71 168
101 131 101 44
75 -40 -8 9
28 24 39 26
-5 4 -89 -18
-163 -5 -186 46
56 21 39 59
16 60 11 39
32 14 63 -2
66 0 29 -143
-38 -70 -71 -20
-43 -13 17 -31
50 -37 28 -15
-106 -85 -93 -124
-14 -114 74 -74
111 -58 78 -103
5 -191 76 -48
11 -27 -41 12
-53 32 -35 24
-18 10 -27 14
-114 -12 -142 -35
-97 -82 -5 -116
85 -102 135 -40
133 39 22 -60
-6 13 -32 65
-38 72 -22 40
6 -2 30 -24
45 -19 80 -37
86 -76 54 -115
0 -129 -50 -114
-76 -92 -25 130
-28 55 -33 -27
-28 -69 -15 -58
-18 -18 -48 14
-30 98 -47 55
-18 -6 34 -58
69 -85 56 -91
-9 -87 -33 -17
-94 10 -92 69
-25 119 53 122
76 73 28 8
-114 137 -134 126
-115 68 -92 -4
-94 -45 -117 -30
-136 26 -80 -46
-27 -32 22 7
53 49 58 63
42 42 17 7
55 39 108 47
128 37 95 13
19 0 -64 15
-117 47 23 6
31 -26 28 -61
2 -72 -43 -48
-81 -6 -82 29
61 -91 94 -85
76 -65 33 -45
16 -36 51 -32
105 -25 156 179
56 138 -61 42
-106 -60 -60 -108
18 -78 51 7
52 190 -49 175
-94 84 -81 -33
-47 -111 -33 -114
-44 -58 -66 150
-85 110 -69 52
-28 10 25 0
76 15 108 31
50 95 100 87
120 24 105 -60
63 -111 14 -92
-19 -14 -22 -9
6 73 19 89
8 56 -13 17
-19 7 -4 29
12 -7 20 25
18 48 29 56
59 46 91 20
99 -15 22 -6
72 -32 103 -46
96 -43 56 -28
6 -20 -19 -34
5 -4 28 -50
-6 -60 -88 -25
-164 30 -182 67
-126 69 99 92
70 81 37 62
19 41 16 24
13 10 -3 -2
-5 -63 31 2
55 63 36 92
-31 80 -112 46
-151 20 -101 29
-6 -27 78 -101
106 -162 74 -182
12 -152 -43 -95
-8 -7 -98 63
-144 83 -110 52
-13 -5 83 -51
111 -62 72 -13
16 -69 -1 -110
15 -112 24 -74
-9 -24 -73 7
-77 -40 -110 -89
-88 -129 -20 -131
57 -80 105 10
99 94 1 7
31 -67 37 -110
22 -77 4 10
7 80 37 78
-15 -85 -32 -180
-79 -179 -122 -105
-124 -22 -80 15
-18 0 -37 -90
-31 -37 -1 48
54 122 107 133
117 59 62 -65
133 -147 80 -154
23 -96 -7 -21
4 23 44 17
84 -19 -68 72
-16 74 15 18
13 -56 -21 -88
-70 -52 -104 24
9 162 10 96
-4 -1 -47 -66
-103 -67 -130 -23
-91 18 61 25
65 24 57 29
48 20 53 -23
66 -96 70 -166
-19 90 -66 58
-87 -4 -88 -84
-90 -146 -98 -155
-98 -104 55 -22
24 -77 -33 -121
-87 -130 -102 -100
-65 -58 -5 -32
78 -60 49 -64
4 -29 -20 -9
-3 -47 41 -132
80 -202 -5 -21
-69 0 -134 -34
-163 -108 -137 -151
-67 -112 6 -6
-15 81 -76 41
-136 -39 -137 -94
-63 -94 46 -67
122 -55 -12 -91
-20 -72 8 0
59 66 92 69
77 9 19 -59
-38 -57 -33 5
-12 43 -3 47
-28 39 -74 37
-99 40 -91 -65
-6 -56 87 -18
115 46 66 103
-4 111 -34 59
161 -70 126 -62
9 -26 -103 18
-133 53 -81 77
-14 91 -182 -58
-146 -16 -37 26
70 71 89 108
5 116 -104 79
-10 -45 50 -90
73 -100 24 -78
-66 -46 -133 -27
-145 -34 61 108
28 131 4 143
9 142 33 122
53 79 47 25
68 -90 70 -103
54 -97 30 -87
6 -73 -19 -45
-40 3 18 76
19 91 33 62
21 -2 -30 -66
-93 -94 -121 -70
-44 14 14 84
71 146 92 157
63 99 3 -6
-48 -105 -104 24
-88 40 -56 68
-22 84 9 74
33 45 40 17
78 -41 35 41
20 101 50 99
102 42 130 -27
105 -55 6 25
-31 31 -44 10
-18 -11 33 -6
82 18 105 21
-153 1 -84 -65
-6 -94 34 -78
27 -50 4 -41
7 -52 4 -25
71 -23 91 -36
50 -62 -21 -92
-74 -115 -75 -129
11 -86 -30 -73
-85 -47 -123 -30
-110 -34 -42 -45
46 -35 -42 2
-65 3 -70 -56
-50 -134 -20 -163
0 -108 0 -2
59 116 112 71
120 18 78 -10
16 -12 -22 -12
-25 -25 37 19
84 30 92 10
80 -50 68 -123
54 -162 35 -140
-32 -44 7 -51
32 -58 30 -34
10 24 -12 81
-30 88 -69 51
-141 11 -187 9
-165 50 -89 95
-18 96 1 41
-9 21 -11 10
25 27 60 44
56 40 6 19
-61 5 -28 1
-80 2 -103 -34
-96 -77 -77 -84
-67 -44 -60 8
-134 86 -71 5
24 -71 81 -87
72 -43 24 16
-6 43 -26 -96
30 -164 56 -196
44 -192 15 -157
-6 -92 -10 0
-92 105 -36 125
22 98 63 41
74 -4 54 -15
18 -5 -96 -21
-85 -89 -27 -156
43 -171 80 -122
66 -48 25 -6
-18 106 -56 85
-52 68 -10 65
48 61 97 37
114 -7 -33 143
-13 111 14 23
38 -83 48 -148
36 -141 7 -84
-1 154 47 13
96 -111 111 -139
77 -65 13 40
-41 90 26 80
17 49 3 36
-14 41 -19 44
-4 39 25 39
-55 54 -62 97
-48 104 -33 61
-37 6 -58 -8
-61 36 -10 32
49 80 65 90
23 75 -36 57
-53 48 -11 57
-51 -79 21 -25
102 12 154 -13
150 -89 94 -152
29 -144 -145 -63
-24 -49 81 -70
111 -112 63 -142
-14 -144 -67 -120
3 -44 -91 -21
-158 34 -170 71
-129 46 -66 -36
-12 -119 -10 -72
61 -25 95 33
72 54 17 19
-25 -52 -26 -114
57 -32 22 -32
-51 -8 -108 10
-113 1 -78 -23
-50 -31 -81 -24
-65 46 -8 83
54 55 55 -21
-32 -97 -161 -132
-76 155 -66 185
23 160 95 94
71 29 -41 1
-159 14 -61 -48
-72 -5 -63 33
-61 65 -73 83
-82 81 -70 55
-134 -22 -118 -38
-82 -24 -26 -1
41 5 100 -8
134 -17 -36 -100
-56 -40 -69 13
-64 11 -29 -40
33 -86 102 -74
101 44 135 116
125 119 78 63
24 1 -1 -19
24 5 -76 -39
-26 -48 -5 -69
-31 -62 -80 -15
-103 49 -70 88
-71 48 -61 58
-54 51 -58 19
-70 -32 -82 -77
-93 -90 -2 -8
7 93 18 151
45 146 77 95
89 39 65 9
27 -8 29 3
54 0 93 -16
124 -41 130 -67
108 -81 17 123
-6 103 -32 72
-39 27 -11 -21
45 -48 95 -39
65 22 -8 62
-84 46 -106 -18
-65 -79 3 -91
45 -45 4 136
67 115 142 36
175 -54 139 -106
57 -105 -15 -78
-30 -20 -23 -40
-26 -64 -40 -67
-51 -45 -41 -10
-1 14 -8 -28
72 -38 114 -24
90 11 28 44
-19 47 -22 11
76 95 79 42
51 0 20 -33
9 -69 16 -108
27 -133 -80 42
-130 20 -114 -15
-49 -52 15 -67
32 -44 -3 5
28 94 37 86
63 52 73 19
48 3 -3 -2
-49 -8 34 -65
45 -70 60 -78
67 -102 58 -131
35 -132 11 -81
63 105 115 143
127 132 67 85
-47 34 -148 2
-166 -12 -156 47
-49 34 45 1
78 -41 50 -75
-6 -82 -56 -59
102 -56 43 -32
-8 -15 -14 -7
26 -6 79 -14
99 -22 21 -67
34 -48 53 -7
63 26 50 30
14 7 -21 -25
-11 31 8 -17
31 -5 31 53
1 112 -39 128
-60 93 -115 45
-92 39 -48 38
-12 40 0 50
3 68 17 93
22 -6 85 16
110 40 81 41
27 10 -5 -30
13 -45 8 4
71 44 95 18
88 -46 75 -85
68 -64 57 -6
44 21 -39 -57
-64 -106 -14 -82
64 2 102 83
69 106 24 121
-10 96 -36 43
-47 2 -37 10
-3 72 42 152
66 4 26 28
-23 17 -43 -12
-33 -34 -26 -28
-46 9 -102 -58
-123 -18 -50 34
64 75 145 91
150 76 99 37
-55 40 -76 17
-91 4 -91 14
-66 34 -26 38
1 4 2 -16
-27 -40 -59 -40
-51 -11 7 27
78 49 117 39
-41 0 -76 -42
-50 -67 11 -70
53 -63 34 -65
-29 -78 -53 -101
-44 -59 -11 32
11 110 9 119
-2 50 3 -44
-40 -125 -57 -122
-50 -79 -15 -32
34 -5 70 1
72 -6 32 22
21 2 15 -18
23 -11 52 24
95 64 127 73
-64 36 -52 51
-49 54 -17 51
50 46 120 47
148 55 -13 -23
-28 -1 -41 14
-45 15 -32 1
-1 -23 37 -43
109 67 73 115
-18 164 -100 171
-112 117 -42 17
60 -85 44 -101
35 -95 -11 -57
-46 13 -38 96
4 161 43 183
-80 6 -4 -12
112 -24 216 -9
242 34 167 81
29 101 26 95
82 62 113 23
98 -8 52 -23
10 -16 -7 15
13 -54 -5 -100
-51 -116 -88 -83
-93 -11 -69 59
-40 84 -73 47
-35 22 -11 20
-35 38 -98 58
-145 63 -123 55
9 80 37 60
0 56 -66 61
-99 56 -75 27
-26 -21 -34 -139
-162 -121 -200 -71
-108 -20 60 10
194 16 208 16
122 -145 38 -123
-48 -70 -78 -13
-45 28 10 46
34 61 -14 -65
-76 -31 -82 6
-29 29 45 49
96 74 107 96
26 -24 -14 -128
-54 -193 -85 -175
-94 -92 -81 -8
-57 28 97 -12
107 10 66 37
-5 44 -79 17
-130 -34 -144 -83
-41 -2 -29 -22
39 -24 115 -11
138 -2 83 -19
-25 -61 -19 59
-126 103 -182 169
-169 220 -104 215
-29 141 16 24
21 -36 10 -26
7 -6 7 4
-3 -14 -33 -52
-69 -86 15 -83
36 -27 73 45
99 96 94 95
65 38 34 -45
-50 -13 9 -6
70 17 108 24
109 1 75 -33
26 -43 -23 -56
72 -31 122 -26
96 -35 22 -34
-37 -7 -33 35
74 89 80 130
49 106 15 33
11 -42 35 -76
59 -60 -26 128
-29 118 -16 27
0 -86 -1 -147
-22 -129 -50 -55
-76 -36 -57 30
-29 107 -11 138
-11 85 -20 -26
-17 -116 -60 -49
-38 64 -8 105
20 22 39 -125
34 -221 -3 -196
-86 28 -100 96
-56 48 16 -54
56 -117 36 -95
-14 -21 -39 1
26 -71 108 -148
145 -167 116 -106
56 -5 12 66
61 11 62 -24
52 -41 68 -19
125 30 185 71
190 80 -56 -12
-120 -10 -123 -11
-68 -11 -5 -6
25 1 18 4
-81 30 -46 -14
4 -29 45 -19
63 -9 58 -17
40 -39 -168 25
-94 20 -14 -10
37 -60 49 -98
40 -87 41 -24
-154 84 -97 58
-17 27 40 26
45 62 2 110
-60 138 51 44
64 23 46 -7
8 -50 -13 -87
13 -81 77 -18
1 9 12 47
-1 -11 10 -119
63 -189 116 -171
107 -91 -45 107
-114 10 -137 -66
-105 -58 -61 25
-50 109 -73 120
-117 -87 -124 -119
-83 -88 -29 -11
12 60 34 81
43 47 -124 39
-139 79 -113 140
-61 170 -7 129
30 32 48 -51
23 -25 44 54
33 120 4 126
-11 82 8 33
42 6 82 85
17 37 -59 -3
-84 0 -33 35
63 56 145 31
50 -24 11 -38
-23 -13 -27 43
4 95 50 103
80 59 -65 -139
-87 -131 -80 -63
-60 17 -51 54
-64 35 -79 -4
-139 72 -43 82
87 78 177 49
182 9 108 -16
1 -10 14 153
-95 199 -156 151
-132 35 -35 -79
80 -124 152 -89
