0 0 0 0
0 0 0 0
0 0 0 0
0 0 -2 1
-4 3 0 -3
0 -1 -1 -1
3 0 -3 8
7 -2 7 -20
3 14 -3 8
-6 8 -18 8
31 -30 -27 189
234 -110 54 -39
50 -6 46 17
42 49 28 -197
-306 -296 -270 -66
-34 -61 -8 -55
19 -52 53 -53
77 -132 -482 -822
-18 -236 152 -21
112 30 92 73
77 134 158 352
-433 -346 -263 415
-16 99 -24 47
-24 29 -16 24
-22 215 63 -184
30 -244 18 -36
33 -20 42 4
47 43 39 177
372 29 -33 -241
41 -84 60 -46
76 -19 115 15
-8 346 234 -294
27 106 -58 35
-47 5 -45 -15
-54 -42 70 253
143 1097 -62 -424
18 -124 35 -70
48 -45 61 -34
3 -210 -257 866
-7 -93 -68 66
-83 39 -105 2
-152 -61 -504 -308
435 -106 -231 -287
78 -24 64 16
50 51 23 103
-138 121 -242 130
-282 -143 -77 -53
-28 -67 9 -72
64 -73 -193 -232
-86 106 291 35
71 127 -2 100
-49 82 -107 48
-504 104 113 244
130 -415 -41 -48
-10 -28 -4 -20
-13 -21 -147 -77
-171 118 409 -37
95 -4 49 30
21 46 -16 65
-122 -442 393 -121
319 45 -6 87
-21 53 -35 39
-44 29 -789 -125
-160 29 -55 243
5 12 -15 13
-24 2 -40 -28
-83 -319 -223 -1
-182 -79 -85 53
-71 -1 -64 -35
-52 -81 32 -542
245 -264 349 15
73 3 50 27
34 45 21 77
25 -127 239 172
315 -11 17 52
-4 35 -16 24
-21 7 -195 190
279 133 277 259
85 134 16 131
-44 133 -145 140
-196 316 -182 -361
189 146 37 -49
60 -12 68 23
78 81 268 67
-503 -411 -437 164
66 -37 41 -19
45 -11 68 5
315 142 -131 -389
100 -502 19 39
23 21 25 28
24 49 200 -129
108 43 419 -139
66 -94 60 -32
51 -4 49 7
199 -222 621 131
101 -153 105 -53
85 5 62 45
17 88 388 -392
523 185 -334 -1
-35 -18 -16 -10
-10 -2 -12 12
-200 -545 307 75
-231 -195 -17 -125
29 -87 56 -64
96 -53 333 92
-360 27 -136 112
89 12 49 38
22 58 -16 81
72 386 -106 -70
95 112 75 74
35 65 11 72
-20 92 245 89
290 -18 -58 -526
9 -50 32 -42
54 -25 92 9
596 -62 -277 -236
165 -237 -7 -67
21 -44 42 -29
70 -11 -153 -96
198 63 42 251
13 40 0 32
-11 31 -29 36
-219 198 -510 -362
171 39 -7 127
-51 81 -76 46
-106 8 -443 145
-95 77 125 -76
-7 -3 -4 -1
-5 -2 -15 -10
63 246 -37 -57
-216 111 -85 -34
-45 -46 -23 -57
2 -67 383 -199
291 -278 -355 199
-42 -72 -10 -54
12 -49 39 -50
-82 156 109 -209
75 224 66 55
32 51 11 57
-19 76 153 669
-91 -449 208 -31
173 9 129 66
95 122 47 212
-127 226 623 282
-140 -101 -69 39
-62 7 -61 -20
-58 -61 -213 -91
387 -669 463 434
-17 65 -19 40
-27 30 -47 28
23 43 674 -318
86 -376 237 -119
196 22 158 121
98 246 -64 627
191 362 -450 117
17 36 13 27
8 31 6 52
32 -178 601 -161
-149 464 -35 55
-42 26 -46 6
-56 -20 -492 84
86 112 324 10
-42 84 -46 35
-51 8 -64 -19
185 86 224 469
415 44 -15 -134
23 -86 49 -70
88 -57 406 -102
582 171 308 24
58 -3 33 17
14 31 -16 36
-103 192 -652 97
227 359 42 47
2 53 -26 47
-64 44 -144 -135
-101 -206 -7 -266
42 38 8 20
0 7 8 -11
-391 -51 -194 142
124 -25 4 18
2 11 2 9
-1 9 -36 45
-226 -164 -542 -139
-85 -85 -41 -82
-8 -93 34 -122
147 -189 -206 498
251 40 97 177
7 141 -51 123
-119 113 -379 -28
-196 464 -19 -435
-23 -146 36 -89
64 -58 93 -33
31 240 86 -22
-27 36 71 -4
24 27 -12 34
-71 21 147 -316
107 -298 -109 -162
23 3 31 8
35 26 49 62
75 179 234 457
57 410 -41 98
-55 70 -86 53
-158 32 -246 126
408 113 223 -7
-41 -81 1 -66
35 -53 84 -28
123 -368 -332 141
222 83 20 18
0 13 -8 5
-7 -10 -245 51
22 -245 166 139
-23 61 -37 23
-42 -3 -42 -36
54 -309 -113 556
116 -101 24 23
7 26 -7 23
-17 15 90 18
357 -150 338 480
68 168 -3 159
-76 154 -192 153
-547 344 213 -567
-411 181 -52 0
-27 -16 -8 -20
13 -8 -113 297
154 230 342 137
40 32 27 41
9 53 -31 73
117 420 368 -176
-84 -264 13 -107
34 -71 60 -47
96 -17 556 -291
363 -445 -429 -275
-96 -61 -22 -75
29 -70 89 -46
444 174 -443 289
63 36 3 -158
61 -104 105 -64
168 -7 218 534
104 -144 -295 516
-189 59 -149 -20
-128 -83 -113 -168
-223 -34 451 19
9 -150 20 -81
27 -30 25 -5
4 18 25 187
-406 -77 -24 133
73 14 55 28
43 49 31 90
192 134 88 151
-277 -234 -3 -124
28 -87 59 -68
105 -47 202 -130
-36 362 9 -133
14 79 -16 44
-29 26 -35 12
-461 -271 -313 -516
-253 -1 -120 -59
-55 -76 -14 -91
42 -112 -119 43
325 -194 71 226
85 29 54 45
35 63 8 93
-25 269 -189 -196
-164 81 22 -73
54 -42 78 -8
104 57 -38 223
306 67 -329 -393
-82 -163 -10 -148
54 -147 153 -157
265 -221 285 155
92 -70 20 -8
9 2 -1 3
-12 -9 -203 159
-91 208 400 260
43 84 -5 81
-49 74 -122 58
-372 -206 -12 -417
46 239 39 4
32 5 35 17
53 43 -144 40
-38 587 54 -275
16 14 -4 25
-24 23 -59 8
-100 51 316 -125
-112 2 58 -47
55 -9 52 18
51 47 -168 184
-138 -513 52 113
0 17 4 5
4 6 -1 12
282 101 -8 -221
-215 109 -60 -1
-34 -19 -13 -26
11 -13 60 -656
-96 -49 -27 -290
7 -68 41 -55
77 -36 135 7
-305 204 -532 503
-76 -167 -66 -69
-30 -63 -9 -72
21 -108 -372 186
200 -302 -433 364
5 105 -37 85
-74 71 -150 51
-72 -121 21 -57
209 -392 175 30
118 78 73 123
24 186 -383 109
294 -372 -165 -134
-27 -15 -15 -13
-8 -12 -9 -14
6 302 106 107
-506 99 -123 2
-82 -41 -54 -71
-12 -113 187 -95
-86 -453 -357 -206
12 -33 13 -22
22 -18 36 -15
142 391 -47 -103
-245 -44 -97 44
-72 -9 -54 -36
-40 -66 28 -4
-45 229 78 324
-117 86 -114 33
-125 -20 -141 -107
-61 -293 -45 -758
-35 728 1 64
-15 41 -24 34
-39 40 284 403
-31 -240 -272 238
-125 -11 -65 -56
-27 -78 28 -96
143 61 -146 -313
681 -61 159 -69
122 8 99 57
73 114 215 229
-104 -21 -97 354
-36 -8 -26 -26
-14 -41 13 -64
-94 -375 -296 -365
303 66 118 -30
93 3 88 34
97 84 172 300
-521 -42 159 -266
77 115 10 80
-22 58 -35 35
-60 -491 653 49
-34 152 -99 31
-79 1 -77 -30
-79 -90 -347 -182
752 -172 -532 336
-13 -5 -3 -2
3 5 -5 26
364 463 213 -339
-246 -116 -21 -62
25 -51 57 -29
94 22 381 148
-163 -433 90 -237
26 -104 54 -70
84 -47 136 -12
277 -245 -697 -204
44 -72 -64 -51
-38 -67 -8 -86
43 -128 -71 -78
192 194 518 -44
37 -45 42 -16
44 6 42 36
-49 563 718 -319
54 -191 9 -36
18 -25 26 -15
33 -2 248 267
270 -41 -444 -240
-113 -77 -53 -68
-27 -68 -11 -75
-126 -243 237 234
215 340 84 148
7 123 -45 108
-115 89 -278 162
-31 280 685 -275
132 -48 122 10
112 63 104 151
-54 351 -296 -402
181 76 -66 7
-61 -9 -60 -35
-62 -86 -370 -398
-242 -123 -37 -277
35 -92 46 -61
67 -45 107 -29
515 -150 338 -224
179 -133 120 -22
93 29 68 67
33 118 149 172
-42 -500 -254 -264
4 -154 48 -103
84 -69 135 -30
46 -35 30 139
-90 -58 19 41
-10 30 -27 18
-47 -5 -477 -178
508 -346 -354 -368
-1 -106 36 -71
67 -47 115 -26
43 699 -427 666
-479 18 -61 2
-54 -15 -51 -36
-66 -69 103 -167
48 -155 -453 -200
-35 -69 2 -73
40 -71 103 -67
120 -128 -330 12
210 -455 69 -43
69 -16 74 13
90 58 454 374
400 145 456 -383
54 -10 48 12
39 33 26 61
-203 358 365 476
171 -334 30 -163
75 -73 90 -15
86 55 254 258
143 -169 -16 226
-47 -57 -19 -53
2 -57 30 -64
82 -505 207 258
-10 216 52 91
-10 82 -50 67
-97 40 -554 -20
388 -87 138 -358
72 40 38 51
9 65 -37 83
-243 423 -335 506
-308 15 -125 56
-108 4 -101 -39
-102 -104 -250 -410
-463 108 304 -323
34 -10 14 4
3 4 -8 -6
108 -99 -62 392
-239 152 -60 -53
-23 -40 -7 -36
5 -42 -140 19
160 -459 -312 52
102 31 53 53
19 72 -30 96
-61 175 -27 -253
-219 343 -107 120
-99 46 -100 -1
-99 -55 434 -376
531 59 -259 -235
92 -32 73 7
67 40 59 100
382 138 -663 -79
549 -130 65 138
10 103 -26 87
-55 77 -481 70
-208 -223 180 309
-26 48 -39 24
-48 1 -58 -37
256 -74 271 273
34 -80 145 -17
107 44 77 90
34 152 -129 427
-215 76 220 608
28 112 -21 84
-54 65 -104 44
63 -44 -246 -519
-237 135 -110 26
-67 -40 -21 -70
56 -71 -187 -560
238 -105 -170 286
-137 -26 -89 -65
-50 -107 14 -179
-366 -63 261 221
530 11 61 168
-13 131 -70 109
-159 80 125 289
59 -255 67 59
31 -5 27 25
15 45 -6 89
325 21 321 286
-294 -39 12 -11
16 3 12 14
6 28 -303 -98
226 40 -292 113
4 -4 -5 -1
-11 -2 -22 -16
30 -19 -483 67
33 -287 0 81
-20 32 -21 9
-1 -4 -47 109
53 -45 17 -11
-166 -73 -86 -99
-37 -128 25 -178
243 2 45 428
148 -38 109 7
56 40 25 57
-15 75 60 329
70 -196 -597 -262
-55 -113 10 -86
47 -61 79 -28
13 -157 -11 -181
-284 84 -41 -20
-13 -24 0 -20
16 -10 -18 -109
563 -688 128 -293
48 -82 72 -46
92 -7 115 53
235 362 -394 -211
319 24 -16 -46
17 -39 40 -29
78 -2 193 -89
-186 187 -297 -318
9 -238 73 -165
135 -123 235 -79
367 78 -74 508
-348 221 3 157
-67 98 -113 46
-165 -35 -524 -638
-299 36 29 -473
65 48 36 55
8 69 -36 91
-139 -113 481 145
-396 -577 -52 -149
25 -91 59 -54
85 -7 112 -10
-92 -117 -92 361
-32 -42 -6 -38
13 -30 36 -14
61 -252 -530 -31
-270 -83 45 -106
57 -75 85 -55
147 -37 164 506
323 -440 -319 346
-177 128 -158 31
-154 -38 -167 -123
-307 -176 503 -371
-7 -1 -7 -8
-2 4 -6 14
-26 26 -217 184
195 -692 36 -12
5 -31 30 -26
53 -9 94 30
154 600 -91 -606
10 292 -19 2
-17 -10 -13 -21
-9 -35 83 209
731 46 210 -196
82 74 32 74
-6 81 -52 93
-228 -200 -151 -175
268 -124 65 -44
65 -6 62 23
66 56 -54 389
-22 -17 -169 443
-56 69 -61 32
-68 8 -93 -17
-98 -175 -123 -263
94 36 -4 -71
36 -45 58 -20
78 17 288 -249
155 160 350 -465
118 -113 100 -39
96 8 99 61
188 -81 -26 -512
-102 139 -194 37
-120 -41 -75 -86
-20 -133 144 -439
172 101 550 710
33 25 1 35
-21 35 -55 29
-43 -10 -20 -986
-47 -98 82 33
69 37 65 65
69 135 34 135
590 62 -511 -239
-156 -182 -31 -157
44 -140 130 -113
53 -177 -78 -121
182 -652 194 -128
170 -37 170 32
191 116 -74 755
-210 -365 -254 279
-124 12 -79 -21
-59 -50 -43 -83
153 325 -190 -350
-288 441 -54 52
-58 14 -55 -15
-54 -43 167 20
204 -177 -44 -61
70 14 53 19
49 36 60 74
-84 557 262 111
-75 204 -87 -35
-46 -43 -30 -53
-25 -74 -63 -256
-291 -182 7 236
3 24 -2 5
7 -1 29 2
-61 -48 36 -218
-104 572 -78 83
-89 43 -106 4
-136 -68 36 -256
-339 127 -349 -484
1 -114 29 -89
62 -68 107 -40
406 -270 82 117
-19 77 -67 -13
-36 -37 -9 -58
40 -81 -7 -257
215 -150 64 452
-136 100 -125 25
-122 -29 -122 -95
-537 -58 460 304
-56 -181 -58 -91
-20 -84 8 -90
51 -122 370 -45
-87 424 246 165
-8 -8 -13 -5
-16 -9 -28 -18
102 -191 -122 -105
-84 46 -16 -28
-2 -30 13 -35
46 -43 59 -148
568 568 141 200
51 20 30 25
19 31 8 55
-243 -9 -229 -170
-62 -51 -107 -44
-54 -82 -7 -107
68 -147 -21 -141
250 -633 310 601
-11 147 -42 113
-81 96 -156 95
-397 -68 -76 -756
565 346 109 110
50 100 17 109
-11 138 -283 240
405 -337 45 257
-39 -54 -3 -41
13 -33 28 -24
41 -166 -186 197
27 602 93 85
23 81 -16 73
-54 57 -166 -66
-172 149 -148 289
5 74 -18 43
-30 33 -51 26
-398 -96 -150 -539
220 77 55 94
21 69 4 62
1 71 -74 615
-26 -71 -109 -165
11 59 -3 58
-28 63 -76 85
-210 202 43 8
-78 43 21 126
-36 97 -80 68
-134 24 -541 -247
266 135 -752 -739
-19 -49 8 -36
25 -19 41 8
67 147 -233 187
-78 -471 21 -35
22 -19 24 -8
26 -7 23 128
-696 -454 485 -173
22 52 12 31
7 29 5 43
39 73 275 -311
-123 381 -67 -48
-19 -43 8 -43
45 -30 237 185
43 727 222 -63
76 -32 56 -3
47 17 39 38
-287 59 364 157
30 48 -21 -61
1 -35 8 -23
3 -19 -259 -136
121 -123 -34 -13
46 -139 75 -74
99 -30 126 22
322 112 875 518
-185 334 113 -80
105 -9 97 44
80 116 63 141
-35 -72 -40 -58
-2 -62 21 -55
43 -47 85 -37
404 -88 423 125
106 -541 40 -112
43 -65 54 -44
77 -35 98 -71
83 -613 -5 -27
7 42 3 25
2 24 2 26
28 342 369 373
-53 -592 142 -59
102 11 75 55
38 101 -78 307
366 -59 7 -346
14 15 23 11
28 21 35 50
24 679 -439 -343
-2 -86 -108 -39
-50 -70 -4 -87
56 -100 448 67
105 198 -247 186
-3 -6 -5 12
-16 16 -35 18
-94 -101 -193 -132
50 376 53 151
-11 107 -50 81
-89 56 204 -100
-183 -535 -581 68
15 53 -5 58
-28 64 -87 90
-405 -274 -55 80
110 -164 78 79
46 72 24 80
8 107 -323 -324
-308 -47 44 274
-136 19 -103 -34
-78 -80 -40 -153
193 -328 134 67
315 91 66 -29
52 0 48 21
50 46 189 608
-3 -118 147 -104
50 94 15 70
-9 73 -51 95
237 359 632 -131
-206 77 -162 -53
-79 -67 -37 -78
3 -84 -207 -581
300 32 265 -35
110 12 53 44
21 57 -21 66
-203 7 -165 -694
-209 188 -95 -21
-28 -42 10 -40
49 -12 11 -115
-28 -313 15 692
34 -58 31 -31
39 -23 72 -14
-184 -7 -142 260
-172 199 -11 43
-24 4 -23 -22
-9 -57 128 173
-334 36 -492 -125
-48 -86 -6 -72
28 -65 68 -45
168 -323 335 61
-827 -126 -105 48
-86 -5 -73 -43
-49 -98 -321 -272
409 416 -296 -142
-75 -39 -25 -52
7 -53 35 -46
105 314 -721 41
261 -242 -39 -9
-30 -38 -7 -62
39 -95 393 -408
261 -375 -134 331
-102 2 -52 -15
-33 -20 -23 -13
20 244 624 -52
-342 80 30 -66
35 -32 45 -11
54 19 -306 307
514 -196 84 -57
53 108 0 100
-47 91 -116 76
-341 557 108 -69
-222 10 42 -39
40 -11 43 9
44 44 155 566
363 -201 7 -199
19 34 15 26
11 36 -8 61
-155 263 -436 29
93 101 -48 -32
-26 -39 -5 -53
37 -77 119 -5
68 -12 -128 -243
-4 -47 16 -35
32 -18 44 8
-111 682 175 -80
-10 -224 4 5
3 7 1 12
-12 19 7 -167
-308 -79 370 630
-35 110 -49 61
-62 30 -63 -6
-313 -179 372 112
-100 66 45 -75
46 -32 48 -5
43 20 497 305
58 -622 -406 176
-58 -4 -41 -9
-40 -19 -45 -38
-55 -457 286 -134
-73 -244 147 30
87 60 56 93
14 141 8 320
200 75 128 -281
-17 -47 23 -33
40 -15 56 6
206 99 51 530
84 97 108 -82
86 -14 75 29
57 83 261 -195
-697 518 -333 -42
-12 5 -7 -12
0 -24 25 -50
289 -396 -84 269
-22 -203 72 -31
47 16 25 42
-12 72 -222 -68
677 311 -146 -467
53 16 36 23
23 33 18 48
-269 302 -20 -397
147 -328 -66 -49
-21 -50 4 -47
19 -48 349 206
-453 -334 395 -333
96 -71 91 -16
94 24 105 89
373 291 135 545
67 188 -37 67
-63 36 -83 2
-120 -73 262 -268
546 -471 295 208
105 72 58 90
18 115 -37 176
289 314 -384 -490
-660 67 -160 -48
-85 -93 -23 -123
62 -153 270 -265
-194 181 38 258
40 92 -5 84
-42 79 -113 72
-354 -283 -96 -740
-132 -480 -21 -4
-17 -24 4 -39
45 -43 231 -630
393 -573 -480 -473
-4 -46 29 -28
49 -7 80 24
129 390 313 -79
-662 -19 -88 18
-69 -11 -56 -36
-54 -63 41 -208
-563 -113 -224 -140
-37 37 -26 7
-18 -5 -9 -9
-166 -148 412 229
-98 -97 -130 33
-101 -19 -82 -62
-55 -121 -247 -397
-424 380 578 -30
57 -44 63 -8
60 22 54 60
-58 518 173 200
-66 -204 50 -149
58 -89 77 -65
123 -56 298 -43
-25 -60 -560 350
-198 146 -189 40
-196 -42 -233 -166
119 -562 520 658
-132 134 74 -9
50 34 27 59
-8 105 -84 -308
75 -91 -456 8
-24 20 -12 10
-13 10 -15 13
-123 263 -182 115
-88 33 -4 -62
10 -43 23 -34
38 -30 232 -97
-255 -322 -446 380
-18 -52 19 -42
47 -24 85 8
-48 367 -114 168
187 273 93 83
26 78 -13 72
-56 65 -89 367
326 529 -107 -346
-53 -43 -16 -51
10 -53 45 -51
123 -147 244 80
22 205 -39 -14
-14 -10 -7 -9
-5 -5 -410 81
-707 394 542 -383
188 21 102 69
53 91 10 110
-377 608 -253 717
-387 -273 -132 -72
-74 -90 -32 -111
9 -152 0 16
-701 289 155 435
-57 17 -46 -17
-33 -45 -6 -92
282 -174 -374 -120
-92 439 -6 15
-25 0 -24 -19
-5 -42 85 -183
-760 -232 -151 -149
-55 131 -101 48
-117 -21 -116 -135
-241 -110 -43 -128
-382 150 -142 -1
-81 -44 -49 -68
-25 -90 421 -71
-503 -27 273 -81
-57 -22 -37 -57
-4 -85 67 -121
534 -238 9 -17
13 -369 38 -104
55 -52 65 -19
79 14 64 352
-21 314 -562 -157
-108 -44 -56 -69
-19 -82 15 -105
302 -213 -322 461
-69 -291 3 -80
23 -60 46 -49
93 -43 647 -168
-13 230 -204 -465
33 -34 29 -10
25 3 21 14
81 270 461 -34
-378 -109 -90 65
-90 19 -93 -17
-108 -65 -220 -182
297 415 200 -52
31 109 -17 106
-70 99 -155 74
-475 103 101 -238
94 13 43 24
13 20 0 21
-11 25 146 93
-195 -251 33 -18
-83 -58 -16 -57
23 -48 70 -19
-112 416 178 364
-176 210 20 66
-36 63 -81 44
-159 -12 -299 -98
-39 128 -231 -92
29 26 15 33
-1 45 -27 66
-117 -305 73 271
-103 17 -44 34
-51 5 -53 -24
-48 -75 -146 39
65 -157 245 162
18 54 -1 50
-23 50 -61 57
16 239 333 -18
-115 234 22 7
13 15 6 17
4 27 -236 208
-379 317 -63 -98
27 -34 18 -24
19 -20 23 -33
417 131 347 -123
-258 439 -93 65
-85 22 -89 -14
-98 -64 -192 -437
537 -302 -838 14
-109 -98 -52 -101
-12 -110 27 -128
608 -150 -108 180
-94 114 -30 46
-25 28 -30 20
-40 21 5 -101
174 191 65 -59
162 -23 110 29
89 66 75 125
157 252 -285 510
-615 -121 -133 20
-93 -46 -57 -92
15 -146 -197 -139
-531 684 -417 -17
-117 14 -105 -32
-94 -83 -79 -184
13 -207 -269 243
235 -454 180 64
96 100 36 130
-46 164 -14 354
-183 -108 760 210
40 176 -21 133
-68 111 -134 95
-303 -71 -138 259
191 -503 -2 -148
28 -110 68 -101
134 -109 671 -51
580 12 57 204
52 -7 47 33
27 67 -25 117
-108 470 102 114
-78 -73 94 -84
87 -35 94 0
107 51 511 -149
-255 -22 147 -483
92 -19 77 6
72 36 80 83
-297 -245 -535 244
60 -167 -50 -103
-22 -89 4 -103
54 -162 286 -467
-303 -37 -180 165
110 68 56 79
16 94 -37 125
128 242 56 -289
-403 405 -69 68
-47 28 -41 16
-44 29 -348 -292
575 -513 -146 627
-178 60 -135 -28
-101 -93 -40 -178
164 -561 -123 -46
-296 326 -112 90
-110 22 -109 -30
-111 -92 140 -152
488 433 -563 -17
-141 -48 -71 -70
-29 -82 7 -92
-126 -319 -50 -135
-36 -195 7 -107
41 -65 63 -37
88 -4 125 95
-359 -451 -204 104
-81 10 -63 -37
-38 -70 9 -113
29 -347 -122 414
-259 -384 -9 -100
31 -67 58 -45
92 -19 209 334
-286 -333 63 33
57 -3 41 7
40 20 50 45
175 517 -254 142
104 -185 -10 60
-29 37 -46 18
-74 -14 1 272
-83 146 334 35
-25 17 -19 -2
-12 -11 -4 -14
536 39 89 -496
61 152 -33 -50
-4 -25 3 -12
1 4 -334 126
-10 448 -313 347
-65 43 -64 -4
-59 -36 -52 -82
256 -492 147 1
228 -313 74 0
57 35 34 65
5 104 -40 66
47 -74 57 701
-46 50 -43 22
-44 4 -50 -16
269 -218 -130 98
-84 426 29 2
14 3 14 5
30 15 -202 -16
-464 -71 398 151
78 78 20 63
-14 50 -47 14
394 -54 334 -473
207 89 56 54
33 64 8 85
-38 129 30 136
266 46 19 16
6 -34 12 -18
17 -15 25 -13
516 -227 -398 -62
52 102 -2 -46
24 -45 52 -35
105 -6 503 78
-287 -323 -241 -132
18 -76 34 -54
53 -38 83 -20
375 -134 -41 148
-289 -61 -75 -86
-24 -80 12 -83
60 -91 -21 -273
377 -523 -452 231
-57 31 -48 0
-38 -22 -29 -41
86 38 -65 388
278 75 29 84
-7 63 -32 51
-61 36 -281 -24
141 -279 15 -108
-33 -55 -14 -42
-4 -43 1 -61
182 -316 -771 129
245 73 134 34
66 57 34 69
8 89 52 -65
402 -139 -540 -95
-43 -53 -9 -33
1 -18 -9 -9
-768 -171 12 -318
372 -9 168 12
106 56 68 90
26 131 -66 17
-116 362 -130 -68
2 51 -34 35
-54 8 -68 -45
121 -301 224 -151
23 -201 -22 -13
-13 -27 0 -37
16 -53 563 97
521 582 112 368
-90 30 -81 22
-97 -2 -145 -42
-227 -419 -80 -84
209 261 109 80
31 69 -3 60
-21 38 -77 -157
245 -291 4 -313
-14 15 -7 7
0 7 -8 20
410 178 454 -248
-245 -29 2 75
-17 52 -32 40
-40 30 -247 -123
-197 -22 312 -282
83 43 42 55
12 66 -29 74
169 282 -625 -403
49 417 17 125
-23 91 -55 73
-100 63 -132 -436
-119 -19 -60 -129
-37 -9 -17 -35
12 -49 75 -56
398 -103 -53 462
129 -136 -65 61
-70 14 -73 -22
-80 -80 198 -34
-157 86 272 -164
-15 44 -25 38
-43 30 -72 19
-346 -347 -368 -220
70 531 -19 131
-62 81 -89 40
-113 -10 -183 -84
-235 156 384 286
45 175 -43 129
-105 89 -182 26
-668 -272 276 -405
-87 83 -115 75
-100 14 -95 -28
-90 -75 -104 -351
654 -403 -180 182
-25 99 -48 68
-72 43 -109 12
-528 -9 -405 -725
258 401 -47 86
-47 25 -39 -4
-22 -25 85 -178
-10 -172 -57 -341
-11 -125 30 -83
57 -58 91 -39
-65 40 424 -292
263 183 -55 28
-49 5 -51 -13
-62 -41 27 -17
563 50 -12 22
10 -5 1 7
-7 10 -17 15
-27 5 -246 -565
64 466 -74 156
-89 73 -102 25
-119 -28 -70 -57
-397 -296 -259 97
-40 -108 6 -88
45 -78 101 -57
384 -44 309 -62
-208 -236 -59 26
-48 -17 -33 -39
-10 -71 -63 -63
750 614 120 -580
-42 -70 -2 -41
11 -24 2 -6
197 87 -572 -176
119 -325 96 -159
123 -84 152 -26
209 53 508 444
95 -68 -362 40
-55 40 -56 9
-55 -14 -56 -47
-114 313 116 -288
-648 -118 -201 -46
-114 -88 -66 -121
-24 -165 475 -90
-7 47 48 76
62 -47 60 -6
57 24 60 79
-55 121 -640 79
-454 -120 68 -45
55 -32 66 -24
108 -23 111 152
134 -289 119 -67
42 102 3 87
-34 81 -95 75
125 235 42 -219
65 67 -44 -17
-9 -25 12 -16
33 15 195 -274
-204 -366 367 199
32 -62 43 -35
59 -15 90 6
130 -103 -360 -124
-35 172 43 27
19 21 10 23
3 37 -150 -66
251 -16 409 -84
-11 112 -34 65
-51 37 -59 7
-197 81 -248 -98
657 73 54 156
-20 114 -65 85
-120 51 -153 215
-355 466 428 284
-73 68 -64 33
-71 5 -81 -34
-127 18 400 396
-101 77 35 -129
52 -70 69 -38
82 -5 332 196
-125 -527 -165 361
-86 18 -50 -17
-30 -33 -11 -43
103 -423 129 331
-467 52 -58 -70
-33 -51 -20 -52
-21 -68 -153 -555
204 -260 -304 -186
-29 -43 -3 -42
18 -39 46 -31
173 -203 -11 -142
-18 153 -118 102
-107 28 -101 -18
-94 -73 -167 -91
-247 418 539 -237
134 -64 111 -1
97 46 82 99
-23 419 -209 329
117 -112 24 -8
7 -2 1 -7
4 -22 -91 82
-76 389 -64 -150
-65 93 -73 45
-85 12 -112 -23
-267 -332 354 84
-100 -108 -95 -39
-58 -45 -37 -62
-18 -95 -257 -211
-665 -72 727 209
146 86 63 84
24 83 2 87
-44 496 -324 -143
544 -187 75 94
15 77 -22 67
-69 42 159 421
-1 -200 -242 149
-121 -31 -61 -38
-35 -41 -22 -35
217 -118 196 -111
-115 -90 100 -85
90 -23 87 19
91 75 -21 314
-175 -361 -206 362
10 101 -17 67
-36 54 -59 42
-231 358 33 505
294 -254 122 91
45 95 -6 100
-67 106 -400 133
25 -243 -87 -42
-58 -14 -20 -25
2 -33 36 -31
80 73 27 -46
-128 393 7 124
-56 93 -100 58
-161 0 -745 191
104 -247 -269 -289
-10 -54 24 -58
56 -47 101 -20
890 191 332 97
88 -238 -58 -70
-8 -53 17 -38
43 -15 -288 240
319 307 -231 84
10 -70 29 -33
34 -9 28 16
-104 264 68 65
233 67 6 -2
2 -3 0 -6
-1 -15 56 -78
-369 18 -51 104
-36 -32 -15 -36
5 -40 26 -43
259 -342 -373 241
506 -564 159 -66
130 3 117 58
106 130 77 142
581 273 273 -270
28 25 4 45
-29 48 -87 37
-595 -382 592 -109
-19 -179 26 -22
33 6 31 30
25 77 -276 56
103 -312 -180 386
-24 11 -24 6
-26 -4 -26 -31
-664 341 408 172
-687 -200 -30 -39
-15 -29 -11 -27
-30 -29 63 54
350 390 -431 -348
-15 -171 47 -121
95 -88 163 -50
386 -311 -170 477
451 121 -17 173
-73 101 -111 51
-164 -10 -308 -402
-178 812 512 -223
-40 -16 -32 -19
-25 -37 -3 -70
-116 -545 -40 -394
85 -9 51 9
25 31 2 40
-36 44 -184 251
225 -340 -319 -248
3 -50 25 -46
53 -33 96 2
190 106 -94 276
84 -57 -44 70
-36 23 -30 -1
-14 -24 239 133
818 26 -296 347
-81 -49 -42 -34
-26 -34 -26 -37
-248 -58 -216 165
-172 123 152 121
45 123 -22 120
-99 108 -417 186
135 59 -260 19
-184 43 -134 -47
-91 -106 -32 -176
215 -338 56 595
53 -181 -24 -154
28 -113 70 -93
130 -80 486 19
-51 -94 93 467
26 107 -25 68
-49 43 -74 20
-445 -149 39 380
44 -552 -86 -17
-59 -31 -49 -49
-47 -82 -513 -524
605 -223 -124 -196
20 -120 58 -61
79 -20 101 35
-348 143 720 -94
-40 -16 -88 -8
-52 -36 -31 -52
-21 -80 -55 -93
93 77 -33 248
-51 -43 -12 -33
10 -24 33 4
93 -187 -803 74
-53 109 -23 102
-70 34 -79 -23
-64 -110 -50 -249
374 -181 -132 197
-86 96 -76 48
-87 19 -120 -9
-356 -9 414 35
-316 17 -9 -82
29 -51 52 -24
79 20 233 134
263 378 278 442
17 161 -47 117
-101 84 -173 32
-672 -296 -738 -67
664 -145 209 82
119 113 65 145
12 203 12 250
-28 -287 -101 -329
-18 -82 25 -64
56 -44 105 -9
-200 17 -522 490
-250 -199 -93 -49
-57 -76 -25 -105
25 -163 68 -283
178 63 93 -247
-45 -17 -20 -23
-5 -20 -1 -6
52 -65 -35 -111
402 -19 35 -24
37 -10 46 1
79 17 73 328
-273 -90 -19 -324
119 78 38 104
-25 113 -119 108
-233 242 268 168
-66 -98 4 38
-4 27 -13 21
-24 24 -81 -159
-152 68 -373 -238
-48 -86 -15 -80
19 -84 74 -101
481 -248 112 448
-338 -200 -9 9
-11 4 -15 0
-22 -6 -458 -67
-721 519 469 40
-3 -2 -9 -19
-5 -38 20 -81
242 127 15 -74
-265 -105 -41 -70
-16 -50 0 -46
13 -44 84 263
-108 0 -247 -289
-35 35 -41 1
-40 -26 -29 -66
220 107 -498 -502
68 -489 36 -98
66 -60 90 -28
129 19 578 493
-38 384 -331 -567
-53 -94 -12 -75
17 -67 42 -57
187 174 -291 246
-59 -204 -62 -52
-20 -57 11 -60
49 -64 -104 -452
-617 -52 955 -186
76 16 49 28
34 42 18 61
-383 90 -278 491
251 -62 -60 -58
-38 -57 -16 -70
14 -93 79 -655
271 251 -71 -424
14 -55 32 -44
53 -30 97 -14
-39 -139 -128 -146
58 501 -102 137
-112 69 -131 19
-170 -48 -465 127
-209 -389 595 340
61 106 15 94
-23 93 -74 102
-232 -219 94 295
-133 -45 104 -40
61 14 35 37
1 48 -308 -155
41 -593 -431 -37
-167 -15 -97 -76
-46 -112 13 -156
239 -782 -16 -41
-71 215 27 -22
24 8 16 25
2 43 -340 17
244 -169 491 231
122 70 63 79
22 96 -27 122
-250 215 77 -31
146 -86 11 -13
7 -5 10 -7
25 -11 11 42
-572 -106 -369 63
-121 -104 -51 -114
-2 -129 61 -157
487 -56 -224 91
-361 345 -67 -24
-41 -39 -20 -52
7 -66 55 -172
-366 -102 -182 223
-49 -7 -36 -26
-24 -40 -18 -62
24 -538 -58 169
-412 52 -41 -99
17 -85 62 -68
135 -39 -11 -167
-843 294 189 6
52 65 -3 59
-35 46 -79 20
-225 69 -84 216
37 -112 -22 9
-16 -13 -2 -26
32 -40 47 -83
-136 35 -143 315
-53 81 -67 41
-83 6 -104 -45
-254 30 -30 -25
137 -52 11 119
-36 78 -69 53
-112 14 -203 115
92 296 197 238
-130 -81 -55 -95
-7 -106 49 -125
638 -211 508 516
-100 588 -85 -59
-46 -58 -21 -62
3 -73 -134 -243
4 404 -351 74
-64 -109 -21 -95
13 -90 51 -104
-25 -38 11 30
211 -19 34 -43
43 -30 58 -14
94 13 311 295
-22 -496 326 270
44 61 13 51
-4 51 -26 56
-472 455 -171 -31
322 68 32 35
11 35 -5 37
-31 39 -39 215
-238 -73 107 -120
50 -47 45 -27
54 -15 90 4
361 -23 -83 -279
-276 -189 -24 -28
-7 -35 7 -40
29 -55 304 129
559 337 -287 69
-142 43 -104 -2
-91 -31 -100 -62
-39 -30 -295 -527
135 157 41 61
9 44 -1 41
-7 50 -99 48
-466 448 -195 -339
-16 -19 -7 -16
-3 -23 12 -39
-179 149 111 -781
-45 449 -85 39
-59 2 -50 -13
-61 -31 -286 -29
259 85 4 233
-16 -58 -5 -37
3 -38 20 -50
147 -443 -201 -34
-312 236 -17 35
-27 21 -36 9
-54 -13 -228 -204
-520 196 289 273
125 10 67 35
38 45 22 45
267 250 208 510
-160 -492 82 -8
50 23 24 43
-20 60 376 -10
-224 -503 160 -51
45 23 32 36
16 52 -6 87
103 76 -195 -510
-148 168 -65 79
-69 16 -64 -25
-42 -77 326 -828
-302 -476 148 -188
44 -106 83 -66
115 -26 176 41
409 430 54 381
-380 317 -100 -21
-72 -44 -52 -72
-30 -120 -128 111
613 95 -237 -118
-64 32 -53 9
-58 -6 -85 -24
-95 193 353 -158
-413 -231 -107 -182
-7 -155 63 -136
150 -112 346 -356
137 356 -89 -41
-84 1 -78 -20
-79 -52 -87 -124
-238 -252 -7 104
121 -93 -8 22
-23 14 -36 3
-62 -10 245 -230
289 -454 86 -320
-63 -126 10 -101
59 -79 120 -50
121 -257 -205 -110
310 377 9 -51
16 -22 15 -8
4 -6 124 394
151 -182 93 -196
100 -56 78 -6
67 29 49 85
309 -158 -96 -429
32 12 -6 14
5 3 13 1
39 10 -261 -185
351 -430 -351 -70
54 37 22 48
-2 58 -33 71
-462 469 -71 -283
84 35 -76 152
-86 66 -98 20
-119 -39 261 -91
-476 -265 341 149
157 -11 113 62
77 115 31 203
-207 376 102 -70
-591 -48 -19 106
-48 49 -61 16
-67 -34 -260 50
-116 -338 -375 312
-194 15 -126 -48
-87 -89 -54 -131
154 -155 -173 42
190 -14 28 63
-4 44 -19 30
-29 14 105 -262
351 334 -120 179
-49 7 -39 -6
-35 -19 -30 -37
-393 -59 -82 196
-27 -237 -33 3
-28 -9 -25 -19
-30 -35 -390 39
-85 -107 -415 -433
-59 -99 0 -89
41 -79 96 -66
45 -163 159 -368
245 321 -16 83
-28 51 -38 38
-58 39 -123 -158
-128 108 227 113
0 -51 18 -38
33 -33 67 -34
14 -256 -115 -318
-219 -306 157 -132
143 -44 149 16
161 100 445 517
158 -159 19 -422
10 -29 23 -21
34 -12 53 2
39 227 277 -668
-230 -138 -74 -2
-48 -20 -37 -29
-44 -48 -32 -47
254 -34 340 -143
34 -75 56 -21
59 15 56 67
-78 225 -205 480
35 147 -3 -25
-17 -33 -10 -49
9 -88 106 149
-706 -151 211 -103
-31 13 -17 -16
0 -30 27 -36
390 1 -244 -317
172 -103 35 -71
35 -41 43 -30
67 -33 -30 62
-594 -89 -188 280
-16 4 -4 -1
0 0 -11 5
435 5 83 112
-390 44 -21 -9
-11 -15 1 -18
24 -7 125 -338
-75 -9 -77 272
-63 46 -49 16
-49 -3 -51 -31
-356 -194 98 -93
-529 -9 22 -105
38 -58 52 -33
74 -5 -14 443
-39 223 -18 -362
84 35 40 45
9 54 -30 50
24 179 -540 706
362 -169 57 -63
52 -27 56 -5
65 16 -116 221
-17 -435 -225 143
44 -50 44 -14
41 8 41 29
-5 235 571 -268
-620 215 -63 -53
-21 -58 9 -56
35 -46 87 76
-115 -21 -84 -123
-5 -134 54 -103
104 -71 181 -20
510 115 -136 437
-433 -22 -63 -160
-14 -133 29 -134
97 -170 387 -21
240 103 -485 183
-49 46 -45 7
-43 -13 -47 -33
85 86 172 620
198 -212 35 -36
41 -5 40 20
33 65 -198 -4
233 12 136 0
28 44 4 37
-11 34 -29 24
-487 528 68 410
449 -432 120 33
71 70 31 99
-27 148 -299 267
-349 -200 230 -489
114 -94 99 -37
104 -3 131 26
-322 335 223 -77
-252 25 -95 4
-71 -21 -64 -42
-87 -78 -164 -406
-175 -120 93 -561
12 -51 23 -37
39 -29 80 -14
68 -168 -111 -28
-6 -302 -88 -30
-52 -49 -27 -67
-4 -99 274 -322
-741 63 369 41
28 3 18 13
15 21 13 45
-157 -199 259 -197
-965 292 -211 -63
-121 -112 -54 -149
29 -192 -554 -405
-8 -195 -262 303
-48 119 -70 68
-93 32 -130 -20
-755 -13 -363 123
-99 -267 53 -19
44 10 35 33
12 64 59 176
377 201 439 -370
132 -16 97 34
70 74 39 129
-209 -4 455 -9
517 -161 10 -44
23 -28 37 -14
62 4 -74 224
339 -465 126 -192
101 -38 84 16
67 53 45 98
-153 745 344 113
-151 -147 21 4
23 18 11 39
-20 75 -143 465
-724 -505 260 191
-66 45 -51 0
-37 -22 -16 -43
-109 -135 -11 -107
103 209 16 11
8 11 6 9
13 5 -44 -104
195 404 -177 -237
-45 -131 11 -113
55 -102 121 -95
352 -230 173 -130
434 140 -12 -18
8 -10 14 -3
18 10 79 -10
58 258 31 64
0 -112 23 -76
52 -63 104 -46
33 136 1 -603
-218 52 -22 -14
-7 -21 3 -27
11 -39 -13 198
262 -45 -1 -324
69 -15 45 13
34 30 22 51
-3 409 -67 269
-260 -158 -101 -34
-53 -61 -20 -80
17 -103 519 -128
477 -19 -367 -242
-57 -155 14 -109
54 -82 96 -47
28 -222 48 132
-153 368 -40 0
-35 -17 -23 -38
-2 -65 -158 -58
48 -173 -127 65
-30 70 -42 35
-52 12 -70 -18
-161 -139 170 328
102 -39 -49 -40
-28 -51 -4 -65
40 -91 -210 6
-233 -71 -349 -479
-8 -59 18 -40
36 -23 52 0
-111 526 6 -360
71 435 -96 97
-99 37 -107 -10
-128 -74 -234 -293
-54 61 255 -105
75 -7 47 14
35 27 29 49
95 -178 199 560
-417 -315 -37 -62
-17 -53 -1 -57
19 -81 59 -266
-40 212 -291 -182
15 -15 26 -1
30 17 30 51
-70 170 218 559
230 -249 86 47
38 55 10 62
-26 72 -191 266
-10 -257 378 -273
15 -20 30 -12
38 2 59 23
-63 396 377 -4
-154 444 -29 -34
-22 -16 -26 -19
-47 -39 104 -121
23 -32 -260 482
-19 22 -11 -6
3 -16 36 -10
178 -14 143 226
555 388 70 110
15 105 -30 103
-104 108 -179 347
93 269 -25 186
48 29 13 49
-15 58 -62 68
-620 -231 71 -70
-200 -21 36 -46
48 -30 61 -10
84 13 180 86
-650 -535 24 188
-17 4 -6 -8
6 -12 20 -8
531 -50 454 132
-113 -24 64 -70
67 -18 65 19
58 71 141 -46
23 -304 -305 -72
10 26 -6 12
-13 4 -20 -4
-263 -285 281 68
-34 -498 14 -17
23 3 16 21
-2 38 -87 -237
141 -176 -45 144
-3 -27 8 -23
17 -18 40 -17
143 -10 -575 -264
391 -21 122 -39
109 0 107 43
112 111 539 443
46 46 394 64
124 -7 87 33
66 64 51 107
36 133 94 243
128 -160 -69 -16
-39 -43 -14 -57
15 -71 305 -204
-67 -818 246 -261
10 -51 32 -27
45 -8 64 23
516 92 -256 339
245 49 152 18
97 68 62 103
26 161 10 381
-668 306 -157 343
6 64 -21 13
-18 -18 14 -61
158 -93 -320 585
332 -135 35 26
5 33 -22 25
-57 -6 -14 -95
-238 124 -215 -27
49 -16 33 2
29 17 30 45
165 220 -56 712
-93 -431 -58 1
-38 -16 -30 -30
-31 -58 75 179
271 -390 -11 139
-20 28 -16 39
-35 50 -91 72
-105 -365 -165 -138
632 426 103 94
33 85 -7 76
-42 65 119 -455
103 509 335 148
60 55 21 70
-17 76 -66 90
-373 -319 616 268
-98 122 74 -5
43 29 15 43
-20 42 21 144
-405 -70 122 148
-36 97 -57 41
-66 6 -72 -24
199 -121 144 -201
-553 -54 -117 -41
-69 -50 -42 -64
-23 -87 -152 -244
79 -244 -593 322
-138 -1 -83 -51
-46 -79 -10 -109
-43 -567 -30 -498
-126 36 -22 10
-5 0 7 1
27 19 275 -142
52 -436 -154 29
-48 48 -51 15
-49 -9 -46 -34
-299 -249 -232 -193
-149 -383 16 -60
38 -47 62 -30
101 -4 282 -32
-574 -31 362 -193
77 13 43 17
36 17 54 16
-117 77 254 -202
129 135 -58 42
-40 10 -33 -5
-36 -16 -41 435
79 -272 26 171
-29 -117 25 -85
61 -63 117 -31
120 235 -276 81
105 -50 55 14
18 23 0 24
-33 25 -303 24
13 -175 238 -483
-12 -25 18 -23
38 -8 63 26
-323 -111 -392 -979
277 468 -43 -78
2 -62 32 -52
80 -41 -376 108
399 -196 -354 140
31 -23 13 -5
5 -2 2 -15
-327 325 -41 -150
-14 232 2 67
-19 39 -34 20
-61 -6 189 239
74 -46 221 274
123 -28 98 25
83 67 65 135
141 -29 -28 346
-227 -255 48 -73
48 -37 53 -18
66 0 83 51
-634 35 53 -456
90 -115 105 -58
126 -16 167 50
227 197 134 484
13 -405 97 -153
107 -65 113 -12
121 41 -101 488
-380 714 -8 209
-12 120 -52 64
-75 26 -92 -25
-109 -170 -146 -165
834 -33 79 -21
72 16 59 47
45 84 -53 562
-626 89 -27 439
1 -156 27 -105
57 -92 101 -93
544 -243 60 -122
-469 95 68 75
21 77 -13 84
-67 101 -215 54
124 40 -199 -246
51 -66 70 -24
79 16 83 84
128 126 109 405
300 -508 13 -12
21 -12 29 -5
51 7 -132 -231
3 4 18 224
-73 -47 -34 -50
-11 -57 11 -80
451 -44 592 -310
-24 -59 48 -39
53 -8 54 22
52 69 409 93
188 -182 39 -186
126 15 84 58
51 91 3 147
62 -7 -201 462
-275 -454 6 -83
35 -54 55 -34
95 -4 -169 54
166 -38 -190 566
-141 16 -82 -39
-48 -66 -14 -94
-264 -240 83 26
439 -92 105 -76
72 -15 55 11
43 14 226 5
