875770674 -875902667 892613427 -875836875
892679219 -859059419 624244020 -858993895
218942667 521080333 219008204 537857806
235790796 537923343 252632545 554766351
572596256 858927665 572662048 875770418
589439521 875836210 606282274 892613683
-33686220 909573629 -33686220 909509629
-33686219 909513987 66977069 909521173
305542710 319951378 305739318 320016914
304888118 85136146 305474617 -284880109
-370546199 -336860183 -370546199 -336860183
-370546199 -336860182 -353768983 -320082966
471657451 907877660 471657707 907877661
488434924 907877661 488501484 909450525
909522486 -151587082 909522486 -151587082
490092086 -134809866 354235958 -117967114
-252710922 -185339664 -252645385 -185274128
-252645128 -185274128 -252645136 -185274128
854914292 909456435 871691508 909522228
888468724 540423733 905114868 85997110
-421141277 -117967129 -404298268 -101124110
-219683099 -84281104 -252516378 -67438106
336853753 806819349 353696762 823662358
370539771 840505367 387382780 857348376
875770417 522067228 892613426 538910237
909456435 706748190 691418420 657072159
50463008 -269614077 50528810 -252770044
67306279 -235929079 151257885 -219026686
99807728 134678022 116585201 151521030
116650738 168364039 133493746 168429832
505224219 185207326 505290012 185272863
522067485 202050336 538910238 403442474
269487115 -99479279 286267404 -98299375
286336792 -80665582 303110439 -82693852
-50594822 -84215303 -50529285 -67437831
-167969541 -67372294 -269091588 -67372038
117901051     2055 117901307     2056
134678523     2312 134744060     6665
421868853 -506672106 370746677 -572404714
370546981 -622993129 387323417 -623190760
252697309 571543824 269474522 571609361
286317530 588452369 286383323 605229842
606348066 758461492 623125539 757937460
639968292 774712629 640034084 791555373
352582957 959852849 823460654 741945649
825300271 892088625 825307439 909455665
322319660 -386988781 322319925 -387387643
87438902 -387389201 -281659850 -387389208
-353703447 -320017430 -353703191 -252908310
-353703190 -118428438 -353703190 -50794262
488503536 909456669 488504568 909456693
891157756 490026293 892730620 355808565
286596406 -252119050 286332189 -319751945
303108373 -320016136 303173905 -303239952
-252645140 -185274128 -252645140 -185273872
-252645139 -218828303 -235867923 217248241
906818292 -33218506 907742450  -129760
538647308 16776709 85728027 16842750
-420416793 -50595110 -622399246 -33752100
-589633808 -16909091 -572728602   -66082
404225789 874191385 421068798 891034394
437846271 907877403 454689024 689839388
707343925 489105952 724183350 320677674
741026345 336796967 757869354 336859933
34145299 -218960661 -352188140 -202283188
-320142828 -185340179 -303240427 -168497426
150336755 185207305 167179764 202050058
183957237 218893066 184022774 235736075
706748190 655887397 623517727 421992471
388311584 219752216 404170026 235739417
605162777 -66514383 824446477 -66451182
305204750 -183891447 152178446 -284489206
-269486596 -50594821 -252710923 -50529285
-252645393 -33751813 -235867921 -33686276
151521532     6938 436799741     1819
454691325     1799 119216894     2055
-875836727 218959052 -859059254 235736524
-858993717 252579297 -506671925 252645085
538906382 824320288 538971919 841097761
555749391 841163298 572592400 858006306
875770418 454695193 875836210 454760985
892613683 471538458 758461492 488381211
909522459 303183414 909522460 303184182
909522461 303180857 959854094 319960364
-384626158 -370546199 -384625902 -370546199
-385543405 -353768983 -370211565 -353703447
-336860181 825307627 -336860181 825307628
-320082965 825307628 -320017429 825307632
909521201 -164219338 909521201 -164219338
909521201 -165857738 909520689 -166388426
-151587082 -252645393 -134809866 -252645137
-117967114 -252645136 -252119050 -252645136
-185273360 909505780 -185273104 909571316
-185273104 909571316 -185273104 909570804
-482986442 -404298268 -466209226 -219683099
-449432010 -252516378 -433375690 -420416793
-101124106 353637370 -84281097 370480379
-67438088 387323388 -50595079 404166397
825235222 53752626 842078231 70595635
858921240 87438644 875764249 103364149
117835012 50528769 134678021 67306242
151521030 151257859   591879 34145283
-252711420 101053169 -235868407 101118706
-219025406 117896178 -218959381 134739187
453510918 505290012 470353927 522067485
487196936 538910238 503974409 706748190
421009174 286265369 421074967 286330906
437852440 303108379 454695193 605163800
-84274671 -100860933 -67492846 -100860677
-67423964 -84542212 -50654671 -84937220
-67437831 117901062 -67372294 134678279
-67372038 134743815 -50594821 151521287
269487880     4369 286265352     4625
286330889     4626 303108378    12562
-572404532 269422554 -622992948 286265306
-623190559 286331099 -606414115 303108572
572657937 874783779 589435409 874849316
606278418 891692324 606343955 757474853
757937460 236788763 774712629 -653386468
791555373 -975630819 791621165 -960112370
741947097 320026165 892090821 85145142
909454534 -284871114 909522374 -386976202
-370610427 -353703191 -370611985 -353703190
-353834776 -353703190 -353834776 -353703190
-252908309 825307640 -118428436 791753212
-50794260 841953788 -50530064 909258748
909521455 -166652643 490092082 -149876459
354235958 -133033711 286602806 -267251183
-319751945 -252645136 -320016136 -252645136
-303239952 -235867920 -303174420 -235802384
-185273104 909511922 -218827535 909515532
217249009 724966171 453833457 741022747
-416535754 -622399246 -231396309 -589633808
-264948436 -572728602 -432720587 -555885350
-33752070 421009406 -16909061 437852415
  -66052 454695168 16776957 471538177
892607258 120203574 909450267 137046569
691412252 153889578 707337757  2960427
-369096440 -352188156 -588644343 -320142839
-572724736 -303240446 -555885334 -286397205
-202281908 151582196 -185339155 168425205
-168496146 168490742 -151653138 185268214
504039946 623517727 520882954 388311584
537725963 404170026 705563916 421009189
404429337 824447505 286792474 305210620
-65988581 152187389 -33812200 168366846
-50591470 -68161547 -168031735 -68096017
-269153782 -68095761 -269546742 -51253008
-50529285 436799496 -33751813 454691080
-33686276 119216649 -16908804 117906202
303173915    10545 823267847     3369
691081735     3341 220803336     3597
235736332 538976015 252579085 555753487
252644877 572596240 269422350 572662033
842080801 422851378 842146338 422851635
858923810 439694388 875766819 455947572
454760985 -539042339 471538458 -538976547
488381211 -522199074 236788763 -505356321
303174367 -370601198 303174368 -370601197
319951585 -370604781 320017150 -370544891
-336991767 -336860181 -336991767 -320082965
-336926231 -320017429 -336925975 -252908309
825307441 909522481 825307441 909522481
825307441 909522481 825307441 909522479
-151636426 -269027594 -151636426 -268962058
-151636426 -252119050 -151635658 -252643081
-252645137 -185273101 -252645136 -185273100
-252645136 -185273100 -252645136 -185273100
909522420 303183414 909522676 303183414
909522676 303183414 909522674 319957814
-166522350 -84281097 -149744878 -67438088
-132967661 -50595079 -116387053 -33752070
370480147 842084375 387323156 858927384
404166165 875770393 421009174 892613402
67318835 -553187835 84161844 -536344826
101004853 -519501817 117844278 -503314168
-471670304 -235868178 -454827295 -219025169
-437984286 -218959376 -253369117 -202281903
101058034 471533575 117835506 488376584
134678259 505219593 151521268 505285130
371072541 421074967 387915294 437852440
404758302 454695193 422191135 404429337
-219025169 -67437837 -202282160 -67372301
-202216367 -50594828 -185338894 -50529295
-101057285 117177082 -84280068 133954554
-84216324 133954555 -67440651 134020091
134678279 286265359 134743815 286330896
151521287 303108368 436799496 303173905
202215857     3341 218893330     3597
218958866     3598 235736369     5390
286265103 589439505 286330895 606282258
303108368 606348051 319951121 623125523
875832356 455945525 892609828 472788269
758457893 489631277 757933606 237973294
-653386468 -18751265 -975630819 184476128
-960112370 134938337 -960051751 134744830
85136138 -370546449 -284880120 -353769240
-386988792 -353703704 -387387639 -353703704
-336925974 -118428436 -320148758 -50794260
-320148758 -50530064 -253039894 -50529032
791753009 909522482 841953585 959854134
909258545 423179830 909521455 303642934
-134866631 -252907272 -118025703 -252908304
-252177902 -252842772 -319811054 -252842516
-252645136 -218827532 -235867920 217249012
-235802384 453833460 -235802128 454757618
909522444 320023595 724973083 320025900
741029403 269694261 892087068 135279925
-100134893 -16909061 -67827696   -66052
-50989816 16776957 -34212363 16842750
437852183 909456411 454695192 691418396
471538201 707343901 488381210 724183326
134687273 -471203831 151530282 -455284224
  601131 -438444822 -369087188 -253829668
-118430236 -185339150 -268898075 -168496142
-252708624 -151653133 -235868168 -151587340
168364277 522062602 168430070 538905611
185207542 706743564 202050295 623513101
421866016 286792474 437724458 -65988581
454563621 -33812200 404297751 -16909295
-235605005 -167969574 -621677325 -269091607
-371527180 -269486614 -353772815 -252710933
-67375121 150797563 -67374865 150863100
-50597648 167640572 -50531856 452918781
454691080 823267857 119216649 691081746
117906202 220803346 134678299 218966321
235801897     2581 353242637    63242
169152013    63479 -150334194    63735
555753503 842150178 572596256 858927650
572662048 875770403 589439521 875836196
421082163 -585426150 437859380 -585360613
454702388 -568517605 454765877 -552723172
-538976547 387323156 -522199074 387388949
-505356321 404166422 -18751265 421009175
-370546409 -336860695 -370546408 -336860695
-370546407 -336860439 -370546407 -336860438
837544939 825307441 837610475 825307441
837610731 825307441 837872876 791753009
909522486 -387389386 909522486 -387389386
909522486 -387389386 909522486 -387389383
-269489944 -202313488 -252712728 -185536272
-252646936 -185536272 -252646935 -185536272
-185273100 909522485 -185273100 909522486
-185273100 909522486 -218827532 909522486
303174198 -303230190 303174198 -303230189
319951414 -303230189 320016939 -303230957
334360045 387323156 351202797 404166165
367980269 421009174 384757486 437852183
858927408 84149044 875770417 100992053
892613426 117835062 909456435 134678057
-522254586 65266401 -505411577 82109410
-488568568 98952419 -471728119 116450788
117835012 117835269 134678021 134678022
151521030 151521030 168364039 168364039
488381192 387325470 505224201 404168478
505289994 421011487 522067466 421079584
-283567848 -202282160 -266725095 -202216367
-249882087 -185338894 -233301222 -235605005
-67438088 -84280836 -50595079 -84215300
-50529286 -67437827 -33751813 -67372290
117898234 252184327 117963771 268961799
117963771 269027336 134741243 286918920
286330896 218893323 303108368 218958860
303173905 235736332 823267857 235801869
-218959603    62451 -202282130    62707
-202216594    62708 -185339115    62964
606282274 892613668 606348066 758461477
623125539 757937446 639968292 774712614
471543085 -539423203 488386093 -523904754
236793646 -507066919 -653381841 -20527419
184476128 421074967 134938337 437852440
134744830 454695193 151521290 454760985
-353769190 -320083222 -353703653 -320017686
-353703397 -252908822 -353703396 -118428950
838398188 841953585 838662384 909258545
838663416 909521455 805108988 909522482
959854134 -370612199 423179830 -370546670
303642934 -370546414 303175993 -370546414
-252646935 -185536272 -252646935 -185470736
-252646935 -185470480 -252646935 -219024911
217249012 724973110 453833460 741029430
454757618 892087094 471538444 892677163
320017196 -286455792 269685557 -286329592
135271221 -286329355 -184020939 -286329355
401534702 454695192 418311918 471538201
435089134 488381210 451866350 505224219
691418420 151521066 707343925   591915
724183350 -369096404 741026345 -588644307
-454825472 133755109 -437986070 149944560
-253370916 166785016 -118432035 183628015
185207048 168429832 202050057 185207305
218893066 202050058 235736075 218893066
538910219 437855530 706748172 454694693
623517709 404428823 388311566 286791960
-216983525 -621677325 -201584360 -371527180
-184681455 -353772815 -234947076 -336926246
-16909060 -67372033   -66052 -50595072
16776957 -50529536    65534 -33752063
134806780 286988809 151584252 302455578
436862461 302450459 454754045 822609671
691081746 353242637 220803346 169152014
218966321 -150334194 235736361 -134804971
-185273590    62965 -168495881    63221
-168430345    63222 -151652872    63222
858927665 437852468 875770418 454695220
875836210 454761013 892613683 471538477
-572712165 350216158 -555934693 367058911
-539091684 383901919 -539029987 402579936
387388949 690497575 404166422 707340328
421009175 707406120 421074967 724183593
-336860374 825355243 -336860374 825355499
-336860373 825355500 -320083156 825356524
909193521 909522486 909193521 909522486
909193521 909522486 909062449 959854134
-387389208 -353703192 -387389208 -353703192
-387389208 -353703191 -370611992 -353703191
-185341206 905245940 -185275670 922023156
-185275670 922023156 -185275670 921892084
909522486 303174162 909522486 319951378
909522486 320016914 724973110 320017170
-303174381 -235803155 -303174381 -235802899
-303174381 -219025682 -286397168 -218960146
821228273 875770417 838005490 892613426
854782706 909456435 871559922 691418420
100992003 -505356537 117835012 -488513528
134678021 -471670519 151521030 -454827520
67363810 537331205 84206819 554174214
101049828 571017223 117895397 587860232
606282273 505224219 623125282 505290012
639968291 522067485 656811300 538910238
404166174 -252765927 421009183 -235922919
421074976 -219079910 437852458 -202237925
-118230287 -50595079 -101452814 -50529286
-84610061 -33751813 -68029197 -16909060
286330895 117900818 303108368 117901075
319951121 134678292 336794129 134743828
269420551 185667856 269486088 202510609
286263560 202510865 286333449 221319698
218958860 -202281903 235736332 -202216366
235801869 -185338894 353242637 -185273357
16777203      256    65524      257
16777460      257 16842997      513
758461492 488381229 757937460 236788782
774712629 -653386449 791555373 -975630801
-522200818 386596577 -505362983 403180286
-18757947 419956746 184469190 420022280
437852440 741026346 454695193 741092138
454760985 757869611 471538458 774712364
-320017620 825358576 -252908499 825359608
-118428626 791805180 -50794450 842005756
909258545 423179830 909521455 303642934
909522482 303175993 959854134 303174169
-370546456 -353703191 -370546200 -353703191
-370546199 -336925975 -370546199 -336860439
-185275414 906818292 -185275413 907742450
-218829845 907746060 217246699 723262235
741029430 269685523 892087094 135271187
892677163 -184020973 892679468 -168490992
-286331640 -218960146 -286331147 -218960146
-286331147 -218960146 -286331147 -218960146
888337138 707343925 905114354 724183350
921957106 741026345 703853554 757869354
  591879 -437984278 -369096440 -253369124
-588644343 -118430243 -572724736 -268898082
134740208 604703241 151580664 621546250
168423663 638389259 185266672 655232268
673654309 706748190 690497318 623517727
707340327 388311584 724183336 404170026
454695205 -202274184 404429335 -185336815
286792472 -235602436 -65988583 -621674755
-52760076   -66052 -51782927 16776957
-34936358    65534 -18093335 16777471
336859922 151521301 353637395 436799510
370480148 454691095 387323156 119216664
303110938 220803346 303171355 235743537
823265031 235736361 691079175 353242381
169152014 -168495885 -150334194 -168430348
-134804971 -151652876 -117967094 -151587339
16843253      514 33620470      770
33686006      771 50463478     1027
454695193 -555885285 454760985 -539042532
471538458 -538976739 488381211 -522199282
353689567 655824662 370532575 672667415
387375584 672733207 387448545 689510680
707340328 842084656 707406120 858927409
724183593 858993201 741026346 875770674
825307443 909521201 825307443 909521201
825307444 909521201 825307445 909520689
-399100362 -387389208 -399100362 -387389208
-399100362 -370611992 -398903754 -370546456
-353703190 -33686294 -353703190 -33686038
-353703190 -33686038 -353703190 -33686038
909508093 305542710 909573629 305542710
909573629 305542710 909573629 304821814
319951378 -303174163 320016914 -303174163
320017170 -286396947 269685523 -286331411
-235802131 471659250 -219024914 471659250
-218959378 471659250 -218959122 471659250
52173852 117835012 68951068 134678021
85793820 151521030 102571292   591879
-488513313 84149219 -471670304 100992228
-454827295 117835237 -437984286 134678256
555747078 774120226 572590087 790963235
589433096 807806244 606276105 841426469
858927151 421009174 875770416 421074967
892613426 437852440 909456435 454695193
-235868391 -101125134 -219025382 -84282381
-202282373 -67439373 -202216584 -50597388
268237818 303108368 285015291 319951121
301858044 336794129 301923836 336859922
471603994 269487901 488381467 286265374
505224220 286330911 522067228 303108384
202051857 -250802932 202217649 -233960179
218894866 -233959923 218968338 -216723954
-202216366    65535 -185338894 16777471
-185273357 16842752 -168495885 16843008
151586817     2570 168364289     2826
168429825     2827 185207298     3083
236788763 -505356327 -653386468 -18751291
-975630819 184476102 -960112370 134938310
404163326 706353433 421005322 706419225
421070856 723196698 437848328 740039451
741092138 892613427 757869611 892679219
774712364 624244020 774778156 421868853
825307445 909521455 791752997 909522482
841953561 959854134 909258518 423179830
-401000138 -370546200 -401467079 -370546199
-384691687 -370546199 -384691694 -370546199
-353703190 -33686037 -336925974 -33686037
-336860438 66977259 -336860182 352583147
909509629 321661750 909513987 322251819
724971797 322254124 741028145 271922485
135271187 -286331155 -184020973 -286331154
-168490992 -286331154 -168430328 -286331154
-218959122 471659250 -218959122 488436466
-218959122 488502258 -218959122 488502259
119348509 -369096440 136125725 -588644343
154475805 -572724736  3487005 -555885334
-253369117 151521272 -118430236 168364271
-268898075 185207280 -252708624 202050289
623119114 858269478 639962123 875112487
656805132 891955496 673648141 908798505
909522228 404429337 540423733 286792474
85997110 -65988581 -33218506 -33812200
-185339119 -50537743 -235604996 -33756710
-621677315 -16913687 -371527170   -70678
318766845 353637395 318832638 370480148
335544575 387323156 335609856 404166165
538910237 303173930 706748190 823267879
657072159 691081757 489105952 220803347
235743537 -217443058 235801897 -185136619
353242381 -185075958 169152013 -168232969
-168430348 33620225 -151652876 33685761
-151587339 50463233 -151587083 50528770
185272834     6156 202050307    10008
403442435     6439 655887364     3353
-539042339 370480351 -538976547 387323360
-522199074 387389153 -505356321 404166654
673650455 808069416 673716247 824846889
690493720 824912426 707336473 841755434
858927409 -909522745 858993201 -892745272
875770674 -875902519 892613427 -875836727
909522634 -387434954 909522635 -387434954
909522635 -387434954 909522636 -387434186
-353834776 -353703190 -353834776 -353703190
-353769240 -353703190 -353768984 -353703190
-33686020 909522685 -33686019 909522685
-33686019 909522685 -33686019 909522685
303183414 -317517294 303183414 -317517038
303183414 -317517037 319960630 -317713645
-303174163 -219024911 -286396947 -218959375
-286331411 -218959119 -286331155 -218959118
471604466 892673052 471604466 909450268
471604466 909516060 471604466 909516061
-550095306 -471670304 -533318090 -454827295
-516540874 -437984286 -499763658 -253369117
100992003 572596231 117835012 589439240
134678021 606282249 151521030 623125258
791553059 -533515728 808396068 -516672718
842016293 -499829709 858924838 -482986700
-454827295 -219025169 -437984286 -202282160
-421141277 -202216367 -404298268 -185338894
-84281101 269483259 -67438093 286326012
-50595084 286391804 -50529295 303169277
437391633 488381467 454234641 505224220
471077650 522067228 471077907 538910237
16842751 202215842 33620223 218893315
50462976 218958851 50528769 235736324
-219083507  -789518 -219017715  -723981
-202240498 16053491 -202273170 16119028
16777471 168364296 16842752 168429833
16843008 185207305 33620225 185272842
269422346     4112 269487883     4368
269488139     4369 286265356     4625
-18751265 421009162 184476128 421074952
134938337 437852424 134744830 454695177
707402265 858532907 724179738 858598444
741022491 875441452 741088283 892218925
892679219 -859059254 624244020 -858993717
421868853 -506671925 370746677 -572404532
909522636 -387442375 959854305 -370666983
423179997 -370601454 303643098 -370601454
-353768983 -336925974 -353768983 -336860438
-353768983 -336860182 -353768983 -336860181
-33686019 909522435 66977277 909522453
352583165 959854129 823460861 741946929
320026934 -318238701 320023609 -285931504
269694252 -285870840 135280181 -285870603
-286331154 -218959118 -286331154 -218959118
-286331154 -218959118 -286331154 -202281902
488381682 909516061 488447218 909516061
488447475 909522205 488447475 909522229
-482986442 -118430236 -467847626 -268898075
-451601098 -252708624 -267315939 -235868168
168364039 639968267 185207048 656811276
202050057 673654285 218893066 690497294
875767847 -466209227 892610856 -450873802
909453865 -435871690 909519658 -402782944
-219683099 -235605005 -252516378 -621677325
-420416793 -371527180 -622399246 -353772815
-33751846 320012286 -16909079 336789759
  -66070 336855040 16776939 353632512
487920660 706748190 504763668 657072159
521606677 489105952 538449686 320677674
67306242 235801865 151257859 353242626
34145283 169152235 -352188156 -150333972
-185398763 32896500 -185272566 32962037
-168495113 32962293 -168429321 49739510
33685761 202050314 50463233 403442443
50528770 655887371 67306242 421992460
286330904     9234 303108391    12580
605163801     4657 824447501     2322
387323156 673720087 387388949 690497560
404166422 707340313 421009175 707406105
825240105 -952946127 825305642 -936168654
842083114 -919325901 858926123 -919260109
-892745272 202050314 -875902519 218893067
-875836727 218958859 -859059254 235736332
-387389427 -353703704 -387389427 -353703704
-387389426 -353703448 -387389425 -353703447
-51713302 -33686019 -34936086 -33686019
-34936086 -33686019 -34936086 -33686019
909522486 303174198 909522486 303174198
909522486 303174198 909522486 303174198
-303230446 -236065299 -303230446 -235999763
-303230446 -235999507 -303230190 -219222290
-218959375 471604252 -218959119 471604252
-218959118 471604252 -218959118 488381468
909456668 -168479178 909522204 -151701962
909522461 -151636426 909522461 -151636426
66516726 117835012 83293942 134678021
100071158 151521030 116848374 168364039
589439264 808398372 606282273 842018597
623125282 858927142 639968291 875770407
-505400526 -203103262 -488557517 -186260253
-471714508 -169417244 -454871499 -152574235
-134810124 -67438088 -117967115 -50595079
-101124106 -50529286 -84281097 -33751813
286265340 454693393 286331132 471536402
303108605 471602195 319951358 488379412
-14869476 33620223 -14803684 50462976
 2039325 50528769 18882334 67306242
-286331412 -218959377 -269553939 -202281904
-252711186 -202216367 -235868178 -185338894
   -3085 134283264 16774387 151060736
   62708 151060737 16840180 167903489
168429833 269487887 185207305 269488143
185272842 286265360 202050314 286330896
-101058544    64250 -84281071    64506
-84215535    64507 -67438062    64763
421074967 724183578 437852440 741026331
454695193 741092123 454760985 757869596
858991660 -902482636 875769132 -886753995
892612141 -887544523 892677678 -870967003
-858993717 252579085 -506671925 252644877
-572404532 269422350 -622992948 286265103
-370612209 -353703447 -370546672 -353703447
-370546415 -353703447 -370546415 -336926231
-34870550 66977277 -34870294 352583165
-34870293 823460861 -34870293 825300227
909522486 303174201 959854134 319951404
741946934 320016949 892090678 85136182
-286452973 -219222290 -286391021 -219222290
-286331131 -219222290 -286332689 -219222290
-218959118 488447004 -218959118 488447260
-202281902 488447261 -202216366 891100445
909522461 -151636426 909522461 -151642826
909522485 -151644899 490092085 -134868715
133691126 185207048 150534134 202050057
166787319 218893066 183300344 235736075
656811300 892613416 673654309 909456425
690497318 909522218 707340327 540423723
-438028746 -135075866 -421191626 -118426905
-404355808 -102305550 -219677179 -86317328
-67438088 -16909060 -50595079   -66052
-33752070 16776957 -16909061    65534
336794367 505222420 336859904 522065429
353637376 538908438 370480129 706746391
36315167 151257859 52898336 34145283
52242218 -352188156 68361511 -320142839
-219025169 -185273358 -218959376 -168495885
-202281903 -168430348 -185339150 -151652875
16905717 167903745 16905973 184746498
33683190 184746754 33748726 201589507
403442443 303108368 655887371 605163793
421992460 824447505 219752216 305210386
-67372508    64764 -50595023    62972
-50529518    61429 -167969783    61423
875770674 -875902667 892613427 -875836875
892679219 -859059419 624244020 -858993895
218942667 521080333 219008204 537857806
235790796 537923343 252632545 554766351
572596256 858927665 572662048 875770418
589439521 875836210 606282274 892613683
-33686220 909573629 -33686220 909509629
-33686219 909513987 66977069 909521173
305542710 319951378 305739318 320016914
304888118 85136146 305474617 -284880109
-370546199 -336860183 -370546199 -336860183
-370546199 -336860182 -353768983 -320082966
471657451 907877660 471657707 907877661
488434924 907877661 488501484 909450525
909522486 -151587082 909522486 -151587082
490092086 -134809866 354235958 -117967114
-252710922 -185339664 -252645385 -185274128
-252645128 -185274128 -252645136 -185274128
854914292 909456435 871691508 909522228
888468724 540423733 905114868 85997110
-421141277 -117967129 -404298268 -101124110
-219683099 -84281104 -252516378 -67438106
336853753 806819349 353696762 823662358
370539771 840505367 387382780 857348376
875770417 522067228 892613426 538910237
909456435 706748190 691418420 657072159
50463008 -269614077 50528810 -252770044
67306279 -235929079 151257885 -219026686
99807728 134678022 116585201 151521030
116650738 168364039 133493746 168429832
505224219 185207326 505290012 185272863
522067485 202050336 538910238 403442474
269487115 -99479279 286267404 -98299375
286336792 -80665582 303110439 -82693852
-50594822 -84215303 -50529285 -67437831
-167969541 -67372294 -269091588 -67372038
117901051     2055 117901307     2056
134678523     2312 134744060     6665
421868853 -506672106 370746677 -572404714
370546981 -622993129 387323417 -623190760
252697309 571543824 269474522 571609361
286317530 588452369 286383323 605229842
606348066 758461492 623125539 757937460
639968292 774712629 640034084 791555373
352582957 959852849 823460654 741945649
825300271 892088625 825307439 909455665
322319660 -386988781 322319925 -387387643
87438902 -387389201 -281659850 -387389208
-353703447 -320017430 -353703191 -252908310
-353703190 -118428438 -353703190 -50794262
488503536 909456669 488504568 909456693
891157756 490026293 892730620 355808565
286596406 -252119050 286332189 -319751945
303108373 -320016136 303173905 -303239952
-252645140 -185274128 -252645140 -185273872
-252645139 -218828303 -235867923 217248241
906818292 -33218506 907742450  -129760
538647308 16776709 85728027 16842750
-420416793 -50595110 -622399246 -33752100
-589633808 -16909091 -572728602   -66082
404225789 874191385 421068798 891034394
437846271 907877403 454689024 689839388
707343925 489105952 724183350 320677674
741026345 336796967 757869354 336859933
34145299 -218960661 -352188140 -202283188
-320142828 -185340179 -303240427 -168497426
150336755 185207305 167179764 202050058
183957237 218893066 184022774 235736075
706748190 655887397 623517727 421992471
388311584 219752216 404170026 235739417
605162777 -66514383 824446477 -66451182
305204750 -183891447 152178446 -284489206
-269486596 -50594821 -252710923 -50529285
-252645393 -33751813 -235867921 -33686276
151521532     6938 436799741     1819
454691325     1799 119216894     2055
-875836727 218959052 -859059254 235736524
-858993717 252579297 -506671925 252645085
538906382 824320288 538971919 841097761
555749391 841163298 572592400 858006306
875770418 454695193 875836210 454760985
892613683 471538458 758461492 488381211
909522459 303183414 909522460 303184182
909522461 303180857 959854094 319960364
-384626158 -370546199 -384625902 -370546199
-385543405 -353768983 -370211565 -353703447
-336860181 825307627 -336860181 825307628
-320082965 825307628 -320017429 825307632
909521201 -164219338 909521201 -164219338
909521201 -165857738 909520689 -166388426
-151587082 -252645393 -134809866 -252645137
-117967114 -252645136 -252119050 -252645136
-185273360 909505780 -185273104 909571316
-185273104 909571316 -185273104 909570804
-482986442 -404298268 -466209226 -219683099
-449432010 -252516378 -433375690 -420416793
-101124106 353637370 -84281097 370480379
-67438088 387323388 -50595079 404166397
825235222 53752626 842078231 70595635
858921240 87438644 875764249 103364149
117835012 50528769 134678021 67306242
151521030 151257859   591879 34145283
-252711420 101053169 -235868407 101118706
-219025406 117896178 -218959381 134739187
453510918 505290012 470353927 522067485
487196936 538910238 503974409 706748190
421009174 286265369 421074967 286330906
437852440 303108379 454695193 605163800
-84274671 -100860933 -67492846 -100860677
-67423964 -84542212 -50654671 -84937220
-67437831 117901062 -67372294 134678279
-67372038 134743815 -50594821 151521287
269487880     4369 286265352     4625
286330889     4626 303108378    12562
-572404532 269422554 -622992948 286265306
-623190559 286331099 -606414115 303108572
572657937 874783779 589435409 874849316
606278418 891692324 606343955 757474853
757937460 236788763 774712629 -653386468
791555373 -975630819 791621165 -960112370
741947097 320026165 892090821 85145142
909454534 -284871114 909522374 -386976202
-370610427 -353703191 -370611985 -353703190
-353834776 -353703190 -353834776 -353703190
-252908309 825307640 -118428436 791753212
-50794260 841953788 -50530064 909258748
909521455 -166652643 490092082 -149876459
354235958 -133033711 286602806 -267251183
-319751945 -252645136 -320016136 -252645136
-303239952 -235867920 -303174420 -235802384
-185273104 909511922 -218827535 909515532
217249009 724966171 453833457 741022747
-416535754 -622399246 -231396309 -589633808
-264948436 -572728602 -432720587 -555885350
-33752070 421009406 -16909061 437852415
  -66052 454695168 16776957 471538177
892607258 120203574 909450267 137046569
691412252 153889578 707337757  2960427
-369096440 -352188156 -588644343 -320142839
-572724736 -303240446 -555885334 -286397205
-202281908 151582196 -185339155 168425205
-168496146 168490742 -151653138 185268214
504039946 623517727 520882954 388311584
537725963 404170026 705563916 421009189
404429337 824447505 286792474 305210620
-65988581 152187389 -33812200 168366846
-50591470 -68161547 -168031735 -68096017
-269153782 -68095761 -269546742 -51253008
-50529285 436799496 -33751813 454691080
-33686276 119216649 -16908804 117906202
303173915    10545 823267847     3369
691081735     3341 220803336     3597
235736332 538976015 252579085 555753487
252644877 572596240 269422350 572662033
842080801 422851378 842146338 422851635
858923810 439694388 875766819 455947572
454760985 -539042339 471538458 -538976547
488381211 -522199074 236788763 -505356321
303174367 -370601198 303174368 -370601197
319951585 -370604781 320017150 -370544891
-336991767 -336860181 -336991767 -320082965
-336926231 -320017429 -336925975 -252908309
825307441 909522481 825307441 909522481
825307441 909522481 825307441 909522479
-151636426 -269027594 -151636426 -268962058
-151636426 -252119050 -151635658 -252643081
-252645137 -185273101 -252645136 -185273100
-252645136 -185273100 -252645136 -185273100
909522420 303183414 909522676 303183414
909522676 303183414 909522674 319957814
-166522350 -84281097 -149744878 -67438088
-132967661 -50595079 -116387053 -33752070
370480147 842084375 387323156 858927384
404166165 875770393 421009174 892613402
67318835 -553187835 84161844 -536344826
101004853 -519501817 117844278 -503314168
-471670304 -235868178 -454827295 -219025169
-437984286 -218959376 -253369117 -202281903
101058034 471533575 117835506 488376584
134678259 505219593 151521268 505285130
371072541 421074967 387915294 437852440
404758302 454695193 422191135 404429337
-219025169 -67437837 -202282160 -67372301
-202216367 -50594828 -185338894 -50529295
-101057285 117177082 -84280068 133954554
-84216324 133954555 -67440651 134020091
134678279 286265359 134743815 286330896
151521287 303108368 436799496 303173905
202215857     3341 218893330     3597
218958866     3598 235736369     5390
286265103 589439505 286330895 606282258
303108368 606348051 319951121 623125523
875832356 455945525 892609828 472788269
758457893 489631277 757933606 237973294
-653386468 -18751265 -975630819 184476128
-960112370 134938337 -960051751 134744830
85136138 -370546449 -284880120 -353769240
-386988792 -353703704 -387387639 -353703704
-336925974 -118428436 -320148758 -50794260
-320148758 -50530064 -253039894 -50529032
791753009 909522482 841953585 959854134
909258545 423179830 909521455 303642934
-134866631 -252907272 -118025703 -252908304
-252177902 -252842772 -319811054 -252842516
-252645136 -218827532 -235867920 217249012
-235802384 453833460 -235802128 454757618
909522444 320023595 724973083 320025900
741029403 269694261 892087068 135279925
-100134893 -16909061 -67827696   -66052
-50989816 16776957 -34212363 16842750
437852183 909456411 454695192 691418396
471538201 707343901 488381210 724183326
134687273 -471203831 151530282 -455284224
  601131 -438444822 -369087188 -253829668
-118430236 -185339150 -268898075 -168496142
-252708624 -151653133 -235868168 -151587340
168364277 522062602 168430070 538905611
185207542 706743564 202050295 623513101
421866016 286792474 437724458 -65988581
454563621 -33812200 404297751 -16909295
-235605005 -167969574 -621677325 -269091607
-371527180 -269486614 -353772815 -252710933
-67375121 150797563 -67374865 150863100
-50597648 167640572 -50531856 452918781
454691080 823267857 119216649 691081746
117906202 220803346 134678299 218966321
235801897     2581 353242637    63242
169152013    63479 -150334194    63735
555753503 842150178 572596256 858927650
572662048 875770403 589439521 875836196
421082163 -585426150 437859380 -585360613
454702388 -568517605 454765877 -552723172
-538976547 387323156 -522199074 387388949
-505356321 404166422 -18751265 421009175
-370546409 -336860695 -370546408 -336860695
-370546407 -336860439 -370546407 -336860438
837544939 825307441 837610475 825307441
837610731 825307441 837872876 791753009
909522486 -387389386 909522486 -387389386
909522486 -387389386 909522486 -387389383
-269489944 -202313488 -252712728 -185536272
-252646936 -185536272 -252646935 -185536272
-185273100 909522485 -185273100 909522486
-185273100 909522486 -218827532 909522486
303174198 -303230190 303174198 -303230189
319951414 -303230189 320016939 -303230957
334360045 387323156 351202797 404166165
367980269 421009174 384757486 437852183
858927408 84149044 875770417 100992053
892613426 117835062 909456435 134678057
-522254586 65266401 -505411577 82109410
-488568568 98952419 -471728119 116450788
117835012 117835269 134678021 134678022
151521030 151521030 168364039 168364039
488381192 387325470 505224201 404168478
505289994 421011487 522067466 421079584
-283567848 -202282160 -266725095 -202216367
-249882087 -185338894 -233301222 -235605005
-67438088 -84280836 -50595079 -84215300
-50529286 -67437827 -33751813 -67372290
117898234 252184327 117963771 268961799
117963771 269027336 134741243 286918920
286330896 218893323 303108368 218958860
303173905 235736332 823267857 235801869
-218959603    62451 -202282130    62707
-202216594    62708 -185339115    62964
606282274 892613668 606348066 758461477
623125539 757937446 639968292 774712614
471543085 -539423203 488386093 -523904754
236793646 -507066919 -653381841 -20527419
184476128 421074967 134938337 437852440
134744830 454695193 151521290 454760985
-353769190 -320083222 -353703653 -320017686
-353703397 -252908822 -353703396 -118428950
838398188 841953585 838662384 909258545
838663416 909521455 805108988 909522482
959854134 -370612199 423179830 -370546670
303642934 -370546414 303175993 -370546414
-252646935 -185536272 -252646935 -185470736
-252646935 -185470480 -252646935 -219024911
217249012 724973110 453833460 741029430
454757618 892087094 471538444 892677163
320017196 -286455792 269685557 -286329592
135271221 -286329355 -184020939 -286329355
401534702 454695192 418311918 471538201
435089134 488381210 451866350 505224219
691418420 151521066 707343925   591915
724183350 -369096404 741026345 -588644307
-454825472 133755109 -437986070 149944560
-253370916 166785016 -118432035 183628015
185207048 168429832 202050057 185207305
218893066 202050058 235736075 218893066
538910219 437855530 706748172 454694693
623517709 404428823 388311566 286791960
-216983525 -621677325 -201584360 -371527180
-184681455 -353772815 -234947076 -336926246
-16909060 -67372033   -66052 -50595072
16776957 -50529536    65534 -33752063
134806780 286988809 151584252 302455578
436862461 302450459 454754045 822609671
691081746 353242637 220803346 169152014
218966321 -150334194 235736361 -134804971
-185273590    62965 -168495881    63221
-168430345    63222 -151652872    63222
858927665 437852468 875770418 454695220
875836210 454761013 892613683 471538477
-572712165 350216158 -555934693 367058911
-539091684 383901919 -539029987 402579936
387388949 690497575 404166422 707340328
421009175 707406120 421074967 724183593
-336860374 825355243 -336860374 825355499
-336860373 825355500 -320083156 825356524
909193521 909522486 909193521 909522486
909193521 909522486 909062449 959854134
-387389208 -353703192 -387389208 -353703192
-387389208 -353703191 -370611992 -353703191
-185341206 905245940 -185275670 922023156
-185275670 922023156 -185275670 921892084
909522486 303174162 909522486 319951378
909522486 320016914 724973110 320017170
-303174381 -235803155 -303174381 -235802899
-303174381 -219025682 -286397168 -218960146
821228273 875770417 838005490 892613426
854782706 909456435 871559922 691418420
100992003 -505356537 117835012 -488513528
134678021 -471670519 151521030 -454827520
67363810 537331205 84206819 554174214
101049828 571017223 117895397 587860232
606282273 505224219 623125282 505290012
639968291 522067485 656811300 538910238
404166174 -252765927 421009183 -235922919
421074976 -219079910 437852458 -202237925
-118230287 -50595079 -101452814 -50529286
-84610061 -33751813 -68029197 -16909060
286330895 117900818 303108368 117901075
319951121 134678292 336794129 134743828
269420551 185667856 269486088 202510609
286263560 202510865 286333449 221319698
218958860 -202281903 235736332 -202216366
235801869 -185338894 353242637 -185273357
16777203      256    65524      257
16777460      257 16842997      513
758461492 488381229 757937460 236788782
774712629 -653386449 791555373 -975630801
-522200818 386596577 -505362983 403180286
-18757947 419956746 184469190 420022280
437852440 741026346 454695193 741092138
454760985 757869611 471538458 774712364
-320017620 825358576 -252908499 825359608
-118428626 791805180 -50794450 842005756
909258545 423179830 909521455 303642934
909522482 303175993 959854134 303174169
-370546456 -353703191 -370546200 -353703191
-370546199 -336925975 -370546199 -336860439
-185275414 906818292 -185275413 907742450
-218829845 907746060 217246699 723262235
741029430 269685523 892087094 135271187
892677163 -184020973 892679468 -168490992
-286331640 -218960146 -286331147 -218960146
-286331147 -218960146 -286331147 -218960146
888337138 707343925 905114354 724183350
921957106 741026345 703853554 757869354
  591879 -437984278 -369096440 -253369124
-588644343 -118430243 -572724736 -268898082
134740208 604703241 151580664 621546250
168423663 638389259 185266672 655232268
673654309 706748190 690497318 623517727
707340327 388311584 724183336 404170026
454695205 -202274184 404429335 -185336815
286792472 -235602436 -65988583 -621674755
-52760076   -66052 -51782927 16776957
-34936358    65534 -18093335 16777471
336859922 151521301 353637395 436799510
370480148 454691095 387323156 119216664
303110938 220803346 303171355 235743537
823265031 235736361 691079175 353242381
169152014 -168495885 -150334194 -168430348
-134804971 -151652876 -117967094 -151587339
16843253      514 33620470      770
33686006      771 50463478     1027
454695193 -555885285 454760985 -539042532
471538458 -538976739 488381211 -522199282
353689567 655824662 370532575 672667415
387375584 672733207 387448545 689510680
707340328 842084656 707406120 858927409
724183593 858993201 741026346 875770674
825307443 909521201 825307443 909521201
825307444 909521201 825307445 909520689
-399100362 -387389208 -399100362 -387389208
-399100362 -370611992 -398903754 -370546456
-353703190 -33686294 -353703190 -33686038
-353703190 -33686038 -353703190 -33686038
909508093 305542710 909573629 305542710
909573629 305542710 909573629 304821814
319951378 -303174163 320016914 -303174163
320017170 -286396947 269685523 -286331411
-235802131 471659250 -219024914 471659250
-218959378 471659250 -218959122 471659250
52173852 117835012 68951068 134678021
85793820 151521030 102571292   591879
-488513313 84149219 -471670304 100992228
-454827295 117835237 -437984286 134678256
555747078 774120226 572590087 790963235
589433096 807806244 606276105 841426469
858927151 421009174 875770416 421074967
892613426 437852440 909456435 454695193
-235868391 -101125134 -219025382 -84282381
-202282373 -67439373 -202216584 -50597388
268237818 303108368 285015291 319951121
301858044 336794129 301923836 336859922
471603994 269487901 488381467 286265374
505224220 286330911 522067228 303108384
202051857 -250802932 202217649 -233960179
218894866 -233959923 218968338 -216723954
-202216366    65535 -185338894 16777471
-185273357 16842752 -168495885 16843008
151586817     2570 168364289     2826
168429825     2827 185207298     3083
236788763 -505356327 -653386468 -18751291
-975630819 184476102 -960112370 134938310
404163326 706353433 421005322 706419225
421070856 723196698 437848328 740039451
741092138 892613427 757869611 892679219
774712364 624244020 774778156 421868853
825307445 909521455 791752997 909522482
841953561 959854134 909258518 423179830
-401000138 -370546200 -401467079 -370546199
-384691687 -370546199 -384691694 -370546199
-353703190 -33686037 -336925974 -33686037
-336860438 66977259 -336860182 352583147
909509629 321661750 909513987 322251819
724971797 322254124 741028145 271922485
135271187 -286331155 -184020973 -286331154
-168490992 -286331154 -168430328 -286331154
-218959122 471659250 -218959122 488436466
-218959122 488502258 -218959122 488502259
119348509 -369096440 136125725 -588644343
154475805 -572724736  3487005 -555885334
-253369117 151521272 -118430236 168364271
-268898075 185207280 -252708624 202050289
623119114 858269478 639962123 875112487
656805132 891955496 673648141 908798505
909522228 404429337 540423733 286792474
85997110 -65988581 -33218506 -33812200
-185339119 -50537743 -235604996 -33756710
-621677315 -16913687 -371527170   -70678
318766845 353637395 318832638 370480148
335544575 387323156 335609856 404166165
538910237 303173930 706748190 823267879
657072159 691081757 489105952 220803347
235743537 -217443058 235801897 -185136619
353242381 -185075958 169152013 -168232969
-168430348 33620225 -151652876 33685761
-151587339 50463233 -151587083 50528770
185272834     6156 202050307    10008
403442435     6439 655887364     3353
-539042339 370480351 -538976547 387323360
-522199074 387389153 -505356321 404166654
673650455 808069416 673716247 824846889
690493720 824912426 707336473 841755434
858927409 -909522745 858993201 -892745272
875770674 -875902519 892613427 -875836727
909522634 -387434954 909522635 -387434954
909522635 -387434954 909522636 -387434186
-353834776 -353703190 -353834776 -353703190
-353769240 -353703190 -353768984 -353703190
-33686020 909522685 -33686019 909522685
-33686019 909522685 -33686019 909522685
303183414 -317517294 303183414 -317517038
303183414 -317517037 319960630 -317713645
-303174163 -219024911 -286396947 -218959375
-286331411 -218959119 -286331155 -218959118
471604466 892673052 471604466 909450268
471604466 909516060 471604466 909516061
-550095306 -471670304 -533318090 -454827295
-516540874 -437984286 -499763658 -253369117
100992003 572596231 117835012 589439240
134678021 606282249 151521030 623125258
791553059 -533515728 808396068 -516672718
842016293 -499829709 858924838 -482986700
-454827295 -219025169 -437984286 -202282160
-421141277 -202216367 -404298268 -185338894
-84281101 269483259 -67438093 286326012
-50595084 286391804 -50529295 303169277
437391633 488381467 454234641 505224220
471077650 522067228 471077907 538910237
16842751 202215842 33620223 218893315
50462976 218958851 50528769 235736324
-219083507  -789518 -219017715  -723981
-202240498 16053491 -202273170 16119028
16777471 168364296 16842752 168429833
16843008 185207305 33620225 185272842
269422346     4112 269487883     4368
269488139     4369 286265356     4625
-18751265 421009162 184476128 421074952
134938337 437852424 134744830 454695177
707402265 858532907 724179738 858598444
741022491 875441452 741088283 892218925
892679219 -859059254 624244020 -858993717
421868853 -506671925 370746677 -572404532
909522636 -387442375 959854305 -370666983
423179997 -370601454 303643098 -370601454
-353768983 -336925974 -353768983 -336860438
-353768983 -336860182 -353768983 -336860181
-33686019 909522435 66977277 909522453
352583165 959854129 823460861 741946929
320026934 -318238701 320023609 -285931504
269694252 -285870840 135280181 -285870603
-286331154 -218959118 -286331154 -218959118
-286331154 -218959118 -286331154 -202281902
488381682 909516061 488447218 909516061
488447475 909522205 488447475 909522229
-482986442 -118430236 -467847626 -268898075
-451601098 -252708624 -267315939 -235868168
168364039 639968267 185207048 656811276
202050057 673654285 218893066 690497294
875767847 -466209227 892610856 -450873802
909453865 -435871690 909519658 -402782944
-219683099 -235605005 -252516378 -621677325
-420416793 -371527180 -622399246 -353772815
-33751846 320012286 -16909079 336789759
  -66070 336855040 16776939 353632512
487920660 706748190 504763668 657072159
521606677 489105952 538449686 320677674
67306242 235801865 151257859 353242626
34145283 169152235 -352188156 -150333972
-185398763 32896500 -185272566 32962037
-168495113 32962293 -168429321 49739510
33685761 202050314 50463233 403442443
50528770 655887371 67306242 421992460
286330904     9234 303108391    12580
605163801     4657 824447501     2322
387323156 673720087 387388949 690497560
404166422 707340313 421009175 707406105
825240105 -952946127 825305642 -936168654
842083114 -919325901 858926123 -919260109
-892745272 202050314 -875902519 218893067
-875836727 218958859 -859059254 235736332
-387389427 -353703704 -387389427 -353703704
-387389426 -353703448 -387389425 -353703447
-51713302 -33686019 -34936086 -33686019
-34936086 -33686019 -34936086 -33686019
909522486 303174198 909522486 303174198
909522486 303174198 909522486 303174198
-303230446 -236065299 -303230446 -235999763
-303230446 -235999507 -303230190 -219222290
-218959375 471604252 -218959119 471604252
-218959118 471604252 -218959118 488381468
909456668 -168479178 909522204 -151701962
909522461 -151636426 909522461 -151636426
66516726 117835012 83293942 134678021
100071158 151521030 116848374 168364039
589439264 808398372 606282273 842018597
623125282 858927142 639968291 875770407
-505400526 -203103262 -488557517 -186260253
-471714508 -169417244 -454871499 -152574235
-134810124 -67438088 -117967115 -50595079
-101124106 -50529286 -84281097 -33751813
286265340 454693393 286331132 471536402
303108605 471602195 319951358 488379412
-14869476 33620223 -14803684 50462976
 2039325 50528769 18882334 67306242
-286331412 -218959377 -269553939 -202281904
-252711186 -202216367 -235868178 -185338894
   -3085 134283264 16774387 151060736
   62708 151060737 16840180 167903489
168429833 269487887 185207305 269488143
185272842 286265360 202050314 286330896
-101058544    64250 -84281071    64506
-84215535    64507 -67438062    64763
421074967 724183578 437852440 741026331
454695193 741092123 454760985 757869596
858991660 -902482636 875769132 -886753995
892612141 -887544523 892677678 -870967003
-858993717 252579085 -506671925 252644877
-572404532 269422350 -622992948 286265103
-370612209 -353703447 -370546672 -353703447
-370546415 -353703447 -370546415 -336926231
-34870550 66977277 -34870294 352583165
-34870293 823460861 -34870293 825300227
909522486 303174201 959854134 319951404
741946934 320016949 892090678 85136182
-286452973 -219222290 -286391021 -219222290
-286331131 -219222290 -286332689 -219222290
-218959118 488447004 -218959118 488447260
-202281902 488447261 -202216366 891100445
909522461 -151636426 909522461 -151642826
909522485 -151644899 490092085 -134868715
133691126 185207048 150534134 202050057
166787319 218893066 183300344 235736075
656811300 892613416 673654309 909456425
690497318 909522218 707340327 540423723
-438028746 -135075866 -421191626 -118426905
-404355808 -102305550 -219677179 -86317328
-67438088 -16909060 -50595079   -66052
-33752070 16776957 -16909061    65534
336794367 505222420 336859904 522065429
353637376 538908438 370480129 706746391
36315167 151257859 52898336 34145283
52242218 -352188156 68361511 -320142839
-219025169 -185273358 -218959376 -168495885
-202281903 -168430348 -185339150 -151652875
16905717 167903745 16905973 184746498
33683190 184746754 33748726 201589507
403442443 303108368 655887371 605163793
421992460 824447505 219752216 305210386
-67372508    64764 -50595023    62972
-50529518    61429 -167969783    61423
875770674 -875902667 892613427 -875836875
892679219 -859059419 624244020 -858993895
218942667 521080333 219008204 537857806
235790796 537923343 252632545 554766351
572596256 858927665 572662048 875770418
589439521 875836210 606282274 892613683
-33686220 909573629 -33686220 909509629
-33686219 909513987 66977069 909521173
305542710 319951378 305739318 320016914
304888118 85136146 305474617 -284880109
-370546199 -336860183 -370546199 -336860183
-370546199 -336860182 -353768983 -320082966
471657451 907877660 471657707 907877661
488434924 907877661 488501484 909450525
909522486 -151587082 909522486 -151587082
490092086 -134809866 354235958 -117967114
-252710922 -185339664 -252645385 -185274128
-252645128 -185274128 -252645136 -185274128
854914292 909456435 871691508 909522228
888468724 540423733 905114868 85997110
-421141277 -117967129 -404298268 -101124110
-219683099 -84281104 -252516378 -67438106
336853753 806819349 353696762 823662358
370539771 840505367 387382780 857348376
875770417 522067228 892613426 538910237
909456435 706748190 691418420 657072159
50463008 -269614077 50528810 -252770044
67306279 -235929079 151257885 -219026686
99807728 134678022 116585201 151521030
116650738 168364039 133493746 168429832
505224219 185207326 505290012 185272863
522067485 202050336 538910238 403442474
269487115 -99479279 286267404 -98299375
286336792 -80665582 303110439 -82693852
-50594822 -84215303 -50529285 -67437831
-167969541 -67372294 -269091588 -67372038
117901051     2055 117901307     2056
134678523     2312 134744060     6665
421868853 -506672106 370746677 -572404714
370546981 -622993129 387323417 -623190760
252697309 571543824 269474522 571609361
286317530 588452369 286383323 605229842
606348066 758461492 623125539 757937460
639968292 774712629 640034084 791555373
352582957 959852849 823460654 741945649
825300271 892088625 825307439 909455665
322319660 -386988781 322319925 -387387643
87438902 -387389201 -281659850 -387389208
-353703447 -320017430 -353703191 -252908310
-353703190 -118428438 -353703190 -50794262
488503536 909456669 488504568 909456693
891157756 490026293 892730620 355808565
286596406 -252119050 286332189 -319751945
303108373 -320016136 303173905 -303239952
-252645140 -185274128 -252645140 -185273872
-252645139 -218828303 -235867923 217248241
906818292 -33218506 907742450  -129760
538647308 16776709 85728027 16842750
-420416793 -50595110 -622399246 -33752100
-589633808 -16909091 -572728602   -66082
404225789 874191385 421068798 891034394
437846271 907877403 454689024 689839388
707343925 489105952 724183350 320677674
741026345 336796967 757869354 336859933
34145299 -218960661 -352188140 -202283188
-320142828 -185340179 -303240427 -168497426
150336755 185207305 167179764 202050058
183957237 218893066 184022774 235736075
706748190 655887397 623517727 421992471
388311584 219752216 404170026 235739417
605162777 -66514383 824446477 -66451182
305204750 -183891447 152178446 -284489206
-269486596 -50594821 -252710923 -50529285
-252645393 -33751813 -235867921 -33686276
151521532     6938 436799741     1819
454691325     1799 119216894     2055
-875836727 218959052 -859059254 235736524
-858993717 252579297 -506671925 252645085
538906382 824320288 538971919 841097761
555749391 841163298 572592400 858006306
875770418 454695193 875836210 454760985
892613683 471538458 758461492 488381211
909522459 303183414 909522460 303184182
909522461 303180857 959854094 319960364
-384626158 -370546199 -384625902 -370546199
-385543405 -353768983 -370211565 -353703447
-336860181 825307627 -336860181 825307628
-320082965 825307628 -320017429 825307632
909521201 -164219338 909521201 -164219338
909521201 -165857738 909520689 -166388426
-151587082 -252645393 -134809866 -252645137
-117967114 -252645136 -252119050 -252645136
-185273360 909505780 -185273104 909571316
-185273104 909571316 -185273104 909570804
-482986442 -404298268 -466209226 -219683099
-449432010 -252516378 -433375690 -420416793
-101124106 353637370 -84281097 370480379
-67438088 387323388 -50595079 404166397
825235222 53752626 842078231 70595635
858921240 87438644 875764249 103364149
117835012 50528769 134678021 67306242
151521030 151257859   591879 34145283
-252711420 101053169 -235868407 101118706
-219025406 117896178 -218959381 134739187
453510918 505290012 470353927 522067485
487196936 538910238 503974409 706748190
421009174 286265369 421074967 286330906
437852440 303108379 454695193 605163800
-84274671 -100860933 -67492846 -100860677
-67423964 -84542212 -50654671 -84937220
-67437831 117901062 -67372294 134678279
-67372038 134743815 -50594821 151521287
269487880     4369 286265352     4625
286330889     4626 303108378    12562
-572404532 269422554 -622992948 286265306
-623190559 286331099 -606414115 303108572
572657937 874783779 589435409 874849316
606278418 891692324 606343955 757474853
757937460 236788763 774712629 -653386468
791555373 -975630819 791621165 -960112370
741947097 320026165 892090821 85145142
909454534 -284871114 909522374 -386976202
-370610427 -353703191 -370611985 -353703190
-353834776 -353703190 -353834776 -353703190
-252908309 825307640 -118428436 791753212
-50794260 841953788 -50530064 909258748
909521455 -166652643 490092082 -149876459
354235958 -133033711 286602806 -267251183
-319751945 -252645136 -320016136 -252645136
-303239952 -235867920 -303174420 -235802384
-185273104 909511922 -218827535 909515532
217249009 724966171 453833457 741022747
-416535754 -622399246 -231396309 -589633808
-264948436 -572728602 -432720587 -555885350
-33752070 421009406 -16909061 437852415
  -66052 454695168 16776957 471538177
892607258 120203574 909450267 137046569
691412252 153889578 707337757  2960427
-369096440 -352188156 -588644343 -320142839
-572724736 -303240446 -555885334 -286397205
-202281908 151582196 -185339155 168425205
-168496146 168490742 -151653138 185268214
504039946 623517727 520882954 388311584
537725963 404170026 705563916 421009189
404429337 824447505 286792474 305210620
-65988581 152187389 -33812200 168366846
-50591470 -68161547 -168031735 -68096017
-269153782 -68095761 -269546742 -51253008
-50529285 436799496 -33751813 454691080
-33686276 119216649 -16908804 117906202
303173915    10545 823267847     3369
691081735     3341 220803336     3597
235736332 538976015 252579085 555753487
252644877 572596240 269422350 572662033
842080801 422851378 842146338 422851635
858923810 439694388 875766819 455947572
454760985 -539042339 471538458 -538976547
488381211 -522199074 236788763 -505356321
303174367 -370601198 303174368 -370601197
319951585 -370604781 320017150 -370544891
-336991767 -336860181 -336991767 -320082965
-336926231 -320017429 -336925975 -252908309
825307441 909522481 825307441 909522481
825307441 909522481 825307441 909522479
-151636426 -269027594 -151636426 -268962058
-151636426 -252119050 -151635658 -252643081
-252645137 -185273101 -252645136 -185273100
-252645136 -185273100 -252645136 -185273100
909522420 303183414 909522676 303183414
909522676 303183414 909522674 319957814
-166522350 -84281097 -149744878 -67438088
-132967661 -50595079 -116387053 -33752070
370480147 842084375 387323156 858927384
404166165 875770393 421009174 892613402
67318835 -553187835 84161844 -536344826
101004853 -519501817 117844278 -503314168
-471670304 -235868178 -454827295 -219025169
-437984286 -218959376 -253369117 -202281903
101058034 471533575 117835506 488376584
134678259 505219593 151521268 505285130
371072541 421074967 387915294 437852440
404758302 454695193 422191135 404429337
-219025169 -67437837 -202282160 -67372301
-202216367 -50594828 -185338894 -50529295
-101057285 117177082 -84280068 133954554
-84216324 133954555 -67440651 134020091
134678279 286265359 134743815 286330896
151521287 303108368 436799496 303173905
202215857     3341 218893330     3597
218958866     3598 235736369     5390
286265103 589439505 286330895 606282258
303108368 606348051 319951121 623125523
875832356 455945525 892609828 472788269
758457893 489631277 757933606 237973294
-653386468 -18751265 -975630819 184476128
-960112370 134938337 -960051751 134744830
85136138 -370546449 -284880120 -353769240
-386988792 -353703704 -387387639 -353703704
-336925974 -118428436 -320148758 -50794260
-320148758 -50530064 -253039894 -50529032
791753009 909522482 841953585 959854134
909258545 423179830 909521455 303642934
-134866631 -252907272 -118025703 -252908304
-252177902 -252842772 -319811054 -252842516
-252645136 -218827532 -235867920 217249012
-235802384 453833460 -235802128 454757618
909522444 320023595 724973083 320025900
741029403 269694261 892087068 135279925
-100134893 -16909061 -67827696   -66052
-50989816 16776957 -34212363 16842750
437852183 909456411 454695192 691418396
471538201 707343901 488381210 724183326
134687273 -471203831 151530282 -455284224
  601131 -438444822 -369087188 -253829668
-118430236 -185339150 -268898075 -168496142
-252708624 -151653133 -235868168 -151587340
168364277 522062602 168430070 538905611
185207542 706743564 202050295 623513101
421866016 286792474 437724458 -65988581
454563621 -33812200 404297751 -16909295
-235605005 -167969574 -621677325 -269091607
-371527180 -269486614 -353772815 -252710933
-67375121 150797563 -67374865 150863100
-50597648 167640572 -50531856 452918781
454691080 823267857 119216649 691081746
117906202 220803346 134678299 218966321
235801897     2581 353242637    63242
169152013    63479 -150334194    63735
555753503 842150178 572596256 858927650
572662048 875770403 589439521 875836196
421082163 -585426150 437859380 -585360613
454702388 -568517605 454765877 -552723172
-538976547 387323156 -522199074 387388949
-505356321 404166422 -18751265 421009175
-370546409 -336860695 -370546408 -336860695
-370546407 -336860439 -370546407 -336860438
837544939 825307441 837610475 825307441
837610731 825307441 837872876 791753009
909522486 -387389386 909522486 -387389386
909522486 -387389386 909522486 -387389383
-269489944 -202313488 -252712728 -185536272
-252646936 -185536272 -252646935 -185536272
-185273100 909522485 -185273100 909522486
-185273100 909522486 -218827532 909522486
303174198 -303230190 303174198 -303230189
319951414 -303230189 320016939 -303230957
334360045 387323156 351202797 404166165
367980269 421009174 384757486 437852183
858927408 84149044 875770417 100992053
892613426 117835062 909456435 134678057
-522254586 65266401 -505411577 82109410
-488568568 98952419 -471728119 116450788
117835012 117835269 134678021 134678022
151521030 151521030 168364039 168364039
488381192 387325470 505224201 404168478
505289994 421011487 522067466 421079584
-283567848 -202282160 -266725095 -202216367
-249882087 -185338894 -233301222 -235605005
-67438088 -84280836 -50595079 -84215300
-50529286 -67437827 -33751813 -67372290
117898234 252184327 117963771 268961799
117963771 269027336 134741243 286918920
286330896 218893323 303108368 218958860
303173905 235736332 823267857 235801869
-218959603    62451 -202282130    62707
-202216594    62708 -185339115    62964
606282274 892613668 606348066 758461477
623125539 757937446 639968292 774712614
471543085 -539423203 488386093 -523904754
236793646 -507066919 -653381841 -20527419
184476128 421074967 134938337 437852440
134744830 454695193 151521290 454760985
-353769190 -320083222 -353703653 -320017686
-353703397 -252908822 -353703396 -118428950
838398188 841953585 838662384 909258545
838663416 909521455 805108988 909522482
959854134 -370612199 423179830 -370546670
303642934 -370546414 303175993 -370546414
-252646935 -185536272 -252646935 -185470736
-252646935 -185470480 -252646935 -219024911
217249012 724973110 453833460 741029430
454757618 892087094 471538444 892677163
320017196 -286455792 269685557 -286329592
135271221 -286329355 -184020939 -286329355
401534702 454695192 418311918 471538201
435089134 488381210 451866350 505224219
691418420 151521066 707343925   591915
724183350 -369096404 741026345 -588644307
-454825472 133755109 -437986070 149944560
-253370916 166785016 -118432035 183628015
185207048 168429832 202050057 185207305
218893066 202050058 235736075 218893066
538910219 437855530 706748172 454694693
623517709 404428823 388311566 286791960
-216983525 -621677325 -201584360 -371527180
-184681455 -353772815 -234947076 -336926246
-16909060 -67372033   -66052 -50595072
16776957 -50529536    65534 -33752063
134806780 286988809 151584252 302455578
436862461 302450459 454754045 822609671
691081746 353242637 220803346 169152014
218966321 -150334194 235736361 -134804971
-185273590    62965 -168495881    63221
-168430345    63222 -151652872    63222
858927665 437852468 875770418 454695220
875836210 454761013 892613683 471538477
-572712165 350216158 -555934693 367058911
-539091684 383901919 -539029987 402579936
387388949 690497575 404166422 707340328
421009175 707406120 421074967 724183593
-336860374 825355243 -336860374 825355499
-336860373 825355500 -320083156 825356524
909193521 909522486 909193521 909522486
909193521 909522486 909062449 959854134
-387389208 -353703192 -387389208 -353703192
-387389208 -353703191 -370611992 -353703191
-185341206 905245940 -185275670 922023156
-185275670 922023156 -185275670 921892084
909522486 303174162 909522486 319951378
909522486 320016914 724973110 320017170
-303174381 -235803155 -303174381 -235802899
-303174381 -219025682 -286397168 -218960146
821228273 875770417 838005490 892613426
854782706 909456435 871559922 691418420
100992003 -505356537 117835012 -488513528
134678021 -471670519 151521030 -454827520
67363810 537331205 84206819 554174214
101049828 571017223 117895397 587860232
606282273 505224219 623125282 505290012
639968291 522067485 656811300 538910238
404166174 -252765927 421009183 -235922919
421074976 -219079910 437852458 -202237925
-118230287 -50595079 -101452814 -50529286
-84610061 -33751813 -68029197 -16909060
286330895 117900818 303108368 117901075
319951121 134678292 336794129 134743828
269420551 185667856 269486088 202510609
286263560 202510865 286333449 221319698
218958860 -202281903 235736332 -202216366
235801869 -185338894 353242637 -185273357
16777203      256    65524      257
16777460      257 16842997      513
758461492 488381229 757937460 236788782
774712629 -653386449 791555373 -975630801
-522200818 386596577 -505362983 403180286
-18757947 419956746 184469190 420022280
437852440 741026346 454695193 741092138
454760985 757869611 471538458 774712364
-320017620 825358576 -252908499 825359608
-118428626 791805180 -50794450 842005756
909258545 423179830 909521455 303642934
909522482 303175993 959854134 303174169
-370546456 -353703191 -370546200 -353703191
-370546199 -336925975 -370546199 -336860439
-185275414 906818292 -185275413 907742450
-218829845 907746060 217246699 723262235
741029430 269685523 892087094 135271187
892677163 -184020973 892679468 -168490992
-286331640 -218960146 -286331147 -218960146
-286331147 -218960146 -286331147 -218960146
888337138 707343925 905114354 724183350
921957106 741026345 703853554 757869354
  591879 -437984278 -369096440 -253369124
-588644343 -118430243 -572724736 -268898082
134740208 604703241 151580664 621546250
168423663 638389259 185266672 655232268
673654309 706748190 690497318 623517727
707340327 388311584 724183336 404170026
454695205 -202274184 404429335 -185336815
286792472 -235602436 -65988583 -621674755
-52760076   -66052 -51782927 16776957
-34936358    65534 -18093335 16777471
336859922 151521301 353637395 436799510
370480148 454691095 387323156 119216664
303110938 220803346 303171355 235743537
823265031 235736361 691079175 353242381
169152014 -168495885 -150334194 -168430348
-134804971 -151652876 -117967094 -151587339
16843253      514 33620470      770
33686006      771 50463478     1027
454695193 -555885285 454760985 -539042532
471538458 -538976739 488381211 -522199282
353689567 655824662 370532575 672667415
387375584 672733207 387448545 689510680
707340328 842084656 707406120 858927409
724183593 858993201 741026346 875770674
825307443 909521201 825307443 909521201
825307444 909521201 825307445 909520689
-399100362 -387389208 -399100362 -387389208
-399100362 -370611992 -398903754 -370546456
-353703190 -33686294 -353703190 -33686038
-353703190 -33686038 -353703190 -33686038
909508093 305542710 909573629 305542710
909573629 305542710 909573629 304821814
319951378 -303174163 320016914 -303174163
320017170 -286396947 269685523 -286331411
-235802131 471659250 -219024914 471659250
-218959378 471659250 -218959122 471659250
52173852 117835012 68951068 134678021
85793820 151521030 102571292   591879
-488513313 84149219 -471670304 100992228
-454827295 117835237 -437984286 134678256
555747078 774120226 572590087 790963235
589433096 807806244 606276105 841426469
858927151 421009174 875770416 421074967
892613426 437852440 909456435 454695193
-235868391 -101125134 -219025382 -84282381
-202282373 -67439373 -202216584 -50597388
268237818 303108368 285015291 319951121
301858044 336794129 301923836 336859922
471603994 269487901 488381467 286265374
505224220 286330911 522067228 303108384
202051857 -250802932 202217649 -233960179
218894866 -233959923 218968338 -216723954
-202216366    65535 -185338894 16777471
-185273357 16842752 -168495885 16843008
151586817     2570 168364289     2826
168429825     2827 185207298     3083
236788763 -505356327 -653386468 -18751291
-975630819 184476102 -960112370 134938310
404163326 706353433 421005322 706419225
421070856 723196698 437848328 740039451
741092138 892613427 757869611 892679219
774712364 624244020 774778156 421868853
825307445 909521455 791752997 909522482
841953561 959854134 909258518 423179830
-401000138 -370546200 -401467079 -370546199
-384691687 -370546199 -384691694 -370546199
-353703190 -33686037 -336925974 -33686037
-336860438 66977259 -336860182 352583147
909509629 321661750 909513987 322251819
724971797 322254124 741028145 271922485
135271187 -286331155 -184020973 -286331154
-168490992 -286331154 -168430328 -286331154
-218959122 471659250 -218959122 488436466
-218959122 488502258 -218959122 488502259
119348509 -369096440 136125725 -588644343
154475805 -572724736  3487005 -555885334
-253369117 151521272 -118430236 168364271
-268898075 185207280 -252708624 202050289
623119114 858269478 639962123 875112487
656805132 891955496 673648141 908798505
909522228 404429337 540423733 286792474
85997110 -65988581 -33218506 -33812200
-185339119 -50537743 -235604996 -33756710
-621677315 -16913687 -371527170   -70678
318766845 353637395 318832638 370480148
335544575 387323156 335609856 404166165
538910237 303173930 706748190 823267879
657072159 691081757 489105952 220803347
235743537 -217443058 235801897 -185136619
353242381 -185075958 169152013 -168232969
-168430348 33620225 -151652876 33685761
-151587339 50463233 -151587083 50528770
185272834     6156 202050307    10008
403442435     6439 655887364     3353
-539042339 370480351 -538976547 387323360
-522199074 387389153 -505356321 404166654
673650455 808069416 673716247 824846889
690493720 824912426 707336473 841755434
858927409 -909522745 858993201 -892745272
875770674 -875902519 892613427 -875836727
909522634 -387434954 909522635 -387434954
909522635 -387434954 909522636 -387434186
-353834776 -353703190 -353834776 -353703190
-353769240 -353703190 -353768984 -353703190
-33686020 909522685 -33686019 909522685
-33686019 909522685 -33686019 909522685
303183414 -317517294 303183414 -317517038
303183414 -317517037 319960630 -317713645
-303174163 -219024911 -286396947 -218959375
-286331411 -218959119 -286331155 -218959118
471604466 892673052 471604466 909450268
471604466 909516060 471604466 909516061
-550095306 -471670304 -533318090 -454827295
-516540874 -437984286 -499763658 -253369117
100992003 572596231 117835012 589439240
134678021 606282249 151521030 623125258
791553059 -533515728 808396068 -516672718
842016293 -499829709 858924838 -482986700
-454827295 -219025169 -437984286 -202282160
-421141277 -202216367 -404298268 -185338894
-84281101 269483259 -67438093 286326012
-50595084 286391804 -50529295 303169277
437391633 488381467 454234641 505224220
471077650 522067228 471077907 538910237
16842751 202215842 33620223 218893315
50462976 218958851 50528769 235736324
-219083507  -789518 -219017715  -723981
-202240498 16053491 -202273170 16119028
16777471 168364296 16842752 168429833
16843008 185207305 33620225 185272842
269422346     4112 269487883     4368
269488139     4369 286265356     4625
-18751265 421009162 184476128 421074952
134938337 437852424 134744830 454695177
707402265 858532907 724179738 858598444
741022491 875441452 741088283 892218925
892679219 -859059254 624244020 -858993717
421868853 -506671925 370746677 -572404532
909522636 -387442375 959854305 -370666983
423179997 -370601454 303643098 -370601454
-353768983 -336925974 -353768983 -336860438
-353768983 -336860182 -353768983 -336860181
-33686019 909522435 66977277 909522453
352583165 959854129 823460861 741946929
320026934 -318238701 320023609 -285931504
269694252 -285870840 135280181 -285870603
-286331154 -218959118 -286331154 -218959118
-286331154 -218959118 -286331154 -202281902
488381682 909516061 488447218 909516061
488447475 909522205 488447475 909522229
-482986442 -118430236 -467847626 -268898075
-451601098 -252708624 -267315939 -235868168
168364039 639968267 185207048 656811276
202050057 673654285 218893066 690497294
875767847 -466209227 892610856 -450873802
909453865 -435871690 909519658 -402782944
-219683099 -235605005 -252516378 -621677325
-420416793 -371527180 -622399246 -353772815
-33751846 320012286 -16909079 336789759
  -66070 336855040 16776939 353632512
487920660 706748190 504763668 657072159
521606677 489105952 538449686 320677674
67306242 235801865 151257859 353242626
34145283 169152235 -352188156 -150333972
-185398763 32896500 -185272566 32962037
-168495113 32962293 -168429321 49739510
33685761 202050314 50463233 403442443
50528770 655887371 67306242 421992460
286330904     9234 303108391    12580
605163801     4657 824447501     2322
387323156 673720087 387388949 690497560
404166422 707340313 421009175 707406105
825240105 -952946127 825305642 -936168654
842083114 -919325901 858926123 -919260109
-892745272 202050314 -875902519 218893067
-875836727 218958859 -859059254 235736332
-387389427 -353703704 -387389427 -353703704
-387389426 -353703448 -387389425 -353703447
-51713302 -33686019 -34936086 -33686019
-34936086 -33686019 -34936086 -33686019
909522486 303174198 909522486 303174198
909522486 303174198 909522486 303174198
-303230446 -236065299 -303230446 -235999763
-303230446 -235999507 -303230190 -219222290
-218959375 471604252 -218959119 471604252
-218959118 471604252 -218959118 488381468
909456668 -168479178 909522204 -151701962
909522461 -151636426 909522461 -151636426
66516726 117835012 83293942 134678021
100071158 151521030 116848374 168364039
589439264 808398372 606282273 842018597
623125282 858927142 639968291 875770407
-505400526 -203103262 -488557517 -186260253
-471714508 -169417244 -454871499 -152574235
-134810124 -67438088 -117967115 -50595079
-101124106 -50529286 -84281097 -33751813
286265340 454693393 286331132 471536402
303108605 471602195 319951358 488379412
-14869476 33620223 -14803684 50462976
 2039325 50528769 18882334 67306242
-286331412 -218959377 -269553939 -202281904
-252711186 -202216367 -235868178 -185338894
   -3085 134283264 16774387 151060736
   62708 151060737 16840180 167903489
168429833 269487887 185207305 269488143
185272842 286265360 202050314 286330896
-101058544    64250 -84281071    64506
-84215535    64507 -67438062    64763
421074967 724183578 437852440 741026331
454695193 741092123 454760985 757869596
858991660 -902482636 875769132 -886753995
892612141 -887544523 892677678 -870967003
-858993717 252579085 -506671925 252644877
-572404532 269422350 -622992948 286265103
-370612209 -353703447 -370546672 -353703447
-370546415 -353703447 -370546415 -336926231
-34870550 66977277 -34870294 352583165
-34870293 823460861 -34870293 825300227
909522486 303174201 959854134 319951404
741946934 320016949 892090678 85136182
-286452973 -219222290 -286391021 -219222290
-286331131 -219222290 -286332689 -219222290
-218959118 488447004 -218959118 488447260
-202281902 488447261 -202216366 891100445
909522461 -151636426 909522461 -151642826
909522485 -151644899 490092085 -134868715
133691126 185207048 150534134 202050057
166787319 218893066 183300344 235736075
656811300 892613416 673654309 909456425
690497318 909522218 707340327 540423723
-438028746 -135075866 -421191626 -118426905
-404355808 -102305550 -219677179 -86317328
-67438088 -16909060 -50595079   -66052
-33752070 16776957 -16909061    65534
336794367 505222420 336859904 522065429
353637376 538908438 370480129 706746391
36315167 151257859 52898336 34145283
52242218 -352188156 68361511 -320142839
-219025169 -185273358 -218959376 -168495885
-202281903 -168430348 -185339150 -151652875
16905717 167903745 16905973 184746498
33683190 184746754 33748726 201589507
403442443 303108368 655887371 605163793
421992460 824447505 219752216 305210386
-67372508    64764 -50595023    62972
-50529518    61429 -167969783    61423
875770674 -875902667 892613427 -875836875
892679219 -859059419 624244020 -858993895
218942667 521080333 219008204 537857806
235790796 537923343 252632545 554766351
572596256 858927665 572662048 875770418
589439521 875836210 606282274 892613683
-33686220 909573629 -33686220 909509629
-33686219 909513987 66977069 909521173
305542710 319951378 305739318 320016914
304888118 85136146 305474617 -284880109
-370546199 -336860183 -370546199 -336860183
-370546199 -336860182 -353768983 -320082966
471657451 907877660 471657707 907877661
488434924 907877661 488501484 909450525
909522486 -151587082 909522486 -151587082
490092086 -134809866 354235958 -117967114
-252710922 -185339664 -252645385 -185274128
-252645128 -185274128 -252645136 -185274128
854914292 909456435 871691508 909522228
888468724 540423733 905114868 85997110
-421141277 -117967129 -404298268 -101124110
-219683099 -84281104 -252516378 -67438106
336853753 806819349 353696762 823662358
370539771 840505367 387382780 857348376
875770417 522067228 892613426 538910237
909456435 706748190 691418420 657072159
50463008 -269614077 50528810 -252770044
67306279 -235929079 151257885 -219026686
99807728 134678022 116585201 151521030
116650738 168364039 133493746 168429832
505224219 185207326 505290012 185272863
522067485 202050336 538910238 403442474
269487115 -99479279 286267404 -98299375
286336792 -80665582 303110439 -82693852
-50594822 -84215303 -50529285 -67437831
-167969541 -67372294 -269091588 -67372038
117901051     2055 117901307     2056
134678523     2312 134744060     6665
421868853 -506672106 370746677 -572404714
370546981 -622993129 387323417 -623190760
252697309 571543824 269474522 571609361
286317530 588452369 286383323 605229842
606348066 758461492 623125539 757937460
639968292 774712629 640034084 791555373
352582957 959852849 823460654 741945649
825300271 892088625 825307439 909455665
322319660 -386988781 322319925 -387387643
87438902 -387389201 -281659850 -387389208
-353703447 -320017430 -353703191 -252908310
-353703190 -118428438 -353703190 -50794262
488503536 909456669 488504568 909456693
891157756 490026293 892730620 355808565
286596406 -252119050 286332189 -319751945
303108373 -320016136 303173905 -303239952
-252645140 -185274128 -252645140 -185273872
-252645139 -218828303 -235867923 217248241
906818292 -33218506 907742450  -129760
538647308 16776709 85728027 16842750
-420416793 -50595110 -622399246 -33752100
-589633808 -16909091 -572728602   -66082
404225789 874191385 421068798 891034394
437846271 907877403 454689024 689839388
707343925 489105952 724183350 320677674
741026345 336796967 757869354 336859933
34145299 -218960661 -352188140 -202283188
-320142828 -185340179 -303240427 -168497426
150336755 185207305 167179764 202050058
183957237 218893066 184022774 235736075
706748190 655887397 623517727 421992471
388311584 219752216 404170026 235739417
605162777 -66514383 824446477 -66451182
305204750 -183891447 152178446 -284489206
-269486596 -50594821 -252710923 -50529285
-252645393 -33751813 -235867921 -33686276
151521532     6938 436799741     1819
454691325     1799 119216894     2055
-875836727 218959052 -859059254 235736524
-858993717 252579297 -506671925 252645085
538906382 824320288 538971919 841097761
555749391 841163298 572592400 858006306
875770418 454695193 875836210 454760985
892613683 471538458 758461492 488381211
909522459 303183414 909522460 303184182
909522461 303180857 959854094 319960364
-384626158 -370546199 -384625902 -370546199
-385543405 -353768983 -370211565 -353703447
-336860181 825307627 -336860181 825307628
-320082965 825307628 -320017429 825307632
909521201 -164219338 909521201 -164219338
909521201 -165857738 909520689 -166388426
-151587082 -252645393 -134809866 -252645137
-117967114 -252645136 -252119050 -252645136
-185273360 909505780 -185273104 909571316
-185273104 909571316 -185273104 909570804
-482986442 -404298268 -466209226 -219683099
-449432010 -252516378 -433375690 -420416793
-101124106 353637370 -84281097 370480379
-67438088 387323388 -50595079 404166397
825235222 53752626 842078231 70595635
858921240 87438644 875764249 103364149
117835012 50528769 134678021 67306242
151521030 151257859   591879 34145283
-252711420 101053169 -235868407 101118706
-219025406 117896178 -218959381 134739187
453510918 505290012 470353927 522067485
487196936 538910238 503974409 706748190
421009174 286265369 421074967 286330906
437852440 303108379 454695193 605163800
-84274671 -100860933 -67492846 -100860677
-67423964 -84542212 -50654671 -84937220
-67437831 117901062 -67372294 134678279
-67372038 134743815 -50594821 151521287
269487880     4369 286265352     4625
286330889     4626 303108378    12562
-572404532 269422554 -622992948 286265306
-623190559 286331099 -606414115 303108572
572657937 874783779 589435409 874849316
606278418 891692324 606343955 757474853
757937460 236788763 774712629 -653386468
791555373 -975630819 791621165 -960112370
741947097 320026165 892090821 85145142
909454534 -284871114 909522374 -386976202
-370610427 -353703191 -370611985 -353703190
-353834776 -353703190 -353834776 -353703190
-252908309 825307640 -118428436 791753212
-50794260 841953788 -50530064 909258748
909521455 -166652643 490092082 -149876459
354235958 -133033711 286602806 -267251183
-319751945 -252645136 -320016136 -252645136
-303239952 -235867920 -303174420 -235802384
-185273104 909511922 -218827535 909515532
217249009 724966171 453833457 741022747
-416535754 -622399246 -231396309 -589633808
-264948436 -572728602 -432720587 -555885350
-33752070 421009406 -16909061 437852415
  -66052 454695168 16776957 471538177
892607258 120203574 909450267 137046569
691412252 153889578 707337757  2960427
-369096440 -352188156 -588644343 -320142839
-572724736 -303240446 -555885334 -286397205
-202281908 151582196 -185339155 168425205
-168496146 168490742 -151653138 185268214
504039946 623517727 520882954 388311584
537725963 404170026 705563916 421009189
404429337 824447505 286792474 305210620
-65988581 152187389 -33812200 168366846
-50591470 -68161547 -168031735 -68096017
-269153782 -68095761 -269546742 -51253008
-50529285 436799496 -33751813 454691080
-33686276 119216649 -16908804 117906202
303173915    10545 823267847     3369
691081735     3341 220803336     3597
235736332 538976015 252579085 555753487
252644877 572596240 269422350 572662033
842080801 422851378 842146338 422851635
858923810 439694388 875766819 455947572
454760985 -539042339 471538458 -538976547
488381211 -522199074 236788763 -505356321
303174367 -370601198 303174368 -370601197
319951585 -370604781 320017150 -370544891
-336991767 -336860181 -336991767 -320082965
-336926231 -320017429 -336925975 -252908309
825307441 909522481 825307441 909522481
825307441 909522481 825307441 909522479
-151636426 -269027594 -151636426 -268962058
-151636426 -252119050 -151635658 -252643081
-252645137 -185273101 -252645136 -185273100
-252645136 -185273100 -252645136 -185273100
909522420 303183414 909522676 303183414
909522676 303183414 909522674 319957814
-166522350 -84281097 -149744878 -67438088
-132967661 -50595079 -116387053 -33752070
370480147 842084375 387323156 858927384
404166165 875770393 421009174 892613402
67318835 -553187835 84161844 -536344826
101004853 -519501817 117844278 -503314168
-471670304 -235868178 -454827295 -219025169
-437984286 -218959376 -253369117 -202281903
101058034 471533575 117835506 488376584
134678259 505219593 151521268 505285130
371072541 421074967 387915294 437852440
404758302 454695193 422191135 404429337
-219025169 -67437837 -202282160 -67372301
-202216367 -50594828 -185338894 -50529295
-101057285 117177082 -84280068 133954554
-84216324 133954555 -67440651 134020091
134678279 286265359 134743815 286330896
151521287 303108368 436799496 303173905
202215857     3341 218893330     3597
218958866     3598 235736369     5390
286265103 589439505 286330895 606282258
303108368 606348051 319951121 623125523
875832356 455945525 892609828 472788269
758457893 489631277 757933606 237973294
-653386468 -18751265 -975630819 184476128
-960112370 134938337 -960051751 134744830
85136138 -370546449 -284880120 -353769240
-386988792 -353703704 -387387639 -353703704
-336925974 -118428436 -320148758 -50794260
-320148758 -50530064 -253039894 -50529032
791753009 909522482 841953585 959854134
909258545 423179830 909521455 303642934
-134866631 -252907272 -118025703 -252908304
-252177902 -252842772 -319811054 -252842516
-252645136 -218827532 -235867920 217249012
-235802384 453833460 -235802128 454757618
909522444 320023595 724973083 320025900
741029403 269694261 892087068 135279925
-100134893 -16909061 -67827696   -66052
-50989816 16776957 -34212363 16842750
437852183 909456411 454695192 691418396
471538201 707343901 488381210 724183326
134687273 -471203831 151530282 -455284224
  601131 -438444822 -369087188 -253829668
-118430236 -185339150 -268898075 -168496142
-252708624 -151653133 -235868168 -151587340
168364277 522062602 168430070 538905611
185207542 706743564 202050295 623513101
421866016 286792474 437724458 -65988581
454563621 -33812200 404297751 -16909295
-235605005 -167969574 -621677325 -269091607
-371527180 -269486614 -353772815 -252710933
-67375121 150797563 -67374865 150863100
-50597648 167640572 -50531856 452918781
454691080 823267857 119216649 691081746
117906202 220803346 134678299 218966321
235801897     2581 353242637    63242
169152013    63479 -150334194    63735
555753503 842150178 572596256 858927650
572662048 875770403 589439521 875836196
421082163 -585426150 437859380 -585360613
454702388 -568517605 454765877 -552723172
-538976547 387323156 -522199074 387388949
-505356321 404166422 -18751265 421009175
-370546409 -336860695 -370546408 -336860695
-370546407 -336860439 -370546407 -336860438
837544939 825307441 837610475 825307441
837610731 825307441 837872876 791753009
909522486 -387389386 909522486 -387389386
909522486 -387389386 909522486 -387389383
-269489944 -202313488 -252712728 -185536272
-252646936 -185536272 -252646935 -185536272
-185273100 909522485 -185273100 909522486
-185273100 909522486 -218827532 909522486
303174198 -303230190 303174198 -303230189
319951414 -303230189 320016939 -303230957
334360045 387323156 351202797 404166165
367980269 421009174 384757486 437852183
858927408 84149044 875770417 100992053
892613426 117835062 909456435 134678057
-522254586 65266401 -505411577 82109410
-488568568 98952419 -471728119 116450788
117835012 117835269 134678021 134678022
151521030 151521030 168364039 168364039
488381192 387325470 505224201 404168478
505289994 421011487 522067466 421079584
-283567848 -202282160 -266725095 -202216367
-249882087 -185338894 -233301222 -235605005
-67438088 -84280836 -50595079 -84215300
-50529286 -67437827 -33751813 -67372290
117898234 252184327 117963771 268961799
117963771 269027336 134741243 286918920
286330896 218893323 303108368 218958860
303173905 235736332 823267857 235801869
-218959603    62451 -202282130    62707
-202216594    62708 -185339115    62964
606282274 892613668 606348066 758461477
623125539 757937446 639968292 774712614
471543085 -539423203 488386093 -523904754
236793646 -507066919 -653381841 -20527419
184476128 421074967 134938337 437852440
134744830 454695193 151521290 454760985
-353769190 -320083222 -353703653 -320017686
-353703397 -252908822 -353703396 -118428950
838398188 841953585 838662384 909258545
838663416 909521455 805108988 909522482
959854134 -370612199 423179830 -370546670
303642934 -370546414 303175993 -370546414
-252646935 -185536272 -252646935 -185470736
-252646935 -185470480 -252646935 -219024911
217249012 724973110 453833460 741029430
454757618 892087094 471538444 892677163
320017196 -286455792 269685557 -286329592
135271221 -286329355 -184020939 -286329355
401534702 454695192 418311918 471538201
435089134 488381210 451866350 505224219
691418420 151521066 707343925   591915
724183350 -369096404 741026345 -588644307
-454825472 133755109 -437986070 149944560
-253370916 166785016 -118432035 183628015
185207048 168429832 202050057 185207305
218893066 202050058 235736075 218893066
538910219 437855530 706748172 454694693
623517709 404428823 388311566 286791960
-216983525 -621677325 -201584360 -371527180
-184681455 -353772815 -234947076 -336926246
-16909060 -67372033   -66052 -50595072
16776957 -50529536    65534 -33752063
134806780 286988809 151584252 302455578
436862461 302450459 454754045 822609671
691081746 353242637 220803346 169152014
218966321 -150334194 235736361 -134804971
-185273590    62965 -168495881    63221
-168430345    63222 -151652872    63222
858927665 437852468 875770418 454695220
875836210 454761013 892613683 471538477
-572712165 350216158 -555934693 367058911
-539091684 383901919 -539029987 402579936
387388949 690497575 404166422 707340328
421009175 707406120 421074967 724183593
-336860374 825355243 -336860374 825355499
-336860373 825355500 -320083156 825356524
909193521 909522486 909193521 909522486
909193521 909522486 909062449 959854134
-387389208 -353703192 -387389208 -353703192
-387389208 -353703191 -370611992 -353703191
-185341206 905245940 -185275670 922023156
-185275670 922023156 -185275670 921892084
909522486 303174162 909522486 319951378
909522486 320016914 724973110 320017170
-303174381 -235803155 -303174381 -235802899
-303174381 -219025682 -286397168 -218960146
821228273 875770417 838005490 892613426
854782706 909456435 871559922 691418420
100992003 -505356537 117835012 -488513528
134678021 -471670519 151521030 -454827520
67363810 537331205 84206819 554174214
101049828 571017223 117895397 587860232
606282273 505224219 623125282 505290012
639968291 522067485 656811300 538910238
404166174 -252765927 421009183 -235922919
421074976 -219079910 437852458 -202237925
-118230287 -50595079 -101452814 -50529286
-84610061 -33751813 -68029197 -16909060
286330895 117900818 303108368 117901075
319951121 134678292 336794129 134743828
269420551 185667856 269486088 202510609
286263560 202510865 286333449 221319698
218958860 -202281903 235736332 -202216366
235801869 -185338894 353242637 -185273357
16777203      256    65524      257
16777460      257 16842997      513
758461492 488381229 757937460 236788782
774712629 -653386449 791555373 -975630801
-522200818 386596577 -505362983 403180286
-18757947 419956746 184469190 420022280
437852440 741026346 454695193 741092138
454760985 757869611 471538458 774712364
-320017620 825358576 -252908499 825359608
-118428626 791805180 -50794450 842005756
909258545 423179830 909521455 303642934
909522482 303175993 959854134 303174169
-370546456 -353703191 -370546200 -353703191
-370546199 -336925975 -370546199 -336860439
-185275414 906818292 -185275413 907742450
-218829845 907746060 217246699 723262235
741029430 269685523 892087094 135271187
892677163 -184020973 892679468 -168490992
-286331640 -218960146 -286331147 -218960146
-286331147 -218960146 -286331147 -218960146
888337138 707343925 905114354 724183350
921957106 741026345 703853554 757869354
  591879 -437984278 -369096440 -253369124
-588644343 -118430243 -572724736 -268898082
134740208 604703241 151580664 621546250
168423663 638389259 185266672 655232268
673654309 706748190 690497318 623517727
707340327 388311584 724183336 404170026
454695205 -202274184 404429335 -185336815
286792472 -235602436 -65988583 -621674755
-52760076   -66052 -51782927 16776957
-34936358    65534 -18093335 16777471
336859922 151521301 353637395 436799510
370480148 454691095 387323156 119216664
303110938 220803346 303171355 235743537
823265031 235736361 691079175 353242381
169152014 -168495885 -150334194 -168430348
-134804971 -151652876 -117967094 -151587339
16843253      514 33620470      770
33686006      771 50463478     1027
454695193 -555885285 454760985 -539042532
471538458 -538976739 488381211 -522199282
353689567 655824662 370532575 672667415
387375584 672733207 387448545 689510680
707340328 842084656 707406120 858927409
724183593 858993201 741026346 875770674
825307443 909521201 825307443 909521201
825307444 909521201 825307445 909520689
-399100362 -387389208 -399100362 -387389208
-399100362 -370611992 -398903754 -370546456
-353703190 -33686294 -353703190 -33686038
-353703190 -33686038 -353703190 -33686038
909508093 305542710 909573629 305542710
909573629 305542710 909573629 304821814
319951378 -303174163 320016914 -303174163
320017170 -286396947 269685523 -286331411
-235802131 471659250 -219024914 471659250
-218959378 471659250 -218959122 471659250
52173852 117835012 68951068 134678021
85793820 151521030 102571292   591879
-488513313 84149219 -471670304 100992228
-454827295 117835237 -437984286 134678256
555747078 774120226 572590087 790963235
589433096 807806244 606276105 841426469
858927151 421009174 875770416 421074967
892613426 437852440 909456435 454695193
-235868391 -101125134 -219025382 -84282381
-202282373 -67439373 -202216584 -50597388
268237818 303108368 285015291 319951121
301858044 336794129 301923836 336859922
471603994 269487901 488381467 286265374
505224220 286330911 522067228 303108384
202051857 -250802932 202217649 -233960179
218894866 -233959923 218968338 -216723954
-202216366    65535 -185338894 16777471
-185273357 16842752 -168495885 16843008
151586817     2570 168364289     2826
168429825     2827 185207298     3083
236788763 -505356327 -653386468 -18751291
-975630819 184476102 -960112370 134938310
404163326 706353433 421005322 706419225
421070856 723196698 437848328 740039451
741092138 892613427 757869611 892679219
774712364 624244020 774778156 421868853
825307445 909521455 791752997 909522482
841953561 959854134 909258518 423179830
-401000138 -370546200 -401467079 -370546199
-384691687 -370546199 -384691694 -370546199
-353703190 -33686037 -336925974 -33686037
-336860438 66977259 -336860182 352583147
909509629 321661750 909513987 322251819
724971797 322254124 741028145 271922485
135271187 -286331155 -184020973 -286331154
-168490992 -286331154 -168430328 -286331154
-218959122 471659250 -218959122 488436466
-218959122 488502258 -218959122 488502259
119348509 -369096440 136125725 -588644343
154475805 -572724736  3487005 -555885334
-253369117 151521272 -118430236 168364271
-268898075 185207280 -252708624 202050289
623119114 858269478 639962123 875112487
656805132 891955496 673648141 908798505
909522228 404429337 540423733 286792474
85997110 -65988581 -33218506 -33812200
-185339119 -50537743 -235604996 -33756710
-621677315 -16913687 -371527170   -70678
318766845 353637395 318832638 370480148
335544575 387323156 335609856 404166165
538910237 303173930 706748190 823267879
657072159 691081757 489105952 220803347
235743537 -217443058 235801897 -185136619
353242381 -185075958 169152013 -168232969
-168430348 33620225 -151652876 33685761
-151587339 50463233 -151587083 50528770
185272834     6156 202050307    10008
403442435     6439 655887364     3353
-539042339 370480351 -538976547 387323360
-522199074 387389153 -505356321 404166654
673650455 808069416 673716247 824846889
690493720 824912426 707336473 841755434
858927409 -909522745 858993201 -892745272
875770674 -875902519 892613427 -875836727
909522634 -387434954 909522635 -387434954
909522635 -387434954 909522636 -387434186
-353834776 -353703190 -353834776 -353703190
-353769240 -353703190 -353768984 -353703190
-33686020 909522685 -33686019 909522685
-33686019 909522685 -33686019 909522685
303183414 -317517294 303183414 -317517038
303183414 -317517037 319960630 -317713645
-303174163 -219024911 -286396947 -218959375
-286331411 -218959119 -286331155 -218959118
471604466 892673052 471604466 909450268
471604466 909516060 471604466 909516061
-550095306 -471670304 -533318090 -454827295
-516540874 -437984286 -499763658 -253369117
100992003 572596231 117835012 589439240
134678021 606282249 151521030 623125258
791553059 -533515728 808396068 -516672718
842016293 -499829709 858924838 -482986700
-454827295 -219025169 -437984286 -202282160
-421141277 -202216367 -404298268 -185338894
-84281101 269483259 -67438093 286326012
-50595084 286391804 -50529295 303169277
437391633 488381467 454234641 505224220
471077650 522067228 471077907 538910237
16842751 202215842 33620223 218893315
50462976 218958851 50528769 235736324
-219083507  -789518 -219017715  -723981
-202240498 16053491 -202273170 16119028
16777471 168364296 16842752 168429833
16843008 185207305 33620225 185272842
269422346     4112 269487883     4368
269488139     4369 286265356     4625
-18751265 421009162 184476128 421074952
134938337 437852424 134744830 454695177
707402265 858532907 724179738 858598444
741022491 875441452 741088283 892218925
892679219 -859059254 624244020 -858993717
421868853 -506671925 370746677 -572404532
909522636 -387442375 959854305 -370666983
423179997 -370601454 303643098 -370601454
-353768983 -336925974 -353768983 -336860438
-353768983 -336860182 -353768983 -336860181
-33686019 909522435 66977277 909522453
352583165 959854129 823460861 741946929
320026934 -318238701 320023609 -285931504
269694252 -285870840 135280181 -285870603
-286331154 -218959118 -286331154 -218959118
-286331154 -218959118 -286331154 -202281902
488381682 909516061 488447218 909516061
488447475 909522205 488447475 909522229
-482986442 -118430236 -467847626 -268898075
-451601098 -252708624 -267315939 -235868168
168364039 639968267 185207048 656811276
202050057 673654285 218893066 690497294
875767847 -466209227 892610856 -450873802
909453865 -435871690 909519658 -402782944
-219683099 -235605005 -252516378 -621677325
-420416793 -371527180 -622399246 -353772815
-33751846 320012286 -16909079 336789759
  -66070 336855040 16776939 353632512
487920660 706748190 504763668 657072159
521606677 489105952 538449686 320677674
67306242 235801865 151257859 353242626
34145283 169152235 -352188156 -150333972
-185398763 32896500 -185272566 32962037
-168495113 32962293 -168429321 49739510
33685761 202050314 50463233 403442443
50528770 655887371 67306242 421992460
286330904     9234 303108391    12580
605163801     4657 824447501     2322
387323156 673720087 387388949 690497560
404166422 707340313 421009175 707406105
825240105 -952946127 825305642 -936168654
842083114 -919325901 858926123 -919260109
-892745272 202050314 -875902519 218893067
-875836727 218958859 -859059254 235736332
-387389427 -353703704 -387389427 -353703704
-387389426 -353703448 -387389425 -353703447
-51713302 -33686019 -34936086 -33686019
-34936086 -33686019 -34936086 -33686019
909522486 303174198 909522486 303174198
909522486 303174198 909522486 303174198
-303230446 -236065299 -303230446 -235999763
-303230446 -235999507 -303230190 -219222290
-218959375 471604252 -218959119 471604252
-218959118 471604252 -218959118 488381468
909456668 -168479178 909522204 -151701962
909522461 -151636426 909522461 -151636426
66516726 117835012 83293942 134678021
100071158 151521030 116848374 168364039
589439264 808398372 606282273 842018597
623125282 858927142 639968291 875770407
-505400526 -203103262 -488557517 -186260253
-471714508 -169417244 -454871499 -152574235
-134810124 -67438088 -117967115 -50595079
-101124106 -50529286 -84281097 -33751813
286265340 454693393 286331132 471536402
303108605 471602195 319951358 488379412
-14869476 33620223 -14803684 50462976
 2039325 50528769 18882334 67306242
-286331412 -218959377 -269553939 -202281904
-252711186 -202216367 -235868178 -185338894
   -3085 134283264 16774387 151060736
   62708 151060737 16840180 167903489
168429833 269487887 185207305 269488143
185272842 286265360 202050314 286330896
-101058544    64250 -84281071    64506
-84215535    64507 -67438062    64763
421074967 724183578 437852440 741026331
454695193 741092123 454760985 757869596
858991660 -902482636 875769132 -886753995
892612141 -887544523 892677678 -870967003
-858993717 252579085 -506671925 252644877
-572404532 269422350 -622992948 286265103
-370612209 -353703447 -370546672 -353703447
-370546415 -353703447 -370546415 -336926231
-34870550 66977277 -34870294 352583165
-34870293 823460861 -34870293 825300227
909522486 303174201 959854134 319951404
741946934 320016949 892090678 85136182
-286452973 -219222290 -286391021 -219222290
-286331131 -219222290 -286332689 -219222290
-218959118 488447004 -218959118 488447260
-202281902 488447261 -202216366 891100445
909522461 -151636426 909522461 -151642826
909522485 -151644899 490092085 -134868715
133691126 185207048 150534134 202050057
166787319 218893066 183300344 235736075
656811300 892613416 673654309 909456425
690497318 909522218 707340327 540423723
-438028746 -135075866 -421191626 -118426905
-404355808 -102305550 -219677179 -86317328
-67438088 -16909060 -50595079   -66052
-33752070 16776957 -16909061    65534
336794367 505222420 336859904 522065429
353637376 538908438 370480129 706746391
36315167 151257859 52898336 34145283
52242218 -352188156 68361511 -320142839
-219025169 -185273358 -218959376 -168495885
-202281903 -168430348 -185339150 -151652875
16905717 167903745 16905973 184746498
33683190 184746754 33748726 201589507
403442443 303108368 655887371 605163793
421992460 824447505 219752216 305210386
-67372508    64764 -50595023    62972
-50529518    61429 -167969783    61423
