0 0
101 101
201 201
302 302
402 402
503 503
603 603
703 703
804 804
904 904
1005 1005
1105 1105
1205 1205
1305 1305
1406 1406
1506 1506
1606 1606
1706 1706
1806 1806
1906 1906
2005 2005
2105 2105
2205 2205
2304 2304
2404 2404
2503 2503
2603 2603
2702 2702
2801 2801
2900 2900
2999 2999
3098 3098
3196 3196
3295 3295
3393 3393
3491 3491
3590 3590
3688 3688
3785 3785
3883 3883
3981 3981
4078 4078
4175 4175
4273 4273
4370 4370
4466 4466
4563 4563
4659 4659
4756 4756
4852 4852
4948 4948
5044 5044
5139 5139
5234 5234
5330 5330
5425 5425
5519 5519
5614 5614
5708 5708
5802 5802
5896 5896
5990 5990
6083 6083
6177 6177
6270 6270
6362 6362
6455 6455
6547 6547
6639 6639
6731 6731
6822 6822
6914 6914
7005 7005
7095 7095
7186 7186
7276 7276
7366 7366
7456 7456
7545 7545
7634 7634
7723 7723
7811 7811
7900 7900
7988 7988
8075 8075
8162 8162
8249 8249
8336 8336
8423 8423
8509 8509
8594 8594
8680 8680
8765 8765
8850 8850
8934 8934
9018 9018
9102 9102
9185 9185
9268 9268
9351 9351
9433 9433
9515 9515
9597 9597
9678 9678
9759 9759
9840 9840
9920 9920
10000 10000
10079 10079
10158 10158
10237 10237
10315 10315
10393 10393
10471 10471
10548 10548
10625 10625
10701 10701
10777 10777
10852 10852
10927 10927
11002 11002
11076 11076
11150 11150
11224 11224
11297 11297
11369 11369
11441 11441
11513 11513
11585 11585
11655 11655
11726 11726
11796 11796
11865 11865
11934 11934
12003 12003
12071 12071
12139 12139
12206 12206
12273 12273
12339 12339
12405 12405
12471 12471
12536 12536
12600 12600
12664 12664
12728 12728
12791 12791
12853 12853
12915 12915
12977 12977
13038 13038
13099 13099
13159 13159
13219 13219
13278 13278
13336 13336
13394 13394
13452 13452
13509 13509
13566 13566
13622 13622
13678 13678
13733 13733
13787 13787
13841 13841
13895 13895
13948 13948
14000 14000
14052 14052
14104 14104
14154 14154
14205 14205
14255 14255
14304 14304
14353 14353
14401 14401
14449 14449
14496 14496
14542 14542
14588 14588
14634 14634
14679 14679
14723 14723
14767 14767
14810 14810
14853 14853
14895 14895
14936 14936
14977 14977
15018 15018
15058 15058
15097 15097
15136 15136
15174 15174
15212 15212
15249 15249
15285 15285
15321 15321
15356 15356
15391 15391
15425 15425
15459 15459
15492 15492
15524 15524
15556 15556
15587 15587
15618 15618
15648 15648
15678 15678
15706 15706
15735 15735
15762 15762
15790 15790
15816 15816
15842 15842
15867 15867
15892 15892
15916 15916
15940 15940
15963 15963
15985 15985
16007 16007
16028 16028
16048 16048
16068 16068
16088 16088
16106 16106
16124 16124
16142 16142
16159 16159
16175 16175
16191 16191
16206 16206
16220 16220
16234 16234
16247 16247
16260 16260
16272 16272
16283 16283
16294 16294
16304 16304
16314 16314
16323 16323
16331 16331
16339 16339
16346 16346
16352 16352
16358 16358
16363 16363
16368 16368
16372 16372
16375 16375
16378 16378
16380 16380
16382 16382
16383 16383
16383 16383
16383 16383
16382 16382
16380 16380
16378 16378
16375 16375
16372 16372
16368 16368
16363 16363
16358 16358
16352 16352
16346 16346
16339 16339
16331 16331
16323 16323
16314 16314
16304 16304
16294 16294
16283 16283
16272 16272
16260 16260
16247 16247
16234 16234
16220 16220
16206 16206
16191 16191
16175 16175
16159 16159
16142 16142
16124 16124
16106 16106
16088 16088
16068 16068
16048 16048
16028 16028
16007 16007
15985 15985
15963 15963
15940 15940
15916 15916
15892 15892
15867 15867
15842 15842
15816 15816
15790 15790
15762 15762
15735 15735
15706 15706
15678 15678
15648 15648
15618 15618
15587 15587
15556 15556
15524 15524
15492 15492
15459 15459
15425 15425
15391 15391
15356 15356
15321 15321
15285 15285
15249 15249
15212 15212
15174 15174
15136 15136
15097 15097
15058 15058
15018 15018
14977 14977
14936 14936
14895 14895
14853 14853
14810 14810
14767 14767
14723 14723
14679 14679
14634 14634
14588 14588
14542 14542
14496 14496
14449 14449
14401 14401
14353 14353
14304 14304
14255 14255
14205 14205
14154 14154
14104 14104
14052 14052
14000 14000
13948 13948
13895 13895
13841 13841
13787 13787
13733 13733
13678 13678
13622 13622
13566 13566
13509 13509
13452 13452
13394 13394
13336 13336
13278 13278
13219 13219
13159 13159
13099 13099
13038 13038
12977 12977
12915 12915
12853 12853
12791 12791
12728 12728
12664 12664
12600 12600
12536 12536
12471 12471
12405 12405
12339 12339
12273 12273
12206 12206
12139 12139
12071 12071
12003 12003
11934 11934
11865 11865
11796 11796
11726 11726
11655 11655
11585 11585
11513 11513
11441 11441
11369 11369
11297 11297
11224 11224
11150 11150
11076 11076
11002 11002
10927 10927
10852 10852
10777 10777
10701 10701
10625 10625
10548 10548
10471 10471
10393 10393
10315 10315
10237 10237
10158 10158
10079 10079
10000 10000
9920 9920
9840 9840
9759 9759
9678 9678
9597 9597
9515 9515
9433 9433
9351 9351
9268 9268
9185 9185
9102 9102
9018 9018
8934 8934
8850 8850
8765 8765
8680 8680
8594 8594
8509 8509
8423 8423
8336 8336
8249 8249
8162 8162
8075 8075
7988 7988
7900 7900
7811 7811
7723 7723
7634 7634
7545 7545
7456 7456
7366 7366
7276 7276
7186 7186
7095 7095
7005 7005
6914 6914
6822 6822
6731 6731
6639 6639
6547 6547
6455 6455
6362 6362
6270 6270
6177 6177
6083 6083
5990 5990
5896 5896
5802 5802
5708 5708
5614 5614
5519 5519
5425 5425
5330 5330
5234 5234
5139 5139
5044 5044
4948 4948
4852 4852
4756 4756
4659 4659
4563 4563
4466 4466
4370 4370
4273 4273
4175 4175
4078 4078
3981 3981
3883 3883
3785 3785
3688 3688
3590 3590
3491 3491
3393 3393
3295 3295
3196 3196
3098 3098
2999 2999
2900 2900
2801 2801
2702 2702
2603 2603
2503 2503
2404 2404
2304 2304
2205 2205
2105 2105
2005 2005
1906 1906
1806 1806
1706 1706
1606 1606
1506 1506
1406 1406
1305 1305
1205 1205
1105 1105
1005 1005
904 904
804 804
703 703
603 603
503 503
402 402
302 302
201 201
101 101
0 0
-101 -101
-201 -201
-302 -302
-402 -402
-503 -503
-603 -603
-703 -703
-804 -804
-904 -904
-1005 -1005
-1105 -1105
-1205 -1205
-1305 -1305
-1406 -1406
-1506 -1506
-1606 -1606
-1706 -1706
-1806 -1806
-1906 -1906
-2005 -2005
-2105 -2105
-2205 -2205
-2304 -2304
-2404 -2404
-2503 -2503
-2603 -2603
-2702 -2702
-2801 -2801
-2900 -2900
-2999 -2999
-3098 -3098
-3196 -3196
-3295 -3295
-3393 -3393
-3491 -3491
-3590 -3590
-3688 -3688
-3785 -3785
-3883 -3883
-3981 -3981
-4078 -4078
-4175 -4175
-4273 -4273
-4370 -4370
-4466 -4466
-4563 -4563
-4659 -4659
-4756 -4756
-4852 -4852
-4948 -4948
-5044 -5044
-5139 -5139
-5234 -5234
-5330 -5330
-5425 -5425
-5519 -5519
-5614 -5614
-5708 -5708
-5802 -5802
-5896 -5896
-5990 -5990
-6083 -6083
-6177 -6177
-6270 -6270
-6362 -6362
-6455 -6455
-6547 -6547
-6639 -6639
-6731 -6731
-6822 -6822
-6914 -6914
-7005 -7005
-7095 -7095
-7186 -7186
-7276 -7276
-7366 -7366
-7456 -7456
-7545 -7545
-7634 -7634
-7723 -7723
-7811 -7811
-7900 -7900
-7988 -7988
-8075 -8075
-8162 -8162
-8249 -8249
-8336 -8336
-8423 -8423
-8509 -8509
-8594 -8594
-8680 -8680
-8765 -8765
-8850 -8850
-8934 -8934
-9018 -9018
-9102 -9102
-9185 -9185
-9268 -9268
-9351 -9351
-9433 -9433
-9515 -9515
-9597 -9597
-9678 -9678
-9759 -9759
-9840 -9840
-9920 -9920
-10000 -10000
-10079 -10079
-10158 -10158
-10237 -10237
-10315 -10315
-10393 -10393
-10471 -10471
-10548 -10548
-10625 -10625
-10701 -10701
-10777 -10777
-10852 -10852
-10927 -10927
-11002 -11002
-11076 -11076
-11150 -11150
-11224 -11224
-11297 -11297
-11369 -11369
-11441 -11441
-11513 -11513
-11585 -11585
-11655 -11655
-11726 -11726
-11796 -11796
-11865 -11865
-11934 -11934
-12003 -12003
-12071 -12071
-12139 -12139
-12206 -12206
-12273 -12273
-12339 -12339
-12405 -12405
-12471 -12471
-12536 -12536
-12600 -12600
-12664 -12664
-12728 -12728
-12791 -12791
-12853 -12853
-12915 -12915
-12977 -12977
-13038 -13038
-13099 -13099
-13159 -13159
-13219 -13219
-13278 -13278
-13336 -13336
-13394 -13394
-13452 -13452
-13509 -13509
-13566 -13566
-13622 -13622
-13678 -13678
-13733 -13733
-13787 -13787
-13841 -13841
-13895 -13895
-13948 -13948
-14000 -14000
-14052 -14052
-14104 -14104
-14154 -14154
-14205 -14205
-14255 -14255
-14304 -14304
-14353 -14353
-14401 -14401
-14449 -14449
-14496 -14496
-14542 -14542
-14588 -14588
-14634 -14634
-14679 -14679
-14723 -14723
-14767 -14767
-14810 -14810
-14853 -14853
-14895 -14895
-14936 -14936
-14977 -14977
-15018 -15018
-15058 -15058
-15097 -15097
-15136 -15136
-15174 -15174
-15212 -15212
-15249 -15249
-15285 -15285
-15321 -15321
-15356 -15356
-15391 -15391
-15425 -15425
-15459 -15459
-15492 -15492
-15524 -15524
-15556 -15556
-15587 -15587
-15618 -15618
-15648 -15648
-15678 -15678
-15706 -15706
-15735 -15735
-15762 -15762
-15790 -15790
-15816 -15816
-15842 -15842
-15867 -15867
-15892 -15892
-15916 -15916
-15940 -15940
-15963 -15963
-15985 -15985
-16007 -16007
-16028 -16028
-16048 -16048
-16068 -16068
-16088 -16088
-16106 -16106
-16124 -16124
-16142 -16142
-16159 -16159
-16175 -16175
-16191 -16191
-16206 -16206
-16220 -16220
-16234 -16234
-16247 -16247
-16260 -16260
-16272 -16272
-16283 -16283
-16294 -16294
-16304 -16304
-16314 -16314
-16323 -16323
-16331 -16331
-16339 -16339
-16346 -16346
-16352 -16352
-16358 -16358
-16363 -16363
-16368 -16368
-16372 -16372
-16375 -16375
-16378 -16378
-16380 -16380
-16382 -16382
-16383 -16383
-16383 -16383
-16383 -16383
-16382 -16382
-16380 -16380
-16378 -16378
-16375 -16375
-16372 -16372
-16368 -16368
-16363 -16363
-16358 -16358
-16352 -16352
-16346 -16346
-16339 -16339
-16331 -16331
-16323 -16323
-16314 -16314
-16304 -16304
-16294 -16294
-16283 -16283
-16272 -16272
-16260 -16260
-16247 -16247
-16234 -16234
-16220 -16220
-16206 -16206
-16191 -16191
-16175 -16175
-16159 -16159
-16142 -16142
-16124 -16124
-16106 -16106
-16088 -16088
-16068 -16068
-16048 -16048
-16028 -16028
-16007 -16007
-15985 -15985
-15963 -15963
-15940 -15940
-15916 -15916
-15892 -15892
-15867 -15867
-15842 -15842
-15816 -15816
-15790 -15790
-15762 -15762
-15735 -15735
-15706 -15706
-15678 -15678
-15648 -15648
-15618 -15618
-15587 -15587
-15556 -15556
-15524 -15524
-15492 -15492
-15459 -15459
-15425 -15425
-15391 -15391
-15356 -15356
-15321 -15321
-15285 -15285
-15249 -15249
-15212 -15212
-15174 -15174
-15136 -15136
-15097 -15097
-15058 -15058
-15018 -15018
-14977 -14977
-14936 -14936
-14895 -14895
-14853 -14853
-14810 -14810
-14767 -14767
-14723 -14723
-14679 -14679
-14634 -14634
-14588 -14588
-14542 -14542
-14496 -14496
-14449 -14449
-14401 -14401
-14353 -14353
-14304 -14304
-14255 -14255
-14205 -14205
-14154 -14154
-14104 -14104
-14052 -14052
-14000 -14000
-13948 -13948
-13895 -13895
-13841 -13841
-13787 -13787
-13733 -13733
-13678 -13678
-13622 -13622
-13566 -13566
-13509 -13509
-13452 -13452
-13394 -13394
-13336 -13336
-13278 -13278
-13219 -13219
-13159 -13159
-13099 -13099
-13038 -13038
-12977 -12977
-12915 -12915
-12853 -12853
-12791 -12791
-12728 -12728
-12664 -12664
-12600 -12600
-12536 -12536
-12471 -12471
-12405 -12405
-12339 -12339
-12273 -12273
-12206 -12206
-12139 -12139
-12071 -12071
-12003 -12003
-11934 -11934
-11865 -11865
-11796 -11796
-11726 -11726
-11655 -11655
-11585 -11585
-11513 -11513
-11441 -11441
-11369 -11369
-11297 -11297
-11224 -11224
-11150 -11150
-11076 -11076
-11002 -11002
-10927 -10927
-10852 -10852
-10777 -10777
-10701 -10701
-10625 -10625
-10548 -10548
-10471 -10471
-10393 -10393
-10315 -10315
-10237 -10237
-10158 -10158
-10079 -10079
-10000 -10000
-9920 -9920
-9840 -9840
-9759 -9759
-9678 -9678
-9597 -9597
-9515 -9515
-9433 -9433
-9351 -9351
-9268 -9268
-9185 -9185
-9102 -9102
-9018 -9018
-8934 -8934
-8850 -8850
-8765 -8765
-8680 -8680
-8594 -8594
-8509 -8509
-8423 -8423
-8336 -8336
-8249 -8249
-8162 -8162
-8075 -8075
-7988 -7988
-7900 -7900
-7811 -7811
-7723 -7723
-7634 -7634
-7545 -7545
-7456 -7456
-7366 -7366
-7276 -7276
-7186 -7186
-7095 -7095
-7005 -7005
-6914 -6914
-6822 -6822
-6731 -6731
-6639 -6639
-6547 -6547
-6455 -6455
-6362 -6362
-6270 -6270
-6177 -6177
-6083 -6083
-5990 -5990
-5896 -5896
-5802 -5802
-5708 -5708
-5614 -5614
-5519 -5519
-5425 -5425
-5330 -5330
-5234 -5234
-5139 -5139
-5044 -5044
-4948 -4948
-4852 -4852
-4756 -4756
-4659 -4659
-4563 -4563
-4466 -4466
-4370 -4370
-4273 -4273
-4175 -4175
-4078 -4078
-3981 -3981
-3883 -3883
-3785 -3785
-3688 -3688
-3590 -3590
-3491 -3491
-3393 -3393
-3295 -3295
-3196 -3196
-3098 -3098
-2999 -2999
-2900 -2900
-2801 -2801
-2702 -2702
-2603 -2603
-2503 -2503
-2404 -2404
-2304 -2304
-2205 -2205
-2105 -2105
-2005 -2005
-1906 -1906
-1806 -1806
-1706 -1706
-1606 -1606
-1506 -1506
-1406 -1406
-1305 -1305
-1205 -1205
-1105 -1105
-1005 -1005
-904 -904
-804 -804
-703 -703
-603 -603
-503 -503
-402 -402
-302 -302
-201 -201
-101 -101
0 0
101 101
201 201
302 302
402 402
503 503
603 603
703 703
804 804
904 904
1005 1005
1105 1105
1205 1205
1305 1305
1406 1406
1506 1506
1606 1606
1706 1706
1806 1806
1906 1906
2005 2005
2105 2105
2205 2205
2304 2304
2404 2404
2503 2503
2603 2603
2702 2702
2801 2801
2900 2900
2999 2999
3098 3098
3196 3196
3295 3295
3393 3393
3491 3491
3590 3590
3688 3688
3785 3785
3883 3883
3981 3981
4078 4078
4175 4175
4273 4273
4370 4370
4466 4466
4563 4563
4659 4659
4756 4756
4852 4852
4948 4948
5044 5044
5139 5139
5234 5234
5330 5330
5425 5425
5519 5519
5614 5614
5708 5708
5802 5802
5896 5896
5990 5990
6083 6083
6177 6177
6270 6270
6362 6362
6455 6455
6547 6547
6639 6639
6731 6731
6822 6822
6914 6914
7005 7005
7095 7095
7186 7186
7276 7276
7366 7366
7456 7456
7545 7545
7634 7634
7723 7723
7811 7811
7900 7900
7988 7988
8075 8075
8162 8162
8249 8249
8336 8336
8423 8423
8509 8509
8594 8594
8680 8680
8765 8765
8850 8850
8934 8934
9018 9018
9102 9102
9185 9185
9268 9268
9351 9351
9433 9433
9515 9515
9597 9597
9678 9678
9759 9759
9840 9840
9920 9920
10000 10000
10079 10079
10158 10158
10237 10237
10315 10315
10393 10393
10471 10471
10548 10548
10625 10625
10701 10701
10777 10777
10852 10852
10927 10927
11002 11002
11076 11076
11150 11150
11224 11224
11297 11297
11369 11369
11441 11441
11513 11513
11585 11585
11655 11655
11726 11726
11796 11796
11865 11865
11934 11934
12003 12003
12071 12071
12139 12139
12206 12206
12273 12273
12339 12339
12405 12405
12471 12471
12536 12536
12600 12600
12664 12664
12728 12728
12791 12791
12853 12853
12915 12915
12977 12977
13038 13038
13099 13099
13159 13159
13219 13219
13278 13278
13336 13336
13394 13394
13452 13452
13509 13509
13566 13566
13622 13622
13678 13678
13733 13733
13787 13787
13841 13841
13895 13895
13948 13948
14000 14000
14052 14052
14104 14104
14154 14154
14205 14205
14255 14255
14304 14304
14353 14353
14401 14401
14449 14449
14496 14496
14542 14542
14588 14588
14634 14634
14679 14679
14723 14723
14767 14767
14810 14810
14853 14853
14895 14895
14936 14936
14977 14977
15018 15018
15058 15058
15097 15097
15136 15136
15174 15174
15212 15212
15249 15249
15285 15285
15321 15321
15356 15356
15391 15391
15425 15425
15459 15459
15492 15492
15524 15524
15556 15556
15587 15587
15618 15618
15648 15648
15678 15678
15706 15706
15735 15735
15762 15762
15790 15790
15816 15816
15842 15842
15867 15867
15892 15892
15916 15916
15940 15940
15963 15963
15985 15985
16007 16007
16028 16028
16048 16048
16068 16068
16088 16088
16106 16106
16124 16124
16142 16142
16159 16159
16175 16175
16191 16191
16206 16206
16220 16220
16234 16234
16247 16247
16260 16260
16272 16272
16283 16283
16294 16294
16304 16304
16314 16314
16323 16323
16331 16331
16339 16339
16346 16346
16352 16352
16358 16358
16363 16363
16368 16368
16372 16372
16375 16375
16378 16378
16380 16380
16382 16382
16383 16383
16383 16383
16383 16383
16382 16382
16380 16380
16378 16378
16375 16375
16372 16372
16368 16368
16363 16363
16358 16358
16352 16352
16346 16346
16339 16339
16331 16331
16323 16323
16314 16314
16304 16304
16294 16294
16283 16283
16272 16272
16260 16260
16247 16247
16234 16234
16220 16220
16206 16206
16191 16191
16175 16175
16159 16159
16142 16142
16124 16124
16106 16106
16088 16088
16068 16068
16048 16048
16028 16028
16007 16007
15985 15985
15963 15963
15940 15940
15916 15916
15892 15892
15867 15867
15842 15842
15816 15816
15790 15790
15762 15762
15735 15735
15706 15706
15678 15678
15648 15648
15618 15618
15587 15587
15556 15556
15524 15524
15492 15492
15459 15459
15425 15425
15391 15391
15356 15356
15321 15321
15285 15285
15249 15249
15212 15212
15174 15174
15136 15136
15097 15097
15058 15058
15018 15018
14977 14977
14936 14936
14895 14895
14853 14853
14810 14810
14767 14767
14723 14723
14679 14679
14634 14634
14588 14588
14542 14542
14496 14496
14449 14449
14401 14401
14353 14353
14304 14304
14255 14255
14205 14205
14154 14154
14104 14104
14052 14052
14000 14000
13948 13948
13895 13895
13841 13841
13787 13787
13733 13733
13678 13678
13622 13622
13566 13566
13509 13509
13452 13452
13394 13394
13336 13336
13278 13278
13219 13219
13159 13159
13099 13099
13038 13038
12977 12977
12915 12915
12853 12853
12791 12791
12728 12728
12664 12664
12600 12600
12536 12536
12471 12471
12405 12405
12339 12339
12273 12273
12206 12206
12139 12139
12071 12071
12003 12003
11934 11934
11865 11865
11796 11796
11726 11726
11655 11655
11585 11585
11513 11513
11441 11441
11369 11369
11297 11297
11224 11224
11150 11150
11076 11076
11002 11002
10927 10927
10852 10852
10777 10777
10701 10701
10625 10625
10548 10548
10471 10471
10393 10393
10315 10315
10237 10237
10158 10158
10079 10079
10000 10000
9920 9920
9840 9840
9759 9759
9678 9678
9597 9597
9515 9515
9433 9433
9351 9351
9268 9268
9185 9185
9102 9102
9018 9018
8934 8934
8850 8850
8765 8765
8680 8680
8594 8594
8509 8509
8423 8423
8336 8336
8249 8249
8162 8162
8075 8075
7988 7988
7900 7900
7811 7811
7723 7723
7634 7634
7545 7545
7456 7456
7366 7366
7276 7276
7186 7186
7095 7095
7005 7005
6914 6914
6822 6822
6731 6731
6639 6639
6547 6547
6455 6455
6362 6362
6270 6270
6177 6177
6083 6083
5990 5990
5896 5896
5802 5802
5708 5708
5614 5614
5519 5519
5425 5425
5330 5330
5234 5234
5139 5139
5044 5044
4948 4948
4852 4852
4756 4756
4659 4659
4563 4563
4466 4466
4370 4370
4273 4273
4175 4175
4078 4078
3981 3981
3883 3883
3785 3785
3688 3688
3590 3590
3491 3491
3393 3393
3295 3295
3196 3196
3098 3098
2999 2999
2900 2900
2801 2801
2702 2702
2603 2603
2503 2503
2404 2404
2304 2304
2205 2205
2105 2105
2005 2005
1906 1906
1806 1806
1706 1706
1606 1606
1506 1506
1406 1406
1305 1305
1205 1205
1105 1105
1005 1005
904 904
804 804
703 703
603 603
503 503
402 402
302 302
201 201
101 101
0 0
-101 -101
-201 -201
-302 -302
-402 -402
-503 -503
-603 -603
-703 -703
-804 -804
-904 -904
-1005 -1005
-1105 -1105
-1205 -1205
-1305 -1305
-1406 -1406
-1506 -1506
-1606 -1606
-1706 -1706
-1806 -1806
-1906 -1906
-2005 -2005
-2105 -2105
-2205 -2205
-2304 -2304
-2404 -2404
-2503 -2503
-2603 -2603
-2702 -2702
-2801 -2801
-2900 -2900
-2999 -2999
-3098 -3098
-3196 -3196
-3295 -3295
-3393 -3393
-3491 -3491
-3590 -3590
-3688 -3688
-3785 -3785
-3883 -3883
-3981 -3981
-4078 -4078
-4175 -4175
-4273 -4273
-4370 -4370
-4466 -4466
-4563 -4563
-4659 -4659
-4756 -4756
-4852 -4852
-4948 -4948
-5044 -5044
-5139 -5139
-5234 -5234
-5330 -5330
-5425 -5425
-5519 -5519
-5614 -5614
-5708 -5708
-5802 -5802
-5896 -5896
-5990 -5990
-6083 -6083
-6177 -6177
-6270 -6270
-6362 -6362
-6455 -6455
-6547 -6547
-6639 -6639
-6731 -6731
-6822 -6822
-6914 -6914
-7005 -7005
-7095 -7095
-7186 -7186
-7276 -7276
-7366 -7366
-7456 -7456
-7545 -7545
-7634 -7634
-7723 -7723
-7811 -7811
-7900 -7900
-7988 -7988
-8075 -8075
-8162 -8162
-8249 -8249
-8336 -8336
-8423 -8423
-8509 -8509
-8594 -8594
-8680 -8680
-8765 -8765
-8850 -8850
-8934 -8934
-9018 -9018
-9102 -9102
-9185 -9185
-9268 -9268
-9351 -9351
-9433 -9433
-9515 -9515
-9597 -9597
-9678 -9678
-9759 -9759
-9840 -9840
-9920 -9920
-10000 -10000
-10079 -10079
-10158 -10158
-10237 -10237
-10315 -10315
-10393 -10393
-10471 -10471
-10548 -10548
-10625 -10625
-10701 -10701
-10777 -10777
-10852 -10852
-10927 -10927
-11002 -11002
-11076 -11076
-11150 -11150
-11224 -11224
-11297 -11297
-11369 -11369
-11441 -11441
-11513 -11513
-11585 -11585
-11655 -11655
-11726 -11726
-11796 -11796
-11865 -11865
-11934 -11934
-12003 -12003
-12071 -12071
-12139 -12139
-12206 -12206
-12273 -12273
-12339 -12339
-12405 -12405
-12471 -12471
-12536 -12536
-12600 -12600
-12664 -12664
-12728 -12728
-12791 -12791
-12853 -12853
-12915 -12915
-12977 -12977
-13038 -13038
-13099 -13099
-13159 -13159
-13219 -13219
-13278 -13278
-13336 -13336
-13394 -13394
-13452 -13452
-13509 -13509
-13566 -13566
-13622 -13622
-13678 -13678
-13733 -13733
-13787 -13787
-13841 -13841
-13895 -13895
-13948 -13948
-14000 -14000
-14052 -14052
-14104 -14104
-14154 -14154
-14205 -14205
-14255 -14255
-14304 -14304
-14353 -14353
-14401 -14401
-14449 -14449
-14496 -14496
-14542 -14542
-14588 -14588
-14634 -14634
-14679 -14679
-14723 -14723
-14767 -14767
-14810 -14810
-14853 -14853
-14895 -14895
-14936 -14936
-14977 -14977
-15018 -15018
-15058 -15058
-15097 -15097
-15136 -15136
-15174 -15174
-15212 -15212
-15249 -15249
-15285 -15285
-15321 -15321
-15356 -15356
-15391 -15391
-15425 -15425
-15459 -15459
-15492 -15492
-15524 -15524
-15556 -15556
-15587 -15587
-15618 -15618
-15648 -15648
-15678 -15678
-15706 -15706
-15735 -15735
-15762 -15762
-15790 -15790
-15816 -15816
-15842 -15842
-15867 -15867
-15892 -15892
-15916 -15916
-15940 -15940
-15963 -15963
-15985 -15985
-16007 -16007
-16028 -16028
-16048 -16048
-16068 -16068
-16088 -16088
-16106 -16106
-16124 -16124
-16142 -16142
-16159 -16159
-16175 -16175
-16191 -16191
-16206 -16206
-16220 -16220
-16234 -16234
-16247 -16247
-16260 -16260
-16272 -16272
-16283 -16283
-16294 -16294
-16304 -16304
-16314 -16314
-16323 -16323
-16331 -16331
-16339 -16339
-16346 -16346
-16352 -16352
-16358 -16358
-16363 -16363
-16368 -16368
-16372 -16372
-16375 -16375
-16378 -16378
-16380 -16380
-16382 -16382
-16383 -16383
-16383 -16383
-16383 -16383
-16382 -16382
-16380 -16380
-16378 -16378
-16375 -16375
-16372 -16372
-16368 -16368
-16363 -16363
-16358 -16358
-16352 -16352
-16346 -16346
-16339 -16339
-16331 -16331
-16323 -16323
-16314 -16314
-16304 -16304
-16294 -16294
-16283 -16283
-16272 -16272
-16260 -16260
-16247 -16247
-16234 -16234
-16220 -16220
-16206 -16206
-16191 -16191
-16175 -16175
-16159 -16159
-16142 -16142
-16124 -16124
-16106 -16106
-16088 -16088
-16068 -16068
-16048 -16048
-16028 -16028
-16007 -16007
-15985 -15985
-15963 -15963
-15940 -15940
-15916 -15916
-15892 -15892
-15867 -15867
-15842 -15842
-15816 -15816
-15790 -15790
-15762 -15762
-15735 -15735
-15706 -15706
-15678 -15678
-15648 -15648
-15618 -15618
-15587 -15587
-15556 -15556
-15524 -15524
-15492 -15492
-15459 -15459
-15425 -15425
-15391 -15391
-15356 -15356
-15321 -15321
-15285 -15285
-15249 -15249
-15212 -15212
-15174 -15174
-15136 -15136
-15097 -15097
-15058 -15058
-15018 -15018
-14977 -14977
-14936 -14936
-14895 -14895
-14853 -14853
-14810 -14810
-14767 -14767
-14723 -14723
-14679 -14679
-14634 -14634
-14588 -14588
-14542 -14542
-14496 -14496
-14449 -14449
-14401 -14401
-14353 -14353
-14304 -14304
-14255 -14255
-14205 -14205
-14154 -14154
-14104 -14104
-14052 -14052
-14000 -14000
-13948 -13948
-13895 -13895
-13841 -13841
-13787 -13787
-13733 -13733
-13678 -13678
-13622 -13622
-13566 -13566
-13509 -13509
-13452 -13452
-13394 -13394
-13336 -13336
-13278 -13278
-13219 -13219
-13159 -13159
-13099 -13099
-13038 -13038
-12977 -12977
-12915 -12915
-12853 -12853
-12791 -12791
-12728 -12728
-12664 -12664
-12600 -12600
-12536 -12536
-12471 -12471
-12405 -12405
-12339 -12339
-12273 -12273
-12206 -12206
-12139 -12139
-12071 -12071
-12003 -12003
-11934 -11934
-11865 -11865
-11796 -11796
-11726 -11726
-11655 -11655
-11585 -11585
-11513 -11513
-11441 -11441
-11369 -11369
-11297 -11297
-11224 -11224
-11150 -11150
-11076 -11076
-11002 -11002
-10927 -10927
-10852 -10852
-10777 -10777
-10701 -10701
-10625 -10625
-10548 -10548
-10471 -10471
-10393 -10393
-10315 -10315
-10237 -10237
-10158 -10158
-10079 -10079
-10000 -10000
-9920 -9920
-9840 -9840
-9759 -9759
-9678 -9678
-9597 -9597
-9515 -9515
-9433 -9433
-9351 -9351
-9268 -9268
-9185 -9185
-9102 -9102
-9018 -9018
-8934 -8934
-8850 -8850
-8765 -8765
-8680 -8680
-8594 -8594
-8509 -8509
-8423 -8423
-8336 -8336
-8249 -8249
-8162 -8162
-8075 -8075
-7988 -7988
-7900 -7900
-7811 -7811
-7723 -7723
-7634 -7634
-7545 -7545
-7456 -7456
-7366 -7366
-7276 -7276
-7186 -7186
-7095 -7095
-7005 -7005
-6914 -6914
-6822 -6822
-6731 -6731
-6639 -6639
-6547 -6547
-6455 -6455
-6362 -6362
-6270 -6270
-6177 -6177
-6083 -6083
-5990 -5990
-5896 -5896
-5802 -5802
-5708 -5708
-5614 -5614
-5519 -5519
-5425 -5425
-5330 -5330
-5234 -5234
-5139 -5139
-5044 -5044
-4948 -4948
-4852 -4852
-4756 -4756
-4659 -4659
-4563 -4563
-4466 -4466
-4370 -4370
-4273 -4273
-4175 -4175
-4078 -4078
-3981 -3981
-3883 -3883
-3785 -3785
-3688 -3688
-3590 -3590
-3491 -3491
-3393 -3393
-3295 -3295
-3196 -3196
-3098 -3098
-2999 -2999
-2900 -2900
-2801 -2801
-2702 -2702
-2603 -2603
-2503 -2503
-2404 -2404
-2304 -2304
-2205 -2205
-2105 -2105
-2005 -2005
-1906 -1906
-1806 -1806
-1706 -1706
-1606 -1606
-1506 -1506
-1406 -1406
-1305 -1305
-1205 -1205
-1105 -1105
-1005 -1005
-904 -904
-804 -804
-703 -703
-603 -603
-503 -503
-402 -402
-302 -302
-201 -201
-101 -101
0 0
101 101
201 201
302 302
402 402
503 503
603 603
703 703
804 804
904 904
1005 1005
1105 1105
1205 1205
1305 1305
1406 1406
1506 1506
1606 1606
1706 1706
1806 1806
1906 1906
2005 2005
2105 2105
2205 2205
2304 2304
2404 2404
2503 2503
2603 2603
2702 2702
2801 2801
2900 2900
2999 2999
3098 3098
3196 3196
3295 3295
3393 3393
3491 3491
3590 3590
3688 3688
3785 3785
3883 3883
3981 3981
4078 4078
4175 4175
4273 4273
4370 4370
4466 4466
4563 4563
4659 4659
4756 4756
4852 4852
4948 4948
5044 5044
5139 5139
5234 5234
5330 5330
5425 5425
5519 5519
5614 5614
5708 5708
5802 5802
5896 5896
5990 5990
6083 6083
6177 6177
6270 6270
6362 6362
6455 6455
6547 6547
6639 6639
6731 6731
6822 6822
6914 6914
7005 7005
7095 7095
7186 7186
7276 7276
7366 7366
7456 7456
7545 7545
7634 7634
7723 7723
7811 7811
7900 7900
7988 7988
8075 8075
8162 8162
8249 8249
8336 8336
8423 8423
8509 8509
8594 8594
8680 8680
8765 8765
8850 8850
8934 8934
9018 9018
9102 9102
9185 9185
9268 9268
9351 9351
9433 9433
9515 9515
9597 9597
9678 9678
9759 9759
9840 9840
9920 9920
10000 10000
10079 10079
10158 10158
10237 10237
10315 10315
10393 10393
10471 10471
10548 10548
10625 10625
10701 10701
10777 10777
10852 10852
10927 10927
11002 11002
11076 11076
11150 11150
11224 11224
11297 11297
11369 11369
11441 11441
11513 11513
11585 11585
11655 11655
11726 11726
11796 11796
11865 11865
11934 11934
12003 12003
12071 12071
12139 12139
12206 12206
12273 12273
12339 12339
12405 12405
12471 12471
12536 12536
12600 12600
12664 12664
12728 12728
12791 12791
12853 12853
12915 12915
12977 12977
13038 13038
13099 13099
13159 13159
13219 13219
13278 13278
13336 13336
13394 13394
13452 13452
13509 13509
13566 13566
13622 13622
13678 13678
13733 13733
13787 13787
13841 13841
13895 13895
13948 13948
14000 14000
14052 14052
14104 14104
14154 14154
14205 14205
14255 14255
14304 14304
14353 14353
14401 14401
14449 14449
14496 14496
14542 14542
14588 14588
14634 14634
14679 14679
14723 14723
14767 14767
14810 14810
14853 14853
14895 14895
14936 14936
14977 14977
15018 15018
15058 15058
15097 15097
15136 15136
15174 15174
15212 15212
15249 15249
15285 15285
15321 15321
15356 15356
15391 15391
15425 15425
15459 15459
15492 15492
15524 15524
15556 15556
15587 15587
15618 15618
15648 15648
15678 15678
15706 15706
15735 15735
15762 15762
15790 15790
15816 15816
15842 15842
15867 15867
15892 15892
15916 15916
15940 15940
15963 15963
15985 15985
16007 16007
16028 16028
16048 16048
16068 16068
16088 16088
16106 16106
16124 16124
16142 16142
16159 16159
16175 16175
16191 16191
16206 16206
16220 16220
16234 16234
16247 16247
16260 16260
16272 16272
16283 16283
16294 16294
16304 16304
16314 16314
16323 16323
16331 16331
16339 16339
16346 16346
16352 16352
16358 16358
16363 16363
16368 16368
16372 16372
16375 16375
16378 16378
16380 16380
16382 16382
16383 16383
16383 16383
16383 16383
16382 16382
16380 16380
16378 16378
16375 16375
16372 16372
16368 16368
16363 16363
16358 16358
16352 16352
16346 16346
16339 16339
16331 16331
16323 16323
16314 16314
16304 16304
16294 16294
16283 16283
16272 16272
16260 16260
16247 16247
16234 16234
16220 16220
16206 16206
16191 16191
16175 16175
16159 16159
16142 16142
16124 16124
16106 16106
16088 16088
16068 16068
16048 16048
16028 16028
16007 16007
15985 15985
15963 15963
15940 15940
15916 15916
15892 15892
15867 15867
15842 15842
15816 15816
15790 15790
15762 15762
15735 15735
15706 15706
15678 15678
15648 15648
15618 15618
15587 15587
15556 15556
15524 15524
15492 15492
15459 15459
15425 15425
15391 15391
15356 15356
15321 15321
15285 15285
15249 15249
15212 15212
15174 15174
15136 15136
15097 15097
15058 15058
15018 15018
14977 14977
14936 14936
14895 14895
14853 14853
14810 14810
14767 14767
14723 14723
14679 14679
14634 14634
14588 14588
14542 14542
14496 14496
14449 14449
14401 14401
14353 14353
14304 14304
14255 14255
14205 14205
14154 14154
14104 14104
14052 14052
14000 14000
13948 13948
13895 13895
13841 13841
13787 13787
13733 13733
13678 13678
13622 13622
13566 13566
13509 13509
13452 13452
13394 13394
13336 13336
13278 13278
13219 13219
13159 13159
13099 13099
13038 13038
12977 12977
12915 12915
12853 12853
12791 12791
12728 12728
12664 12664
12600 12600
12536 12536
12471 12471
12405 12405
12339 12339
12273 12273
12206 12206
12139 12139
12071 12071
12003 12003
11934 11934
11865 11865
11796 11796
11726 11726
11655 11655
11585 11585
11513 11513
11441 11441
11369 11369
11297 11297
11224 11224
11150 11150
11076 11076
11002 11002
10927 10927
10852 10852
10777 10777
10701 10701
10625 10625
10548 10548
10471 10471
10393 10393
10315 10315
10237 10237
10158 10158
10079 10079
10000 10000
9920 9920
9840 9840
9759 9759
9678 9678
9597 9597
9515 9515
9433 9433
9351 9351
9268 9268
9185 9185
9102 9102
9018 9018
8934 8934
8850 8850
8765 8765
8680 8680
8594 8594
8509 8509
8423 8423
8336 8336
8249 8249
8162 8162
8075 8075
7988 7988
7900 7900
7811 7811
7723 7723
7634 7634
7545 7545
7456 7456
7366 7366
7276 7276
7186 7186
7095 7095
7005 7005
6914 6914
6822 6822
6731 6731
6639 6639
6547 6547
6455 6455
6362 6362
6270 6270
6177 6177
6083 6083
5990 5990
5896 5896
5802 5802
5708 5708
5614 5614
5519 5519
5425 5425
5330 5330
5234 5234
5139 5139
5044 5044
4948 4948
4852 4852
4756 4756
4659 4659
4563 4563
4466 4466
4370 4370
4273 4273
4175 4175
4078 4078
3981 3981
3883 3883
3785 3785
3688 3688
3590 3590
3491 3491
3393 3393
3295 3295
3196 3196
3098 3098
2999 2999
2900 2900
2801 2801
2702 2702
2603 2603
2503 2503
2404 2404
2304 2304
2205 2205
2105 2105
2005 2005
1906 1906
1806 1806
1706 1706
1606 1606
1506 1506
1406 1406
1305 1305
1205 1205
1105 1105
1005 1005
904 904
804 804
703 703
603 603
503 503
402 402
302 302
201 201
101 101
0 0
-101 -101
-201 -201
-302 -302
-402 -402
-503 -503
-603 -603
-703 -703
-804 -804
-904 -904
-1005 -1005
-1105 -1105
-1205 -1205
-1305 -1305
-1406 -1406
-1506 -1506
-1606 -1606
-1706 -1706
-1806 -1806
-1906 -1906
-2005 -2005
-2105 -2105
-2205 -2205
-2304 -2304
-2404 -2404
-2503 -2503
-2603 -2603
-2702 -2702
-2801 -2801
-2900 -2900
-2999 -2999
-3098 -3098
-3196 -3196
-3295 -3295
-3393 -3393
-3491 -3491
-3590 -3590
-3688 -3688
-3785 -3785
-3883 -3883
-3981 -3981
-4078 -4078
-4175 -4175
-4273 -4273
-4370 -4370
-4466 -4466
-4563 -4563
-4659 -4659
-4756 -4756
-4852 -4852
-4948 -4948
-5044 -5044
-5139 -5139
-5234 -5234
-5330 -5330
-5425 -5425
-5519 -5519
-5614 -5614
-5708 -5708
-5802 -5802
-5896 -5896
-5990 -5990
-6083 -6083
-6177 -6177
-6270 -6270
-6362 -6362
-6455 -6455
-6547 -6547
-6639 -6639
-6731 -6731
-6822 -6822
-6914 -6914
-7005 -7005
-7095 -7095
-7186 -7186
-7276 -7276
-7366 -7366
-7456 -7456
-7545 -7545
-7634 -7634
-7723 -7723
-7811 -7811
-7900 -7900
-7988 -7988
-8075 -8075
-8162 -8162
-8249 -8249
-8336 -8336
-8423 -8423
-8509 -8509
-8594 -8594
-8680 -8680
-8765 -8765
-8850 -8850
-8934 -8934
-9018 -9018
-9102 -9102
-9185 -9185
-9268 -9268
-9351 -9351
-9433 -9433
-9515 -9515
-9597 -9597
-9678 -9678
-9759 -9759
-9840 -9840
-9920 -9920
-10000 -10000
-10079 -10079
-10158 -10158
-10237 -10237
-10315 -10315
-10393 -10393
-10471 -10471
-10548 -10548
-10625 -10625
-10701 -10701
-10777 -10777
-10852 -10852
-10927 -10927
-11002 -11002
-11076 -11076
-11150 -11150
-11224 -11224
-11297 -11297
-11369 -11369
-11441 -11441
-11513 -11513
-11585 -11585
-11655 -11655
-11726 -11726
-11796 -11796
-11865 -11865
-11934 -11934
-12003 -12003
-12071 -12071
-12139 -12139
-12206 -12206
-12273 -12273
-12339 -12339
-12405 -12405
-12471 -12471
-12536 -12536
-12600 -12600
-12664 -12664
-12728 -12728
-12791 -12791
-12853 -12853
-12915 -12915
-12977 -12977
-13038 -13038
-13099 -13099
-13159 -13159
-13219 -13219
-13278 -13278
-13336 -13336
-13394 -13394
-13452 -13452
-13509 -13509
-13566 -13566
-13622 -13622
-13678 -13678
-13733 -13733
-13787 -13787
-13841 -13841
-13895 -13895
-13948 -13948
-14000 -14000
-14052 -14052
-14104 -14104
-14154 -14154
-14205 -14205
-14255 -14255
-14304 -14304
-14353 -14353
-14401 -14401
-14449 -14449
-14496 -14496
-14542 -14542
-14588 -14588
-14634 -14634
-14679 -14679
-14723 -14723
-14767 -14767
-14810 -14810
-14853 -14853
-14895 -14895
-14936 -14936
-14977 -14977
-15018 -15018
-15058 -15058
-15097 -15097
-15136 -15136
-15174 -15174
-15212 -15212
-15249 -15249
-15285 -15285
-15321 -15321
-15356 -15356
-15391 -15391
-15425 -15425
-15459 -15459
-15492 -15492
-15524 -15524
-15556 -15556
-15587 -15587
-15618 -15618
-15648 -15648
-15678 -15678
-15706 -15706
-15735 -15735
-15762 -15762
-15790 -15790
-15816 -15816
-15842 -15842
-15867 -15867
-15892 -15892
-15916 -15916
-15940 -15940
-15963 -15963
-15985 -15985
-16007 -16007
-16028 -16028
-16048 -16048
-16068 -16068
-16088 -16088
-16106 -16106
-16124 -16124
-16142 -16142
-16159 -16159
-16175 -16175
-16191 -16191
-16206 -16206
-16220 -16220
-16234 -16234
-16247 -16247
-16260 -16260
-16272 -16272
-16283 -16283
-16294 -16294
-16304 -16304
-16314 -16314
-16323 -16323
-16331 -16331
-16339 -16339
-16346 -16346
-16352 -16352
-16358 -16358
-16363 -16363
-16368 -16368
-16372 -16372
-16375 -16375
-16378 -16378
-16380 -16380
-16382 -16382
-16383 -16383
-16383 -16383
-16383 -16383
-16382 -16382
-16380 -16380
-16378 -16378
-16375 -16375
-16372 -16372
-16368 -16368
-16363 -16363
-16358 -16358
-16352 -16352
-16346 -16346
-16339 -16339
-16331 -16331
-16323 -16323
-16314 -16314
-16304 -16304
-16294 -16294
-16283 -16283
-16272 -16272
-16260 -16260
-16247 -16247
-16234 -16234
-16220 -16220
-16206 -16206
-16191 -16191
-16175 -16175
-16159 -16159
-16142 -16142
-16124 -16124
-16106 -16106
-16088 -16088
-16068 -16068
-16048 -16048
-16028 -16028
-16007 -16007
-15985 -15985
-15963 -15963
-15940 -15940
-15916 -15916
-15892 -15892
-15867 -15867
-15842 -15842
-15816 -15816
-15790 -15790
-15762 -15762
-15735 -15735
-15706 -15706
-15678 -15678
-15648 -15648
-15618 -15618
-15587 -15587
-15556 -15556
-15524 -15524
-15492 -15492
-15459 -15459
-15425 -15425
-15391 -15391
-15356 -15356
-15321 -15321
-15285 -15285
-15249 -15249
-15212 -15212
-15174 -15174
-15136 -15136
-15097 -15097
-15058 -15058
-15018 -15018
-14977 -14977
-14936 -14936
-14895 -14895
-14853 -14853
-14810 -14810
-14767 -14767
-14723 -14723
-14679 -14679
-14634 -14634
-14588 -14588
-14542 -14542
-14496 -14496
-14449 -14449
-14401 -14401
-14353 -14353
-14304 -14304
-14255 -14255
-14205 -14205
-14154 -14154
-14104 -14104
-14052 -14052
-14000 -14000
-13948 -13948
-13895 -13895
-13841 -13841
-13787 -13787
-13733 -13733
-13678 -13678
-13622 -13622
-13566 -13566
-13509 -13509
-13452 -13452
-13394 -13394
-13336 -13336
-13278 -13278
-13219 -13219
-13159 -13159
-13099 -13099
-13038 -13038
-12977 -12977
-12915 -12915
-12853 -12853
-12791 -12791
-12728 -12728
-12664 -12664
-12600 -12600
-12536 -12536
-12471 -12471
-12405 -12405
-12339 -12339
-12273 -12273
-12206 -12206
-12139 -12139
-12071 -12071
-12003 -12003
-11934 -11934
-11865 -11865
-11796 -11796
-11726 -11726
-11655 -11655
-11585 -11585
-11513 -11513
-11441 -11441
-11369 -11369
-11297 -11297
-11224 -11224
-11150 -11150
-11076 -11076
-11002 -11002
-10927 -10927
-10852 -10852
-10777 -10777
-10701 -10701
-10625 -10625
-10548 -10548
-10471 -10471
-10393 -10393
-10315 -10315
-10237 -10237
-10158 -10158
-10079 -10079
-10000 -10000
-9920 -9920
-9840 -9840
-9759 -9759
-9678 -9678
-9597 -9597
-9515 -9515
-9433 -9433
-9351 -9351
-9268 -9268
-9185 -9185
-9102 -9102
-9018 -9018
-8934 -8934
-8850 -8850
-8765 -8765
-8680 -8680
-8594 -8594
-8509 -8509
-8423 -8423
-8336 -8336
-8249 -8249
-8162 -8162
-8075 -8075
-7988 -7988
-7900 -7900
-7811 -7811
-7723 -7723
-7634 -7634
-7545 -7545
-7456 -7456
-7366 -7366
-7276 -7276
-7186 -7186
-7095 -7095
-7005 -7005
-6914 -6914
-6822 -6822
-6731 -6731
-6639 -6639
-6547 -6547
-6455 -6455
-6362 -6362
-6270 -6270
-6177 -6177
-6083 -6083
-5990 -5990
-5896 -5896
-5802 -5802
-5708 -5708
-5614 -5614
-5519 -5519
-5425 -5425
-5330 -5330
-5234 -5234
-5139 -5139
-5044 -5044
-4948 -4948
-4852 -4852
-4756 -4756
-4659 -4659
-4563 -4563
-4466 -4466
-4370 -4370
-4273 -4273
-4175 -4175
-4078 -4078
-3981 -3981
-3883 -3883
-3785 -3785
-3688 -3688
-3590 -3590
-3491 -3491
-3393 -3393
-3295 -3295
-3196 -3196
-3098 -3098
-2999 -2999
-2900 -2900
-2801 -2801
-2702 -2702
-2603 -2603
-2503 -2503
-2404 -2404
-2304 -2304
-2205 -2205
-2105 -2105
-2005 -2005
-1906 -1906
-1806 -1806
-1706 -1706
-1606 -1606
-1506 -1506
-1406 -1406
-1305 -1305
-1205 -1205
-1105 -1105
-1005 -1005
-904 -904
-804 -804
-703 -703
-603 -603
-503 -503
-402 -402
-302 -302
-201 -201
-101 -101
0 0
101 101
201 201
302 302
402 402
503 503
603 603
703 703
804 804
904 904
1005 1005
1105 1105
1205 1205
1305 1305
1406 1406
1506 1506
1606 1606
1706 1706
1806 1806
1906 1906
2005 2005
2105 2105
2205 2205
2304 2304
2404 2404
2503 2503
2603 2603
2702 2702
2801 2801
2900 2900
2999 2999
3098 3098
3196 3196
3295 3295
3393 3393
3491 3491
3590 3590
3688 3688
3785 3785
3883 3883
3981 3981
4078 4078
4175 4175
4273 4273
4370 4370
4466 4466
4563 4563
4659 4659
4756 4756
4852 4852
4948 4948
5044 5044
5139 5139
5234 5234
5330 5330
5425 5425
5519 5519
5614 5614
5708 5708
5802 5802
5896 5896
5990 5990
6083 6083
6177 6177
6270 6270
6362 6362
6455 6455
6547 6547
6639 6639
6731 6731
6822 6822
6914 6914
7005 7005
7095 7095
7186 7186
7276 7276
7366 7366
7456 7456
7545 7545
7634 7634
7723 7723
7811 7811
7900 7900
7988 7988
8075 8075
8162 8162
8249 8249
8336 8336
8423 8423
8509 8509
8594 8594
8680 8680
8765 8765
8850 8850
8934 8934
9018 9018
9102 9102
9185 9185
9268 9268
9351 9351
9433 9433
9515 9515
9597 9597
9678 9678
9759 9759
9840 9840
9920 9920
10000 10000
10079 10079
10158 10158
10237 10237
10315 10315
10393 10393
10471 10471
10548 10548
10625 10625
10701 10701
10777 10777
10852 10852
10927 10927
11002 11002
11076 11076
11150 11150
11224 11224
11297 11297
11369 11369
11441 11441
11513 11513
11585 11585
11655 11655
11726 11726
11796 11796
11865 11865
11934 11934
12003 12003
12071 12071
12139 12139
12206 12206
12273 12273
12339 12339
12405 12405
12471 12471
12536 12536
12600 12600
12664 12664
12728 12728
12791 12791
12853 12853
12915 12915
12977 12977
13038 13038
13099 13099
13159 13159
13219 13219
13278 13278
13336 13336
13394 13394
13452 13452
13509 13509
13566 13566
13622 13622
13678 13678
13733 13733
13787 13787
13841 13841
13895 13895
13948 13948
14000 14000
14052 14052
14104 14104
14154 14154
14205 14205
14255 14255
14304 14304
14353 14353
14401 14401
14449 14449
14496 14496
14542 14542
14588 14588
14634 14634
14679 14679
14723 14723
14767 14767
14810 14810
14853 14853
14895 14895
14936 14936
14977 14977
15018 15018
15058 15058
15097 15097
15136 15136
15174 15174
15212 15212
15249 15249
15285 15285
15321 15321
15356 15356
15391 15391
15425 15425
15459 15459
15492 15492
15524 15524
15556 15556
15587 15587
15618 15618
15648 15648
15678 15678
15706 15706
15735 15735
15762 15762
15790 15790
15816 15816
15842 15842
15867 15867
15892 15892
15916 15916
15940 15940
15963 15963
15985 15985
16007 16007
16028 16028
16048 16048
16068 16068
16088 16088
16106 16106
16124 16124
16142 16142
16159 16159
16175 16175
16191 16191
16206 16206
16220 16220
16234 16234
16247 16247
16260 16260
16272 16272
16283 16283
16294 16294
16304 16304
16314 16314
16323 16323
16331 16331
16339 16339
16346 16346
16352 16352
16358 16358
16363 16363
16368 16368
16372 16372
16375 16375
16378 16378
16380 16380
16382 16382
16383 16383
16383 16383
16383 16383
16382 16382
16380 16380
16378 16378
16375 16375
16372 16372
16368 16368
16363 16363
16358 16358
16352 16352
16346 16346
16339 16339
16331 16331
16323 16323
16314 16314
16304 16304
16294 16294
16283 16283
16272 16272
16260 16260
16247 16247
16234 16234
16220 16220
16206 16206
16191 16191
16175 16175
16159 16159
16142 16142
16124 16124
16106 16106
16088 16088
16068 16068
16048 16048
16028 16028
16007 16007
15985 15985
15963 15963
15940 15940
15916 15916
15892 15892
15867 15867
15842 15842
15816 15816
15790 15790
15762 15762
15735 15735
15706 15706
15678 15678
15648 15648
15618 15618
15587 15587
15556 15556
15524 15524
15492 15492
15459 15459
15425 15425
15391 15391
15356 15356
15321 15321
15285 15285
15249 15249
15212 15212
15174 15174
15136 15136
15097 15097
15058 15058
15018 15018
14977 14977
14936 14936
14895 14895
14853 14853
14810 14810
14767 14767
14723 14723
14679 14679
14634 14634
14588 14588
14542 14542
14496 14496
14449 14449
14401 14401
14353 14353
14304 14304
14255 14255
14205 14205
14154 14154
14104 14104
14052 14052
14000 14000
13948 13948
13895 13895
13841 13841
13787 13787
13733 13733
13678 13678
13622 13622
13566 13566
13509 13509
13452 13452
13394 13394
13336 13336
13278 13278
13219 13219
13159 13159
13099 13099
13038 13038
12977 12977
12915 12915
12853 12853
12791 12791
12728 12728
12664 12664
12600 12600
12536 12536
12471 12471
12405 12405
12339 12339
12273 12273
12206 12206
12139 12139
12071 12071
12003 12003
11934 11934
11865 11865
11796 11796
11726 11726
11655 11655
11585 11585
11513 11513
11441 11441
11369 11369
11297 11297
11224 11224
11150 11150
11076 11076
11002 11002
10927 10927
10852 10852
10777 10777
10701 10701
10625 10625
10548 10548
10471 10471
10393 10393
10315 10315
10237 10237
10158 10158
10079 10079
10000 10000
9920 9920
9840 9840
9759 9759
9678 9678
9597 9597
9515 9515
9433 9433
9351 9351
9268 9268
9185 9185
9102 9102
9018 9018
8934 8934
8850 8850
8765 8765
8680 8680
8594 8594
8509 8509
8423 8423
8336 8336
8249 8249
8162 8162
8075 8075
7988 7988
7900 7900
7811 7811
7723 7723
7634 7634
7545 7545
7456 7456
7366 7366
7276 7276
7186 7186
7095 7095
7005 7005
6914 6914
6822 6822
6731 6731
6639 6639
6547 6547
6455 6455
6362 6362
6270 6270
6177 6177
6083 6083
5990 5990
5896 5896
5802 5802
5708 5708
5614 5614
5519 5519
5425 5425
5330 5330
5234 5234
5139 5139
5044 5044
4948 4948
4852 4852
4756 4756
4659 4659
4563 4563
4466 4466
4370 4370
4273 4273
4175 4175
4078 4078
3981 3981
3883 3883
3785 3785
3688 3688
3590 3590
3491 3491
3393 3393
3295 3295
3196 3196
3098 3098
2999 2999
2900 2900
2801 2801
2702 2702
2603 2603
2503 2503
2404 2404
2304 2304
2205 2205
2105 2105
2005 2005
1906 1906
1806 1806
1706 1706
1606 1606
1506 1506
1406 1406
1305 1305
1205 1205
1105 1105
1005 1005
904 904
804 804
703 703
603 603
503 503
402 402
302 302
201 201
101 101
0 0
-101 -101
-201 -201
-302 -302
-402 -402
-503 -503
-603 -603
-703 -703
-804 -804
-904 -904
-1005 -1005
-1105 -1105
-1205 -1205
-1305 -1305
-1406 -1406
-1506 -1506
-1606 -1606
-1706 -1706
-1806 -1806
-1906 -1906
-2005 -2005
-2105 -2105
-2205 -2205
-2304 -2304
-2404 -2404
-2503 -2503
-2603 -2603
-2702 -2702
-2801 -2801
-2900 -2900
-2999 -2999
-3098 -3098
-3196 -3196
-3295 -3295
-3393 -3393
-3491 -3491
-3590 -3590
-3688 -3688
-3785 -3785
-3883 -3883
-3981 -3981
-4078 -4078
-4175 -4175
-4273 -4273
-4370 -4370
-4466 -4466
-4563 -4563
-4659 -4659
-4756 -4756
-4852 -4852
-4948 -4948
-5044 -5044
-5139 -5139
-5234 -5234
-5330 -5330
-5425 -5425
-5519 -5519
-5614 -5614
-5708 -5708
-5802 -5802
-5896 -5896
-5990 -5990
-6083 -6083
-6177 -6177
-6270 -6270
-6362 -6362
-6455 -6455
-6547 -6547
-6639 -6639
-6731 -6731
-6822 -6822
-6914 -6914
-7005 -7005
-7095 -7095
-7186 -7186
-7276 -7276
-7366 -7366
-7456 -7456
-7545 -7545
-7634 -7634
-7723 -7723
-7811 -7811
-7900 -7900
-7988 -7988
-8075 -8075
-8162 -8162
-8249 -8249
-8336 -8336
-8423 -8423
-8509 -8509
-8594 -8594
-8680 -8680
-8765 -8765
-8850 -8850
-8934 -8934
-9018 -9018
-9102 -9102
-9185 -9185
-9268 -9268
-9351 -9351
-9433 -9433
-9515 -9515
-9597 -9597
-9678 -9678
-9759 -9759
-9840 -9840
-9920 -9920
-10000 -10000
-10079 -10079
-10158 -10158
-10237 -10237
-10315 -10315
-10393 -10393
-10471 -10471
-10548 -10548
-10625 -10625
-10701 -10701
-10777 -10777
-10852 -10852
-10927 -10927
-11002 -11002
-11076 -11076
-11150 -11150
-11224 -11224
-11297 -11297
-11369 -11369
-11441 -11441
-11513 -11513
-11585 -11585
-11655 -11655
-11726 -11726
-11796 -11796
-11865 -11865
-11934 -11934
-12003 -12003
-12071 -12071
-12139 -12139
-12206 -12206
-12273 -12273
-12339 -12339
-12405 -12405
-12471 -12471
-12536 -12536
-12600 -12600
-12664 -12664
-12728 -12728
-12791 -12791
-12853 -12853
-12915 -12915
-12977 -12977
-13038 -13038
-13099 -13099
-13159 -13159
-13219 -13219
-13278 -13278
-13336 -13336
-13394 -13394
-13452 -13452
-13509 -13509
-13566 -13566
-13622 -13622
-13678 -13678
-13733 -13733
-13787 -13787
-13841 -13841
-13895 -13895
-13948 -13948
-14000 -14000
-14052 -14052
-14104 -14104
-14154 -14154
-14205 -14205
-14255 -14255
-14304 -14304
-14353 -14353
-14401 -14401
-14449 -14449
-14496 -14496
-14542 -14542
-14588 -14588
-14634 -14634
-14679 -14679
-14723 -14723
-14767 -14767
-14810 -14810
-14853 -14853
-14895 -14895
-14936 -14936
-14977 -14977
-15018 -15018
-15058 -15058
-15097 -15097
-15136 -15136
-15174 -15174
-15212 -15212
-15249 -15249
-15285 -15285
-15321 -15321
-15356 -15356
-15391 -15391
-15425 -15425
-15459 -15459
-15492 -15492
-15524 -15524
-15556 -15556
-15587 -15587
-15618 -15618
-15648 -15648
-15678 -15678
-15706 -15706
-15735 -15735
-15762 -15762
-15790 -15790
-15816 -15816
-15842 -15842
-15867 -15867
-15892 -15892
-15916 -15916
-15940 -15940
-15963 -15963
-15985 -15985
-16007 -16007
-16028 -16028
-16048 -16048
-16068 -16068
-16088 -16088
-16106 -16106
-16124 -16124
-16142 -16142
-16159 -16159
-16175 -16175
-16191 -16191
-16206 -16206
-16220 -16220
-16234 -16234
-16247 -16247
-16260 -16260
-16272 -16272
-16283 -16283
-16294 -16294
-16304 -16304
-16314 -16314
-16323 -16323
-16331 -16331
-16339 -16339
-16346 -16346
-16352 -16352
-16358 -16358
-16363 -16363
-16368 -16368
-16372 -16372
-16375 -16375
-16378 -16378
-16380 -16380
-16382 -16382
-16383 -16383
-16383 -16383
-16383 -16383
-16382 -16382
-16380 -16380
-16378 -16378
-16375 -16375
-16372 -16372
-16368 -16368
-16363 -16363
-16358 -16358
-16352 -16352
-16346 -16346
-16339 -16339
-16331 -16331
-16323 -16323
-16314 -16314
-16304 -16304
-16294 -16294
-16283 -16283
-16272 -16272
-16260 -16260
-16247 -16247
-16234 -16234
-16220 -16220
-16206 -16206
-16191 -16191
-16175 -16175
-16159 -16159
-16142 -16142
-16124 -16124
-16106 -16106
-16088 -16088
-16068 -16068
-16048 -16048
-16028 -16028
-16007 -16007
-15985 -15985
-15963 -15963
-15940 -15940
-15916 -15916
-15892 -15892
-15867 -15867
-15842 -15842
-15816 -15816
-15790 -15790
-15762 -15762
-15735 -15735
-15706 -15706
-15678 -15678
-15648 -15648
-15618 -15618
-15587 -15587
-15556 -15556
-15524 -15524
-15492 -15492
-15459 -15459
-15425 -15425
-15391 -15391
-15356 -15356
-15321 -15321
-15285 -15285
-15249 -15249
-15212 -15212
-15174 -15174
-15136 -15136
-15097 -15097
-15058 -15058
-15018 -15018
-14977 -14977
-14936 -14936
-14895 -14895
-14853 -14853
-14810 -14810
-14767 -14767
-14723 -14723
-14679 -14679
-14634 -14634
-14588 -14588
-14542 -14542
-14496 -14496
-14449 -14449
-14401 -14401
-14353 -14353
-14304 -14304
-14255 -14255
-14205 -14205
-14154 -14154
-14104 -14104
-14052 -14052
-14000 -14000
-13948 -13948
-13895 -13895
-13841 -13841
-13787 -13787
-13733 -13733
-13678 -13678
-13622 -13622
-13566 -13566
-13509 -13509
-13452 -13452
-13394 -13394
-13336 -13336
-13278 -13278
-13219 -13219
-13159 -13159
-13099 -13099
-13038 -13038
-12977 -12977
-12915 -12915
-12853 -12853
-12791 -12791
-12728 -12728
-12664 -12664
-12600 -12600
-12536 -12536
-12471 -12471
-12405 -12405
-12339 -12339
-12273 -12273
-12206 -12206
-12139 -12139
-12071 -12071
-12003 -12003
-11934 -11934
-11865 -11865
-11796 -11796
-11726 -11726
-11655 -11655
-11585 -11585
-11513 -11513
-11441 -11441
-11369 -11369
-11297 -11297
-11224 -11224
-11150 -11150
-11076 -11076
-11002 -11002
-10927 -10927
-10852 -10852
-10777 -10777
-10701 -10701
-10625 -10625
-10548 -10548
-10471 -10471
-10393 -10393
-10315 -10315
-10237 -10237
-10158 -10158
-10079 -10079
-10000 -10000
-9920 -9920
-9840 -9840
-9759 -9759
-9678 -9678
-9597 -9597
-9515 -9515
-9433 -9433
-9351 -9351
-9268 -9268
-9185 -9185
-9102 -9102
-9018 -9018
-8934 -8934
-8850 -8850
-8765 -8765
-8680 -8680
-8594 -8594
-8509 -8509
-8423 -8423
-8336 -8336
-8249 -8249
-8162 -8162
-8075 -8075
-7988 -7988
-7900 -7900
-7811 -7811
-7723 -7723
-7634 -7634
-7545 -7545
-7456 -7456
-7366 -7366
-7276 -7276
-7186 -7186
-7095 -7095
-7005 -7005
-6914 -6914
-6822 -6822
-6731 -6731
-6639 -6639
-6547 -6547
-6455 -6455
-6362 -6362
-6270 -6270
-6177 -6177
-6083 -6083
-5990 -5990
-5896 -5896
-5802 -5802
-5708 -5708
-5614 -5614
-5519 -5519
-5425 -5425
-5330 -5330
-5234 -5234
-5139 -5139
-5044 -5044
-4948 -4948
-4852 -4852
-4756 -4756
-4659 -4659
-4563 -4563
-4466 -4466
-4370 -4370
-4273 -4273
-4175 -4175
-4078 -4078
-3981 -3981
-3883 -3883
-3785 -3785
-3688 -3688
-3590 -3590
-3491 -3491
-3393 -3393
-3295 -3295
-3196 -3196
-3098 -3098
-2999 -2999
-2900 -2900
-2801 -2801
-2702 -2702
-2603 -2603
-2503 -2503
-2404 -2404
-2304 -2304
-2205 -2205
-2105 -2105
-2005 -2005
-1906 -1906
-1806 -1806
-1706 -1706
-1606 -1606
-1506 -1506
-1406 -1406
-1305 -1305
-1205 -1205
-1105 -1105
-1005 -1005
-904 -904
-804 -804
-703 -703
-603 -603
-503 -503
-402 -402
-302 -302
-201 -201
-101 -101
0 0
101 101
201 201
302 302
402 402
503 503
603 603
703 703
804 804
904 904
1005 1005
1105 1105
1205 1205
1305 1305
1406 1406
1506 1506
1606 1606
1706 1706
1806 1806
1906 1906
2005 2005
2105 2105
2205 2205
2304 2304
2404 2404
2503 2503
2603 2603
2702 2702
2801 2801
2900 2900
2999 2999
3098 3098
3196 3196
3295 3295
3393 3393
3491 3491
3590 3590
3688 3688
3785 3785
3883 3883
3981 3981
4078 4078
4175 4175
4273 4273
4370 4370
4466 4466
4563 4563
4659 4659
4756 4756
4852 4852
4948 4948
5044 5044
5139 5139
5234 5234
5330 5330
5425 5425
5519 5519
5614 5614
5708 5708
5802 5802
5896 5896
5990 5990
6083 6083
6177 6177
6270 6270
6362 6362
6455 6455
6547 6547
6639 6639
6731 6731
6822 6822
6914 6914
7005 7005
7095 7095
7186 7186
7276 7276
7366 7366
7456 7456
7545 7545
7634 7634
7723 7723
7811 7811
7900 7900
7988 7988
8075 8075
8162 8162
8249 8249
8336 8336
8423 8423
8509 8509
8594 8594
8680 8680
8765 8765
8850 8850
8934 8934
9018 9018
9102 9102
9185 9185
9268 9268
9351 9351
9433 9433
9515 9515
9597 9597
9678 9678
9759 9759
9840 9840
9920 9920
10000 10000
10079 10079
10158 10158
10237 10237
10315 10315
10393 10393
10471 10471
10548 10548
10625 10625
10701 10701
10777 10777
10852 10852
10927 10927
11002 11002
11076 11076
11150 11150
11224 11224
11297 11297
11369 11369
11441 11441
11513 11513
11585 11585
11655 11655
11726 11726
11796 11796
11865 11865
11934 11934
12003 12003
12071 12071
12139 12139
12206 12206
12273 12273
12339 12339
12405 12405
12471 12471
12536 12536
12600 12600
12664 12664
12728 12728
12791 12791
12853 12853
12915 12915
12977 12977
13038 13038
13099 13099
13159 13159
13219 13219
13278 13278
13336 13336
13394 13394
13452 13452
13509 13509
13566 13566
13622 13622
13678 13678
13733 13733
13787 13787
13841 13841
13895 13895
13948 13948
14000 14000
14052 14052
14104 14104
14154 14154
14205 14205
14255 14255
14304 14304
14353 14353
14401 14401
14449 14449
14496 14496
14542 14542
14588 14588
14634 14634
14679 14679
14723 14723
14767 14767
14810 14810
14853 14853
14895 14895
14936 14936
14977 14977
15018 15018
15058 15058
15097 15097
15136 15136
15174 15174
15212 15212
15249 15249
15285 15285
15321 15321
15356 15356
15391 15391
15425 15425
15459 15459
15492 15492
15524 15524
15556 15556
15587 15587
15618 15618
15648 15648
15678 15678
15706 15706
15735 15735
15762 15762
15790 15790
15816 15816
15842 15842
15867 15867
15892 15892
15916 15916
15940 15940
15963 15963
15985 15985
16007 16007
16028 16028
16048 16048
16068 16068
16088 16088
16106 16106
16124 16124
16142 16142
16159 16159
16175 16175
16191 16191
16206 16206
16220 16220
16234 16234
16247 16247
16260 16260
16272 16272
16283 16283
16294 16294
16304 16304
16314 16314
16323 16323
16331 16331
16339 16339
16346 16346
16352 16352
16358 16358
16363 16363
16368 16368
16372 16372
16375 16375
16378 16378
16380 16380
16382 16382
16383 16383
16383 16383
16383 16383
16382 16382
16380 16380
16378 16378
16375 16375
16372 16372
16368 16368
16363 16363
16358 16358
16352 16352
16346 16346
16339 16339
16331 16331
16323 16323
16314 16314
16304 16304
16294 16294
16283 16283
16272 16272
16260 16260
16247 16247
16234 16234
16220 16220
16206 16206
16191 16191
16175 16175
16159 16159
16142 16142
16124 16124
16106 16106
16088 16088
16068 16068
16048 16048
16028 16028
16007 16007
15985 15985
15963 15963
15940 15940
15916 15916
15892 15892
15867 15867
15842 15842
15816 15816
15790 15790
15762 15762
15735 15735
15706 15706
15678 15678
15648 15648
15618 15618
15587 15587
15556 15556
15524 15524
15492 15492
15459 15459
15425 15425
15391 15391
15356 15356
15321 15321
15285 15285
15249 15249
15212 15212
15174 15174
15136 15136
15097 15097
15058 15058
15018 15018
14977 14977
14936 14936
14895 14895
14853 14853
14810 14810
14767 14767
14723 14723
14679 14679
14634 14634
14588 14588
14542 14542
14496 14496
14449 14449
14401 14401
14353 14353
14304 14304
14255 14255
14205 14205
14154 14154
14104 14104
14052 14052
14000 14000
13948 13948
13895 13895
13841 13841
13787 13787
13733 13733
13678 13678
13622 13622
13566 13566
13509 13509
13452 13452
13394 13394
13336 13336
13278 13278
13219 13219
13159 13159
13099 13099
13038 13038
12977 12977
12915 12915
12853 12853
12791 12791
12728 12728
12664 12664
12600 12600
12536 12536
12471 12471
12405 12405
12339 12339
12273 12273
12206 12206
12139 12139
12071 12071
12003 12003
11934 11934
11865 11865
11796 11796
11726 11726
11655 11655
11585 11585
11513 11513
11441 11441
11369 11369
11297 11297
11224 11224
11150 11150
11076 11076
11002 11002
10927 10927
10852 10852
10777 10777
10701 10701
10625 10625
10548 10548
10471 10471
10393 10393
10315 10315
10237 10237
10158 10158
10079 10079
10000 10000
9920 9920
9840 9840
9759 9759
9678 9678
9597 9597
9515 9515
9433 9433
9351 9351
9268 9268
9185 9185
9102 9102
9018 9018
8934 8934
8850 8850
8765 8765
8680 8680
8594 8594
8509 8509
8423 8423
8336 8336
8249 8249
8162 8162
8075 8075
7988 7988
7900 7900
7811 7811
7723 7723
7634 7634
7545 7545
7456 7456
7366 7366
7276 7276
7186 7186
7095 7095
7005 7005
6914 6914
6822 6822
6731 6731
6639 6639
6547 6547
6455 6455
6362 6362
6270 6270
6177 6177
6083 6083
5990 5990
5896 5896
5802 5802
5708 5708
5614 5614
5519 5519
5425 5425
5330 5330
5234 5234
5139 5139
5044 5044
4948 4948
4852 4852
4756 4756
4659 4659
4563 4563
4466 4466
4370 4370
4273 4273
4175 4175
4078 4078
3981 3981
3883 3883
3785 3785
3688 3688
3590 3590
3491 3491
3393 3393
3295 3295
3196 3196
3098 3098
2999 2999
2900 2900
2801 2801
2702 2702
2603 2603
2503 2503
2404 2404
2304 2304
2205 2205
2105 2105
2005 2005
1906 1906
1806 1806
1706 1706
1606 1606
1506 1506
1406 1406
1305 1305
1205 1205
1105 1105
1005 1005
904 904
804 804
703 703
603 603
503 503
402 402
302 302
201 201
101 101
0 0
-101 -101
-201 -201
-302 -302
-402 -402
-503 -503
-603 -603
-703 -703
-804 -804
-904 -904
-1005 -1005
-1105 -1105
-1205 -1205
-1305 -1305
-1406 -1406
-1506 -1506
-1606 -1606
-1706 -1706
-1806 -1806
-1906 -1906
-2005 -2005
-2105 -2105
-2205 -2205
-2304 -2304
-2404 -2404
-2503 -2503
-2603 -2603
-2702 -2702
-2801 -2801
-2900 -2900
-2999 -2999
-3098 -3098
-3196 -3196
-3295 -3295
-3393 -3393
-3491 -3491
-3590 -3590
-3688 -3688
-3785 -3785
-3883 -3883
-3981 -3981
-4078 -4078
-4175 -4175
-4273 -4273
-4370 -4370
-4466 -4466
-4563 -4563
-4659 -4659
-4756 -4756
-4852 -4852
-4948 -4948
-5044 -5044
-5139 -5139
-5234 -5234
-5330 -5330
-5425 -5425
-5519 -5519
-5614 -5614
-5708 -5708
-5802 -5802
-5896 -5896
-5990 -5990
-6083 -6083
-6177 -6177
-6270 -6270
-6362 -6362
-6455 -6455
-6547 -6547
-6639 -6639
-6731 -6731
-6822 -6822
-6914 -6914
-7005 -7005
-7095 -7095
-7186 -7186
-7276 -7276
-7366 -7366
-7456 -7456
-7545 -7545
-7634 -7634
-7723 -7723
-7811 -7811
-7900 -7900
-7988 -7988
-8075 -8075
-8162 -8162
-8249 -8249
-8336 -8336
-8423 -8423
-8509 -8509
-8594 -8594
-8680 -8680
-8765 -8765
-8850 -8850
-8934 -8934
-9018 -9018
-9102 -9102
-9185 -9185
-9268 -9268
-9351 -9351
-9433 -9433
-9515 -9515
-9597 -9597
-9678 -9678
-9759 -9759
-9840 -9840
-9920 -9920
-10000 -10000
-10079 -10079
-10158 -10158
-10237 -10237
-10315 -10315
-10393 -10393
-10471 -10471
-10548 -10548
-10625 -10625
-10701 -10701
-10777 -10777
-10852 -10852
-10927 -10927
-11002 -11002
-11076 -11076
-11150 -11150
-11224 -11224
-11297 -11297
-11369 -11369
-11441 -11441
-11513 -11513
-11585 -11585
-11655 -11655
-11726 -11726
-11796 -11796
-11865 -11865
-11934 -11934
-12003 -12003
-12071 -12071
-12139 -12139
-12206 -12206
-12273 -12273
-12339 -12339
-12405 -12405
-12471 -12471
-12536 -12536
-12600 -12600
-12664 -12664
-12728 -12728
-12791 -12791
-12853 -12853
-12915 -12915
-12977 -12977
-13038 -13038
-13099 -13099
-13159 -13159
-13219 -13219
-13278 -13278
-13336 -13336
-13394 -13394
-13452 -13452
-13509 -13509
-13566 -13566
-13622 -13622
-13678 -13678
-13733 -13733
-13787 -13787
-13841 -13841
-13895 -13895
-13948 -13948
-14000 -14000
-14052 -14052
-14104 -14104
-14154 -14154
-14205 -14205
-14255 -14255
-14304 -14304
-14353 -14353
-14401 -14401
-14449 -14449
-14496 -14496
-14542 -14542
-14588 -14588
-14634 -14634
-14679 -14679
-14723 -14723
-14767 -14767
-14810 -14810
-14853 -14853
-14895 -14895
-14936 -14936
-14977 -14977
-15018 -15018
-15058 -15058
-15097 -15097
-15136 -15136
-15174 -15174
-15212 -15212
-15249 -15249
-15285 -15285
-15321 -15321
-15356 -15356
-15391 -15391
-15425 -15425
-15459 -15459
-15492 -15492
-15524 -15524
-15556 -15556
-15587 -15587
-15618 -15618
-15648 -15648
-15678 -15678
-15706 -15706
-15735 -15735
-15762 -15762
-15790 -15790
-15816 -15816
-15842 -15842
-15867 -15867
-15892 -15892
-15916 -15916
-15940 -15940
-15963 -15963
-15985 -15985
-16007 -16007
-16028 -16028
-16048 -16048
-16068 -16068
-16088 -16088
-16106 -16106
-16124 -16124
-16142 -16142
-16159 -16159
-16175 -16175
-16191 -16191
-16206 -16206
-16220 -16220
-16234 -16234
-16247 -16247
-16260 -16260
-16272 -16272
-16283 -16283
-16294 -16294
-16304 -16304
-16314 -16314
-16323 -16323
-16331 -16331
-16339 -16339
-16346 -16346
-16352 -16352
-16358 -16358
-16363 -16363
-16368 -16368
-16372 -16372
-16375 -16375
-16378 -16378
-16380 -16380
-16382 -16382
-16383 -16383
-16383 -16383
-16383 -16383
-16382 -16382
-16380 -16380
-16378 -16378
-16375 -16375
-16372 -16372
-16368 -16368
-16363 -16363
-16358 -16358
-16352 -16352
-16346 -16346
-16339 -16339
-16331 -16331
-16323 -16323
-16314 -16314
-16304 -16304
-16294 -16294
-16283 -16283
-16272 -16272
-16260 -16260
-16247 -16247
-16234 -16234
-16220 -16220
-16206 -16206
-16191 -16191
-16175 -16175
-16159 -16159
-16142 -16142
-16124 -16124
-16106 -16106
-16088 -16088
-16068 -16068
-16048 -16048
-16028 -16028
-16007 -16007
-15985 -15985
-15963 -15963
-15940 -15940
-15916 -15916
-15892 -15892
-15867 -15867
-15842 -15842
-15816 -15816
-15790 -15790
-15762 -15762
-15735 -15735
-15706 -15706
-15678 -15678
-15648 -15648
-15618 -15618
-15587 -15587
-15556 -15556
-15524 -15524
-15492 -15492
-15459 -15459
-15425 -15425
-15391 -15391
-15356 -15356
-15321 -15321
-15285 -15285
-15249 -15249
-15212 -15212
-15174 -15174
-15136 -15136
-15097 -15097
-15058 -15058
-15018 -15018
-14977 -14977
-14936 -14936
-14895 -14895
-14853 -14853
-14810 -14810
-14767 -14767
-14723 -14723
-14679 -14679
-14634 -14634
-14588 -14588
-14542 -14542
-14496 -14496
-14449 -14449
-14401 -14401
-14353 -14353
-14304 -14304
-14255 -14255
-14205 -14205
-14154 -14154
-14104 -14104
-14052 -14052
-14000 -14000
-13948 -13948
-13895 -13895
-13841 -13841
-13787 -13787
-13733 -13733
-13678 -13678
-13622 -13622
-13566 -13566
-13509 -13509
-13452 -13452
-13394 -13394
-13336 -13336
-13278 -13278
-13219 -13219
-13159 -13159
-13099 -13099
-13038 -13038
-12977 -12977
-12915 -12915
-12853 -12853
-12791 -12791
-12728 -12728
-12664 -12664
-12600 -12600
-12536 -12536
-12471 -12471
-12405 -12405
-12339 -12339
-12273 -12273
-12206 -12206
-12139 -12139
-12071 -12071
-12003 -12003
-11934 -11934
-11865 -11865
-11796 -11796
-11726 -11726
-11655 -11655
-11585 -11585
-11513 -11513
-11441 -11441
-11369 -11369
-11297 -11297
-11224 -11224
-11150 -11150
-11076 -11076
-11002 -11002
-10927 -10927
-10852 -10852
-10777 -10777
-10701 -10701
-10625 -10625
-10548 -10548
-10471 -10471
-10393 -10393
-10315 -10315
-10237 -10237
-10158 -10158
-10079 -10079
-10000 -10000
-9920 -9920
-9840 -9840
-9759 -9759
-9678 -9678
-9597 -9597
-9515 -9515
-9433 -9433
-9351 -9351
-9268 -9268
-9185 -9185
-9102 -9102
-9018 -9018
-8934 -8934
-8850 -8850
-8765 -8765
-8680 -8680
-8594 -8594
-8509 -8509
-8423 -8423
-8336 -8336
-8249 -8249
-8162 -8162
-8075 -8075
-7988 -7988
-7900 -7900
-7811 -7811
-7723 -7723
-7634 -7634
-7545 -7545
-7456 -7456
-7366 -7366
-7276 -7276
-7186 -7186
-7095 -7095
-7005 -7005
-6914 -6914
-6822 -6822
-6731 -6731
-6639 -6639
-6547 -6547
-6455 -6455
-6362 -6362
-6270 -6270
-6177 -6177
-6083 -6083
-5990 -5990
-5896 -5896
-5802 -5802
-5708 -5708
-5614 -5614
-5519 -5519
-5425 -5425
-5330 -5330
-5234 -5234
-5139 -5139
-5044 -5044
-4948 -4948
-4852 -4852
-4756 -4756
-4659 -4659
-4563 -4563
-4466 -4466
-4370 -4370
-4273 -4273
-4175 -4175
-4078 -4078
-3981 -3981
-3883 -3883
-3785 -3785
-3688 -3688
-3590 -3590
-3491 -3491
-3393 -3393
-3295 -3295
-3196 -3196
-3098 -3098
-2999 -2999
-2900 -2900
-2801 -2801
-2702 -2702
-2603 -2603
-2503 -2503
-2404 -2404
-2304 -2304
-2205 -2205
-2105 -2105
-2005 -2005
-1906 -1906
-1806 -1806
-1706 -1706
-1606 -1606
-1506 -1506
-1406 -1406
-1305 -1305
-1205 -1205
-1105 -1105
-1005 -1005
-904 -904
-804 -804
-703 -703
-603 -603
-503 -503
-402 -402
-302 -302
-201 -201
-101 -101
0 0
101 101
201 201
302 302
402 402
503 503
603 603
703 703
804 804
904 904
1005 1005
1105 1105
1205 1205
1305 1305
1406 1406
1506 1506
1606 1606
1706 1706
1806 1806
1906 1906
2005 2005
2105 2105
2205 2205
2304 2304
2404 2404
2503 2503
2603 2603
2702 2702
2801 2801
2900 2900
2999 2999
3098 3098
3196 3196
3295 3295
3393 3393
3491 3491
3590 3590
3688 3688
3785 3785
3883 3883
3981 3981
4078 4078
4175 4175
4273 4273
4370 4370
4466 4466
4563 4563
4659 4659
4756 4756
4852 4852
4948 4948
5044 5044
5139 5139
5234 5234
5330 5330
5425 5425
5519 5519
5614 5614
5708 5708
5802 5802
5896 5896
5990 5990
6083 6083
6177 6177
6270 6270
6362 6362
6455 6455
6547 6547
6639 6639
6731 6731
6822 6822
6914 6914
7005 7005
7095 7095
7186 7186
7276 7276
7366 7366
7456 7456
7545 7545
7634 7634
7723 7723
7811 7811
7900 7900
7988 7988
8075 8075
8162 8162
8249 8249
8336 8336
8423 8423
8509 8509
8594 8594
8680 8680
8765 8765
8850 8850
8934 8934
9018 9018
9102 9102
9185 9185
9268 9268
9351 9351
9433 9433
9515 9515
9597 9597
9678 9678
9759 9759
9840 9840
9920 9920
10000 10000
10079 10079
10158 10158
10237 10237
10315 10315
10393 10393
10471 10471
10548 10548
10625 10625
10701 10701
10777 10777
10852 10852
10927 10927
11002 11002
11076 11076
11150 11150
11224 11224
11297 11297
11369 11369
11441 11441
11513 11513
11585 11585
11655 11655
11726 11726
11796 11796
11865 11865
11934 11934
12003 12003
12071 12071
12139 12139
12206 12206
12273 12273
12339 12339
12405 12405
12471 12471
12536 12536
12600 12600
12664 12664
12728 12728
12791 12791
12853 12853
12915 12915
12977 12977
13038 13038
13099 13099
13159 13159
13219 13219
13278 13278
13336 13336
13394 13394
13452 13452
13509 13509
13566 13566
13622 13622
13678 13678
13733 13733
13787 13787
13841 13841
13895 13895
13948 13948
14000 14000
14052 14052
14104 14104
14154 14154
14205 14205
14255 14255
14304 14304
14353 14353
14401 14401
14449 14449
14496 14496
14542 14542
14588 14588
14634 14634
14679 14679
14723 14723
14767 14767
14810 14810
14853 14853
14895 14895
14936 14936
14977 14977
15018 15018
15058 15058
15097 15097
15136 15136
15174 15174
15212 15212
15249 15249
15285 15285
15321 15321
15356 15356
15391 15391
15425 15425
15459 15459
15492 15492
15524 15524
15556 15556
15587 15587
15618 15618
15648 15648
15678 15678
15706 15706
15735 15735
15762 15762
15790 15790
15816 15816
15842 15842
15867 15867
15892 15892
15916 15916
15940 15940
15963 15963
15985 15985
16007 16007
16028 16028
16048 16048
16068 16068
16088 16088
16106 16106
16124 16124
16142 16142
16159 16159
16175 16175
16191 16191
16206 16206
16220 16220
16234 16234
16247 16247
16260 16260
16272 16272
16283 16283
16294 16294
16304 16304
16314 16314
16323 16323
16331 16331
16339 16339
16346 16346
16352 16352
16358 16358
16363 16363
16368 16368
16372 16372
16375 16375
16378 16378
16380 16380
16382 16382
16383 16383
16383 16383
16383 16383
16382 16382
16380 16380
16378 16378
16375 16375
16372 16372
16368 16368
16363 16363
16358 16358
16352 16352
16346 16346
16339 16339
16331 16331
16323 16323
16314 16314
16304 16304
16294 16294
16283 16283
16272 16272
16260 16260
16247 16247
16234 16234
16220 16220
16206 16206
16191 16191
16175 16175
16159 16159
16142 16142
16124 16124
16106 16106
16088 16088
16068 16068
16048 16048
16028 16028
16007 16007
15985 15985
15963 15963
15940 15940
15916 15916
15892 15892
15867 15867
15842 15842
15816 15816
15790 15790
15762 15762
15735 15735
15706 15706
15678 15678
15648 15648
15618 15618
15587 15587
15556 15556
15524 15524
15492 15492
15459 15459
15425 15425
15391 15391
15356 15356
15321 15321
15285 15285
15249 15249
15212 15212
15174 15174
15136 15136
15097 15097
15058 15058
15018 15018
14977 14977
14936 14936
14895 14895
14853 14853
14810 14810
14767 14767
14723 14723
14679 14679
14634 14634
14588 14588
14542 14542
14496 14496
14449 14449
14401 14401
14353 14353
14304 14304
14255 14255
14205 14205
14154 14154
14104 14104
14052 14052
14000 14000
13948 13948
13895 13895
13841 13841
13787 13787
13733 13733
13678 13678
13622 13622
13566 13566
13509 13509
13452 13452
13394 13394
13336 13336
13278 13278
13219 13219
13159 13159
13099 13099
13038 13038
12977 12977
12915 12915
12853 12853
12791 12791
12728 12728
12664 12664
12600 12600
12536 12536
12471 12471
12405 12405
12339 12339
12273 12273
12206 12206
12139 12139
12071 12071
12003 12003
11934 11934
11865 11865
11796 11796
11726 11726
11655 11655
11585 11585
11513 11513
11441 11441
11369 11369
11297 11297
11224 11224
11150 11150
11076 11076
11002 11002
10927 10927
10852 10852
10777 10777
10701 10701
10625 10625
10548 10548
10471 10471
10393 10393
10315 10315
10237 10237
10158 10158
10079 10079
10000 10000
9920 9920
9840 9840
9759 9759
9678 9678
9597 9597
9515 9515
9433 9433
9351 9351
9268 9268
9185 9185
9102 9102
9018 9018
8934 8934
8850 8850
8765 8765
8680 8680
8594 8594
8509 8509
8423 8423
8336 8336
8249 8249
8162 8162
8075 8075
7988 7988
7900 7900
7811 7811
7723 7723
7634 7634
7545 7545
7456 7456
7366 7366
7276 7276
7186 7186
7095 7095
7005 7005
6914 6914
6822 6822
6731 6731
6639 6639
6547 6547
6455 6455
6362 6362
6270 6270
6177 6177
6083 6083
5990 5990
5896 5896
5802 5802
5708 5708
5614 5614
5519 5519
5425 5425
5330 5330
5234 5234
5139 5139
5044 5044
4948 4948
4852 4852
4756 4756
4659 4659
4563 4563
4466 4466
4370 4370
4273 4273
4175 4175
4078 4078
3981 3981
3883 3883
3785 3785
3688 3688
3590 3590
3491 3491
3393 3393
3295 3295
3196 3196
3098 3098
2999 2999
2900 2900
2801 2801
2702 2702
2603 2603
2503 2503
2404 2404
2304 2304
2205 2205
2105 2105
2005 2005
1906 1906
1806 1806
1706 1706
1606 1606
1506 1506
1406 1406
1305 1305
1205 1205
1105 1105
1005 1005
904 904
804 804
703 703
603 603
503 503
402 402
302 302
201 201
101 101
0 0
-101 -101
-201 -201
-302 -302
-402 -402
-503 -503
-603 -603
-703 -703
-804 -804
-904 -904
-1005 -1005
-1105 -1105
-1205 -1205
-1305 -1305
-1406 -1406
-1506 -1506
-1606 -1606
-1706 -1706
-1806 -1806
-1906 -1906
-2005 -2005
-2105 -2105
-2205 -2205
-2304 -2304
-2404 -2404
-2503 -2503
-2603 -2603
-2702 -2702
-2801 -2801
-2900 -2900
-2999 -2999
-3098 -3098
-3196 -3196
-3295 -3295
-3393 -3393
-3491 -3491
-3590 -3590
-3688 -3688
-3785 -3785
-3883 -3883
-3981 -3981
-4078 -4078
-4175 -4175
-4273 -4273
-4370 -4370
-4466 -4466
-4563 -4563
-4659 -4659
-4756 -4756
-4852 -4852
-4948 -4948
-5044 -5044
-5139 -5139
-5234 -5234
-5330 -5330
-5425 -5425
-5519 -5519
-5614 -5614
-5708 -5708
-5802 -5802
-5896 -5896
-5990 -5990
-6083 -6083
-6177 -6177
-6270 -6270
-6362 -6362
-6455 -6455
-6547 -6547
-6639 -6639
-6731 -6731
-6822 -6822
-6914 -6914
-7005 -7005
-7095 -7095
-7186 -7186
-7276 -7276
-7366 -7366
-7456 -7456
-7545 -7545
-7634 -7634
-7723 -7723
-7811 -7811
-7900 -7900
-7988 -7988
-8075 -8075
-8162 -8162
-8249 -8249
-8336 -8336
-8423 -8423
-8509 -8509
-8594 -8594
-8680 -8680
-8765 -8765
-8850 -8850
-8934 -8934
-9018 -9018
-9102 -9102
-9185 -9185
-9268 -9268
-9351 -9351
-9433 -9433
-9515 -9515
-9597 -9597
-9678 -9678
-9759 -9759
-9840 -9840
-9920 -9920
-10000 -10000
-10079 -10079
-10158 -10158
-10237 -10237
-10315 -10315
-10393 -10393
-10471 -10471
-10548 -10548
-10625 -10625
-10701 -10701
-10777 -10777
-10852 -10852
-10927 -10927
-11002 -11002
-11076 -11076
-11150 -11150
-11224 -11224
-11297 -11297
-11369 -11369
-11441 -11441
-11513 -11513
-11585 -11585
-11655 -11655
-11726 -11726
-11796 -11796
-11865 -11865
-11934 -11934
-12003 -12003
-12071 -12071
-12139 -12139
-12206 -12206
-12273 -12273
-12339 -12339
-12405 -12405
-12471 -12471
-12536 -12536
-12600 -12600
-12664 -12664
-12728 -12728
-12791 -12791
-12853 -12853
-12915 -12915
-12977 -12977
-13038 -13038
-13099 -13099
-13159 -13159
-13219 -13219
-13278 -13278
-13336 -13336
-13394 -13394
-13452 -13452
-13509 -13509
-13566 -13566
-13622 -13622
-13678 -13678
-13733 -13733
-13787 -13787
-13841 -13841
-13895 -13895
-13948 -13948
-14000 -14000
-14052 -14052
-14104 -14104
-14154 -14154
-14205 -14205
-14255 -14255
-14304 -14304
-14353 -14353
-14401 -14401
-14449 -14449
-14496 -14496
-14542 -14542
-14588 -14588
-14634 -14634
-14679 -14679
-14723 -14723
-14767 -14767
-14810 -14810
-14853 -14853
-14895 -14895
-14936 -14936
-14977 -14977
-15018 -15018
-15058 -15058
-15097 -15097
-15136 -15136
-15174 -15174
-15212 -15212
-15249 -15249
-15285 -15285
-15321 -15321
-15356 -15356
-15391 -15391
-15425 -15425
-15459 -15459
-15492 -15492
-15524 -15524
-15556 -15556
-15587 -15587
-15618 -15618
-15648 -15648
-15678 -15678
-15706 -15706
-15735 -15735
-15762 -15762
-15790 -15790
-15816 -15816
-15842 -15842
-15867 -15867
-15892 -15892
-15916 -15916
-15940 -15940
-15963 -15963
-15985 -15985
-16007 -16007
-16028 -16028
-16048 -16048
-16068 -16068
-16088 -16088
-16106 -16106
-16124 -16124
-16142 -16142
-16159 -16159
-16175 -16175
-16191 -16191
-16206 -16206
-16220 -16220
-16234 -16234
-16247 -16247
-16260 -16260
-16272 -16272
-16283 -16283
-16294 -16294
-16304 -16304
-16314 -16314
-16323 -16323
-16331 -16331
-16339 -16339
-16346 -16346
-16352 -16352
-16358 -16358
-16363 -16363
-16368 -16368
-16372 -16372
-16375 -16375
-16378 -16378
-16380 -16380
-16382 -16382
-16383 -16383
-16383 -16383
-16383 -16383
-16382 -16382
-16380 -16380
-16378 -16378
-16375 -16375
-16372 -16372
-16368 -16368
-16363 -16363
-16358 -16358
-16352 -16352
-16346 -16346
-16339 -16339
-16331 -16331
-16323 -16323
-16314 -16314
-16304 -16304
-16294 -16294
-16283 -16283
-16272 -16272
-16260 -16260
-16247 -16247
-16234 -16234
-16220 -16220
-16206 -16206
-16191 -16191
-16175 -16175
-16159 -16159
-16142 -16142
-16124 -16124
-16106 -16106
-16088 -16088
-16068 -16068
-16048 -16048
-16028 -16028
-16007 -16007
-15985 -15985
-15963 -15963
-15940 -15940
-15916 -15916
-15892 -15892
-15867 -15867
-15842 -15842
-15816 -15816
-15790 -15790
-15762 -15762
-15735 -15735
-15706 -15706
-15678 -15678
-15648 -15648
-15618 -15618
-15587 -15587
-15556 -15556
-15524 -15524
-15492 -15492
-15459 -15459
-15425 -15425
-15391 -15391
-15356 -15356
-15321 -15321
-15285 -15285
-15249 -15249
-15212 -15212
-15174 -15174
-15136 -15136
-15097 -15097
-15058 -15058
-15018 -15018
-14977 -14977
-14936 -14936
-14895 -14895
-14853 -14853
-14810 -14810
-14767 -14767
-14723 -14723
-14679 -14679
-14634 -14634
-14588 -14588
-14542 -14542
-14496 -14496
-14449 -14449
-14401 -14401
-14353 -14353
-14304 -14304
-14255 -14255
-14205 -14205
-14154 -14154
-14104 -14104
-14052 -14052
-14000 -14000
-13948 -13948
-13895 -13895
-13841 -13841
-13787 -13787
-13733 -13733
-13678 -13678
-13622 -13622
-13566 -13566
-13509 -13509
-13452 -13452
-13394 -13394
-13336 -13336
-13278 -13278
-13219 -13219
-13159 -13159
-13099 -13099
-13038 -13038
-12977 -12977
-12915 -12915
-12853 -12853
-12791 -12791
-12728 -12728
-12664 -12664
-12600 -12600
-12536 -12536
-12471 -12471
-12405 -12405
-12339 -12339
-12273 -12273
-12206 -12206
-12139 -12139
-12071 -12071
-12003 -12003
-11934 -11934
-11865 -11865
-11796 -11796
-11726 -11726
-11655 -11655
-11585 -11585
-11513 -11513
-11441 -11441
-11369 -11369
-11297 -11297
-11224 -11224
-11150 -11150
-11076 -11076
-11002 -11002
-10927 -10927
-10852 -10852
-10777 -10777
-10701 -10701
-10625 -10625
-10548 -10548
-10471 -10471
-10393 -10393
-10315 -10315
-10237 -10237
-10158 -10158
-10079 -10079
-10000 -10000
-9920 -9920
-9840 -9840
-9759 -9759
-9678 -9678
-9597 -9597
-9515 -9515
-9433 -9433
-9351 -9351
-9268 -9268
-9185 -9185
-9102 -9102
-9018 -9018
-8934 -8934
-8850 -8850
-8765 -8765
-8680 -8680
-8594 -8594
-8509 -8509
-8423 -8423
-8336 -8336
-8249 -8249
-8162 -8162
-8075 -8075
-7988 -7988
-7900 -7900
-7811 -7811
-7723 -7723
-7634 -7634
-7545 -7545
-7456 -7456
-7366 -7366
-7276 -7276
-7186 -7186
-7095 -7095
-7005 -7005
-6914 -6914
-6822 -6822
-6731 -6731
-6639 -6639
-6547 -6547
-6455 -6455
-6362 -6362
-6270 -6270
-6177 -6177
-6083 -6083
-5990 -5990
-5896 -5896
-5802 -5802
-5708 -5708
-5614 -5614
-5519 -5519
-5425 -5425
-5330 -5330
-5234 -5234
-5139 -5139
-5044 -5044
-4948 -4948
-4852 -4852
-4756 -4756
-4659 -4659
-4563 -4563
-4466 -4466
-4370 -4370
-4273 -4273
-4175 -4175
-4078 -4078
-3981 -3981
-3883 -3883
-3785 -3785
-3688 -3688
-3590 -3590
-3491 -3491
-3393 -3393
-3295 -3295
-3196 -3196
-3098 -3098
-2999 -2999
-2900 -2900
-2801 -2801
-2702 -2702
-2603 -2603
-2503 -2503
-2404 -2404
-2304 -2304
-2205 -2205
-2105 -2105
-2005 -2005
-1906 -1906
-1806 -1806
-1706 -1706
-1606 -1606
-1506 -1506
-1406 -1406
-1305 -1305
-1205 -1205
-1105 -1105
-1005 -1005
-904 -904
-804 -804
-703 -703
-603 -603
-503 -503
-402 -402
-302 -302
-201 -201
-101 -101
0 0
101 101
201 201
302 302
402 402
503 503
603 603
703 703
804 804
904 904
1005 1005
1105 1105
1205 1205
1305 1305
1406 1406
1506 1506
1606 1606
1706 1706
1806 1806
1906 1906
2005 2005
2105 2105
2205 2205
2304 2304
2404 2404
2503 2503
2603 2603
2702 2702
2801 2801
2900 2900
2999 2999
3098 3098
3196 3196
3295 3295
3393 3393
3491 3491
3590 3590
3688 3688
3785 3785
3883 3883
3981 3981
4078 4078
4175 4175
4273 4273
4370 4370
4466 4466
4563 4563
4659 4659
4756 4756
4852 4852
4948 4948
5044 5044
5139 5139
5234 5234
5330 5330
5425 5425
5519 5519
5614 5614
5708 5708
5802 5802
5896 5896
5990 5990
6083 6083
6177 6177
6270 6270
6362 6362
6455 6455
6547 6547
6639 6639
6731 6731
6822 6822
6914 6914
7005 7005
7095 7095
7186 7186
7276 7276
7366 7366
7456 7456
7545 7545
7634 7634
7723 7723
7811 7811
7900 7900
7988 7988
8075 8075
8162 8162
8249 8249
8336 8336
8423 8423
8509 8509
8594 8594
8680 8680
8765 8765
8850 8850
8934 8934
9018 9018
9102 9102
9185 9185
9268 9268
9351 9351
9433 9433
9515 9515
9597 9597
9678 9678
9759 9759
9840 9840
9920 9920
10000 10000
10079 10079
10158 10158
10237 10237
10315 10315
10393 10393
10471 10471
10548 10548
10625 10625
10701 10701
10777 10777
10852 10852
10927 10927
11002 11002
11076 11076
11150 11150
11224 11224
11297 11297
11369 11369
11441 11441
11513 11513
11585 11585
11655 11655
11726 11726
11796 11796
11865 11865
11934 11934
12003 12003
12071 12071
12139 12139
12206 12206
12273 12273
12339 12339
12405 12405
12471 12471
12536 12536
12600 12600
12664 12664
12728 12728
12791 12791
12853 12853
12915 12915
12977 12977
13038 13038
13099 13099
13159 13159
13219 13219
13278 13278
13336 13336
13394 13394
13452 13452
13509 13509
13566 13566
13622 13622
13678 13678
13733 13733
13787 13787
13841 13841
13895 13895
13948 13948
14000 14000
14052 14052
14104 14104
14154 14154
14205 14205
14255 14255
14304 14304
14353 14353
14401 14401
14449 14449
14496 14496
14542 14542
14588 14588
14634 14634
14679 14679
14723 14723
14767 14767
14810 14810
14853 14853
14895 14895
14936 14936
14977 14977
15018 15018
15058 15058
15097 15097
15136 15136
15174 15174
15212 15212
15249 15249
15285 15285
15321 15321
15356 15356
15391 15391
15425 15425
15459 15459
15492 15492
15524 15524
15556 15556
15587 15587
15618 15618
15648 15648
15678 15678
15706 15706
15735 15735
15762 15762
15790 15790
15816 15816
15842 15842
15867 15867
15892 15892
15916 15916
15940 15940
15963 15963
15985 15985
16007 16007
16028 16028
16048 16048
16068 16068
16088 16088
16106 16106
16124 16124
16142 16142
16159 16159
16175 16175
16191 16191
16206 16206
16220 16220
16234 16234
16247 16247
16260 16260
16272 16272
16283 16283
16294 16294
16304 16304
16314 16314
16323 16323
16331 16331
16339 16339
16346 16346
16352 16352
16358 16358
16363 16363
16368 16368
16372 16372
16375 16375
16378 16378
16380 16380
16382 16382
16383 16383
16383 16383
16383 16383
16382 16382
16380 16380
16378 16378
16375 16375
16372 16372
16368 16368
16363 16363
16358 16358
16352 16352
16346 16346
16339 16339
16331 16331
16323 16323
16314 16314
16304 16304
16294 16294
16283 16283
16272 16272
16260 16260
16247 16247
16234 16234
16220 16220
16206 16206
16191 16191
16175 16175
16159 16159
16142 16142
16124 16124
16106 16106
16088 16088
16068 16068
16048 16048
16028 16028
16007 16007
15985 15985
15963 15963
15940 15940
15916 15916
15892 15892
15867 15867
15842 15842
15816 15816
15790 15790
15762 15762
15735 15735
15706 15706
15678 15678
15648 15648
15618 15618
15587 15587
15556 15556
15524 15524
15492 15492
15459 15459
15425 15425
15391 15391
15356 15356
15321 15321
15285 15285
15249 15249
15212 15212
15174 15174
15136 15136
15097 15097
15058 15058
15018 15018
14977 14977
14936 14936
14895 14895
14853 14853
14810 14810
14767 14767
14723 14723
14679 14679
14634 14634
14588 14588
14542 14542
14496 14496
14449 14449
14401 14401
14353 14353
14304 14304
14255 14255
14205 14205
14154 14154
14104 14104
14052 14052
14000 14000
13948 13948
13895 13895
13841 13841
13787 13787
13733 13733
13678 13678
13622 13622
13566 13566
13509 13509
13452 13452
13394 13394
13336 13336
13278 13278
13219 13219
13159 13159
13099 13099
13038 13038
12977 12977
12915 12915
12853 12853
12791 12791
12728 12728
12664 12664
12600 12600
12536 12536
12471 12471
12405 12405
12339 12339
12273 12273
12206 12206
12139 12139
12071 12071
12003 12003
11934 11934
11865 11865
11796 11796
11726 11726
11655 11655
11585 11585
11513 11513
11441 11441
11369 11369
11297 11297
11224 11224
11150 11150
11076 11076
11002 11002
10927 10927
10852 10852
10777 10777
10701 10701
10625 10625
10548 10548
10471 10471
10393 10393
10315 10315
10237 10237
10158 10158
10079 10079
10000 10000
9920 9920
9840 9840
9759 9759
9678 9678
9597 9597
9515 9515
9433 9433
9351 9351
9268 9268
9185 9185
9102 9102
9018 9018
8934 8934
8850 8850
8765 8765
8680 8680
8594 8594
8509 8509
8423 8423
8336 8336
8249 8249
8162 8162
8075 8075
7988 7988
7900 7900
7811 7811
7723 7723
7634 7634
7545 7545
7456 7456
7366 7366
7276 7276
7186 7186
7095 7095
7005 7005
6914 6914
6822 6822
6731 6731
6639 6639
6547 6547
6455 6455
6362 6362
6270 6270
6177 6177
6083 6083
5990 5990
5896 5896
5802 5802
5708 5708
5614 5614
5519 5519
5425 5425
5330 5330
5234 5234
5139 5139
5044 5044
4948 4948
4852 4852
4756 4756
4659 4659
4563 4563
4466 4466
4370 4370
4273 4273
4175 4175
4078 4078
3981 3981
3883 3883
3785 3785
3688 3688
3590 3590
3491 3491
3393 3393
3295 3295
3196 3196
3098 3098
2999 2999
2900 2900
2801 2801
2702 2702
2603 2603
2503 2503
2404 2404
2304 2304
2205 2205
2105 2105
2005 2005
1906 1906
1806 1806
1706 1706
1606 1606
1506 1506
1406 1406
1305 1305
1205 1205
1105 1105
1005 1005
904 904
804 804
703 703
603 603
503 503
402 402
302 302
201 201
101 101
0 0
-101 -101
-201 -201
-302 -302
-402 -402
-503 -503
-603 -603
-703 -703
-804 -804
-904 -904
-1005 -1005
-1105 -1105
-1205 -1205
-1305 -1305
-1406 -1406
-1506 -1506
-1606 -1606
-1706 -1706
-1806 -1806
-1906 -1906
-2005 -2005
-2105 -2105
-2205 -2205
-2304 -2304
-2404 -2404
-2503 -2503
-2603 -2603
-2702 -2702
-2801 -2801
-2900 -2900
-2999 -2999
-3098 -3098
-3196 -3196
-3295 -3295
-3393 -3393
-3491 -3491
-3590 -3590
-3688 -3688
-3785 -3785
-3883 -3883
-3981 -3981
-4078 -4078
-4175 -4175
-4273 -4273
-4370 -4370
-4466 -4466
-4563 -4563
-4659 -4659
-4756 -4756
-4852 -4852
-4948 -4948
-5044 -5044
-5139 -5139
-5234 -5234
-5330 -5330
-5425 -5425
-5519 -5519
-5614 -5614
-5708 -5708
-5802 -5802
-5896 -5896
-5990 -5990
-6083 -6083
-6177 -6177
-6270 -6270
-6362 -6362
-6455 -6455
-6547 -6547
-6639 -6639
-6731 -6731
-6822 -6822
-6914 -6914
-7005 -7005
-7095 -7095
-7186 -7186
-7276 -7276
-7366 -7366
-7456 -7456
-7545 -7545
-7634 -7634
-7723 -7723
-7811 -7811
-7900 -7900
-7988 -7988
-8075 -8075
-8162 -8162
-8249 -8249
-8336 -8336
-8423 -8423
-8509 -8509
-8594 -8594
-8680 -8680
-8765 -8765
-8850 -8850
-8934 -8934
-9018 -9018
-9102 -9102
-9185 -9185
-9268 -9268
-9351 -9351
-9433 -9433
-9515 -9515
-9597 -9597
-9678 -9678
-9759 -9759
-9840 -9840
-9920 -9920
-10000 -10000
-10079 -10079
-10158 -10158
-10237 -10237
-10315 -10315
-10393 -10393
-10471 -10471
-10548 -10548
-10625 -10625
-10701 -10701
-10777 -10777
-10852 -10852
-10927 -10927
-11002 -11002
-11076 -11076
-11150 -11150
-11224 -11224
-11297 -11297
-11369 -11369
-11441 -11441
-11513 -11513
-11585 -11585
-11655 -11655
-11726 -11726
-11796 -11796
-11865 -11865
-11934 -11934
-12003 -12003
-12071 -12071
-12139 -12139
-12206 -12206
-12273 -12273
-12339 -12339
-12405 -12405
-12471 -12471
-12536 -12536
-12600 -12600
-12664 -12664
-12728 -12728
-12791 -12791
-12853 -12853
-12915 -12915
-12977 -12977
-13038 -13038
-13099 -13099
-13159 -13159
-13219 -13219
-13278 -13278
-13336 -13336
-13394 -13394
-13452 -13452
-13509 -13509
-13566 -13566
-13622 -13622
-13678 -13678
-13733 -13733
-13787 -13787
-13841 -13841
-13895 -13895
-13948 -13948
-14000 -14000
-14052 -14052
-14104 -14104
-14154 -14154
-14205 -14205
-14255 -14255
-14304 -14304
-14353 -14353
-14401 -14401
-14449 -14449
-14496 -14496
-14542 -14542
-14588 -14588
-14634 -14634
-14679 -14679
-14723 -14723
-14767 -14767
-14810 -14810
-14853 -14853
-14895 -14895
-14936 -14936
-14977 -14977
-15018 -15018
-15058 -15058
-15097 -15097
-15136 -15136
-15174 -15174
-15212 -15212
-15249 -15249
-15285 -15285
-15321 -15321
-15356 -15356
-15391 -15391
-15425 -15425
-15459 -15459
-15492 -15492
-15524 -15524
-15556 -15556
-15587 -15587
-15618 -15618
-15648 -15648
-15678 -15678
-15706 -15706
-15735 -15735
-15762 -15762
-15790 -15790
-15816 -15816
-15842 -15842
-15867 -15867
-15892 -15892
-15916 -15916
-15940 -15940
-15963 -15963
-15985 -15985
-16007 -16007
-16028 -16028
-16048 -16048
-16068 -16068
-16088 -16088
-16106 -16106
-16124 -16124
-16142 -16142
-16159 -16159
-16175 -16175
-16191 -16191
-16206 -16206
-16220 -16220
-16234 -16234
-16247 -16247
-16260 -16260
-16272 -16272
-16283 -16283
-16294 -16294
-16304 -16304
-16314 -16314
-16323 -16323
-16331 -16331
-16339 -16339
-16346 -16346
-16352 -16352
-16358 -16358
-16363 -16363
-16368 -16368
-16372 -16372
-16375 -16375
-16378 -16378
-16380 -16380
-16382 -16382
-16383 -16383
-16383 -16383
-16383 -16383
-16382 -16382
-16380 -16380
-16378 -16378
-16375 -16375
-16372 -16372
-16368 -16368
-16363 -16363
-16358 -16358
-16352 -16352
-16346 -16346
-16339 -16339
-16331 -16331
-16323 -16323
-16314 -16314
-16304 -16304
-16294 -16294
-16283 -16283
-16272 -16272
-16260 -16260
-16247 -16247
-16234 -16234
-16220 -16220
-16206 -16206
-16191 -16191
-16175 -16175
-16159 -16159
-16142 -16142
-16124 -16124
-16106 -16106
-16088 -16088
-16068 -16068
-16048 -16048
-16028 -16028
-16007 -16007
-15985 -15985
-15963 -15963
-15940 -15940
-15916 -15916
-15892 -15892
-15867 -15867
-15842 -15842
-15816 -15816
-15790 -15790
-15762 -15762
-15735 -15735
-15706 -15706
-15678 -15678
-15648 -15648
-15618 -15618
-15587 -15587
-15556 -15556
-15524 -15524
-15492 -15492
-15459 -15459
-15425 -15425
-15391 -15391
-15356 -15356
-15321 -15321
-15285 -15285
-15249 -15249
-15212 -15212
-15174 -15174
-15136 -15136
-15097 -15097
-15058 -15058
-15018 -15018
-14977 -14977
-14936 -14936
-14895 -14895
-14853 -14853
-14810 -14810
-14767 -14767
-14723 -14723
-14679 -14679
-14634 -14634
-14588 -14588
-14542 -14542
-14496 -14496
-14449 -14449
-14401 -14401
-14353 -14353
-14304 -14304
-14255 -14255
-14205 -14205
-14154 -14154
-14104 -14104
-14052 -14052
-14000 -14000
-13948 -13948
-13895 -13895
-13841 -13841
-13787 -13787
-13733 -13733
-13678 -13678
-13622 -13622
-13566 -13566
-13509 -13509
-13452 -13452
-13394 -13394
-13336 -13336
-13278 -13278
-13219 -13219
-13159 -13159
-13099 -13099
-13038 -13038
-12977 -12977
-12915 -12915
-12853 -12853
-12791 -12791
-12728 -12728
-12664 -12664
-12600 -12600
-12536 -12536
-12471 -12471
-12405 -12405
-12339 -12339
-12273 -12273
-12206 -12206
-12139 -12139
-12071 -12071
-12003 -12003
-11934 -11934
-11865 -11865
-11796 -11796
-11726 -11726
-11655 -11655
-11585 -11585
-11513 -11513
-11441 -11441
-11369 -11369
-11297 -11297
-11224 -11224
-11150 -11150
-11076 -11076
-11002 -11002
-10927 -10927
-10852 -10852
-10777 -10777
-10701 -10701
-10625 -10625
-10548 -10548
-10471 -10471
-10393 -10393
-10315 -10315
-10237 -10237
-10158 -10158
-10079 -10079
-10000 -10000
-9920 -9920
-9840 -9840
-9759 -9759
-9678 -9678
-9597 -9597
-9515 -9515
-9433 -9433
-9351 -9351
-9268 -9268
-9185 -9185
-9102 -9102
-9018 -9018
-8934 -8934
-8850 -8850
-8765 -8765
-8680 -8680
-8594 -8594
-8509 -8509
-8423 -8423
-8336 -8336
-8249 -8249
-8162 -8162
-8075 -8075
-7988 -7988
-7900 -7900
-7811 -7811
-7723 -7723
-7634 -7634
-7545 -7545
-7456 -7456
-7366 -7366
-7276 -7276
-7186 -7186
-7095 -7095
-7005 -7005
-6914 -6914
-6822 -6822
-6731 -6731
-6639 -6639
-6547 -6547
-6455 -6455
-6362 -6362
-6270 -6270
-6177 -6177
-6083 -6083
-5990 -5990
-5896 -5896
-5802 -5802
-5708 -5708
-5614 -5614
-5519 -5519
-5425 -5425
-5330 -5330
-5234 -5234
-5139 -5139
-5044 -5044
-4948 -4948
-4852 -4852
-4756 -4756
-4659 -4659
-4563 -4563
-4466 -4466
-4370 -4370
-4273 -4273
-4175 -4175
-4078 -4078
-3981 -3981
-3883 -3883
-3785 -3785
-3688 -3688
-3590 -3590
-3491 -3491
-3393 -3393
-3295 -3295
-3196 -3196
-3098 -3098
-2999 -2999
-2900 -2900
-2801 -2801
-2702 -2702
-2603 -2603
-2503 -2503
-2404 -2404
-2304 -2304
-2205 -2205
-2105 -2105
-2005 -2005
-1906 -1906
-1806 -1806
-1706 -1706
-1606 -1606
-1506 -1506
-1406 -1406
-1305 -1305
-1205 -1205
-1105 -1105
-1005 -1005
-904 -904
-804 -804
-703 -703
-603 -603
-503 -503
-402 -402
-302 -302
-201 -201
-101 -101
0 0
101 101
201 201
302 302
402 402
503 503
603 603
703 703
804 804
904 904
1005 1005
1105 1105
1205 1205
1305 1305
1406 1406
1506 1506
1606 1606
1706 1706
1806 1806
1906 1906
2005 2005
2105 2105
2205 2205
2304 2304
2404 2404
2503 2503
2603 2603
2702 2702
2801 2801
2900 2900
2999 2999
3098 3098
3196 3196
3295 3295
3393 3393
3491 3491
3590 3590
3688 3688
3785 3785
3883 3883
3981 3981
4078 4078
4175 4175
4273 4273
4370 4370
4466 4466
4563 4563
4659 4659
4756 4756
4852 4852
4948 4948
5044 5044
5139 5139
5234 5234
5330 5330
5425 5425
5519 5519
5614 5614
5708 5708
5802 5802
5896 5896
5990 5990
6083 6083
6177 6177
6270 6270
6362 6362
6455 6455
6547 6547
6639 6639
6731 6731
6822 6822
6914 6914
7005 7005
7095 7095
7186 7186
7276 7276
7366 7366
7456 7456
7545 7545
7634 7634
7723 7723
7811 7811
7900 7900
7988 7988
8075 8075
8162 8162
8249 8249
8336 8336
8423 8423
8509 8509
8594 8594
8680 8680
8765 8765
8850 8850
8934 8934
9018 9018
9102 9102
9185 9185
9268 9268
9351 9351
9433 9433
9515 9515
9597 9597
9678 9678
9759 9759
9840 9840
9920 9920
10000 10000
10079 10079
10158 10158
10237 10237
10315 10315
10393 10393
10471 10471
10548 10548
10625 10625
10701 10701
10777 10777
10852 10852
10927 10927
11002 11002
11076 11076
11150 11150
11224 11224
11297 11297
11369 11369
11441 11441
11513 11513
11585 11585
11655 11655
11726 11726
11796 11796
11865 11865
11934 11934
12003 12003
12071 12071
12139 12139
12206 12206
12273 12273
12339 12339
12405 12405
12471 12471
12536 12536
12600 12600
12664 12664
12728 12728
12791 12791
12853 12853
12915 12915
12977 12977
13038 13038
13099 13099
13159 13159
13219 13219
13278 13278
13336 13336
13394 13394
13452 13452
13509 13509
13566 13566
13622 13622
13678 13678
13733 13733
13787 13787
13841 13841
13895 13895
13948 13948
14000 14000
14052 14052
14104 14104
14154 14154
14205 14205
14255 14255
14304 14304
14353 14353
14401 14401
14449 14449
14496 14496
14542 14542
14588 14588
14634 14634
14679 14679
14723 14723
14767 14767
14810 14810
14853 14853
14895 14895
14936 14936
14977 14977
15018 15018
15058 15058
15097 15097
15136 15136
15174 15174
15212 15212
15249 15249
15285 15285
15321 15321
15356 15356
15391 15391
15425 15425
15459 15459
15492 15492
15524 15524
15556 15556
15587 15587
15618 15618
15648 15648
15678 15678
15706 15706
15735 15735
15762 15762
15790 15790
15816 15816
15842 15842
15867 15867
15892 15892
15916 15916
15940 15940
15963 15963
15985 15985
16007 16007
16028 16028
16048 16048
16068 16068
16088 16088
16106 16106
16124 16124
16142 16142
16159 16159
16175 16175
16191 16191
16206 16206
16220 16220
16234 16234
16247 16247
16260 16260
16272 16272
16283 16283
16294 16294
16304 16304
16314 16314
16323 16323
16331 16331
16339 16339
16346 16346
16352 16352
16358 16358
16363 16363
16368 16368
16372 16372
16375 16375
16378 16378
16380 16380
16382 16382
16383 16383
16383 16383
16383 16383
16382 16382
16380 16380
16378 16378
16375 16375
16372 16372
16368 16368
16363 16363
16358 16358
16352 16352
16346 16346
16339 16339
16331 16331
16323 16323
16314 16314
16304 16304
16294 16294
16283 16283
16272 16272
16260 16260
16247 16247
16234 16234
16220 16220
16206 16206
16191 16191
16175 16175
16159 16159
16142 16142
16124 16124
16106 16106
16088 16088
16068 16068
16048 16048
16028 16028
16007 16007
15985 15985
15963 15963
15940 15940
15916 15916
15892 15892
15867 15867
15842 15842
15816 15816
15790 15790
15762 15762
15735 15735
15706 15706
15678 15678
15648 15648
15618 15618
15587 15587
15556 15556
15524 15524
15492 15492
15459 15459
15425 15425
15391 15391
15356 15356
15321 15321
15285 15285
15249 15249
15212 15212
15174 15174
15136 15136
15097 15097
15058 15058
15018 15018
14977 14977
14936 14936
14895 14895
14853 14853
14810 14810
14767 14767
14723 14723
14679 14679
14634 14634
14588 14588
14542 14542
14496 14496
14449 14449
14401 14401
14353 14353
14304 14304
14255 14255
14205 14205
14154 14154
14104 14104
14052 14052
14000 14000
13948 13948
13895 13895
13841 13841
13787 13787
13733 13733
13678 13678
13622 13622
13566 13566
13509 13509
13452 13452
13394 13394
13336 13336
13278 13278
13219 13219
13159 13159
13099 13099
13038 13038
12977 12977
12915 12915
12853 12853
12791 12791
12728 12728
12664 12664
12600 12600
12536 12536
12471 12471
12405 12405
12339 12339
12273 12273
12206 12206
12139 12139
12071 12071
12003 12003
11934 11934
11865 11865
11796 11796
11726 11726
11655 11655
11585 11585
11513 11513
11441 11441
11369 11369
11297 11297
11224 11224
11150 11150
11076 11076
11002 11002
10927 10927
10852 10852
10777 10777
10701 10701
10625 10625
10548 10548
10471 10471
10393 10393
10315 10315
10237 10237
10158 10158
10079 10079
10000 10000
9920 9920
9840 9840
9759 9759
9678 9678
9597 9597
9515 9515
9433 9433
9351 9351
9268 9268
9185 9185
9102 9102
9018 9018
8934 8934
8850 8850
8765 8765
8680 8680
8594 8594
8509 8509
8423 8423
8336 8336
8249 8249
8162 8162
8075 8075
7988 7988
7900 7900
7811 7811
7723 7723
7634 7634
7545 7545
7456 7456
7366 7366
7276 7276
7186 7186
7095 7095
7005 7005
6914 6914
6822 6822
6731 6731
6639 6639
6547 6547
6455 6455
6362 6362
6270 6270
6177 6177
6083 6083
5990 5990
5896 5896
5802 5802
5708 5708
5614 5614
5519 5519
5425 5425
5330 5330
5234 5234
5139 5139
5044 5044
4948 4948
4852 4852
4756 4756
4659 4659
4563 4563
4466 4466
4370 4370
4273 4273
4175 4175
4078 4078
3981 3981
3883 3883
3785 3785
3688 3688
3590 3590
3491 3491
3393 3393
3295 3295
3196 3196
3098 3098
2999 2999
2900 2900
2801 2801
2702 2702
2603 2603
2503 2503
2404 2404
2304 2304
2205 2205
2105 2105
2005 2005
1906 1906
1806 1806
1706 1706
1606 1606
1506 1506
1406 1406
1305 1305
1205 1205
1105 1105
1005 1005
904 904
804 804
703 703
603 603
503 503
402 402
302 302
201 201
101 101
0 0
-101 -101
-201 -201
-302 -302
-402 -402
-503 -503
-603 -603
-703 -703
-804 -804
-904 -904
-1005 -1005
-1105 -1105
-1205 -1205
-1305 -1305
-1406 -1406
-1506 -1506
-1606 -1606
-1706 -1706
-1806 -1806
-1906 -1906
-2005 -2005
-2105 -2105
-2205 -2205
-2304 -2304
-2404 -2404
-2503 -2503
-2603 -2603
-2702 -2702
-2801 -2801
-2900 -2900
-2999 -2999
-3098 -3098
-3196 -3196
-3295 -3295
-3393 -3393
-3491 -3491
-3590 -3590
-3688 -3688
-3785 -3785
-3883 -3883
-3981 -3981
-4078 -4078
-4175 -4175
-4273 -4273
-4370 -4370
-4466 -4466
-4563 -4563
-4659 -4659
-4756 -4756
-4852 -4852
-4948 -4948
-5044 -5044
-5139 -5139
-5234 -5234
-5330 -5330
-5425 -5425
-5519 -5519
-5614 -5614
-5708 -5708
-5802 -5802
-5896 -5896
-5990 -5990
-6083 -6083
-6177 -6177
-6270 -6270
-6362 -6362
-6455 -6455
-6547 -6547
-6639 -6639
-6731 -6731
-6822 -6822
-6914 -6914
-7005 -7005
-7095 -7095
-7186 -7186
-7276 -7276
-7366 -7366
-7456 -7456
-7545 -7545
-7634 -7634
-7723 -7723
-7811 -7811
-7900 -7900
-7988 -7988
-8075 -8075
-8162 -8162
-8249 -8249
-8336 -8336
-8423 -8423
-8509 -8509
-8594 -8594
-8680 -8680
-8765 -8765
-8850 -8850
-8934 -8934
-9018 -9018
-9102 -9102
-9185 -9185
-9268 -9268
-9351 -9351
-9433 -9433
-9515 -9515
-9597 -9597
-9678 -9678
-9759 -9759
-9840 -9840
-9920 -9920
-10000 -10000
-10079 -10079
-10158 -10158
-10237 -10237
-10315 -10315
-10393 -10393
-10471 -10471
-10548 -10548
-10625 -10625
-10701 -10701
-10777 -10777
-10852 -10852
-10927 -10927
-11002 -11002
-11076 -11076
-11150 -11150
-11224 -11224
-11297 -11297
-11369 -11369
-11441 -11441
-11513 -11513
-11585 -11585
-11655 -11655
-11726 -11726
-11796 -11796
-11865 -11865
-11934 -11934
-12003 -12003
-12071 -12071
-12139 -12139
-12206 -12206
-12273 -12273
-12339 -12339
-12405 -12405
-12471 -12471
-12536 -12536
-12600 -12600
-12664 -12664
-12728 -12728
-12791 -12791
-12853 -12853
-12915 -12915
-12977 -12977
-13038 -13038
-13099 -13099
-13159 -13159
-13219 -13219
-13278 -13278
-13336 -13336
-13394 -13394
-13452 -13452
-13509 -13509
-13566 -13566
-13622 -13622
-13678 -13678
-13733 -13733
-13787 -13787
-13841 -13841
-13895 -13895
-13948 -13948
-14000 -14000
-14052 -14052
-14104 -14104
-14154 -14154
-14205 -14205
-14255 -14255
-14304 -14304
-14353 -14353
-14401 -14401
-14449 -14449
-14496 -14496
-14542 -14542
-14588 -14588
-14634 -14634
-14679 -14679
-14723 -14723
-14767 -14767
-14810 -14810
-14853 -14853
-14895 -14895
-14936 -14936
-14977 -14977
-15018 -15018
-15058 -15058
-15097 -15097
-15136 -15136
-15174 -15174
-15212 -15212
-15249 -15249
-15285 -15285
-15321 -15321
-15356 -15356
-15391 -15391
-15425 -15425
-15459 -15459
-15492 -15492
-15524 -15524
-15556 -15556
-15587 -15587
-15618 -15618
-15648 -15648
-15678 -15678
-15706 -15706
-15735 -15735
-15762 -15762
-15790 -15790
-15816 -15816
-15842 -15842
-15867 -15867
-15892 -15892
-15916 -15916
-15940 -15940
-15963 -15963
-15985 -15985
-16007 -16007
-16028 -16028
-16048 -16048
-16068 -16068
-16088 -16088
-16106 -16106
-16124 -16124
-16142 -16142
-16159 -16159
-16175 -16175
-16191 -16191
-16206 -16206
-16220 -16220
-16234 -16234
-16247 -16247
-16260 -16260
-16272 -16272
-16283 -16283
-16294 -16294
-16304 -16304
-16314 -16314
-16323 -16323
-16331 -16331
-16339 -16339
-16346 -16346
-16352 -16352
-16358 -16358
-16363 -16363
-16368 -16368
-16372 -16372
-16375 -16375
-16378 -16378
-16380 -16380
-16382 -16382
-16383 -16383
-16383 -16383
-16383 -16383
-16382 -16382
-16380 -16380
-16378 -16378
-16375 -16375
-16372 -16372
-16368 -16368
-16363 -16363
-16358 -16358
-16352 -16352
-16346 -16346
-16339 -16339
-16331 -16331
-16323 -16323
-16314 -16314
-16304 -16304
-16294 -16294
-16283 -16283
-16272 -16272
-16260 -16260
-16247 -16247
-16234 -16234
-16220 -16220
-16206 -16206
-16191 -16191
-16175 -16175
-16159 -16159
-16142 -16142
-16124 -16124
-16106 -16106
-16088 -16088
-16068 -16068
-16048 -16048
-16028 -16028
-16007 -16007
-15985 -15985
-15963 -15963
-15940 -15940
-15916 -15916
-15892 -15892
-15867 -15867
-15842 -15842
-15816 -15816
-15790 -15790
-15762 -15762
-15735 -15735
-15706 -15706
-15678 -15678
-15648 -15648
-15618 -15618
-15587 -15587
-15556 -15556
-15524 -15524
-15492 -15492
-15459 -15459
-15425 -15425
-15391 -15391
-15356 -15356
-15321 -15321
-15285 -15285
-15249 -15249
-15212 -15212
-15174 -15174
-15136 -15136
-15097 -15097
-15058 -15058
-15018 -15018
-14977 -14977
-14936 -14936
-14895 -14895
-14853 -14853
-14810 -14810
-14767 -14767
-14723 -14723
-14679 -14679
-14634 -14634
-14588 -14588
-14542 -14542
-14496 -14496
-14449 -14449
-14401 -14401
-14353 -14353
-14304 -14304
-14255 -14255
-14205 -14205
-14154 -14154
-14104 -14104
-14052 -14052
-14000 -14000
-13948 -13948
-13895 -13895
-13841 -13841
-13787 -13787
-13733 -13733
-13678 -13678
-13622 -13622
-13566 -13566
-13509 -13509
-13452 -13452
-13394 -13394
-13336 -13336
-13278 -13278
-13219 -13219
-13159 -13159
-13099 -13099
-13038 -13038
-12977 -12977
-12915 -12915
-12853 -12853
-12791 -12791
-12728 -12728
-12664 -12664
-12600 -12600
-12536 -12536
-12471 -12471
-12405 -12405
-12339 -12339
-12273 -12273
-12206 -12206
-12139 -12139
-12071 -12071
-12003 -12003
-11934 -11934
-11865 -11865
-11796 -11796
-11726 -11726
-11655 -11655
-11585 -11585
-11513 -11513
-11441 -11441
-11369 -11369
-11297 -11297
-11224 -11224
-11150 -11150
-11076 -11076
-11002 -11002
-10927 -10927
-10852 -10852
-10777 -10777
-10701 -10701
-10625 -10625
-10548 -10548
-10471 -10471
-10393 -10393
-10315 -10315
-10237 -10237
-10158 -10158
-10079 -10079
-10000 -10000
-9920 -9920
-9840 -9840
-9759 -9759
-9678 -9678
-9597 -9597
-9515 -9515
-9433 -9433
-9351 -9351
-9268 -9268
-9185 -9185
-9102 -9102
-9018 -9018
-8934 -8934
-8850 -8850
-8765 -8765
-8680 -8680
-8594 -8594
-8509 -8509
-8423 -8423
-8336 -8336
-8249 -8249
-8162 -8162
-8075 -8075
-7988 -7988
-7900 -7900
-7811 -7811
-7723 -7723
-7634 -7634
-7545 -7545
-7456 -7456
-7366 -7366
-7276 -7276
-7186 -7186
-7095 -7095
-7005 -7005
-6914 -6914
-6822 -6822
-6731 -6731
-6639 -6639
-6547 -6547
-6455 -6455
-6362 -6362
-6270 -6270
-6177 -6177
-6083 -6083
-5990 -5990
-5896 -5896
-5802 -5802
-5708 -5708
-5614 -5614
-5519 -5519
-5425 -5425
-5330 -5330
-5234 -5234
-5139 -5139
-5044 -5044
-4948 -4948
-4852 -4852
-4756 -4756
-4659 -4659
-4563 -4563
-4466 -4466
-4370 -4370
-4273 -4273
-4175 -4175
-4078 -4078
-3981 -3981
-3883 -3883
-3785 -3785
-3688 -3688
-3590 -3590
-3491 -3491
-3393 -3393
-3295 -3295
-3196 -3196
-3098 -3098
-2999 -2999
-2900 -2900
-2801 -2801
-2702 -2702
-2603 -2603
-2503 -2503
-2404 -2404
-2304 -2304
-2205 -2205
-2105 -2105
-2005 -2005
-1906 -1906
-1806 -1806
-1706 -1706
-1606 -1606
-1506 -1506
-1406 -1406
-1305 -1305
-1205 -1205
-1105 -1105
-1005 -1005
-904 -904
-804 -804
-703 -703
-603 -603
-503 -503
-402 -402
-302 -302
-201 -201
-101 -101
