+1.05428788616908960390e-03
+5.37320475581438191520e-03
+1.66536961216098879091e-02
+3.86195875848952124842e-02
+7.31188552478263809054e-02
+1.17154830430530279561e-01
+1.62212128046424514105e-01
+1.95625259673587431619e-01
+2.04661127876611392828e-01
+1.81845248821268484773e-01
+1.28995424642571326901e-01
+5.78329040465020496886e-02
-1.34251095330756003293e-02
-6.62543088845728711522e-02
-8.83062196534498550227e-02
-7.75743340464277869595e-02
-4.26357823360976675997e-02
+9.99524807256635134528e-04
+3.68517651773087387412e-02
+5.33440135312564095438e-02
+4.73749193360880338499e-02
+2.44351568813536458580e-02
-4.46199571184949326380e-03
-2.75649984789949377417e-02
-3.68930703507416163367e-02
-3.07842108380489594410e-02
-1.37270299596275510007e-02
+6.14910406216884718178e-03
+2.06854285853249920957e-02
+2.48771130783945054743e-02
+1.84387097414261263983e-02
+5.32991641601295723651e-03
-8.33219117335002451563e-03
-1.69629148585904408753e-02
-1.76690930869682141791e-02
-1.10846695327478043241e-02
-7.04428359249221298574e-04
+8.84640297647961044991e-03
+1.37960449286844057809e-02
+1.26438150330010594391e-02
+6.50959925209707544747e-03
-1.60479274874225641412e-03
-8.22610484067799047070e-03
-1.08537785351180849497e-02
-8.85671593895276908215e-03
-3.52417923704221886655e-03
+2.65709957222923101941e-03
+7.12639232603499289675e-03
+8.28059240571123005015e-03
+6.01184958878827734735e-03
+1.59003255562027018266e-03
-2.99214861635875789894e-03
-5.89186716501823200265e-03
-6.13497232937629168731e-03
-3.91076454085407913819e-03
-3.71048049885825358390e-04
+2.93279018213992445988e-03
+4.71108965756188852181e-03
+4.42136439349362364570e-03
+2.40346437519753418702e-03
-3.51451058524395907549e-04
-2.66636582694084736320e-03
-3.66739724656691117727e-03
-3.09894127699164405321e-03
-1.35828812982609391583e-03
+7.33614548167111257988e-04
+2.30525528548333486639e-03
+2.78723276022597868731e-03
+2.10622140331701923968e-03
+6.60205185215827997786e-04
-8.91368582009979186324e-04
-1.91877961569800648163e-03
-2.06970225951941689396e-03
-1.37940334544075192402e-03
-2.14515012015759266211e-04
+9.09110875386359186534e-04
+1.54819209043771254149e-03
+1.50076124328001980594e-03
+8.60396193692809329971e-04
-5.32182590205546905628e-05
-8.46276649984749047666e-04
-1.21584483914153316554e-03
-1.06069607532316987145e-03
-4.99713923373244772730e-04
+1.99419039138157093817e-04
+7.43073437640160024652e-04
+9.31505629182934492133e-04
+7.28246457817201134702e-04
+2.56880593052500520810e-04
-2.65604628921355871533e-04
-6.25443523606651467263e-04
-6.96926237665149985942e-04
-4.82918991015297968325e-04
-9.97418315633050238085e-05
+2.81519782438894910961e-04
+5.09145644962211586099e-04
+5.09134231332181229172e-04
+3.06241115842897839577e-04
+3.37615058206651289831e-06
-2.67902805236196498925e-04
-4.02929122415644140436e-04
-3.62711844823618550365e-04
-1.82331981012841666491e-04
+5.10909650087580633512e-05
+2.38773394799702816469e-04
+3.10899938728685556587e-04
+2.51294158021772638494e-04
+9.80322256980878224296e-05
-7.76291238627798264958e-05
-2.03255422114196520125e-04
-2.34226770769975354463e-04
-1.68493889479651284607e-04
-4.27657831065299682540e-05
+8.63327627280902672874e-05
+1.66991033531566155767e-04
+1.72334871839429406562e-04
+1.08424211448073613416e-04
+8.25715154965387111946e-06
-8.43085368443359598747e-05
-1.33213049120246363258e-04
-1.23716037055411967605e-04
-6.59522787226378328501e-05
+1.18117248136742602880e-05
+7.64131833747161838370e-05
+1.03540402596995347820e-04
+8.64582811281391645352e-05
+3.67809695141518730411e-05
-2.21514486049179176654e-05
-6.58487325321637222576e-05
-7.85546223993504493573e-05
-5.85758312526017256940e-05
-1.74276563425122857874e-05
+2.61909736179280380449e-05
+5.46299183495384247018e-05
+5.82071600935185135472e-05
+3.82005572080777944721e-05
+5.14690571827135251058e-06
-2.63636251461251074448e-05
-4.39422498573777554464e-05
-4.20989841437736318276e-05
-2.36801952886565366546e-05
+2.17209867715618281015e-06
+2.43477763540456758709e-05
+3.44098687222481447305e-05
+2.96659260089973104795e-05
+1.36162945314512179854e-05
-6.11410669638977764866e-06
-2.12627140402398016395e-05
-2.62911885527346502356e-05
-2.02961593203779558316e-05
-6.86522085422595830273e-06
+7.84100840265852974773e-06
+1.78235992099380346771e-05
+1.96182331502635007563e-05
+1.34000908501574552572e-05
+2.51830198065052815947e-06
-8.18376443764575161720e-06
-1.44610026006106356027e-05
-1.42931423961527069653e-05
-8.44788484433640814988e-06
+1.28169062974400498432e-07
+7.72062799102791040454e-06
+1.14109376987214531578e-05
+1.01528549857680228758e-05
+4.98577675595713731979e-06
-1.60623048548519202924e-06
-6.84138881915650081441e-06
-8.78108659066618584292e-06
-7.01071036651050609527e-06
-2.63915089231667663236e-06
+2.30873578655929926904e-06
+5.79860762537707691457e-06
+6.59832950382717423510e-06
+4.68173629696175249906e-06
+1.10792767895802077584e-06
-2.51877744061983566620e-06
-4.74742785691659372718e-06
-4.84195061101208214661e-06
-2.99673482748205138149e-06
-1.57995712264851871580e-07
+2.43503126401422919384e-06
+3.77577286601095971422e-06
+3.46612709617581161731e-06
+1.80893977977476360943e-06
-3.88893824456735396786e-07
-2.19277536940617252909e-06
-2.92671575883753226429e-06
-2.41458888494674952954e-06
-9.95962990208976024268e-07
+6.65287554853712508243e-07
+1.88079197981394770894e-06
+2.21465442461049052898e-06
+1.62970035703888364265e-06
+4.58935044553967197819e-07
-7.67406809023755018591e-07
-1.55459920952983107299e-06
-1.63670632655214754188e-06
-1.05767720292603035692e-06
-1.20137104765295874987e-07
+7.63332375704174679302e-07
+1.24655839925601340792e-06
+1.18050171264765857616e-06
+6.51211634605331318897e-07
-8.00260510265307836085e-08
-6.99862833573366264745e-07
-9.73414248173645443499e-07
-8.29326758358189925422e-07
-3.70429694645528379184e-07
+1.86180880998362774454e-07
+6.08077255747667113181e-07
+7.41786879018968543297e-07
+5.65364149726341013191e-07
+1.82833838858945885838e-07
-2.30959007679579585287e-07
-5.07723444949128629746e-07
-5.52071934759035456054e-07
-3.71603976701589279633e-07
-6.26794546080935099486e-08
+2.37631048102685838179e-07
+4.10593965518279246739e-07
+4.01132799621487483858e-07
+2.32853679154950094877e-07
-9.91699691310809565209e-09
-2.22338086921896825772e-07
-3.23062352365118413429e-07
-2.84097758749303479806e-07
-1.36160371037434586813e-07
+4.99492898874324837125e-08
+1.95918026301574205344e-07
+2.47943749281120682233e-07
+1.95509754011247422324e-07
+7.08688476045283260548e-08
-6.84595786603048351863e-08
-1.65357725974125581442e-07
-1.85826493969933220007e-07
-1.30019901584387730902e-07
-2.84700574749319470613e-08
+7.33827026901809547736e-08
+1.34918310152887359566e-07
+1.35999450433397129737e-07
+8.27688455769366248862e-08
+2.34387978888015923808e-09
-7.02700496673582395930e-08
-1.06986479619005119724e-07
-9.70776739176635662519e-08
-4.95619915301545644704e-08
+1.25369243642266941481e-08
+6.28876692056370381622e-08
+8.27035040500649788508e-08
+6.74082782061525659233e-08
+2.69147769183072339324e-08
-1.99008683473968767241e-08
-5.36957305300479197219e-08
-6.24187739064585239929e-08
-4.53201634732178263842e-08
-1.20212242453608585417e-08
