0.200907
0.687567
0.424659
0.000057
0.190075
-0.103060
0.648957
0.864508
0.431563
0.023847
0.047100
0.610993
1.093111
0.764239
0.530460
0.260195
0.311865
0.855289
0.930015
0.715334
0.189405
-0.082111
0.045633
0.115842
0.628607
0.076362
-0.778753
-0.975163
0.207606
0.755198
-0.353490
-0.479037
-0.985340
-0.891047
-0.055360
0.273585
-0.163725
-1.171824
-0.983170
-0.424147
0.174082
-0.135503
-0.763265
-0.830092
-0.371139
-0.026323
-0.069135
0.401216
-0.217739
-0.496020
-0.050588
0.627799
0.508434
-0.140757
-0.312764
-0.030177
0.483040
1.178983
0.826594
0.373380
-0.232702
0.268523
1.026984
1.122677
0.472081
-0.231957
0.088050
0.567696
0.905470
0.863833
0.056740
-0.322319
0.190436
0.453822
0.288786
0.107812
-0.418948
-0.540655
-0.159403
-0.056888
-0.283120
-0.419044
-0.775428
-0.825549
-0.178712
0.212785
-0.358276
-0.739648
-0.872044
-0.577731
0.105052
-0.042238
-0.564302
-0.999228
-0.683565
0.298672
0.109006
-0.191331
-0.651778
-0.417613
-0.019344
0.212839
0.554243
0.380731
-0.279062
-0.069682
0.339329
0.720900
0.438039
0.068210
0.264289
0.245698
0.969369
0.870958
0.536759
-0.387724
0.313360
0.880890
0.862935
0.709170
-0.068249
-0.141640
0.151584
0.586765
0.830229
-0.085054
-0.566081
-0.883143
0.217084
-0.085987
-0.201294
-0.727578
-0.941453
-0.448175
-0.019642
0.277463
-0.732512
-1.064880
-1.097872
-0.658871
-0.062703
-0.101993
-0.769190
-0.996890
-0.663454
0.154958
0.068205
-0.062616
-0.437910
-0.212104
-0.007020
0.814884
0.824261
-0.160385
-0.241638
0.047813
0.731415
0.897384
0.609709
0.172856
0.044113
0.521452
0.949478
0.888023
0.252841
0.005659
-0.387103
0.857350
0.706402
0.450280
0.232249
-0.442661
-0.107358
0.152536
0.691825
0.015772
-0.325950
-0.561010
-0.252403
-0.070491
-0.241604
-0.929906
-0.739126
-0.721339
-0.038473
-0.058996
-0.285954
-0.957559
-0.868037
-0.434110
0.016790
-0.120223
-0.544654
-0.921459
-0.717114
-0.141156
0.563362
-0.123991
-0.416055
-0.482201
0.263842
0.205484
0.692206
-0.111034
-0.161738
0.343934
0.234161
1.065534
0.522075
-0.088408
0.004852
0.503405
0.891300
1.267352
0.398017
0.526545
-0.115121
0.906124
1.428145
0.716505
-0.194734
-0.210944
0.351260
0.269136
0.652720
0.005791
-0.528016
-0.825184
-0.299706
0.493832
-0.190522
-0.787895
-0.831567
-0.354536
-0.379274
-0.135505
-0.373100
-1.073615
-0.855529
-0.627769
-0.310237
-0.025609
-0.600116
-0.948510
-0.504420
0.238168
0.324053
0.027991
-0.255740
-0.491550
0.018167
0.049604
0.642413
0.344178
-0.498486
0.107786
