-11 273 161 -84
-109 315 371 -141
88 -56 -216 50
331 -245 -48 114
268 -208 4 1
-122 -138 -280 -13
-293 262 -138 -60
117 -335 32 175
-61 -230 -40 -238
-41 -81 -238 152
78 180 -348 -439
303 -199 33 -101
17 346 -262 271
112 -259 -58 -193
-253 -517 -125 450
-229 171 195 404
-181 46 -43 219
-107 52 100 -241
-129 190 -263 51
279 -134 -208 -31
129 120 204 -88
190 -234 -345 -86
-68 -82 31 28
-16 99 142 -108
234 5 133 -72
-198 77 52 -254
-123 -86 171 -12
88 -53 143 175
-49 -36 44 -2
-50 211 -180 -209
142 -39 -93 -71
-234 -70 -271 -137
-192 -249 55 -221
-391 139 50 -114
192 -17 104 178
-3 -80 -50 -69
-295 137 -156 157
-147 -238 -10 -27
171 -49 -274 -25
192 235 37 253
-271 -173 61 133
-158 182 63 453
-135 254 192 176
-64 210 -132 253
-113 4 -263 130
277 -102 -145 98
-255 281 164 -184
100 214 -192 -71
220 44 -87 -208
140 -73 90 462
159 225 148 99
-69 219 -26 -133
-141 -99 114 -270
414 -75 -105 -161
199 -173 -44 195
-123 197 -119 35
-68 -118 349 298
-77 -186 -126 -323
-67 -40 15 77
-327 215 161 -290
41 8 123 -147
53 -35 272 188
-24 -145 -305 -61
-24 -214 21 -197
-203 5 32 -94
-44 474 71 92
-210 208 88 70
-135 -25 -286 -294
232 135 316 169
111 73 -214 166
-46 -237 -256 393
149 -202 123 25
159 71 262 -189
-166 -2 -99 -28
131 232 -406 -416
-257 299 89 -148
449 98 86 -31
-6 -93 -325 80
223 525 154 427
175 -99 -330 90
-109 -119 -86 -47
22 141 -412 169
-119 -188 219 -335
-95 35 254 -188
-211 -109 263 102
21 -5 -131 46
128 -290 114 236
-37 292 413 -161
-57 83 335 -222
-105 325 323 230
-210 223 -139 445
111 -143 13 -153
226 251 62 352
68 -90 -111 236
22 143 93 -260
153 75 89 -410
405 68 364 148
130 -222 214 -43
-144 109 -233 287
453 -21 161 -191
259 -342 190 339
-48 477 -338 -20
-48 154 -125 -20
30 184 -218 -105
100 -10 180 20
-170 -322 114 185
24 200 -78 -165
-2 -100 -17 102
-11 226 -169 -395
-139 77 64 -348
-201 -23 257 -142
-63 -170 272 -29
65 308 -216 -438
-458 -148 248 -320
44 -219 291 353
19 -76 143 -207
197 43 47 349
100 -346 19 221
-30 -181 223 22
-154 -262 225 -199
-96 -337 -138 -247
224 183 -264 111
28 87 -154 -84
-138 -498 -5 -245
229 80 200 160
86 429 -168 -94
-9 -113 577 -87
-217 232 -26 -245
19 169 -199 -328
122 85 -156 -18
309 -7 15 120
29 97 -13 155
-193 -193 -116 -64
203 -308 -265 -21
335 196 -285 -78
-250 487 139 -215
103 66 74 -21
124 151 130 419
-106 214 245 161
160 197 -152 -8
45 -151 -22 -170
107 -371 256 235
29 182 -14 -176
237 10 -112 -7
-79 -173 61 -96
-157 -324 -135 -3
-233 4 -360 -108
58 -189 91 -78
57 -16 -69 124
-6 104 -206 22
75 34 -199 336
-346 253 -147 -232
-380 -5 127 -171
402 -307 165 287
109 -139 44 51
-57 -53 -111 77
105 -6 -241 -16
-30 87 84 -8
-47 71 -54 300
5 41 100 215
86 -42 8 -74
-348 -35 131 -212
16 307 -157 -17
-17 -34 -1 -161
-37 -17 139 -147
-345 -166 -250 -238
-153 530 -118 99
75 -48 50 194
-560 134 -83 -284
-155 247 44 -221
-79 243 -61 89
-226 58 -394 38
385 131 115 -89
-215 21 43 64
-50 -144 -24 202
-96 35 193 -242
226 422 -22 32
-129 178 58 -186
148 -191 -157 -326
-375 57 165 -93
66 -87 77 -104
86 -139 -211 62
344 -69 -12 -205
-119 -413 -39 125
-119 213 -116 162
-150 -206 145 -5
-223 -19 -101 103
-34 25 208 -204
-95 3 -47 -211
97 23 58 -208
-50 -125 -69 36
198 -40 184 5
-445 43 15 209
-52 -288 426 17
67 95 71 -3
226 241 -123 408
17 258 -158 -122
-317 25 -12 101
-67 -34 296 323
38 -82 -203 284
331 159 -248 310
116 -96 357 -342
206 68 253 -96
77 241 -381 349
247 -35 -104 -449
444 93 -236 90
-96 -282 -69 -103
-124 -258 -45 -90
-174 -175 143 6
131 430 165 183
273 -12 -47 -56
-153 -449 217 -122
24 496 -117 -38
321 -107 -140 -304
-196 291 -202 312
159 199 53 65
-28 -465 291 265
-46 -292 142 256
26 232 127 115
227 269 282 74
138 18 80 -293
-261 30 91 -320
208 79 -24 353
-395 -6 -42 -124
49 -116 82 190
-40 363 -200 254
221 189 193 -23
81 -135 22 29
47 145 -209 -370
3 94 328 -150
77 -302 348 -315
-117 190 116 -57
132 407 132 -317
71 -171 146 -103
-52 59 -98 71
235 201 73 -272
-175 -236 244 -99
24 133 118 -8
-65 -68 -59 34
-603 77 133 11
-51 -101 -301 330
-69 -241 434 63
279 276 -40 206
-362 308 -105 -136
89 91 119 325
183 -288 71 63
59 9 -18 -165
-156 113 -127 257
101 -221 251 276
-101 -307 216 -512
58 169 -163 -56
120 12 -109 320
215 -195 -51 100
192 169 -277 -8
-388 -373 170 -33
-154 31 112 167
-367 69 83 -148
15 289 -182 -82
-15 -26 -220 221
117 91 128 -8
-86 306 175 -268
-148 -189 12 -458
208 -62 346 43
8 -62 -117 108
-72 -270 162 -2
30 94 -99 -37
317 -4 -26 4
-6 153 15 -215
187 149 -109 -58
-113 105 118 123
71 -324 232 -3
-389 -136 -111 -258
205 -88 27 316
31 10 -126 -211
312 2 17 120
-90 -35 -59 -614
245 155 -206 -110
101 85 151 -191
-38 -661 -402 -291
445 291 76 58
-72 -152 -63 -129
275 -64 194 -88
275 54 -266 -602
231 -111 -124 25
31 116 -246 37
56 -95 142 323
443 434 -268 -141
169 51 -243 381
14 -115 -107 230
299 163 131 4
88 441 157 -303
303 168 33 -450
456 256 393 -6
-112 -259 -390 -51
-294 84 202 233
-336 -239 36 -77
195 -255 -134 -187
-75 56 -239 41
-296 8 281 353
66 -49 320 -39
132 34 218 78
147 123 349 -95
39 283 70 306
-37 190 104 76
216 97 213 -55
53 284 -168 -82
-223 -283 -189 250
-152 136 -10 51
-17 -196 101 13
166 -162 37 -9
-208 -21 -77 -109
19 -131 -342 178
-42 419 210 87
11 294 46 -89
-273 -150 -23 -4
-160 271 -391 -93
-71 189 169 163
64 -2 95 -83
-7 -20 348 -85
194 92 -30 71
70 -142 146 170
175 124 22 198
20 116 248 -174
-91 24 -39 107
-303 96 191 139
115 -167 -276 -174
-67 73 101 359
222 -10 -287 119
48 -307 -197 -320
-393 -243 -87 -295
214 -254 102 23
18 -195 104 295
-225 158 121 176
189 344 -266 -213
-106 93 168 -420
-67 -411 -278 -360
-21 -151 102 101
-155 183 -381 -223
71 215 -167 -196
-58 8 148 241
-160 159 52 391
210 -186 214 6
-26 236 38 -140
108 313 96 -174
264 -29 -70 17
-144 148 119 209
-143 -289 170 523
-48 21 -269 -49
2 -110 -301 94
-180 -47 -144 318
-81 173 164 -164
-40 130 22 165
348 86 -46 133
89 29 304 108
174 140 -485 344
107 44 -172 -42
-140 -130 -187 165
680 73 -204 -182
144 -59 -78 125
61 102 265 -264
-176 2 578 159
273 -52 -88 185
207 -72 -54 39
-60 185 159 263
313 -305 -137 92
-29 44 191 -92
-146 -151 -126 -28
59 -9 -26 -76
-73 306 -13 378
262 -11 -115 166
-98 -63 -112 -168
-127 133 -31 -91
209 -59 312 -153
262 139 -517 -117
145 -20 -162 -346
54 -16 -182 13
-107 270 6 -106
-259 -226 -1 237
-210 -300 58 145
164 -121 -94 26
206 10 261 224
205 -174 111 3
71 -29 -326 54
245 -307 -223 179
-53 -209 371 -378
379 452 246 85
-140 59 -181 21
190 -213 116 117
-86 -234 89 167
-220 -211 29 -131
51 -117 -121 -13
-163 -180 181 30
122 28 141 -41
-136 205 -126 27
78 37 288 234
-44 -203 -319 -175
-62 32 -274 -119
-135 -67 27 -202
347 -83 -130 159
172 107 -38 -169
-288 310 -234 -83
373 33 27 -102
-320 -123 167 13
-156 -44 -91 546
11 146 242 -218
73 135 -421 -24
340 98 3 -141
-278 48 324 -28
69 -30 -370 142
563 57 284 78
96 -8 72 -20
304 -181 -100 18
207 -193 5 -525
-406 -170 -282 -323
-169 112 -113 -136
-212 196 207 -249
190 207 -69 126
-52 -313 148 -225
-370 344 -193 -95
163 96 240 116
163 215 249 -155
-190 -40 -139 -175
-165 144 -302 -67
-295 211 257 297
43 409 44 -157
-9 -220 -201 108
271 -119 50 297
323 11 -370 -261
-118 -306 -162 206
-315 79 -33 83
450 475 -137 16
330 49 56 49
160 49 -387 284
222 296 77 13
-137 98 6 95
69 -174 -96 -35
-103 -8 20 -220
-502 218 -98 -104
-243 -220 -144 44
-12 -144 -40 235
151 30 -116 -23
-164 -79 313 -193
78 -111 -185 31
67 86 -243 -103
135 278 -27 69
30 35 274 -40
-125 303 185 -226
-118 373 312 466
35 1 -34 -6
55 -110 291 -67
248 -111 -15 36
-250 96 -209 216
191 459 -126 -324
65 231 -148 -209
155 96 -67 99
-59 271 -348 141
-90 349 247 82
10 -170 -224 -107
184 -55 -349 298
39 78 -152 87
200 394 132 -25
21 -178 438 130
384 197 406 -139
106 -119 -362 -22
-109 -15 42 -119
-5 -147 493 176
183 73 -59 53
426 -113 26 21
191 -49 -364 -27
-371 373 -80 -328
23 281 -113 248
-331 -313 190 314
3 152 -270 412
217 150 223 -75
230 354 -59 -252
-64 -255 122 -46
437 76 131 79
362 225 388 -211
124 -219 -86 8
-82 -139 -28 244
-24 149 201 -34
569 6 -121 341
-284 -187 -334 -16
351 -5 -390 85
-174 -270 73 31
392 322 146 386
-376 -233 450 1
56 -318 84 283
-117 117 12 370
-33 -367 -137 48
-29 -52 -202 164
434 -204 178 -93
-76 154 104 194
54 -232 73 -85
246 -45 -26 -47
100 48 7 -113
15 -237 -156 31
-281 40 -312 -63
153 -457 384 12
587 63 -94 -176
-148 78 289 -67
-100 -160 -321 -67
2 -102 -369 84
-65 -76 46 -180
223 114 149 131
227 -122 -88 -130
126 -10 -303 131
247 -282 276 -522
2 -121 -7 84
94 217 -117 -404
339 -346 51 -50
-17 -40 -14 -98
-108 98 20 -233
-87 -49 213 -80
161 361 -186 244
-100 -110 -145 16
34 28 -62 -131
-15 -49 132 -48
-200 172 -102 72
344 132 27 -58
51 -240 -3 -82
-152 -115 96 -389
-89 -329 -56 43
28 -133 99 223
-61 126 250 431
-346 259 -183 -122
-122 -11 -110 39
-378 -129 203 109
-157 -13 113 122
530 97 -133 320
37 121 24 -122
-51 -5 -3 55
190 -117 157 -143
202 421 153 -327
229 -33 -329 -16
78 257 186 -79
54 146 -69 -508
-145 -311 154 122
59 -238 404 -105
-283 16 308 -96
-283 319 -40 -57
-143 -110 -61 -292
102 2 -92 94
-133 -375 2 -119
88 183 -134 379
128 128 7 180
-167 -52 -58 -66
-109 -36 197 121
70 134 -244 24
-26 -36 -337 166
124 61 182 -24
334 24 -33 -102
65 -203 -126 175
77 -35 -27 318
333 49 -390 -131
160 149 -66 218
-108 33 -150 -18
471 -195 325 375
25 323 80 11
-76 -24 229 5
-82 -208 82 -226
24 -117 -128 87
-230 107 323 36
-248 -92 -194 -80
-87 -288 172 74
-43 -277 279 -254
288 -209 -304 39
-48 -112 494 -70
-37 -261 -259 -114
157 66 -156 192
129 341 -213 59
239 52 -226 257
30 -76 68 -209
-36 124 263 87
128 68 431 208
47 16 118 -93
-47 -49 -320 190
-216 -95 -448 19
-184 -328 51 20
384 275 171 -87
-307 134 -116 79
-359 26 267 124
-93 -238 499 -106
84 132 133 -209
-63 5 -62 65
-342 -78 -208 14
115 -326 229 17
-38 -49 -114 133
-104 185 26 84
378 182 23 -299
201 327 -200 133
-85 -340 86 20
-35 -294 290 -67
-238 391 75 214
-230 2 -137 -14
-233 -17 82 -55
294 497 271 -104
-17 45 205 -93
-174 97 -242 70
-53 354 -103 -489
71 -69 -95 127
-249 192 118 179
-18 509 63 51
0 -38 110 636
400 -153 40 204
98 276 159 228
0 -53 288 58
118 -2 -9 -143
-148 -203 153 -142
-130 -43 17 -200
-540 255 -11 174
186 -162 170 -199
49 -14 159 97
171 -71 455 -128
246 233 168 -96
51 263 -236 -158
168 -290 -19 -117
96 188 219 -357
-28 -143 -73 125
225 202 -55 85
142 -151 366 -241
161 -136 15 12
40 -79 240 187
41 174 -5 264
87 -135 -99 -4
119 -183 -368 -4
154 -323 116 3
122 -293 -168 254
39 54 -240 -45
-173 220 144 -186
49 -51 186 66
211 -21 167 40
-64 -134 131 -250
-351 36 -81 33
-111 263 21 235
-17 -109 -108 -57
136 -174 503 40
-30 305 158 -95
29 25 101 -96
-321 -230 -169 233
-203 -178 115 114
59 -305 69 131
212 -319 -134 262
129 26 -66 287
156 71 264 39
66 -165 -196 -92
-125 -138 -146 -46
302 -89 -154 -167
-39 -553 -223 -195
24 -111 -113 -323
270 60 67 245
384 327 -73 137
217 -95 137 -356
275 -201 116 -56
379 6 231 -75
307 230 -116 119
-441 -519 20 -180
173 -65 -412 -589
-75 82 52 -54
110 28 98 -147
-256 202 -145 203
-127 -314 -98 -61
-27 117 113 41
111 -125 -383 -103
36 -434 -234 89
-119 -149 149 190
50 70 -169 -198
-27 27 -70 390
-192 293 -33 -78
-197 171 -77 -173
250 -348 218 -85
-134 101 233 -57
-192 50 129 193
-46 210 -24 130
44 -71 76 -262
-240 -172 -97 107
-274 -15 -7 -24
32 132 85 -6
113 166 -279 26
-235 552 -192 -84
38 -18 154 55
-169 131 -143 73
-180 -65 189 335
-109 173 92 80
65 -90 102 143
-253 -101 130 -58
-314 -458 -135 274
47 -484 -359 -103
-72 15 86 -83
47 -189 -117 136
-474 -126 166 94
-259 110 134 355
70 -8 10 -86
-272 48 279 -545
-119 -144 -73 266
-235 193 -58 101
-110 -108 -19 96
33 -137 317 -365
-192 -426 37 206
145 28 -349 -382
48 -538 82 119
239 172 -175 23
165 -383 -319 -253
-74 -8 -12 -179
210 140 166 -74
-148 -32 238 -76
199 202 193 -394
93 -69 -183 279
-263 129 -166 -34
203 -3 -21 -62
-188 -176 5 197
-106 -231 184 93
295 493 -252 177
-13 12 -126 197
285 147 -6 157
-175 116 285 123
118 77 6 -223
285 -12 -278 120
-55 314 -157 -110
-110 -114 195 -115
-220 -106 226 -80
110 247 -72 -246
-92 -18 -166 210
203 -275 -289 68
-36 217 40 90
210 -68 47 77
142 185 413 61
187 -135 73 -147
-107 125 39 370
-9 -223 203 -78
299 -315 233 -34
-21 -152 -145 1
-56 -109 -271 -202
200 99 -49 -135
247 -21 32 283
-177 -2 -177 351
149 -55 -143 79
13 -183 187 -53
106 -138 -255 132
-125 -180 -50 116
5 -126 163 47
-150 135 -7 135
39 -452 -71 201
-111 338 262 -316
-88 169 90 -150
158 7 192 8
6 -124 -116 93
5 164 112 -14
31 -387 -90 184
-109 226 -186 135
32 102 242 -454
-181 -1 221 -236
51 194 362 107
106 -107 -211 187
113 -250 -36 76
148 9 121 265
54 -93 192 180
-37 -60 160 -192
84 -31 -476 86
-82 -114 6 14
236 -173 208 -82
-63 -170 -131 96
48 173 53 100
-220 198 -19 -58
126 540 -70 -114
-384 457 106 99
230 -80 306 -213
-3 -81 106 -14
140 -62 175 152
66 -121 -179 269
251 -335 -9 -25
-83 -204 147 -10
-143 263 -38 273
288 205 132 -282
31 -12 131 -99
149 153 23 198
-55 439 -321 317
217 262 -68 252
207 97 279 254
55 -20 196 48
-159 240 323 -108
285 -15 -83 -179
69 191 124 -179
291 473 -141 -72
73 295 110 276
345 -189 -61 318
-244 601 -425 113
286 328 134 335
-126 110 -301 69
221 340 -621 -70
318 -324 277 -404
-293 -424 146 170
60 330 -14 747
242 -294 -55 523
-120 32 172 3
-97 -410 89 281
-342 -131 177 -231
-100 38 325 176
27 231 39 -50
130 24 68 157
121 -335 355 -429
163 -179 -125 277
126 110 -63 -12
223 60 283 -81
4 597 -259 -364
60 -270 -64 43
-324 150 -8 19
39 151 63 188
59 -136 158 -73
37 156 -83 -113
-142 -262 87 -199
94 429 284 153
340 69 248 -76
102 26 23 -128
79 -328 -96 -120
47 -262 -125 215
-13 8 39 -117
-79 -366 -87 254
-6 259 642 -246
-153 -14 46 -65
-61 169 -205 -24
-206 22 -82 -369
-255 -566 56 -430
6 222 86 -16
116 -521 -73 -68
-163 -148 113 24
232 36 50 -9
43 171 158 -292
189 83 -59 -164
-10 393 -167 18
7 293 -221 246
177 184 -61 105
-196 -100 140 -194
-70 150 -252 -124
36 -209 96 329
14 -179 508 3
-136 -215 -45 147
-51 -21 497 175
337 227 133 157
-386 -399 -23 -27
-323 282 28 -39
-114 13 256 -167
15 4 124 -16
385 203 94 -159
313 169 -367 -81
162 -321 -364 78
275 46 216 -54
211 569 -7 112
-481 -260 47 177
180 119 257 296
-459 -96 253 631
-155 -20 338 457
91 -105 119 144
-262 -97 -49 124
62 82 -124 144
218 60 11 143
139 -263 259 -107
-54 -44 192 -632
-214 -224 181 136
-174 -48 -2 236
-56 -41 45 90
33 -195 220 -147
136 -69 -201 -196
358 -139 91 -190
91 -72 32 -5
125 161 -202 49
-193 -165 230 44
-18 140 -107 -216
-407 130 199 62
-124 62 254 -162
241 -349 113 165
-93 -35 -199 -82
-138 -82 92 -387
255 -52 217 120
-16 -324 -135 282
31 -54 -231 -31
43 29 -129 -362
265 147 -499 221
-60 42 -15 289
-203 -319 -101 -306
5 -246 112 119
-253 94 196 202
133 178 274 -7
-78 286 -28 -132
32 199 144 -100
70 -452 -268 242
-172 -123 -58 87
563 91 8 225
60 -66 -245 -239
291 189 76 -190
-181 61 -94 143
-62 2 17 116
71 339 19 64
16 -245 62 -61
184 -10 144 425
64 -26 -27 48
18 134 326 -61
-152 159 108 -56
-124 286 -106 88
-77 -37 47 -263
-263 -190 96 30
-201 133 138 189
-139 40 -189 411
-30 97 -48 -143
-155 -155 -132 127
233 -1 -97 -196
-185 264 -165 216
-160 -183 -331 -22
-216 -1 -250 45
202 -241 143 109
-392 -243 55 124
58 38 -76 330
370 -44 65 325
179 -27 -302 -163
31 155 155 32
281 351 422 307
-351 -125 198 -54
-118 370 -23 392
-251 -21 -61 -193
-194 15 -354 479
-265 -343 14 -136
419 -98 185 -172
19 -136 -211 232
185 55 188 212
-145 82 118 250
-299 61 -168 -534
38 -83 126 -184
387 86 -28 -32
-124 -34 226 15
-157 -78 144 35
-25 143 -1 -274
178 207 149 54
-185 57 -218 -170
153 6 -71 -49
-20 -372 63 180
-299 74 -260 -233
70 -100 -192 221
-69 219 409 94
-115 220 254 -115
-92 392 258 688
-346 207 -106 -312
-43 -358 -53 32
-198 -106 238 -102
-32 -50 24 -97
-247 101 617 -394
-80 99 261 -65
-291 -147 -54 57
248 -94 10 -270
-465 -504 -362 27
13 344 129 -180
-52 -190 44 -168
-105 24 4 -201
55 -58 139 -419
-165 263 256 -212
-195 173 130 160
-471 -124 -137 402
198 -63 -154 -220
11 290 208 204
6 93 50 8
31 184 -22 287
91 249 237 -26
-181 381 126 85
-44 135 -170 241
116 326 -10 -377
-273 41 69 108
297 -417 -36 -342
60 -113 -186 38
18 -227 -74 -397
3 43 86 52
86 114 -91 241
68 -126 80 43
-51 225 109 -132
-95 143 -125 243
102 163 163 -264
14 -344 118 40
170 -65 -134 194
-188 -26 17 210
284 191 110 322
217 -133 310 358
99 -168 -99 4
239 101 121 -180
-123 -248 192 94
-313 -73 112 100
-312 -138 -220 199
17 -362 159 -188
-46 -174 -132 46
-221 13 253 -59
-363 122 -243 -163
144 36 121 -75
298 -243 -195 127
323 105 -68 166
66 -345 83 -107
-94 -179 296 67
160 -36 -50 -392
309 -121 4 52
-213 87 -137 -38
94 2 209 507
133 16 191 -19
-52 -436 34 -40
-278 -16 136 -364
9 -126 -68 -293
-10 126 417 4
325 327 -62 76
-368 298 48 -563
-48 256 16 -92
128 -87 192 -107
3 95 80 -57
445 81 -24 -35
126 39 -31 55
165 61 31 489
178 323 47 -47
-145 -556 173 -73
231 164 -197 245
-159 -301 -154 70
113 -59 182 136
-160 89 261 -155
-44 81 -148 116
33 -5 -93 -279
606 -190 -78 273
184 -234 -371 9
-35 -56 71 197
-229 -221 -80 25
-155 112 53 25
222 232 -85 -84
-172 299 394 103
156 -134 -398 -127
-143 208 32 272
213 -49 286 112
-110 -344 -231 117
-39 -331 77 4
199 -455 47 91
25 157 262 -29
80 157 417 15
63 -24 -30 354
-56 110 -353 -237
-110 -175 256 238
-18 -2 -208 238
48 -78 -248 29
202 93 -10 -265
206 -57 114 256
22 -360 -206 38
-106 69 132 80
-63 432 -173 -240
-47 -185 71 -273
-84 -99 -27 160
-12 -110 -283 68
-289 -121 40 -358
178 154 -115 6
-170 -33 -281 479
-83 100 186 -172
-131 -220 -137 -183
-303 -305 321 -49
-35 19 -227 -126
-119 52 -133 -60
92 -111 -41 353
220 -416 -139 33
232 -34 -14 -52
81 -114 300 75
225 273 -118 -159
-386 -168 -135 -180
222 -259 -199 -151
-261 386 -276 108
-289 -60 -378 -346
217 -296 207 275
-402 -95 350 -436
-133 -124 95 4
17 244 -92 -100
341 37 -4 -550
-77 91 417 -129
136 39 -209 -72
-12 141 -196 -269
-22 -481 -33 -59
-81 -67 110 -183
-103 -263 -85 -243
-206 197 199 -26
4 47 -20 -79
181 -35 -34 15
-47 178 -45 75
76 392 -325 235
-96 -274 -214 314
124 211 -104 321
169 -10 25 -260
-149 8 246 -304
-63 -144 -180 -58
181 -37 431 -235
199 -81 -1 -89
-491 -12 -372 56
-167 -245 -95 148
-353 -238 -162 -203
143 -389 -321 -50
-229 -418 159 -32
-63 -220 81 -32
-13 295 -160 -30
-32 -45 -119 -118
269 43 -102 11
214 88 74 -52
7 -139 -138 146
-57 256 -26 57
91 -21 -77 40
-411 -217 142 163
-276 -17 119 49
242 -183 -159 42
-328 129 -347 -162
-162 -181 262 53
22 -274 81 7
92 -183 241 109
480 6 -2 255
-336 -98 -310 21
-26 102 -162 370
-135 213 -146 -156
-245 -185 280 195
-322 144 48 8
-272 158 125 102
-58 178 78 8
236 90 -262 -433
79 -61 111 123
54 -178 -94 205
97 -11 -21 -283
-467 -104 31 186
5 -100 -167 101
-205 185 190 -260
39 -252 67 -330
-15 -206 194 23
72 393 273 477
50 -86 -18 -208
344 399 -31 -333
-98 36 166 -33
-98 -49 -93 265
-99 -331 57 346
-34 -24 270 -405
-109 -61 -271 69
-6 163 -136 294
-147 -9 -309 323
63 146 -97 29
-415 -80 -54 -136
377 -136 -51 235
-211 -65 -97 63
66 -15 126 256
370 -238 -210 395
-106 -265 -226 -117
110 184 97 -152
141 83 -310 -59
21 -7 -196 115
28 -125 69 42
-145 294 298 -68
-355 -2 -185 292
155 65 -49 -6
-115 -243 -190 -39
35 -34 -130 -465
359 -159 70 -59
15 -1 347 267
11 163 -431 -150
115 -75 -143 163
-134 -329 107 -3
-78 -60 150 446
31 60 -485 89
220 9 -25 105
-28 -89 -56 -93
98 -298 34 76
-200 4 -37 301
22 104 -135 -4
5 -96 73 -273
-69 477 -24 78
-279 356 47 -371
186 -156 59 190
-17 -35 -192 245
11 22 368 -285
-188 -302 -52 -42
-199 -4 -28 -83
-61 196 -199 -16
-221 -4 -290 54
-18 -180 75 -179
64 -102 -378 -33
40 103 25 40
406 -56 129 312
249 81 -72 211
140 230 63 -41
-258 57 -353 -65
1 -132 -343 -108
0 256 58 186
174 334 147 58
-367 200 39 -111
460 -5 154 -234
-156 128 -217 84
-297 -40 -3 -281
155 -53 -420 25
77 -164 -168 -21
95 128 -275 270
-60 -111 -298 -93
204 -127 193 -192
61 -279 -117 -261
31 84 -156 142
-63 -149 -123 324
-39 -22 210 89
212 -253 -61 -76
-266 -21 -14 320
187 172 -359 314
265 205 396 -28
69 72 -231 292
-135 190 -196 46
301 420 146 231
-82 -241 280 -266
-140 -12 215 82
-253 225 23 -26
-179 -104 -22 -108
91 -397 -536 26
169 -392 131 182
87 303 -22 280
28 209 146 -19
-275 -44 157 -276
-48 116 -49 295
-79 79 -84 -49
-181 -170 -281 281
250 -235 -323 -277
160 -98 122 -66
10 -391 -380 28
-125 131 -161 -12
229 -43 -45 -60
-87 188 -297 -483
-20 190 162 -100
407 0 312 -36
98 143 -144 132
122 -361 -25 -171
-34 41 -143 30
-87 24 -165 396
-84 -85 -37 290
-471 -362 -43 158
266 -283 -230 -92
243 268 -109 -41
-296 40 176 390
81 11 194 76
306 -91 -100 -448
383 293 72 83
-15 53 -164 165
18 74 -172 -319
108 512 234 202
-239 275 205 -10
335 138 -249 198
445 -23 -94 -164
-69 324 -145 -34
87 -256 -108 -36
-17 -317 -183 398
204 179 -109 172
70 -102 -96 89
-157 87 308 -214
160 -197 76 -205
181 52 105 -51
218 311 -57 -13
-317 125 243 -105
-64 -262 -208 -317
-149 -224 27 -141
229 -123 308 -50
-523 20 126 45
330 -132 285 -9
53 57 193 -7
65 92 -65 155
37 82 44 177
162 145 -214 105
-542 277 166 355
63 -26 490 74
467 -275 -167 147
167 255 -199 -38
-154 417 -290 150
78 -153 156 -139
159 252 270 -119
-265 119 -78 -140
12 196 -114 328
-126 -191 34 -38
128 -81 267 129
-26 426 213 9
329 4 256 30
166 -39 51 -344
127 66 -253 68
187 -12 -268 182
160 -19 -160 162
-37 215 -22 -40
-156 -77 -250 -86
234 195 42 36
-584 182 379 -25
101 208 74 104
-96 -133 -56 76
-161 -67 -23 207
-109 -6 508 273
205 -63 304 -79
145 -314 -39 91
-254 -138 117 -152
80 202 152 -138
184 -139 124 317
239 -186 -122 57
66 -23 9 -94
193 11 25 88
248 43 27 -35
-34 -157 -34 0
174 77 136 26
86 -4 43 -89
-407 142 361 -73
24 -199 401 281
391 208 132 2
71 -46 333 213
-47 -31 -197 368
81 -110 61 -140
-193 336 376 303
313 115 122 -55
243 172 -39 146
-109 191 11 -20
-16 -172 267 181
-64 283 13 -238
-150 256 -175 60
273 -37 -80 -36
87 -59 -122 36
265 -324 314 -59
-57 24 -83 -37
-244 -448 100 107
246 -155 -86 80
265 -77 -84 78
-381 27 87 17
260 -19 -15 -114
106 -168 63 50
110 157 104 -20
-75 -376 57 -228
72 -462 -54 -261
140 -239 200 -31
85 142 193 344
146 -67 364 139
-115 199 -47 -120
323 -98 -139 -328
238 -229 170 221
-199 -180 -123 -10
-246 -624 -189 -43
-212 -104 77 348
-202 242 80 287
83 -15 -31 -498
161 35 58 -23
111 -168 -214 -51
-228 -59 374 -507
-160 -96 -386 467
89 -85 -48 57
6 -186 -111 -166
-315 351 -33 211
-458 -43 124 177
38 27 -168 -99
-139 -5 201 113
122 61 118 183
606 194 -159 86
-15 164 0 -344
140 135 310 272
-168 37 106 -507
215 165 -96 365
228 61 448 195
-110 -402 -112 144
-105 -222 300 195
157 153 -139 264
-4 -72 -543 -130
-142 64 -7 110
-197 37 95 70
-190 -147 -57 -3
-359 399 -215 123
-134 31 49 81
195 193 60 -135
49 -79 108 -85
-123 53 212 149
2 -138 368 189
15 40 -3 -60
60 79 233 348
-242 -284 -136 -45
119 23 122 226
-232 103 -199 -108
-17 -10 29 -18
-237 -27 100 -42
-157 -10 299 9
-211 -202 -107 -22
-132 -16 18 87
-39 263 0 345
140 -47 -8 -174
269 231 56 -119
156 412 232 -242
280 183 -114 185
28 -132 138 -86
464 -91 -125 -111
-7 -175 348 -71
231 437 -94 -258
-290 63 293 -206
-19 -56 -18 169
169 107 -124 -112
101 10 80 -180
-315 -25 -320 -151
109 233 74 187
-70 236 16 8
178 16 205 -203
-184 322 239 258
47 133 199 111
-165 -105 -31 124
289 145 -157 357
-231 10 -118 -111
137 -42 169 136
-211 -226 -122 4
18 68 243 72
-361 107 22 326
12 210 102 99
-100 302 -128 521
252 -46 121 -182
290 -231 297 174
44 7 -179 -281
546 -8 503 -40
-335 -52 -186 385
299 177 74 99
32 216 271 68
107 63 -77 366
167 -39 -149 16
150 -225 -286 -41
129 50 -148 245
291 -269 -62 160
-183 102 -233 129
50 137 -120 -49
129 -130 23 -116
89 -186 17 87
58 61 106 -124
229 135 72 -91
112 207 -230 147
110 41 45 111
-58 10 158 -132
30 24 -409 28
-80 129 220 166
29 255 -149 -104
-33 118 203 393
-38 -215 -147 2
69 336 34 31
36 -266 102 -294
252 133 34 440
-286 -31 131 -105
223 54 237 112
-101 49 37 122
-442 63 238 188
-82 -354 211 531
-93 -118 256 -24
-268 332 -203 -318
-29 -236 -190 -207
-333 182 349 -105
-160 149 137 43
-204 -225 120 283
31 -160 336 258
83 508 99 -8
368 107 242 231
-411 275 235 -131
-127 -109 -60 -55
-93 102 -61 -15
38 -343 420 -2
-248 -90 44 232
-19 202 -70 3
-235 -209 267 -143
-322 -192 -189 86
-117 7 -244 -240
-13 110 -14 -35
-369 -147 2 43
-19 160 318 106
-23 52 210 -75
-29 -1 -179 -426
7 47 205 -221
-46 -72 61 167
-363 -5 -229 165
109 86 -28 -56
-75 68 73 55
75 -110 19 -13
-191 181 -35 -94
-172 -48 21 274
-42 205 -125 299
166 -89 -56 149
157 -450 48 -198
-405 75 41 -41
9 201 -213 -86
-190 -151 -69 -448
213 55 -75 172
-641 -84 -13 -413
61 162 -52 69
-265 229 -50 -59
-31 328 18 6
-46 25 132 -150
-115 253 -16 -199
-104 52 97 34
-101 49 471 -201
-1 271 -207 179
348 25 30 -45
19 17 199 -25
-41 385 9 -242
374 238 -57 308
-118 -448 -300 -97
151 236 329 -105
26 161 -440 -458
-368 183 -44 61
-67 -91 211 150
-565 -87 -204 -304
-183 256 22 92
95 125 -248 -202
137 -34 17 -128
-210 233 -266 306
32 -84 -22 -148
-428 294 202 6
175 150 68 134
-187 84 32 57
113 -105 -251 -129
-214 190 76 32
-157 -219 219 -77
-65 23 14 -242
406 37 -55 -239
83 400 -357 105
-100 -41 121 97
-374 -153 213 190
165 177 -120 134
145 -25 259 -418
200 423 -27 5
-71 -270 336 182
19 -158 -100 179
-240 -113 -471 13
-97 9 -80 -129
-33 321 273 61
187 -91 -54 -181
-274 38 -82 66
99 296 -81 46
-235 190 -2 -161
-178 166 -170 216
16 186 -243 -443
238 -143 39 119
-32 200 72 91
67 15 -280 74
237 19 395 -394
-137 -228 -249 325
27 -31 -75 118
312 35 -210 -190
408 -35 21 79
392 165 -426 60
-357 -233 166 239
-118 -179 -62 433
-88 179 45 138
9 232 -75 -209
187 -149 181 66
-279 261 187 111
41 290 -111 -180
-72 89 112 101
-200 215 -112 -12
120 128 179 177
-306 116 -131 -417
202 536 165 50
-42 -264 26 -266
16 141 -318 322
332 -159 116 -648
19 -251 51 -327
102 257 -8 93
-294 66 253 15
-114 -344 -18 -3
-131 -4 162 133
268 -284 -547 34
275 173 -362 -233
61 156 -446 -62
4 47 -48 -74
-169 -31 362 -187
-25 -291 17 269
257 148 -114 104
98 -227 -147 -3
90 171 -149 200
199 189 191 261
63 83 -220 -82
-310 -101 250 -458
-409 -219 -125 178
-74 95 -319 156
70 33 148 -65
331 -84 151 92
145 169 49 -116
-215 42 -41 -52
-432 342 -82 -76
45 269 -152 224
72 -8 177 155
-138 -65 339 -281
-42 -10 -40 -75
30 -439 209 -55
-143 0 -59 91
315 -469 82 8
-10 81 -251 -116
170 392 201 -82
144 -31 -270 42
32 -380 14 -331
-353 -218 108 -268
-99 5 -62 -153
21 224 37 -87
356 -60 -140 -47
213 -468 227 -43
69 -94 190 28
12 374 383 -67
158 22 231 139
-230 -15 480 93
428 -28 -473 -40
-255 -138 -14 -153
-65 384 273 -63
-131 -467 -77 -142
176 312 30 363
-95 -248 -109 -215
3 -305 254 -59
29 108 143 415
13 -27 -77 116
115 357 213 146
41 222 -157 200
-286 236 -31 -376
-81 -41 -129 2
-158 182 -69 63
139 63 46 -63
131 -91 -353 92
133 115 -71 -69
-88 80 -12 -20
-92 214 -214 82
-27 354 -63 58
86 94 20 -18
-221 -85 -107 61
170 234 -157 245
-194 43 -229 102
339 -522 50 -220
-125 -67 -149 -123
-6 -348 -173 155
54 -48 -79 125
43 220 84 -59
-121 -98 -315 216
-70 85 -272 182
245 -133 68 212
217 281 57 149
-278 88 -7 -75
64 -222 -162 -173
358 104 -434 -8
-119 -43 -185 330
3 251 -124 120
-142 -60 409 137
145 386 167 45
-30 330 -260 -26
197 35 128 53
481 -90 109 -315
-90 204 -50 -252
96 -187 -100 440
-180 4 80 72
-174 -187 40 90
108 -100 -25 298
-23 -152 -384 -209
25 -142 -127 -252
-21 -96 -244 -38
-39 231 197 132
55 417 -408 109
402 -297 45 -222
149 247 57 -367
-334 146 110 -246
-242 -230 158 207
-99 -248 -18 -116
78 -52 -18 -27
-41 235 -366 -437
-228 -56 111 379
41 -265 -14 17
-102 129 117 135
-391 -456 62 -184
-46 -425 -288 -54
-34 -52 57 -121
-137 -94 202 139
-300 -20 -243 208
98 282 -596 -58
-14 -115 -44 48
-272 232 -29 -215
-225 141 -325 475
124 239 -1 297
-69 273 -13 617
43 -138 33 33
175 -336 -55 -24
207 197 -61 232
-50 313 278 -243
-28 121 117 -7
-140 -117 224 -253
-247 137 -251 172
62 248 102 72
16 66 13 -90
98 370 190 255
-112 335 67 -99
-151 253 -109 -147
63 -307 48 -160
-170 -184 -59 -480
222 277 81 -127
339 250 119 294
214 -19 -68 155
-206 -10 -401 -50
469 -205 -10 -175
268 126 -82 -12
248 130 10 4
-49 -219 -476 44
-111 54 51 213
122 227 5 -254
-76 206 83 376
-304 -29 -169 178
-22 309 -137 -160
-131 -76 -236 27
-185 -37 141 -218
299 -47 181 -3
-175 -102 100 72
193 -277 -46 -1
-258 -213 -96 255
-19 -182 262 -13
-120 32 -385 217
-43 -214 -235 16
104 254 -119 69
261 116 -277 -249
-259 97 227 54
97 19 188 127
18 -42 -124 -41
50 366 -29 296
200 360 176 -2
-160 66 -48 89
-212 -220 31 6
-419 -221 14 -43
26 118 123 -6
46 144 392 -212
98 52 -64 31
133 -414 -107 -170
-349 -103 29 -92
115 100 319 103
92 -208 496 182
-187 219 -276 10
-55 -301 -127 -302
57 -196 103 126
46 -29 314 -277
-223 13 -237 111
-147 -220 480 171
167 2 289 120
-165 50 203 -90
-118 62 164 140
-1 -45 -8 43
221 -24 -129 61
10 13 -103 -128
-82 -120 -384 -131
-22 667 325 246
-149 -34 -169 -152
-50 160 -168 281
-180 -257 2 694
-213 147 226 187
33 -45 -166 -29
-58 -275 -125 196
188 32 -280 38
-130 178 -522 15
-153 -446 -120 -147
71 1 -87 -131
2 -356 -126 -88
-244 -343 291 84
-150 -58 -212 72
8 108 -280 -480
3 477 97 292
-197 -98 -174 -384
95 282 -81 205
439 -69 190 -492
284 61 93 -76
211 386 277 -309
-100 -103 -10 -153
-500 -41 -201 -167
-565 80 11 196
-6 0 27 -338
-221 128 -65 -58
-312 108 268 -157
-158 -278 -78 -203
-32 129 -250 245
552 -24 -76 109
-177 -72 -211 -333
-128 135 -79 -117
0 258 -64 62
-20 -141 91 84
-188 -53 106 215
-95 -74 207 70
86 -102 55 -22
-437 -111 23 127
183 22 -102 122
67 -184 -157 -73
16 115 247 150
-47 -17 61 250
100 -83 221 71
172 193 171 -312
503 -184 236 191
25 -164 294 26
-71 -48 -105 173
138 60 -244 -342
129 -17 56 407
45 -17 34 -115
202 -159 194 -45
104 -246 -193 2
356 -317 -416 50
8 182 -208 8
99 -526 -226 87
136 -470 180 -73
-142 -350 -239 243
-299 55 81 35
285 39 -161 210
237 182 117 175
39 -138 -28 38
-77 -56 -71 -111
-9 -2 253 -192
-302 185 389 174
10 -188 263 103
21 58 -230 360
-73 -390 -205 -69
-307 306 57 201
343 -132 206 38
58 -358 -376 118
-200 -374 475 -315
3 -50 253 -234
-121 -440 4 -99
-22 196 -138 -7
7 -177 -333 -192
479 -359 532 -151
78 111 -16 6
-75 533 302 -56
-380 37 -39 -16
-61 66 -9 -121
-117 -57 -173 443
126 281 325 148
-52 -16 16 -177
-26 149 50 138
-364 -52 -12 37
-233 -361 -151 -143
166 -32 -346 -236
24 164 -95 166
-342 227 125 -226
66 -179 -152 -123
-52 91 273 409
-81 -13 -50 -241
-88 -92 75 -30
-267 -212 -296 -118
-223 258 133 24
303 362 21 -246
149 -14 -77 14
18 266 258 106
-15 13 -400 71
-167 59 157 4
-93 -51 115 -219
32 -362 193 -375
72 -142 -184 30
319 310 -335 131
-317 25 91 97
356 -168 16 180
139 363 91 -320
-20 310 203 -40
132 136 33 -108
-271 -171 34 -302
-200 -118 258 -87
306 -252 -27 2
199 -151 168 41
-81 269 -32 113
155 147 -164 407
97 -69 53 142
-362 -138 -17 -127
-8 165 -35 62
246 228 229 -130
-347 93 -186 -77
169 55 -219 24
284 220 -41 205
-325 -205 -244 216
-75 -236 95 8
-303 -345 -35 154
-246 -262 339 -158
215 478 325 69
49 18 -135 -99
-131 80 70 26
-97 -117 247 386
-144 76 294 -107
-153 59 -330 -239
41 -98 -186 -141
87 -293 89 -471
159 -68 -141 -21
117 221 -30 4
169 348 -148 -91
-3 11 51 -131
181 -113 0 -371
189 -337 -40 10
360 -408 24 53
-342 102 -186 -324
135 -264 16 -1
174 -228 329 -352
-74 37 437 71
-310 91 101 64
26 174 -215 26
59 276 81 -20
150 -89 -197 104
-20 141 -371 217
-192 -34 176 -100
171 -101 152 282
119 -263 -236 -57
-4 62 98 225
98 63 48 -92
122 -82 231 -137
-333 175 220 -5
167 -187 -166 136
7 66 125 239
23 32 -67 91
98 -123 421 -98
4 132 -40 -81
89 -168 -113 -126
-103 139 90 276
-221 -214 -68 -246
-275 -312 174 46
-85 34 216 -25
91 -113 95 162
81 -80 46 312
371 330 127 59
407 -120 176 -474
291 120 -175 -22
-164 285 -9 -440
18 -325 44 -328
43 -111 -239 -375
-210 -25 -166 -73
-190 550 -278 -182
402 -100 173 -16
-249 126 183 448
308 -28 4 -32
35 -172 -214 -68
14 -174 224 -16
-44 -213 72 227
-86 206 135 -92
62 -368 -18 75
-85 -276 -332 -298
69 11 -39 62
179 -172 -91 -434
-134 48 159 237
-222 426 119 112
112 277 -76 -87
15 54 -308 178
-179 -85 -302 481
-359 246 -111 -171
-95 -141 -164 65
180 -270 -66 41
-259 -28 84 239
-121 498 42 -202
-123 11 207 180
442 2 196 -111
-58 -33 -17 103
-215 165 -256 -406
332 -187 -144 -174
132 -237 138 187
14 -43 108 12
-16 -163 -392 69
58 265 216 -52
15 230 -58 -58
70 -184 190 -142
207 -321 151 -186
12 -8 192 -168
-202 171 -175 122
34 127 -207 67
164 53 19 -295
77 -89 -52 50
133 191 14 34
88 -414 22 17
-260 143 -227 7
231 -20 122 155
-73 46 16 -347
-264 170 -180 -47
-16 -106 -76 -235
-80 130 551 394
-140 357 -58 -158
-65 -41 -31 -140
-18 142 210 41
108 681 -79 -311
-315 196 337 472
-212 -117 -136 179
-136 -538 30 -82
305 214 225 -177
-105 -93 359 -65
-28 19 -83 211
-109 57 206 -95
145 91 -150 -434
-124 -136 -44 -168
-194 46 229 -636
356 -86 17 28
-30 -458 -80 -33
-274 151 -33 234
741 -272 -194 162
-60 -79 42 0
106 -38 25 -54
97 129 12 -16
179 137 -313 -313
178 187 -73 -288
347 -39 8 162
68 74 -277 -133
394 31 -142 -130
202 341 244 -251
84 74 -124 -307
-383 60 -104 30
388 -227 -141 189
239 295 204 -200
136 116 64 -284
146 131 437 -93
-223 -161 43 -256
90 -213 -92 -51
-28 317 124 -146
290 -30 307 82
4 -209 -50 -133
54 -50 166 -19
-105 36 -22 -162
-115 213 134 50
-151 -74 -350 225
-114 131 337 -103
-100 316 189 195
-303 6 -368 239
273 -94 142 98
237 374 -359 -107
-224 -54 189 194
47 255 153 -62
-133 -116 110 -467
118 -118 -159 303
255 -41 -247 -51
19 -261 128 259
13 -105 -81 71
103 68 -158 -249
133 13 252 461
-187 17 28 129
-64 -238 -102 -93
161 114 -6 -4
142 117 -130 156
210 -24 -21 21
12 -133 8 339
184 -203 -170 257
-83 -29 -238 237
