32 -127 -11 273
36 -92 -48 114
18 -142 117 -335
264 20 -348 -439
234 -289 51 -165
-271 -137 -48 -441
-3 -80 56 -207
-274 -25 248 -305
-135 254 215 71
-119 -66 -24 -214
-170 -53 88 70
293 -77 -46 -237
152 -138 -99 -28
-192 -9 206 115
93 -260 95 -163
-144 109 -111 -124
-338 -20 -223 -94
-170 -322 391 -220
-282 34 -9 -113
-70 -327 -156 -18
-120 381 203 -308
138 -204 74 -21
-205 -337 58 30
84 -8 -66 -267
-348 -35 124 -55
139 -147 140 -70
-560 134 -134 246
-61 -65 97 23
-47 -49 15 209
-173 -126 17 258
-151 -321 -203 284
434 -53 -79 100
80 -293 349 139
49 -116 42 -202
22 29 386 139
-117 190 -62 -328
70 -78 161 -84
-179 324 268 -208
58 86 32 175
-283 -15 303 -199
-7 93 469 -208
-192 -249 -334 -402
-50 -69 -17 -395
192 235 22 -255
192 176 -20 -212
14 -148 21 -197
-149 -302 -135 -25
-216 29 -256 393
-115 201 131 232
-401 1 -38 340
153 75 5 -315
-233 287 -213 -94
-48 154 -336 188
114 185 -263 -85
-197 145 577 -87
-71 -84 309 -7
517 155 -265 -21
-8 47 124 151
71 340 -36 -44
-47 71 233 244
131 -212 -21 14
-345 -166 49 166
-83 -284 44 -173
-187 221 58 -208
-212 271 -52 -288
311 286 -158 -122
154 -295 331 159
199 37 148 158
-261 30 -49 -475
82 190 175 -62
47 145 -202 94
116 -57 -298 22
64 -254 -109 315
-45 89 4 1
394 212 -61 -230
63 -201 33 -101
23 39 -264 -362
55 -221 305 -11
-295 137 222 193
37 253 35 172
-64 210 -412 34
154 -235 -203 5
-154 64 -286 -294
-169 67 149 -202
-193 62 -406 -416
71 -24 418 -41
89 -410 -99 -460
453 -21 397 154
-125 -20 82 101
24 200 -396 124
-173 56 -217 232
-135 238 15 120
336 285 335 196
19 -198 130 419
-121 258 -321 -47
-54 300 -185 231
16 307 72 239
-250 -238 88 -104
-155 247 91 31
133 -76 -50 -125
99 148 426 17
60 -502 -317 25
-118 -62 -248 310
86 505 396 -341
91 -320 -91 -160
-40 363 -79 73
-209 -370 -56 634
132 407 126 -116
145 70 371 -141
-140 28 -122 -138
72 -99 -40 -238
79 99 17 346
-322 -206 -50 336
-391 139 420 162
-156 157 176 -365
-271 -173 37 -35
-132 253 -197 145
19 -198 32 -94
80 -1 232 135
-121 12 123 25
-160 18 -257 299
-154 -1 197 78
405 68 425 -5
161 -191 -72 -149
30 184 -23 265
-78 -165 223 257
250 -316 -26 -245
-160 102 29 97
-220 -430 -285 -78
-208 -147 -106 214
-282 -139 95 132
5 41 293 -61
-157 -17 -258 20
-153 530 -17 75
44 -221 -93 166
229 -244 -69 36
93 221 67 95
-45 187 -12 101
37 75 116 -96
-21 -26 106 70
208 79 -581 -208
-200 254 -90 35
3 94 -105 -126
132 -317 228 -14
-106 317 88 -56
194 130 -280 -13
150 -129 -41 -81
146 -206 -262 271
-208 24 157 300
50 -114 -5 79
-147 -238 -56 -132
61 133 90 -59
-113 4 146 -76
-98 -193 -44 474
-122 -249 316 169
85 12 159 71
-141 78 89 -148
-194 -162 -96 -169
364 148 223 96
259 -342 444 -51
-218 -105 305 -74
-2 -100 109 507
-140 131 19 169
268 109 -13 155
90 -179 -250 487
-89 39 245 161
37 47 -77 114
100 215 -64 19
-17 -34 12 79
-118 99 -23 -176
-79 243 177 -113
5 -169 198 -40
253 249 71 -3
-135 39 -67 -34
265 19 357 -342
-227 21 -43 90
-24 353 19 217
221 189 1 169
328 -150 -284 275
71 -171 -4 289
-252 -168 -216 50
-145 -30 -293 262
-3 -196 -238 152
-52 55 112 -259
169 -396 -99 131
192 -17 74 -174
-10 -27 -20 -107
-158 182 -56 169
-263 130 4 196
58 41 71 92
-196 -163 111 73
182 8 262 -189
124 -234 449 98
-26 68 23 -447
130 -222 66 -30
190 339 158 -54
100 -10 -35 -346
-17 102 62 -382
149 27 -199 -328
188 111 -193 -193
-479 -34 139 -215
199 202 160 197
286 -245 -3 -21
86 -42 -72 192
-1 -161 235 -110
75 -48 121 -68
-61 89 -152 461
65 -475 184 5
129 117 226 241
-36 388 296 323
-140 7 206 68
15 -75 602 -162
-395 -6 67 -187
193 -23 -83 -256
77 -302 15 -20
146 -103 12 387
48 241 331 -245
-43 27 -138 -60
-171 142 78 180
244 -200 -58 -193
-324 -110 1 -257
104 178 1 -46
171 -49 -102 -324
63 453 -19 -337
277 -102 264 -158
-7 169 -210 208
-214 -16 -214 166
-272 -29 -166 -2
-16 81 86 -31
328 79 61 12
214 -43 -98 184
-48 477 -232 -123
180 20 281 -74
-11 226 496 142
155 -357 122 85
-62 -113 -116 -64
-165 32 103 66
-65 -167 -152 -8
-81 -57 -86 215
8 -74 -90 -280
-37 -17 60 157
50 194 48 -116
-226 58 354 -345
-282 122 -445 43
127 177 -123 408
-353 100 38 -82
-11 157 253 -96
-234 362 242 71
-42 -124 -316 80
81 -135 139 -36
348 -315 -196 -325
-52 59 75 -254
357 310 215 -195
329 3 112 167
-125 -86 117 91
16 -209 346 43
-30 28 190 -9
-124 25 282 -61
169 51 54 -79
157 -303 -261 69
-294 84 -164 -120
165 -9 -160 271
-101 -35 348 -85
131 238 20 116
135 78 -276 -174
-78 -158 270 -261
170 523 -287 -200
-81 173 16 239
304 108 -61 -276
680 73 160 139
-71 -208 -210 -300
377 178 111 3
276 -179 379 452
231 45 89 167
-275 -64 340 55
284 78 39 -50
-406 -170 -343 -36
-69 126 13 -18
163 215 31 138
-183 389 -164 -79
346 287 -27 69
386 79 35 1
-312 197 -209 216
159 145 9 -27
-270 412 49 134
437 76 -409 145
-28 244 359 69
351 -5 524 227
-87 -111 -51 100
62 151 -367 69
-53 -212 128 -8
-73 203 8 -62
77 -472 -97 -343
31 116 126 -91
-243 381 203 1
303 168 375 -36
202 233 -160 -49
236 -344 -391 -93
110 -229 194 92
132 274 248 -174
-319 -49 -67 73
96 221 0 125
-48 21 373 10
164 -164 -236 60
174 140 -34 9
-204 -182 -150 -30
48 -2 58 145
-129 231 71 -29
-73 -40 246 85
-204 -49 -220 -211
79 -12 -256 262
96 -8 -52 -114
-282 -323 38 -56
-52 -313 7 167
249 -155 72 -294
28 102 313 -193
-378 -217 30 35
204 -329 -34 -6
-241 313 191 459
-128 -34 166 107
217 150 -116 -265
131 79 -90 163
-24 149 -118 349
-390 85 102 16
54 92 192 169
-114 -94 83 -148
-341 109 -86 306
-179 106 -117 108
-417 324 -124 -205
-246 37 214 -119
14 -115 -182 46
33 -450 -387 -97
-336 -239 -100 315
534 -148 -71 189
-57 -340 -30 71
-64 -336 -91 24
-85 141 101 359
-168 204 84 4
-269 -49 -273 -132
-40 130 -104 231
-485 344 220 -27
144 -59 1 -282
16 -121 164 -121
148 -338 -326 54
-40 -266 -140 59
298 -274 29 -131
-95 13 104 240
72 -20 135 -110
-169 112 138 324
148 -225 288 -128
-190 -40 384 -584
69 -245 78 -111
-101 269 274 -40
54 201 55 -110
-186 -180 -126 -324
35 -95 -253 276
223 -75 166 -156
362 225 116 238
201 -34 124 -28
-174 -270 167 -244
18 -580 -277 -8
-17 232 15 289
377 -360 175 -268
214 46 -72 -270
170 -235 -200 131
56 -95 -31 -336
-107 230 -128 104
456 256 -102 161
36 -77 -435 -245
-77 -311 169 163
3 -264 70 -142
336 94 -39 107
-244 -65 222 -10
-50 -88 277 147
2 -110 205 92
22 165 245 132
107 44 -432 191
-78 125 22 -97
-24 -202 -94 26
-32 -329 245 -307
-50 -24 -181 21
227 -14 51 -117
124 -261 -98 -10
304 -181 22 206
-113 -136 -52 -15
-370 344 -10 38
-139 -175 69 30
49 482 -185 31
-215 -326 -125 303
207 338 291 -67
-45 -35 65 231
-73 147 99 -293
230 354 152 -45
388 -211 326 263
569 6 -73 142
73 31 -39 -396
-123 -108 -388 -373
-150 126 -182 -82
-323 146 -148 -189
137 -138 162 -2
283 372 234 56
142 323 28 319
299 163 19 -75
393 -6 -23 -87
195 -255 106 -494
-248 -224 64 -2
241 151 146 170
-76 -52 -303 96
-178 104 -287 119
-214 -366 -135 -72
-301 94 199 105
348 86 405 -98
-172 -42 -89 93
61 102 162 354
-75 -233 206 10
94 -159 -223 179
-5 -296 190 -213
-101 -114 -121 -13
135 181 -121 405
-100 18 -35 308
-212 196 44 -71
-193 -95 215 345
-165 144 235 14
333 -65 67 86
-205 26 185 -226
-99 -100 248 -111
-531 -44 -148 -209
-203 -158 -56 147
-59 -252 20 -83
124 -219 303 -237
-121 341 -98 119
392 322 -52 97
-91 -75 170 -33
-56 503 -15 -26
-262 -320 12 -458
25 501 30 94
101 122 -240 -215
443 434 161 -18
131 4 -13 167
-112 -259 257 473
-134 -187 -469 -74
-219 270 95 -83
7 129 175 124
39 -133 191 139
42 -236 48 -307
8 76 124 149
-180 -47 -117 -98
-46 133 354 326
-140 -130 245 210
265 -264 -37 -229
-310 -97 261 224
-33 9 -53 -209
51 -93 116 117
338 16 -163 -180
530 -111 154 -71
207 -193 -288 -235
207 -249 -213 241
163 96 -56 62
-302 -67 -195 -56
-23 108 -243 -103
-131 177 -118 373
-97 -34 -15 36
-208 -356 155 96
48 73 -29 -41
-64 -255 132 87
-86 8 42 207
-284 -187 -14 85
146 386 -195 131
33 -101 -154 31
-173 199 -220 221
-120 -12 208 -62
6 198 -99 -37
103 -104 -232 292
-268 -141 74 88
88 441 242 -81
-390 -51 42 -154
-75 56 31 -174
568 -242 -7 -20
6 -211 22 198
48 -50 115 -167
229 13 -197 -320
-112 -141 143 7
-144 318 151 104
89 29 -126 209
-187 165 -107 -61
-176 2 -291 47
-19 -404 205 -174
255 -300 371 -378
93 -285 -86 -234
-144 384 181 30
-85 -165 -396 281
5 -525 -128 85
190 207 52 -275
240 116 20 150
-295 211 76 234
-266 377 135 278
263 21 312 466
311 -505 -250 96
-92 -41 -67 99
380 446 353 61
122 -46 -90 -170
-82 -139 6 -345
-334 -16 37 55
-376 -233 207 107
-45 -274 223 114
-323 266 276 -522
61 -151 -17 -40
191 -65 -186 244
-132 142 51 -30
186 -79 -174 68
-283 16 9 -447
-92 94 -303 98
-167 -52 100 249
-133 35 -48 -112
-294 238 -213 59
87 -20 128 68
-176 -53 -448 19
-115 189 113 -166
-242 70 -191 47
-18 509 13 131
159 228 72 85
-130 -43 67 55
13 123 49 -51
387 261 -81 33
223 -257 -30 305
-30 116 115 114
5 130 -55 536
-98 -61 181 193
-119 -149 -284 -405
-33 -78 160 263
-192 50 172 115
39 87 -272 48
91 144 -19 96
-352 415 48 -538
165 360 -12 -179
-244 -317 70 -657
40 90 167 14
-107 125 -62 255
-145 1 392 123
-177 -2 -34 -236
-618 218 149 131
18 132 2 -121
-115 -348 -14 -98
-44 -96 -100 -110
8 -66 133 58
54 146 -228 -353
308 -96 -6 27
-133 -375 15 -43
-58 -66 -311 488
-22 445 494 -70
-81 43 239 52
-396 -21 431 208
28 295 -184 -328
191 207 -287 -274
-53 354 -256 24
63 51 156 -184
0 -53 -269 -34
17 -200 127 -174
-557 9 186 66
163 162 -111 263
118 -285 158 -95
-13 99 59 -305
-342 -177 73 77
-27 117 67 193
149 190 442 -13
-197 171 -73 179
129 193 -262 135
15 129 279 -545
137 -163 33 -137
295 -128 82 119
-231 -7 210 140
-97 -323 152 -143
210 -68 -248 -115
39 370 294 80
-56 -109 -117 -98
-177 351 -135 -124
-184 -284 227 -122
111 -126 -7 84
149 -398 -108 98
-112 -208 -145 16
91 200 -335 -2
-69 -508 -362 -313
-283 319 46 69
2 -119 -44 81
-109 -36 60 -161
175 -212 -37 -261
-340 11 -226 257
-296 -3 47 16
-341 -410 51 20
-82 83 -269 -22
-103 -489 -147 365
0 -38 59 142
288 58 -143 -350
-540 255 -245 85
117 160 211 -21
-294 90 21 235
106 -169 29 25
-331 39 69 131
-93 65 -159 67
113 41 -161 52
50 70 217 394
-77 -173 -207 24
-46 210 56 -233
-27 -155 -119 -144
124 -86 317 -365
97 58 239 172
46 -77 166 -74
-310 237 99 -141
47 77 273 -105
-9 -223 -222 -160
-271 -202 175 -160
149 -55 160 135
0 -88 -88 -130
-172 -155 94 217
-90 -150 20 -233
239 -9 34 28
-51 -195 -230 -224
-145 -311 -138 59
-40 -57 -180 -28
88 183 97 -72
197 121 222 17
328 -144 -259 -114
301 -237 30 -76
-455 129 118 -93
344 189 384 275
-208 46 53 -231
71 -69 241 -243
110 636 -132 -215
118 -2 -94 -78
-11 174 124 330
-62 -113 167 40
412 -71 -17 -109
16 -693 101 -96
172 -157 212 -319
65 -42 -8 118
111 -125 -9 133
-169 -198 -78 -269
250 -348 -224 -214
-24 130 -330 -69
-339 214 -73 266
110 184 -192 -426
92 -125 -175 23
-209 -84 -148 -32
-225 294 474 80
142 185 -173 69
203 -78 670 -76
200 99 319 -113
-143 79 -188 69
29 -34 126 -10
-137 208 -117 -404
-115 -81 -87 -49
132 -86 -62 -131
-163 -56 302 49
154 122 152 -113
-143 -110 -78 244
-134 379 -79 -458
70 134 17 -79
59 -257 157 66
280 -65 68 -209
122 129 -47 -49
-1 24 171 -87
-237 -146 -50 -75
-95 127 -74 73
400 -153 17 44
-9 -143 -209 286
186 -162 -103 209
-190 -77 -64 -134
122 -149 -108 -57
14 -141 -321 -230
14 188 -134 262
363 -22 164 35
-383 -103 207 -106
-27 27 126 -210
218 -85 414 68
44 -71 166 -207
-45 366 -235 193
87 26 37 206
-177 -207 165 -383
-102 -74 238 -76
-327 -260 225 212
413 61 162 6
299 -315 -209 29
-49 -135 59 163
13 -183 19 285
-21 -179 -303 131
-2 -184 339 -346
18 132 213 -80
245 339 -15 -49
61 224 208 -295
59 -238 92 102
-61 -292 -132 -162
128 128 -324 64
-244 24 -61 -85
12 -171 -156 192
158 76 -36 124
85 -37 -320 190
-68 6 -307 134
-329 176 163 111
-249 192 -57 128
40 204 272 145
-148 -203 162 -212
170 -199 277 -126
-342 -171 131 -250
-187 -91 136 -174
-135 -116 -169 233
58 9 129 26
156 -82 101 59
36 -434 192 86
-70 390 -170 9
-134 101 -34 35
76 -262 -30 160
147 200 -58 101
-158 95 145 28
121 -51 -319 -253
309 46 199 202
43 152 -185 80
187 -135 -141 189
233 -34 -238 23
247 -21 46 94
187 -53 471 137
-497 -86 247 -282
148 -177 51 -50
-28 -153 161 361
0 76 132 -48
229 -109 -100 -284
404 -105 -69 214
102 2 334 -361
7 180 50 -76
-26 -36 -27 -176
-76 -32 129 341
339 81 263 87
-14 -65 -216 -95
-59 -205 -116 79
86 -57 -12 293
118 179 -95 201
98 276 252 183
153 -142 -115 205
49 -14 -164 98
-330 139 -351 36
-105 414 503 40
455 -228 -203 -178
278 -190 -66 287
-232 -90 164 -65
-234 89 -99 -88
-192 293 189 31
233 -57 6 -179
-240 -172 -409 644
-253 -183 -110 -108
-62 340 -349 -382
22 232 -74 -8
-215 -170 193 -394
-176 42 31 64
73 -147 -214 -16
-21 -152 5 45
32 283 -161 -107
106 -138 -104 -162
-110 -88 54 -93
182 207 6 14
339 -90 -220 198
116 127 306 -213
-66 -173 -90 -133
134 335 188 -305
-293 -424 289 -122
172 3 56 291
27 231 246 -213
35 173 -153 -14
-281 277 56 -430
137 -279 232 36
171 279 -167 18
272 178 -239 -4
253 631 -78 92
62 82 -38 40
192 -632 -211 303
33 -195 -43 24
212 -569 133 178
4 102 -268 242
-352 227 291 189
-343 -224 19 64
71 -27 264 68
-302 -163 28 183
-118 370 -90 40
14 -136 -47 43
-145 82 -55 124
-217 44 -80 99
50 -100 -362 27
42 294 55 -58
105 157 -137 402
-30 260 256 -132
17 210 172 -1
239 101 -65 294
-220 199 30 -101
-363 122 -151 100
-250 124 192 180
359 45 236 -173
-146 -155 -19 -58
402 -94 -3 -81
-370 203 17 -96
-126 110 127 -70
146 170 -96 -150
-97 -410 -88 -58
39 -50 -172 193
-73 224 46 -65
-118 114 6 222
42 -258 50 -9
-40 -8 7 293
32 162 -32 -182
-155 -20 99 -19
-124 144 -37 97
-214 -224 -145 198
220 -147 -179 215
-131 404 274 -7
-133 131 -172 -123
-152 168 76 -190
205 -109 16 -245
-15 -362 -77 17
31 155 68 363
-23 392 53 -175
419 -98 76 115
118 250 146 -218
-80 -324 261 -65
85 71 13 344
-175 128 139 -419
-152 -198 198 -63
123 396 -171 32
284 191 -380 -6
121 -180 -355 -261
17 -362 -13 -170
-243 -163 -74 246
-43 257 -37 -60
-247 5 208 -82
224 125 126 540
-193 205 106 -14
3 -382 61 13
-301 69 6 233
60 330 -179 44
89 281 -78 -33
130 24 12 82
-551 133 -61 169
45 -27 86 -16
471 -53 43 171
323 84 -221 246
48 -55 7 101
338 457 48 346
218 60 -219 -231
181 136 180 132
136 -69 168 89
58 222 -78 286
228 42 -58 87
296 -79 -181 61
-203 177 62 -61
-100 150 148 -248
155 32 290 -37
-251 -21 -45 -320
185 -172 -28 210
-299 61 201 56
435 281 -291 -147
-62 53 129 -180
33 45 -165 263
73 384 -154 -220
88 -278 -40 -192
110 322 -15 -164
-123 -248 -363 70
159 -188 -134 276
144 36 -16 -164
-146 332 160 -192
-172 170 -63 -170
-96 91 -70 -114
-204 196 140 -62
-317 42 -6 -115
221 340 170 -190
-14 747 197 -64
-342 -131 385 -237
68 157 337 93
-67 353 -205 -24
258 -54 116 -521
227 -9 158 -292
-262 77 177 184
-59 -27 97 113
91 -105 326 276
11 143 347 -265
-174 -48 158 -274
-201 -196 -220 -198
-47 191 -28 -132
-260 -42 563 91
-59 -318 -94 143
-99 -15 184 -10
-233 32 41 -218
281 351 103 -51
-61 -193 -255 519
19 -136 41 49
-168 -534 88 143
-181 -138 -54 57
146 -170 -52 -190
-256 79 256 -212
0 -34 11 290
535 239 -96 -160
217 -133 -61 -240
192 94 -150 195
-46 -174 -292 -106
121 -75 179 110
260 31 84 -31
43 115 -131 96
25 -61 -384 457
438 261 175 152
-513 -57 -159 -30
-621 -70 -228 -74
242 -294 -269 -136
177 -231 145 131
121 -335 283 -64
340 158 -206 22
114 89 -73 -68
-156 337 189 83
246 -2 -61 105
178 1 -296 -391
119 144 296 -90
139 -263 158 39
-2 236 101 -7
358 -139 -94 -192
-82 -66 32 199
151 -49 8 225
178 130 -62 2
122 -15 144 425
134 335 184 -97
422 307 -85 210
-194 15 -139 427
-211 232 95 92
38 -83 -179 -328
-92 -61 248 -94
65 103 44 -168
63 -34 -195 173
-198 -27 208 204
-212 97 98 -78
310 358 -409 -91
-313 -73 -62 333
-132 46 21 -32
298 -243 230 -62
170 -192 -476 86
-202 -49 48 173
-279 -460 106 99
274 98 66 -121
-146 481 149 -83
318 -324 -23 -383
-55 523 -55 -179
-100 38 -71 -90
355 -429 -343 -444
22 240 -82 -369
-266 -326 -163 -148
-249 -139 -59 -164
-175 -409 -196 -100
348 174 28 -114
-262 -97 -413 319
259 -107 692 169
-56 -41 174 53
91 -190 -184 -15
249 -60 144 -100
-18 45 60 -66
-268 -1 17 116
206 -64 64 -26
-77 -258 60 25
-351 -125 96 -192
-354 479 51 142
185 55 257 137
126 -184 1 278
-188 96 10 -270
-42 -54 -105 24
134 -1 130 160
98 -197 6 93
192 315 23 -484
99 -168 -183 -8
112 100 -154 624
-221 13 -235 -123
-195 127 -89 -172
-182 -80 -82 -114
-335 53 53 100
87 -164 230 -80
-322 165 -179 269
197 117 42 227
277 -404 26 -78
-120 32 393 200
325 176 211 466
163 -179 -62 67
-131 7 -255 -566
-404 376 113 24
-80 150 -10 393
178 -532 140 -194
-49 35 -55 -140
-49 124 -277 7
-54 -44 -70 46
45 90 -83 -165
91 -72 -105 -84
-175 -122 70 -452
-265 37 -245 -239
-112 117 71 339
195 214 -27 48
66 256 249 -134
198 -54 -101 273
-265 -343 523 123
188 212 300 468
387 86 29 -90
217 11 -465 -504
-172 48 4 -201
-353 -70 -471 -124
39 -372 50 8
4 169 167 104
-99 4 246 7
-312 -138 -329 32
253 -59 64 -94
323 105 117 110
-130 -144 126 39
-85 -79 173 -73
322 66 -160 89
-152 -243 -78 273
268 -98 5 -31
114 256 -154 -44
-47 -185 -489 -171
40 -358 -7 -502
-131 -220 426 -50
-154 -352 -22 -481
-51 168 199 -26
97 -125 76 392
-319 -209 25 -260
-121 10 -187 240
-347 -162 309 212
480 6 -127 -92
-146 -156 -100 241
-58 178 54 69
-410 -46 -415 -80
-55 147 126 256
-114 133 141 83
115 577 298 -68
-90 -26 75 167
-192 245 -139 -4
-61 196 -259 -268
-378 -33 127 25
140 230 162 57
-56 17 265 205
-40 167 146 231
-258 109 -179 -104
-120 -66 -22 280
376 -141 34 -22
-109 -41 -165 -177
383 293 270 -132
234 202 -51 212
-69 324 80 147
102 -183 -31 55
46 -4 231 164
-27 38 261 -155
334 -16 184 -234
101 419 -118 -187
22 -360 287 58
71 -273 -404 -310
178 154 51 92
-137 -183 -47 83
-383 -209 -33 -59
76 101 4 47
-200 216 -325 235
-138 -357 -149 8
316 173 -90 -111
-162 -181 -3 -32
-2 255 352 84
-245 -185 150 -132
78 8 -86 218
-19 161 -54 -136
79 322 370 -238
219 261 -310 -59
120 46 -355 -2
-105 -135 70 403
11 22 382 -140
-199 -16 -86 263
40 103 -125 -436
63 -41 198 -6
-410 -39 396 -28
-490 267 -82 -241
-270 -86 -22 -108
147 68 28 209
216 129 -111 -59
-296 40 -35 93
72 83 202 -105
-239 275 337 -252
-145 -34 200 160
-26 -170 165 61
28 214 -197 245
-194 -417 -44 81
-9 60 -371 9
-3 -183 -236 -105
-206 38 92 -260
-84 -99 198 -220
-115 6 -441 412
-303 -305 131 -97
195 -128 -81 -67
195 -99 -20 -79
-50 -322 -96 -274
286 -1 246 -304
-259 280 165 183
262 53 325 326
-336 -98 267 243
280 195 -75 -129
236 90 161 156
64 -65 377 -136
-236 190 -210 395
-136 2 21 -7
24 -178 -185 292
-85 305 224 -160
368 -285 -196 -187
-221 -4 125 -98
25 40 -31 -27
-258 57 295 -398
312 -275 69 72
-59 -129 280 -266
168 201 91 -397
583 37 146 -19
-96 -177 -41 -308
176 390 59 235
-15 53 137 100
205 -10 128 -206
87 -256 25 122
197 -70 31 489
-29 164 -159 -301
-166 61 -148 116
-144 -239 -35 -56
15 -108 120 -77
-106 69 -145 -140
-27 160 55 -110
-170 -33 43 76
321 -49 -21 33
281 -141 110 -183
-114 -355 181 -35
-251 63 -214 314
-180 166 -63 -144
192 -176 435 -37
22 -274 -193 492
-310 21 -493 133
-322 144 -57 -99
-262 -433 205 109
243 -104 -51 235
-274 171 -106 -265
-189 -64 -196 115
415 -143 155 65
215 -174 159 -167
-188 -302 25 -65
-290 54 -368 -27
406 -56 -58 -84
-353 -65 121 -104
-131 -169 -231 292
-12 325 -140 -12
-147 -163 -536 26
-179 15 -275 -44
-92 -20 7 216
81 11 144 314
-164 165 118 192
335 138 -340 -290
-108 -36 251 -49
153 -285 178 323
261 98 -154 70
-375 -65 33 -5
275 33 71 197
-90 134 -371 193
132 80 -451 71
-12 -110 156 307
-281 479 -121 78
-35 19 -143 -360
-51 -224 -103 -263
-33 -137 -34 15
-69 -204 124 211
29 -466 -180 -58
9 176 -246 -42
81 7 -66 -297
-26 102 37 80
48 8 105 441
79 -61 -217 111
37 -181 -211 -65
-192 107 -226 -117
90 -14 28 -125
106 -359 -49 -6
8 -74 44 -154
-52 -42 -87 89
-18 -180 -73 38
129 312 178 126
1 -132 -97 -311
-235 162 -135 190
175 -158 215 82
37 126 169 -392
-116 -421 157 -276
139 -116 -20 264
194 76 307 -146
18 74 8 -43
-249 198 368 307
-17 -317 -49 -78
98 -83 47 -47
-250 37 113 -59
-89 272 -93 -279
232 39 -229 -221
-130 -366 -95 214
-63 432 -425 143
-283 68 247 297
-83 100 -106 6
-227 -126 86 -6
127 356 -85 -243
-61 102 -47 178
123 3 -104 321
53 196 181 -37
-249 112 -170 19
92 -183 27 -76
-162 370 -184 219
-272 158 83 -166
111 123 -171 256
19 212 -97 63
-32 166 110 184
-138 40 69 42
111 -145 -115 -243
-56 450 410 112
-199 -4 -384 -56
75 -179 121 -115
249 81 12 -122
-343 -108 55 74
-143 -155 -196 46
-400 61 -253 225
262 -103 131 182
38 170 -48 116
18 -477 -108 -94
306 -91 601 148
-172 -319 -46 89
445 -23 -217 32
-183 398 55 99
-108 -212 -145 -556
-153 26 182 136
-346 158 606 -190
-12 21 -80 25
49 7 100 483
-173 -240 -296 -38
-289 -121 47 362
186 -172 231 -134
-119 52 58 -242
146 237 -206 197
-124 143 -45 75
-168 -51 169 -10
87 -373 431 -235
155 -252 -293 70
241 109 -34 299
-135 213 92 -59
125 102 20 -185
54 -178 6 159
-444 -47 66 -15
240 101 97 -152
380 -34 -145 294
4 -72 -190 -39
50 103 76 -137
-28 -83 111 89
64 -102 260 -213
-72 211 -305 -209
0 256 -174 -166
19 -130 301 420
-316 47 23 -26
-310 -209 87 303
-332 -76 -49 295
97 -276 64 -102
-100 -448 -133 59
108 512 -100 25
-94 -164 -78 149
204 179 306 -10
-176 -257 467 -275
-256 171 156 -139
-140 69 -126 -191
326 -201 256 30
-190 8 95 -238
27 -35 100 20
-407 142 202 28
333 213 -42 -237
313 115 70 154
-94 91 146 -67
130 189 170 221
-7 175 -202 242
142 170 -214 -51
243 -1 -46 241
95 70 173 -256
195 193 -123 -197
368 189 -76 148
119 23 -83 440
527 22 109 233
106 -13 239 258
-102 288 -231 10
197 -186 243 72
97 -96 -359 273
72 -91 219 -62
30 24 431 -4
203 393 60 87
252 133 -120 119
6 301 -235 -209
-159 37 -14 -35
-148 252 -29 -1
14 188 -229 165
349 222 -170 88
-207 179 -4 90
374 238 -74 10
-440 -458 -17 -352
-183 256 8 -112
352 350 -167 147
119 73 159 252
-76 217 34 -38
61 29 166 -39
-114 296 -112 -37
-34 -157 -143 -269
361 -73 -80 -331
-47 -31 -370 -2
122 -55 192 -141
-36 -5 364 139
-355 -89 -199 -180
-67 -274 80 287
217 171 -228 -59
190 -180 212 -260
-190 -147 169 -266
60 -135 -34 -308
15 40 260 -112
122 226 -183 -10
-2 113 74 187
200 -44 47 133
-336 -239 -118 -111
-157 160 -361 107
161 216 -145 379
112 207 -97 256
-409 28 168 -401
-38 -215 -411 -126
34 440 283 194
-457 -35 267 -143
-223 -203 -369 -147
327 70 -179 -426
81 -61 109 86
-180 -25 96 208
348 25 127 56
-57 308 260 94
-368 183 550 -203
22 92 -157 -318
-423 29 167 255
-1 51 270 -119
-79 92 128 -81
-97 113 51 -344
372 311 6 267
-34 0 38 -153
24 -199 -176 21
-197 368 176 133
243 172 -217 124
-159 -67 -115 199
-210 76 -123 -10
-493 139 83 -15
87 26 374 -507
-196 180 0 158
-57 -3 163 -270
49 -79 -309 -257
-3 -60 79 -114
-232 103 -104 -371
73 -204 -70 236
-217 -67 199 111
-102 -138 137 -42
74 18 22 326
6 -372 122 236
-230 147 -350 -96
-80 129 377 -422
-147 2 -291 125
-286 -31 123 -18
-13 234 -322 -192
-174 -134 2 43
8 151 7 47
96 -196 -28 -56
197 -167 -73 186
30 -45 152 228
-118 -448 123 86
-44 61 -179 -72
95 125 105 -20
-125 82 -199 -38
75 612 -265 119
-201 68 267 129
241 -203 127 66
-82 60 154 -16
174 77 27 133
401 281 120 60
81 -110 415 -135
-39 146 432 -71
-69 39 -47 -120
50 444 -246 -624
254 -376 -31 -498
-53 -437 -160 -96
103 87 -75 61
-359 399 195 44
108 -85 172 -157
60 79 235 33
-199 -108 -196 -146
78 205 16 8
-297 -79 -165 -105
-263 -133 169 136
-93 3 12 210
-296 30 105 -154
110 41 301 -128
220 166 339 -46
69 336 -102 -117
131 -105 -43 20
15 -277 -189 86
-348 -98 -19 160
-342 124 205 -221
-2 39 -75 68
204 -220 -180 -295
19 17 266 273
-300 -97 -84 479
-67 -91 166 -86
-248 -202 170 49
-24 -51 -154 417
154 -2 -78 -140
-181 -158 -26 426
193 -151 -253 68
8 115 -185 56
136 26 -44 -17
391 208 81 152
61 -140 248 -8
-109 191 136 173
54 123 323 -98
-104 40 -189 -43
-17 115 161 35
-153 64 -386 467
115 265 254 66
-215 123 -93 -262
-123 53 -62 328
233 348 -153 -136
-17 -10 -125 34
20 28 178 16
-90 -179 -31 124
40 362 -211 -226
93 58 102 99
-3 -211 2 257
45 111 263 -43
29 255 -86 104
34 31 290 48
223 54 -75 -249
18 69 -117 7
-425 620 318 106
-242 -118 -46 -72
2 363 73 55
90 -210 114 245
199 -25 -235 11
151 236 201 -1
211 150 26 -391
137 -34 -139 220
-213 114 -290 150
-323 -39 12 196
-217 94 213 9
-108 -249 187 -12
144 -123 110 32
86 -4 356 85
132 2 81 -78
-193 336 -170 46
11 -20 -141 18
-310 -259 -139 -328
-356 325 -212 -104
41 110 58 -23
241 -136 89 -85
-50 316 -113 110
-134 31 -387 -110
212 149 -594 94
-242 -284 215 356
29 -18 237 240
-35 -227 205 -203
220 65 289 145
0 0 -122 4
-303 207 -100 302
-65 51 -411 -58
-58 10 295 -159
-149 -104 -38 -98
36 -266 229 -83
237 112 -146 -141
-19 -259 -244 -240
-33 268 -23 52
-104 131 61 167
-525 -292 75 -110
236 99 151 -15
-41 385 34 -435
329 -105 53 -151
-565 -87 105 344
17 -128 -22 -108
196 -78 78 -153
182 122 -114 328
-233 108 329 4
21 340 -268 182
-32 -44 345 6
43 -89 64 -115
71 -46 333 50
376 303 -392 14
-16 -172 333 -244
-198 -175 238 -229
-128 107 77 348
-319 362 111 -168
9 -214 -48 57
-195 160 -386 142
49 81 53 -49
2 -138 61 90
-136 -45 153 -300
-237 -27 216 -236
-10 244 -184 322
-35 57 -157 357
265 -176 18 68
-140 216 -128 521
-12 67 -76 -122
158 -132 -106 -264
-33 118 20 -226
102 -294 8 -115
-101 49 55 13
107 -55 -13 110
-185 -189 210 -75
200 158 -363 -5
-234 -210 19 -13
188 -85 306 -159
9 -242 -138 -301
26 161 -16 232
-204 -304 -35 -212
-210 233 -6 -159
-268 18 -240 -113
-107 290 -54 -181
-46 -118 -178 166
-162 -152 72 91
-200 42 -351 -180
-318 322 59 -104
-294 66 -490 254
-547 34 203 7
-169 -31 -241 -193
-417 -36 315 -469
-67 37 -270 42
-216 63 21 224
197 29 190 28
-312 291 376 -26
-12 -20 509 -1
-221 -85 290 -181
50 -220 87 149
43 220 -197 251
117 204 25 -142
-71 205 -408 109
197 377 -242 -230
193 286 -366 -437
403 95 -145 53
-251 172 -342 -297
-112 335 223 -80
-59 -480 -402 255
-206 -10 -144 677
46 -101 -259 97
157 22 -29 296
-33 198 -419 -221
-112 404 -64 31
171 -311 -233 -168
2 694 136 -355
188 32 86 196
-87 -131 70 -60
8 108 6 -134
-198 596 -471 13
-144 273 -274 38
177 78 -170 216
-332 -12 67 15
-336 -255 -167 -143
332 -159 -163 -229
253 15 143 -140
275 173 118 43
362 -187 19 94
186 -204 82 8
149 -58 32 -380
471 375 37 -87
-52 220 12 374
275 -176 -91 424
-92 214 222 -391
-107 61 -365 73
-125 -67 -432 155
84 -59 -61 25
91 268 -127 -252
-354 174 402 -297
-81 -283 158 207
-394 -130 -228 -56
163 271 367 -336
62 248 76 88
67 -99 86 -169
222 277 -35 62
-401 -50 119 -171
1 -29 227 54
140 -243 200 360
-195 -139 14 -43
154 -314 133 -414
194 -178 -58 62
-213 147 -80 411
-280 38 127 154
2 -356 5 151
-280 -480 3 185
-137 -92 -97 9
-268 335 -82 66
232 110 16 186
-224 -166 -280 74
-504 -86 319 24
116 -648 -251 -113
-114 -344 -160 -273
-362 -233 -34 62
-25 -291 -207 -418
-119 -410 -10 81
128 -18 14 -331
267 392 356 -60
-99 6 383 -67
111 -144 123 61
-214 82 -11 131
170 234 25 -303
-149 -123 -72 -47
-121 -98 -116 195
61 -295 -21 -96
96 -171 45 -222
62 41 -99 -248
-120 -177 111 379
124 -18 347 -147
102 72 -74 386
-151 253 334 5
81 -127 278 -83
469 -205 -44 -152
-30 225 97 19
319 20 176 -2
159 34 26 118
-43 41 -107 -170
80 293 440 -105
226 187 292 -39
-130 178 -515 163
-126 -88 112 -115
3 477 189 -42
-43 231 -80 -129
129 -62 99 296
-334 22 -243 -443
-101 262 237 19
25 148 -361 140
19 -251 -270 249
-18 -3 -366 -9
61 156 364 -169
17 269 27 121
124 -324 -251 -116
84 -21 -353 -218
-20 57 -140 -47
-48 -191 158 22
18 -3 -388 -37
-27 354 -239 68
-157 245 -45 -152
-6 -348 120 181
-315 216 -203 28
-379 399 -244 -38
-457 184 149 247
287 151 -18 -116
219 176 41 -265
-207 -232 -164 46
16 66 -14 250
-109 -147 -52 11
339 250 3 443
-10 -175 -247 -293
-145 -269 188 127
120 128 -160 66
12 216 123 -6
48 -348 -349 -103
260 100 -16 -156
33 -45 -262 -13
-522 15 -103 89
-244 -343 54 -186
97 292 -238 76
251 539 -33 321
86 274 -81 46
-303 -203 238 -143
38 -79 395 -394
3 -94 35 174
51 -327 119 72
-131 -4 -193 120
-446 -62 -227 -126
257 148 -326 25
-127 -199 170 392
162 295 108 -268
-96 33 213 -468
213 -85 231 139
148 244 405 175
-63 58 -337 176
-194 43 -11 -267
-173 155 20 354
-70 85 -188 -70
-411 372 -39 231
182 26 57 -367
-133 29 78 -52
-194 -48 -14 17
34 -91 151 143
13 -90 83 -103
63 -307 -262 -353
119 294 -73 240
268 126 -67 11
-258 293 18 -42
-76 149 -48 89
-267 139 46 144
129 137 29 -92
-151 -65 -323 421
-166 -29 181 -395
-153 -446 -207 53
291 84 -47 -23
-197 -98 153 19
102 102 273 61
-243 -283 -235 190
-29 -193 39 119
19 220 -137 -228
221 351 367 -75
102 257 158 -12
162 133 -51 -224
4 47 -24 10
-114 104 -138 20
-231 359 201 -82
-132 -209 -99 5
254 -160 227 -43
135 -20 -230 -15
-235 -58 160 -57
86 94 -197 51
-229 102 181 -58
54 -48 -160 35
-272 182 -47 -183
30 148 197 132
111 -20 -334 146
-24 -202 -18 -27
-288 24 -102 129
-89 -516 25 141
98 370 23 143
48 -160 -102 36
214 -19 -229 -300
-82 -12 -290 -142
113 112 -124 -41
-207 -262 -212 -220
157 128 392 -212
272 -81 115 100
-318 51 -10 -277
-58 -275 191 365
-120 -147 192 289
-150 -58 11 -11
-174 -384 -29 139
-140 -14 187 -91
-398 -127 -2 -161
-194 101 -32 200
-246 80 -249 325
-175 -71 -130 -115
-8 93 69 -262
268 -284 40 -155
-48 -74 76 -107
98 -227 26 -103
39 246 144 -31
-108 100 -62 -153
-84 -123 69 -94
-87 -98 480 93
-270 175 23 -169
20 -18 -249 176
339 -522 -46 -219
-79 125 311 -169
245 -133 -84 55
-6 -117 55 417
-158 29 110 -246
-140 21 -41 235
-53 -152 117 135
-14 170 160 -292
190 255 -18 184
-170 -184 39 -59
-68 155 367 -43
248 130 240 27
-392 167 50 366
-125 39 31 6
48 -141 98 52
217 -91 319 103
100 81 -235 -22
-125 196 18 -52
71 1 -133 -440
-212 72 -170 69
95 282 -140 471
-406 -57 -95 -74
-363 -377 -102 122
120 113 100 -83
-227 262 294 26
-125 -441 -317 -171
-205 -69 -121 13
-200 -374 -306 95
-138 -7 91 -138
-75 533 117 36
-36 156 -15 13
-289 241 193 -375
-319 121 356 -168
66 371 33 -108
112 -199 379 337
247 386 266 -198
87 -293 112 90
-148 -91 -301 82
360 -408 -181 150
215 319 4 132
172 -290 -68 -246
-250 -30 81 -80
-27 162 -175 -22
-9 78 30 -98
-302 481 -140 -155
-259 -28 -42 364
196 -111 -185 -121
132 -237 -137 -262
110 -79 -65 -41
234 120 337 472
-55 -18 -105 -93
222 -326 -150 -434
-258 -49 96 -337
437 -93 5 -246
290 -30 -14 -49
-22 -162 81 137
-100 316 -192 -214
184 38 207 70
278 -53 67 -184
-230 -108 221 71
-6 -190 -71 -48
12 152 -66 26
-307 306 218 151
475 -315 -183 85
7 -177 61 -406
302 -56 62 51
-148 358 -400 71
-172 175 72 -142
-136 41 16 180
-95 -431 -271 -171
233 143 95 -143
-144 76 -179 -26
89 -471 47 -234
-3 11 57 -123
24 53 320 -18
-26 -117 -40 -81
78 -105 -275 -312
64 24 46 312
11 96 -164 285
166 -96 -86 -314
-359 246 -21 -95
84 239 -23 359
-58 -33 -243 4
138 187 68 161
-28 48 -31 -140
-331 112 -212 -117
261 0 359 -65
144 101 -124 -136
-165 -68 236 112
-223 -161 28 -218
307 82 -31 201
-115 213 83 -9
189 195 -365 320
92 -10 86 -102
89 -251 -157 -73
-116 -104 172 193
4 234 -105 173
-11 -174 287 241
57 201 -158 155
3 -50 185 88
-333 -192 228 202
-380 37 -19 89
74 -190 -167 59
-168 -147 -184 30
3 296 139 363
-164 186 34 -302
74 -24 -96 304
294 -107 -30 -223
159 -68 -177 189
51 -131 -240 -114
-342 102 88 -221
50 9 89 -168
-249 -277 174 46
-67 -70 371 330
-156 -338 -9 -440
121 180 9 -145
-111 -171 292 -317
-121 498 -89 60
-17 103 209 82
14 -43 44 44
-4 -26 -18 142
-110 189 -136 179
144 122 -28 19
-259 -96 -44 -168
-304 -139 -192 207
43 -256 332 95
4 -209 -152 34
134 50 -298 -274
-303 6 -498 19
411 -174 55 -22
127 46 16 115
-103 108 171 -312
85 89 138 60
59 111 -253 -327
343 -132 152 -138
253 -234 -189 -219
479 -359 144 35
-39 -16 -328 37
-272 -166 157 4
-115 -61 319 310
-65 -284 91 -320
-34 -175 -200 -118
160 -306 -299 -228
-153 59 214 -15
-141 -21 264 42
181 -113 -119 157
-186 -324 -412 -64
151 -124 -113 -126
42 208 -85 34
141 77 127 59
-98 -205 18 -325
140 -153 -139 -78
-95 -141 -189 158
42 -202 -68 2
-215 165 -120 -127
108 12 100 -223
-20 186 210 41
-138 -96 -136 -538
-7 206 -83 211
276 -24 -194 46
309 -26 -9 -221
90 -213 171 153
-50 -133 98 -13
-151 -74 298 27
-368 239 -19 -5
-237 106 -437 -111
220 -138 247 150
15 -44 503 -184
-3 282 -244 -342
-214 207 109 112
206 38 -19 27
-121 -440 -298 -6
532 -151 63 150
-61 66 111 -96
-150 268 -93 -51
316 -116 -335 131
210 112 -20 310
30 -109 258 -87
16 -352 31 -10
-330 -239 -125 189
117 221 -23 257
0 -371 -18 246
135 -264 -135 -128
33 135 -103 139
-163 -55 216 -25
-278 -40 407 -120
-27 -146 44 -328
-261 -187 57 71
-164 65 218 204
-123 11 -23 -177
-256 -406 532 -168
-16 -163 332 -323
242 -40 108 681
175 58 30 -82
-188 48 -109 57
178 -57 229 -636
-329 -108 -282 -271
-92 -51 661 291
54 -50 95 -117
-350 225 74 141
273 -94 276 -329
-234 292 23 127
197 5 -47 -17
-134 -27 236 191
302 -163 129 -17
88 -283 291 207
58 -358 177 -58
4 -99 138 462
78 111 21 -319
-9 -121 -12 -148
-79 -212 115 -219
74 -179 -317 25
323 227 203 -40
-68 -58 306 -252
123 -193 437 -167
41 -98 -32 -300
-30 4 -304 -115
189 -337 -74 -110
16 -1 241 282
-4 2 90 276
-101 -151 91 -113
247 -181 176 -474
221 -12 43 -111
-91 76 78 -309
180 -270 -219 292
207 180 -33 278
332 -187 189 -179
-392 69 116 141
-159 -335 -79 -311
119 321 305 214
379 15 206 -95
-22 338 356 -86
80 319 108 -373
-28 317 94 -71
166 -19 -6 -52
-114 131 212 3
142 98 197 -114
-147 84 183 22
-429 179 61 250
-21 131 25 -164
272 -17 56 407
-13 -146 -107 205
-376 118 -481 -38
-22 196 -216 -267
-16 6 -49 -22
-117 -57 -365 -255
100 261 32 -362
192 -171 91 97
194 180 132 136
215 -315 -27 2
171 56 -64 -289
-186 -141 -185 -51
169 348 -39 -46
-40 10 -97 449
174 -228 -97 -421
92 181 -221 -214
249 67 95 162
-179 129 291 120
167 -208 -239 -375
-444 -256 -96 103
-66 41 10 123
442 2 -23 -284
-144 -174 -88 88
58 265 114 -189
468 -153 -315 196
-186 143 225 -177
19 -178 145 91
-56 71 17 28
324 113 36 57
124 -146 -73 73
-105 36 -95 312
337 -103 -156 -418
237 374 55 -56
