-253 -517 149 -195
100 -241 -220 133
190 -234 -103 280
133 -72 57 -279
-49 -36 -145 98
202 148 140 -73
-256 -232 114 -270
-104 -14 -68 -118
-208 -92 161 -290
-6 -93 -226 77
-86 -47 -216 -111
-211 -109 -64 -130
413 -161 166 -104
111 -143 -169 -395
179 -169 65 308
144 -355 143 -207
-8 75 -154 -262
-359 33 -154 -84
45 -151 -276 -253
-112 -7 120 -151
58 -189 -459 118
-199 336 181 -132
109 -139 -394 38
-22 197 -96 35
56 150 -157 -326
-350 185 344 -69
46 -99 145 -5
77 241 322 -49
-69 -103 47 36
273 -12 -45 227
-140 -304 -39 241
-46 -292 -98 71
-23 -148 -65 -68
143 -323 434 63
-229 -270 183 -288
28 -22 251 276
-125 450 -80 11
-129 190 146 -76
-345 -86 161 53
-198 77 -253 -243
44 -2 -255 281
121 67 90 462
515 -45 414 -75
118 -109 349 298
-241 131 41 8
-325 80 307 -145
22 141 282 66
263 102 147 -148
-57 83 40 -300
13 -153 -139 77
35 -312 -216 -438
-35 212 197 43
-16 -351 225 -199
51 72 -138 -498
-22 -170 -346 -99
-79 -173 -20 538
91 -78 -86 247
-346 253 24 -182
44 51 385 131
-144 127 193 -242
-82 45 -375 57
87 -69 -12 -205
252 -53 -223 -19
-381 349 13 28
-124 -258 159 16
-47 -56 170 -26
-196 291 166 -206
142 256 235 201
-186 -328 -59 34
63 -200 279 276
-314 -37 71 63
-153 32 -101 -307
-229 171 54 -167
-263 51 -55 -280
-68 -82 -10 -110
52 -254 251 295
-50 211 164 -184
477 227 159 225
-82 211 -105 -161
467 126 -77 -186
17 -20 123 -147
223 525 -269 159
-412 169 156 73
21 -5 53 98
335 -222 -275 162
226 251 64 -348
204 -16 -458 -148
-402 180 47 349
-395 -257 -96 -337
170 -49 -5 -245
107 -371 72 -184
61 -96 356 -9
57 -16 7 -286
-147 -232 49 -275
-57 -53 115 -89
-244 103 226 422
267 -311 165 -93
84 -428 -119 -413
-3 266 -101 103
247 -35 -26 -485
-45 -90 203 246
-153 -449 -390 -285
-202 312 35 298
26 232 73 -272
-20 46 -603 77
-103 280 -40 206
67 -138 59 9
87 370 216 -512
195 404 -384 105
279 -134 18 -479
31 28 -237 40
-123 -86 -304 52
-180 -209 100 214
14 298 148 99
-12 315 199 -173
-210 53 -126 -323
-33 -3 53 -35
154 427 135 65
-119 -188 -86 -23
-131 46 160 -124
-105 325 -21 29
62 352 -201 -23
143 -12 248 -320
107 -319 100 -346
-139 -151 -138 -247
330 63 229 80
256 235 -208 -11
-157 -324 -439 44
-69 124 217 36
-380 -5 -123 250
-111 77 -215 21
12 62 -22 32
-34 26 66 -87
-94 53 -39 125
384 282 -34 25
-104 -449 -210 26
-174 -175 -51 82
217 -122 254 -33
159 199 66 106
127 115 -175 -236
78 -164 133 11
233 -94 -362 308
-49 325 -18 -165
57 90 58 169
-181 46 -244 -89
-208 -31 134 73
-16 99 -116 -66
171 -12 230 31
142 -39 -192 -71
318 -70 -69 219
185 -130 -44 195
26 -227 -67 -40
-82 73 272 188
175 -99 -49 -389
219 -335 -399 208
128 -290 37 186
323 230 -79 48
68 -90 257 -142
-149 334 44 -219
183 558 19 221
375 -66 224 183
-11 35 200 160
29 182 81 -26
-135 -3 -37 120
-6 104 63 278
127 -171 -268 140
105 -6 43 64
149 -29 -129 178
-129 173 77 -104
-19 -298 -119 213
-173 -58 208 -204
444 93 39 -97
143 6 115 -129
24 496 5 -65
53 65 76 39
227 269 244 -99
-268 239 -51 -101
-198 148 -105 -136
-15 427 -156 113
350 216 -163 -56
-43 219 -15 342
129 120 236 -132
142 -108 323 -245
88 -53 156 -127
-93 -71 220 44
-109 -172 -26 -133
-228 102 -123 197
-241 -201 15 77
31 -143 -24 -145
-330 90 -55 -256
-95 35 -97 -34
114 236 -25 -37
-210 223 -231 333
-111 236 -63 -170
118 350 291 353
-153 223 -30 -181
-247 -285 -264 111
-98 6 86 429
-14 -176 -144 303
-233 4 153 106
-206 22 158 30
402 -307 -77 159
-241 -16 -50 -144
-90 -408 58 -186
-41 -160 86 -139
-42 -46 -116 162
-209 259 -95 3
-236 90 -69 -24
131 430 -221 140
-117 -38 -243 -46
-28 -465 -600 -172
282 74 24 133
137 -288 -301 330
360 -115 89 91
-211 179 -127 257
149 296 120 12
-107 52 -19 308
204 -88 -497 -163
234 5 -3 271
143 175 255 -45
-234 -70 -87 -208
-198 -309 -141 -99
74 -186 -119 35
-35 -12 -327 215
145 -142 -305 -61
-109 -119 -291 -274
254 -188 109 282
-37 292 -14 58
-139 445 9 104
22 143 272 -29
93 -364 19 -76
-97 -114 223 22
332 -148 28 87
197 23 -168 -94
237 10 1 95
-360 -108 -111 -143
75 34 -67 -115
165 287 -87 -218
-30 87 -24 202
-465 -291 148 -191
-44 76 -211 62
40 182 -150 -206
66 -254 -47 -211
-96 -282 345 166
165 183 176 525
321 -107 179 -24
291 265 -145 113
138 18 118 -8
-60 -14 -69 -241
-127 87 119 325
100 -51 101 -221
-321 -79 -109 320
317 -4 166 63
118 123 169 -289
31 10 -164 120
-206 -110 203 -35
-72 -152 -239 41
45 -114 147 123
-90 157 213 -55
-28 -44 -17 -196
167 -201 -342 178
-393 -243 -106 1
121 176 135 255
-21 -151 599 -19
148 241 159 -73
108 313 578 159
145 27 313 -305
289 580 -26 -76
-2 239 -127 133
209 -92 -162 -346
122 28 -378 -203
-319 -175 -158 -120
172 107 108 88
167 13 386 231
340 98 257 297
-60 141 323 11
142 34 -137 16
-341 17 -137 98
-62 329 -98 -104
-59 271 374 117
-349 298 -149 65
384 197 138 10
493 176 5 -13
-371 373 450 1
386 215 -29 -52
-69 287 73 -85
398 57 -281 40
175 345 289 -67
-26 4 524 171
71 -324 -58 -290
-126 -211 70 -348
101 85 -214 137
-63 -129 -296 8
113 -171 349 -95
-205 -153 53 284
-117 -164 101 13
-357 58 -42 419
-87 -295 -271 27
189 344 131 -307
102 101 -95 233
-160 159 120 164
96 -174 273 -52
-56 -121 -137 92
86 -202 -73 306
-58 285 -31 -91
-94 28 54 -16
141 -41 -111 192
-62 32 -259 84
-38 -169 -87 -51
-156 -44 64 245
3 -141 43 409
235 84 -370 -261
-2 50 330 49
470 -265 6 95
248 -12 -243 -220
-348 141 53 -145
39 78 137 207
406 -139 114 246
183 73 29 -89
-80 -328 56 -318
89 268 -202 164
-182 10 246 -45
-97 66 -312 -63
-172 83 -100 -160
-6 153 346 3
232 -3 46 60
312 2 169 132
151 -191 220 -41
275 -64 281 353
122 -251 39 283
175 -39 -168 -82
-251 -116 166 -162
-384 512 210 87
214 -254 111 -172
-266 -213 238 -453
-155 183 -122 25
52 391 -18 1
264 -29 -88 185
98 41 -29 44
210 14 -13 378
19 -33 209 -59
392 5 -182 13
-136 205 53 -111
-274 -119 -182 209
-288 310 385 41
-91 546 19 -131
-278 48 44 -157
-510 310 -118 -306
6 138 56 49
247 93 69 -174
-68 243 -144 44
-90 349 -322 66
-152 87 -157 134
106 -119 70 76
-59 53 1 -119
23 281 84 283
-219 244 434 -204
-184 -258 -26 -47
-86 -340 153 -457
-130 -61 -321 -67
15 -215 -164 -116
-389 -136 -86 407
17 120 200 21
-38 -661 -145 -174
194 -88 66 -49
-120 110 70 306
-14 -8 -223 -283
213 221 37 -9
405 -297 11 294
102 23 -121 42
-106 93 106 36
-381 -223 -189 -158
210 -186 74 243
-70 17 207 -72
192 -22 191 -92
-139 -146 262 -11
176 44 312 -153
150 -94 -107 270
-126 27 -3 -216
-135 -67 -348 63
-234 -83 -63 -399
11 146 -46 61
324 -28 -9 -220
-144 36 -162 206
173 -142 160 49
-149 81 -96 -35
-160 500 -12 -144
247 82 256 164
200 394 133 308
-362 -22 138 269
426 -113 333 -278
-113 248 -117 117
-339 31 178 -93
422 13 100 48
100 -422 384 12
444 -502 2 -102
187 149 87 138
-111 -258 158 -521
-90 -35 -66 -261
-402 -291 101 -257
275 54 320 -39
392 -73 -37 190
-169 330 -189 250
62 439 -208 -21
-63 214 46 -89
18 -195 243 -395
168 -420 -57 54
71 215 43 70
214 6 -200 -65
-144 148 -54 39
-155 374 -146 -151
-232 -216 -115 166
-36 234 262 139
-161 -172 6 -106
78 37 10 249
27 -202 10 195
373 33 -154 131
242 -218 287 237
69 -30 -201 108
58 -24 -315 79
-45 -227 -387 284
-295 -42 -103 -8
133 -333 -40 235
10 -170 -61 -303
132 -25 132 263
-109 -15 483 -63
26 21 141 186
-331 -313 12 370
-140 48 -76 154
-77 -81 7 -113
152 -75 587 63
-281 93 -369 84
-109 -58 -97 -79
205 -88 -121 217
-59 -614 43 183
445 291 174 424
-266 -602 132 34
210 -143 104 76
-375 -208 -152 136
-145 152 -77 -109
296 37 -273 -150
104 295 66 -132
-67 -411 77 132
-167 -196 -368 104
-26 236 -104 -176
119 209 -60 185
40 187 -126 -28
67 -107 -98 -63
44 12 -517 -117
199 151 -259 -226
288 234 -405 265
347 -83 -240 -171
27 -102 176 208
73 135 -205 -17
-370 142 271 -119
233 -149 -33 83
-42 84 222 296
-99 69 20 -220
-53 -65 151 30
-224 -107 20 21
21 -178 289 161
42 -119 -77 -453
191 -49 13 -52
190 314 -33 -367
99 -119 104 194
-65 327 15 -237
54 -75 -94 -176
221 156 -65 -76
-113 105 -330 -39
27 316 95 -75
245 155 141 55
76 58 -213 -298
231 -111 218 78
-223 -8 216 97
47 291 -10 51
412 -186 19 -131
98 594 -23 -4
-225 158 -139 139
-278 -360 -35 -75
-58 8 118 -81
38 -140 -113 103
-143 -289 159 263
240 381 59 -9
343 -61 -112 -168
-52 52 145 -20
369 167 -1 237
-44 -203 -223 140
-130 159 -256 6
-320 -123 -357 -320
-421 -24 -177 -130
563 57 50 297
-177 22 450 475
-317 -82 77 13
70 -177 -502 218
-157 -333 -116 -23
184 -55 268 -291
438 130 217 -312
-5 -147 436 -504
-364 -27 -26 371
3 152 -137 48
-123 -296 54 -232
-40 23 -156 31
-59 -58 -148 78
121 194 46 -180
-200 172 -178 58
96 -389 48 115
-346 259 106 -333
113 122 12 -30
190 -117 -337 166
-33 205 77 -35
165 15 -150 -18
-404 12 -82 -208
-152 54 -194 -80
-359 26 -86 484
-62 65 88 35
-104 185 -279 -60
86 20 99 -4
-233 -17 159 97
13 57 168 -290
-161 181 -55 85
56 316 41 174
135 286 116 3
156 71 -68 -2
-154 -167 -28 -81
384 327 -172 22
231 -75 30 432
-75 82 -97 107
78 178 -235 552
-44 -293 189 335
-98 -219 -314 -458
11 -21 -117 136
93 -69 -150 -84
5 197 -255 24
285 147 -101 -10
-278 120 93 -684
110 247 -255 132
215 -491 39 -452
-10 -12 192 8
-136 236 -109 226
-58 -102 362 107
-102 72 -111 -77
-89 -329 -236 172
-183 -122 82 86
530 97 107 -1
157 -143 124 61
-234 -371 -27 318
-12 -198 471 -195
-137 387 82 -226
459 -49 -87 -288
267 124 -154 22
-342 -78 -23 377
26 84 -199 48
-35 -294 -358 457
82 -55 171 -71
299 54 -19 -117
-317 -190 142 -151
-241 12 -5 264
21 371 122 -293
264 39 257 -306
-39 -553 101 137
-73 137 -48 -178
307 230 -21 -10
52 -54 -274 -15
-26 -149 -192 -84
-33 -104 -109 173
-18 -51 -135 274
-38 -201 -474 -126
-183 279 413 -2
-106 -231 283 313
-6 157 334 61
-55 314 -206 -30
-72 -246 -125 -180
6 17 -71 201
-17 116 6 -124
-257 127 -186 135
311 368 106 -107
344 132 75 -440
-56 43 -125 52
-122 -11 88 8
-133 320 239 -75
202 421 182 -24
52 -48 333 49
-98 310 325 375
203 -48 24 -117
-31 244 172 74
-93 -238 78 -10
-208 14 -217 197
378 182 435 -343
290 -67 178 -137
294 497 455 -128
99 -120 96 188
-68 261 366 -241
-90 -17 87 -135
-164 -196 -168 254
66 -165 9 -54
-223 -195 -23 -10
217 -95 -9 -308
-116 119 125 -131
110 28 -7 -24
-145 399 38 -18
-236 -142 92 80
-88 -24 47 -484
13 262 166 94
-263 129 260 123
184 93 168 145
-175 116 -321 161
-157 -110 -160 -72
-92 -18 -50 116
-101 -134 -111 338
19 -90 -116 93
-59 66 32 102
286 298 -211 187
27 -58 47 -65
28 -133 -80 78
-110 39 152 132
37 121 -112 -236
153 -327 334 24
135 -111 -390 -131
-122 -53 25 323
-18 234 -128 87
281 100 -43 -277
499 -106 -334 345
115 -326 -105 116
23 -299 -33 2
-238 391 92 -277
271 -104 246 233
205 8 219 -357
119 6 161 -136
558 182 -99 -4
37 -180 39 54
-196 -92 13 -212
24 -111 297 -60
137 -356 -115 42
-441 -519 -56 -50
98 -147 32 132
12 -181 154 55
9 -192 65 -90
-202 -64 -359 -103
-201 -373 -259 110
-166 -34 192 250
295 493 109 239
285 123 -416 -141
-110 -114 90 333
-166 210 5 -126
-75 227 262 -316
191 -103 5 164
-7 -77 242 -454
144 -53 113 -250
51 -240 -125 -65
99 223 223 252
-378 -129 289 -147
24 -122 190 -183
229 -33 -33 -102
-6 -154 160 149
-29 85 80 11
-24 -214 -230 107
-316 -32 279 -254
84 132 31 -347
229 17 -80 -12
201 327 136 -201
75 214 -7 -54
-17 45 168 -96
-175 47 -28 -143
-306 73 15 12
308 290 119 -183
8 -24 -240 -45
-125 -138 182 207
-113 -323 36 -144
275 -201 -33 -82
20 -180 34 -321
-256 202 85 -6
273 17 -169 131
-178 -376 102 143
109 -156 -72 15
256 213 134 355
203 -3 -30 -565
-252 177 -209 -103
118 77 -179 1
195 -115 377 -103
203 -275 163 47
-402 33 -88 169
80 259 112 -14
132 -24 -181 -1
-8 -84 -36 76
-3 -82 -176 85
-61 126 144 -275
203 109 77 285
-51 -5 -290 186
-329 -16 65 -203
154 -2 -66 218
285 130 -76 -24
325 136 323 36
-160 147 288 -209
133 -209 151 -277
-38 -49 77 -6
-200 133 -171 -33
-230 2 46 -311
205 -93 51 263
-185 201 -73 125
231 -231 40 -79
-118 -78 -368 -4
289 260 -173 220
-146 -46 92 -115
270 60 39 167
116 -56 -158 194
173 -65 39 -186
-145 203 113 166
-105 -106 -143 73
197 450 -253 -101
-138 -415 86 -83
-3 -304 70 -8
-21 -62 -195 -115
-13 12 -110 -136
6 -223 -161 7
-220 -106 279 46
-289 68 -150 135
-585 94 90 -150
-133 99 31 -387
-111 128 221 -236
-161 195 148 9
-152 -115 -106 -84
250 431 -296 -121
-157 -13 -60 3
-3 55 372 -151
78 257 -126 175
-216 186 -108 33
-62 -358 229 5
-98 -177 -248 -92
52 -65 -304 39
-63 5 -310 -56
-114 133 232 -56
-85 -340 -43 -155
-137 -14 -260 95
-174 97 -236 -158
18 375 225 202
200 -155 240 187
-12 -173 154 -323
-138 -321 144 -186
302 -89 -128 6
67 245 138 321
379 6 88 -445
-412 -589 -80 218
-127 -314 -279 26
661 -4 -180 -65
54 70 130 -58
436 242 47 -189
109 -220 10 -86
-188 -176 140 93
-126 197 -182 43
285 -12 -15 362
226 -80 4 97
-36 217 -7 135
-51 99 158 7
-284 87 -90 184
-73 104 51 194
299 -216 121 265
251 -335 -195 -407
132 -282 129 -68
217 262 76 123
323 -108 -210 56
73 295 -125 277
138 -351 60 -270
238 214 158 -73
-276 -233 340 69
134 106 -125 215
-70 150 153 160
-45 147 -3 -345
-323 282 26 -371
94 -159 40 -58
211 569 32 -5
-189 181 -407 130
278 452 -199 -82
25 34 31 -54
284 -723 -15 289
18 134 10 148
47 -263 141 2
-30 97 -245 197
-165 216 292 35
-392 -243 -28 -32
-148 42 178 207
-124 -78 63 180
-197 484 -115 220
-141 -123 -53 32
31 184 111 207
-170 241 -150 186
60 -113 -483 69
-91 241 181 -99
102 163 -68 166
-104 -3 309 -121
-120 241 191 -19
311 -44 -10 126
-220 92 16 -92
-9 -25 111 -397
31 -12 -314 206
-68 252 53 100
285 -15 -85 32
110 276 126 110
51 -187 -64 43
-83 -46 37 156
66 -52 248 -76
375 35 -13 8
-252 -124 19 64
-51 -21 -18 177
28 -39 -224 -179
313 169 -98 69
-7 112 125 161
-107 -24 199 62
-67 -102 -138 -82
-191 -110 -231 -31
403 -74 -203 -319
326 -61 437 -25
-263 -190 -175 -58
-48 -143 221 -231
-160 -183 188 101
55 124 -124 -34
304 73 149 54
-353 32 -299 74
-232 -111 254 -115
-180 447 -198 -106
-22 287 -382 -14
116 326 -196 219
-186 38 -283 119
68 -126 253 264
163 -264 66 -345
-272 -242 4 52
-178 167 -52 -436
-33 86 417 4
304 236 128 -87
-83 -204 -203 38
131 -99 -160 -24
207 97 -191 8
-83 -179 17 -352
345 -189 -63 -12
-50 -2 -324 150
97 -56 -83 -113
193 -395 102 26
261 -369 39 -117
36 -209 -187 15
497 175 -17 -117
-114 13 -98 37
-367 -81 -29 -224
-481 -260 -202 49
-39 -54 -124 62
-9 -391 92 -387
-129 -64 43 29
-220 -240 -101 -306
-152 159 224 -125
96 30 95 -29
-155 -155 201 -124
-331 -22 69 240
58 38 226 15
-92 64 -185 57
-100 -257 -260 -233
206 143 -92 392
-491 43 238 -102
91 249 58 212
-10 -377 95 312
18 -227 -212 130
80 43 260 4
14 -344 83 -107
-129 169 -213 87
-221 -454 34 -40
14 218 325 327
-178 -115 192 -107
147 -10 -444 458
149 153 -123 -347
279 254 -122 45
69 191 27 -66
-61 318 223 60
414 -267 -8 19
425 11 -142 -262
342 445 23 -128
-311 142 -79 -366
96 329 -53 60
337 227 -37 6
256 -167 -187 -392
162 -321 -118 -87
47 177 -193 -165
-36 283 254 -162
-165 -92 255 -52
151 126 -129 -362
-216 180 5 -246
108 -56 63 44
-201 133 21 -101
-132 127 440 -567
-216 -1 142 34
-76 330 -157 -78
196 -135 -218 -170
422 30 70 -100
-293 53 258 688
-46 -166 -32 -50
237 -26 275 -7
-273 41 84 10
-74 -397 -40 21
-51 225 40 -247
118 40 -94 -179
163 -138 -137 -38
37 -256 -278 -16
258 10 -62 76
-310 10 3 95
-143 263 -221 -415
23 198 42 -104
55 -20 -179 -220
124 -179 -408 129
-244 601 283 -81
136 117 39 151
-35 -423 87 -199
248 114 79 -328
401 -102 -87 254
14 -179 -80 -34
133 157 25 -23
15 4 121 -310
-364 78 -313 151
180 119 230 44
182 24 241 -349
16 144 217 120
431 76 265 147
-253 150 112 119
-124 286 -131 288
138 189 -58 249
233 -1 -131 43
-250 45 44 -145
370 -44 144 35
90 -289 153 6
51 456 -192 221
69 -102 -346 207
-272 52 24 -97
-181 381 -261 157
69 108 166 181
3 43 52 -296
109 -132 -74 -84
170 -65 296 67
149 131 94 2
-39 629 136 -364
26 -186 -368 298
51 -222 80 -57
-38 273 208 -547
-55 439 279 -148
196 48 -364 16
291 473 -198 -77
-425 113 4 597
327 296 63 188
-72 334 94 429
-43 -207 -96 -120
80 -20 -6 259
508 3 -418 -15
-386 -399 169 250
124 -16 -36 136
275 46 10 53
257 296 -18 140
66 31 113 165
143 -79 -16 -324
-87 76 -499 221
-169 -15 -253 94
-106 88 457 -135
-139 40 -122 -34
-97 -196 -148 133
202 -241 -83 -51
65 325 -25 143
-49 -118 -71 -49
223 -200 -69 219
67 -408 -106 -312
-77 17 -247 101
126 85 -182 -205
297 -417 235 193
86 52 226 -89
-95 143 -238 204
-134 194 160 -36
173 -17 209 507
-51 38 9 -126
-72 -11 48 -563
-27 -37 445 81
288 205 85 -158
-321 317 -209 212
-159 240 153 -9
-141 -72 -221 -128
286 328 -259 -364
-1 93 59 -136
-451 -153 284 153
149 104 47 -262
61 -297 642 -246
-136 -215 41 -75
-23 -27 -316 170
385 203 33 -48
216 -54 263 -73
-459 -96 -107 -216
125 -22 -93 -35
-210 76 -135 282
-67 -19 -60 42
38 -20 196 202
-77 -37 389 -174
-189 411 -428 139
-185 264 -199 395
143 109 271 53
179 -27 -1 -274
55 41 -20 -372
71 -395 409 94
-166 220 -43 -358
24 -17 617 -394
-44 135 179 -301
-36 -342 -201 411
86 114 -227 151
-125 243 -114 372
-188 -26 -50 -392
13 -12 133 16
-38 202 -68 -293
-167 68 -48 256
-90 -132 -24 -35
-155 112 106 -106
-398 -127 127 -172
-39 -331 4 -215
417 15 -94 60
-18 -2 -133 -60
342 -74 81 -114
154 394 -199 -151
-86 -274 -402 -95
-78 -425 -4 -550
199 -81 233 45
-162 -203 -61 -328
-13 295 49 78
74 -52 -69 315
-411 -217 -94 205
75 185 -205 185
-110 -47 273 477
495 -54 -98 -49
-279 -44 -271 69
35 -34 -86 51
-431 -150 -455 -106
31 60 162 266
34 76 221 164
-69 477 58 186
202 115 -156 128
-222 18 -168 -21
-25 311 61 -279
-232 34 210 89
-79 79 503 92
122 -66 281 270
-87 188 33 334
-144 132 -88 -101
-84 -85 -109 172
222 78 181 52
-155 41 -208 -317
131 357 330 -132
96 26 44 177
53 25 -412 45
-143 208 52 -53
77 4 -253 208
63 -24 20 238
-208 238 92 -111
-10 -74 300 75
353 265 -261 386
103 150 350 -436
-218 312 -77 91
-1 -89 101 153
143 -389 -27 131
-160 -30 -20 -84
7 -139 -124 -169
142 163 97 -11
-297 -310 190 -260
233 111 50 -86
-187 168 -93 265
283 -168 -6 163
-130 -465 114 85
115 -75 162 31
-485 89 107 217
-200 4 373 -238
-24 78 174 334
-194 226 -217 84
-85 64 95 128
171 -163 -117 -261
-48 244 212 -253
-84 -49 -154 12
10 -391 187 395
-297 -483 116 84
122 -361 47 73
-37 290 70 -102
-39 -76 105 -51
-139 -265 -149 -224
-290 -69 285 -9
-297 -86 162 145
222 232 -33 115
32 272 5 -121
199 -455 406 -23
-30 354 124 -16
48 -78 -41 353
-17 -33 225 273
278 148 -276 108
64 268 -133 -124
20 144 417 -129
-491 -12 501 -72
-321 -50 -250 -21
-32 -45 -150 121
-138 146 -152 113
-276 -17 -21 -283
1 -378 39 -252
-153 -86 -18 -208
109 -72 -99 -331
-118 -148 -136 294
359 -159 219 -179
-143 163 -280 -110
220 9 308 -240
-37 301 -48 164
-279 356 147 58
-385 328 -297 -40
-214 276 -275 270
53 108 31 84
-47 238 -61 -76
-181 -170 14 153
-380 28 -139 4
-20 190 -140 275
-25 -171 -71 415
-471 -362 -96 89
-9 -202 218 311
-4 -215 27 -141
219 -171 53 57
-109 14 -214 105
-85 -84 -117 25
213 -49 199 -6
47 91 -56 63
-56 110 69 159
-248 29 220 -416
6 61 -118 -159
-203 32 -289 -60
105 51 95 4
15 248 136 39
-372 56 -112 -313
-229 -418 -213 -223
-119 -118 126 -360
-57 256 209 412
119 49 -467 -104
152 -196 67 -330
-285 -186 344 399
-36 248 57 346
61 293 -147 -9
70 -59 -237 -282
-134 -329 271 246
-25 105 -247 -165
22 104 104 79
47 -371 -367 200
-85 -173 -3 -281
-367 -242 -60 -111
-99 18 -156 142
175 -292 -266 -21
-281 281 -245 4
-125 131 124 386
162 -100 -49 8
-34 41 -317 339
-43 158 -157 87
185 -377 -57 -13
-87 -80 229 -123
1 80 193 -7
260 -49 -542 277
-172 299 -153 -47
286 112 107 512
25 157 -124 -57
-353 -237 -18 228
202 93 -139 33
73 -183 -386 -168
158 78 -378 -346
-18 1 17 244
-406 17 -209 -72
-167 -245 -10 146
159 -32 115 -191
269 43 -109 -85
-26 57 -124 234
242 -183 31 186
-283 -15 -15 -206
-31 -87 -31 -333
-48 63 -34 -24
-99 -80 -309 323
15 -1 -9 -91
107 -3 149 -1
-28 -89 -113 -169
-135 -4 12 -101
186 -156 39 -111
257 -271 155 -53
-157 -305 -298 -93
56 -260 -63 -149
-127 347 -14 320
250 -235 129 71
-161 -12 -75 190
407 0 -120 10
-143 30 315 -1
266 -283 308 -214
-6 58 -317 125
-45 50 308 -50
63 50 65 92
-279 -155 166 355
394 103 363 231
-110 -344 -1 69
262 -29 49 179
-110 -175 242 28
-10 -265 232 -34
56 -14 -135 -180
81 -434 217 -296
-25 -137 -92 -100
11 -328 -12 141
-95 148 365 -330
-63 -220 261 105
-102 11 -90 -221
91 -21 134 -162
-159 42 5 -100
5 -371 194 23
-16 122 -98 36
-7 -75 270 -405
118 -287 63 146
347 267 -159 -158
-78 -60 -83 -205
-56 -93 59 68
5 -96 -245 -151
59 190 460 -5
71 -78 -420 25
90 -217 204 -127
124 171 -123 324
-136 147 187 172
-323 -277 125 454
229 -43 -140 -178
312 -36 283 -409
-87 24 -128 36
-230 -92 160 -197
-125 -93 243 -105
-179 282 -523 20
151 240 -65 155
-356 242 63 -26
156 -134 99 -109
-231 117 -244 296
80 157 15 -247
256 238 -525 -298
206 -57 -14 -52
-135 16 222 -259
-121 204 207 275
18 451 341 37
-345 53 -196 -269
-353 -238 -211 -223
81 -32 76 108
214 88 117 110
-77 40 -63 -183
-328 129 -167 101
164 14 72 393
-141 -226 166 -33
157 -61 -109 -61
166 -281 -97 29
11 163 60 -57
150 446 -128 -86
98 -298 -206 -138
73 -273 290 76
-17 -35 154 -234
-133 111 77 -164
-227 42 193 -192
-237 -136 -39 -22
212 31 -359 314
160 -98 -519 -37
-45 -60 343 -227
98 143 -172 104
-165 396 234 -81
243 268 76 -205
-151 -60 -64 -262
-266 516 126 45
271 -179 37 82
41 -34 490 74
160 -19 -317 98
42 36 489 -5
-161 -67 259 -10
-39 91 5 -286
239 -186 267 181
146 220 87 -59
-156 143 100 107
-374 85 260 -19
98 242 57 -228
6 -186 207 98
-168 -99 247 114
-15 164 151 138
-96 365 -127 252
157 153 100 -42
54 380 -39 263
-55 -5 232 -242
214 184 -7 -175
478 132 -18 169
252 -46 120 -29
503 -40 205 323
107 63 334 163
-148 245 -350 127
129 -130 37 122
-47 -15 -268 332
24 -55 137 43
-122 90 368 107
112 392 -61 -15
-191 181 364 276
-56 149 -385 -390
-190 -151 -68 90
-52 69 -104 56
-115 253 -266 306
67 -189 -187 84
-212 -2 219 -77
339 136 -100 -41
-361 -391 259 -418
-160 162 -268 -260
-584 182 -97 21
-23 207 -178 58
-254 -138 -48 183
-122 57 -64 283
-37 208 -122 36
196 -63 246 -155
-85 329 -15 -114
-27 12 72 -462
-111 -166 80 148
-139 -5 -85 141
0 -344 239 -178
228 61 -356 -18
-139 264 -157 -10
206 -165 0 345
82 -14 280 183
230 296 348 -71
-57 29 169 107
121 -182 -36 307
-335 -52 -208 159
-77 366 170 -34
291 -269 326 -63
23 -116 -442 63
-123 367 -203 -318
-353 149 -204 -225
33 -336 242 231
135 238 38 -343
-35 -94 240 -58
157 -450 265 282
-69 -448 170 -219
-265 229 383 -155
-16 -199 32 -84
294 -161 32 57
-78 227 -65 23
-226 -129 121 97
86 -415 200 423
-37 215 -131 -207
379 -25 -32 -468
-109 -6 -337 13
117 -152 -147 -79
66 -23 13 -238
219 -12 265 -324
0 27 -86 80
-199 518 106 -168
240 -90 -54 -261
-315 351 179 -1
201 113 120 -29
140 135 113 -79
448 195 -118 -89
-4 -72 299 9
-222 197 140 -47
-6 84 -114 185
-198 -114 231 437
-60 84 -124 -112
290 -231 -84 67
-186 385 227 -124
167 -39 97 -174
-62 160 -189 -112
89 -186 238 188
-42 -72 -29 -236
159 -23 120 283
183 -50 -411 275
4 -91 420 -2
-172 -48 58 269
48 -198 89 170
213 55 -68 -41
-50 -59 -30 -169
-104 52 -22 -148
-170 99 113 -105
-43 111 14 -242
18 473 -374 -153
255 -177 -27 5
-22 -40 -46 417
101 208 16 61
508 273 -80 259
80 202 236 -64
9 -94 -150 256
284 -585 314 -59
358 -229 265 -77
264 -205 63 50
-68 -129 140 -239
-33 211 170 27
122 61 -38 56
310 272 -404 -230
-110 -402 -337 -156
-543 -130 -211 -202
-94 -114 -8 -174
79 378 28 -132
-52 -15 -94 -258
32 73 101 10
297 174 -61 316
299 177 -104 130
-149 16 -80 48
-183 102 154 24
17 87 -82 -354
-149 21 -190 -207
187 -37 31 -160
109 -49 235 -131
348 82 -248 -90
21 274 -24 -347
-405 75 -17 38
-75 172 118 -80
-31 328 24 -367
97 34 -428 294
-96 -130 -251 -129
58 177 406 37
-109 215 213 190
-172 -27 -71 -270
-156 -77 155 -38
74 104 -310 -22
205 -63 69 81
152 -138 -227 246
193 11 -175 60
-147 181 -57 24
150 19 -84 78
130 597 110 157
142 104 200 -31
-458 -43 -70 282
118 183 457 116
-168 37 -43 -96
-112 144 181 33
-142 64 -107 -22
-7 34 269 231
-354 0 138 -86
79 -20 -290 63
-33 208 80 -180
44 7 260 51
74 99 61 99
150 -225 -49 18
-233 129 99 -93
58 61 211 531
312 -199 -333 182
-69 95 336 258
-84 59 -127 -109
83 54 44 232
-42 205 263 -19
41 -41 129 -110
-641 -84 111 105
18 6 172 -32
-101 49 202 6
-311 18 -214 190
268 291 -55 -239
-120 261 165 177
-37 191 336 182
-250 -86 -129 71
-96 -133 376 -327
304 -79 -135 -136
184 -139 -127 -3
25 88 273 -37
191 106 -83 -37
-130 7 -381 27
-152 -9 104 -20
90 -33 85 142
124 177 -197 -368
606 194 241 366
106 -507 113 46
-105 -222 64 -23
-7 110 -132 -16
-302 -174 56 -119
125 -104 464 -91
44 -101 293 -206
132 218 -315 -25
-179 -281 78 115
32 216 -83 264
-286 -41 -278 -147
50 137 258 114
106 -124 -93 -118
147 26 349 -105
59 -58 83 508
77 37 -60 -55
-8 274 -19 202
-125 299 -354 -8
9 201 458 200
-13 -413 -78 9
-46 25 -207 -126
471 -201 175 150
97 -35 76 32
-241 -193 83 400
-232 109 -120 134
480 -67 19 -158
234 195 16 45
-56 76 -316 187
145 -314 297 29
124 317 -134 -12
248 43 -80 -36
-363 -180 -244 -448
79 13 87 17
-60 -77 -75 -376
218 -351 193 344
38 27 136 10
-159 86 -116 -169
215 165 195 -252
300 195 -168 -250
-197 37 18 87
-294 -255 156 412
-24 -17 -125 -111
-297 -112 -19 -56
-170 82 -320 -151
546 -8 -5 -36
271 68 329 185
129 50 240 -28
-120 -49 86 -38
229 135 256 -24
-28 40 -160 149
-15 -253 99 -8
133 5 -93 102
-155 30 -70 3
166 -89 -197 -141
-213 -86 238 -49
61 162 -220 -277
132 -150 78 388
-1 271 68 134
-251 -113 -157 -219
-228 305 -357 105
-6 -204 145 -25
-175 311 -100 179
27 -31 -323 26
-426 60 -408 -45
9 232 -122 -93
-111 -180 -297 -91
-306 116 -147 -3
-321 -108 -310 -101
-195 359 148 -65
-97 80 -432 342
-578 44 339 -281
428 -28 -222 130
-77 -142 175 -442
29 108 -108 170
-157 200 243 41
139 63 68 212
-314 205 358 104
-167 -163 409 137
-290 -293 481 -90
32 55 80 72
-391 -456 138 273
202 139 -35 -381
-272 232 -376 24
-13 617 -218 -139
-50 313 10 4
-133 535 -76 206
-380 -55 -236 27
-177 242 193 -277
-26 -361 -385 217
92 -208 182 -167
103 126 -129 -49
167 2 43 124
-8 43 -361 -244
-22 667 -81 205
-5 -219 -100 -103
-58 486 27 -338
148 138 -32 129
-152 -102 -79 -117
-75 118 168 -350
-357 -233 84 -474
-75 -209 -158 -381
-72 89 -174 -130
-131 -417 90 171
-311 36 250 -458
76 142 331 -84
181 91 -82 -76
-203 18 -42 -10
-473 -40 134 292
176 312 -37 104
143 415 214 46
-286 236 282 116
46 -63 217 281
-301 -156 -434 -8
-94 -238 145 386
-40 123 109 -315
152 -138 -174 -187
62 -184 -281 -1
-300 -20 317 -281
-29 -215 83 517
43 -138 -408 -123
278 -243 -49 -219
294 -7 83 376
-125 -26 -185 -37
-182 -7 -46 -1
-139 78 -43 -214
496 182 144 325
46 -29 -187 125
289 120 -427 331
221 -24 45 -1
325 246 439 -69
-92 119 -10 -153
100 -21 -221 128
14 -138 -250 245
527 118 0 258
312 35 382 221
166 239 294 55
187 -149 171 139
112 101 -106 -19
202 536 -149 200
73 506 -409 -219
-376 395 151 92
-216 294 45 269
262 384 -40 -75
-255 -138 -187 -63
30 363 105 -9
13 -27 56 136
-31 -376 -199 -81
131 -91 57 149
106 34 -119 -43
237 63 167 45
-134 -321 -90 204
93 248 40 90
-46 -425 -39 -194
-243 208 0 131
-225 141 -279 295
33 33 -168 296
-28 121 -476 44
-66 170 -304 -29
-54 -199 141 -218
256 -78 -258 -213
-123 -24 -235 16
-187 219 61 -245
314 -277 54 19
-165 50 -162 -271
-129 61 -183 67
-149 -34 190 -492
-122 -77 -500 -41
-121 -288 -65 -58
196 -139 552 -24
130 107 -64 62
-210 -190 92 34
-118 -179 -142 16
181 66 31 152
-200 215 -485 -163
165 50 199 189
-23 -169 -125 178
-220 -167 145 169
12 122 -152 224
284 -58 30 -439
-14 -153 -226 -56
-95 -248 51 33
-77 116 -501 69
-81 -41 -158 -176
-353 92 -278 88
-142 236 -185 330
197 57 -30 330
207 105 -50 -252
-529 -182 108 -100
-288 -54 -197 -94
98 282 -132 371
-325 475 245 -49
175 -336 -135 -15
117 -7 -111 54
-265 8 -169 178
99 96 299 -47
-228 -232 -96 255
276 -243 104 254
-276 10 -32 -355
-223 13 184 -196
203 -90 -147 181
10 13 68 -81
-169 -152 284 61
-154 363 -201 -167
89 -320 -312 108
-106 461 -76 109
-446 82 -20 -141
408 -35 9 71
-62 433 -364 268
-279 261 136 -39
-112 -12 226 106
-42 -264 191 261
-276 -290 -74 95
57 -359 49 -116
54 -142 72 -8
-249 -233 209 -55
-65 384 -122 293
-109 -215 -199 387
115 357 146 64
-129 2 506 -264
133 115 -7 -75
-175 -247 3 251
-19 -82 -260 -26
-35 -37 96 -187
-79 303 -25 298
-34 -52 -58 -187
-596 -58 42 173
124 239 315 -182
-55 -24 115 9
-140 -117 51 213
-57 1 -22 309
58 51 181 -3
184 -185 -19 -182
-48 429 -119 69
-55 -301 -254 -238
-237 111 175 -10
-118 62 -198 108
-103 -128 1 324
-50 160 93 -76
22 208 -565 80
-12 -235 268 -157
99 -545 -177 -72
376 271 91 84
21 79 -231 -292
-88 179 -215 -35
187 111 217 -198
120 128 -280 -77
26 -266 63 83
73 -74 -319 156
-232 -105 -215 42
28 11 177 155
221 -185 -143 0
273 -63 250 -29
3 -305 -140 116
213 146 247 -24
-158 182 -171 69
-71 -69 64 -222
279 51 -124 120
-68 -16 197 35
166 -138 -100 440
-17 -74 -23 -152
57 -121 103 335
-14 -115 -257 -38
-1 297 200 -181
207 197 58 -45
224 -253 122 227
265 143 -137 -160
-403 -148 -175 -102
-139 57 262 -13
-139 -13 261 116
-127 -302 223 -13
-147 -220 78 99
164 140 174 313
-82 -120 -149 361
-168 281 211 386
150 -159 11 196
137 59 -158 -278
122 278 -211 -333
103 -94 -188 -53
392 165 51 417
45 138 -26 -114
41 290 76 77
179 177 262 -81
16 141 -220 -82
71 43 70 33
155 85 -41 -52
-312 159 -138 -65
-178 23 -59 91
-131 -467 359 433
254 -59 -95 -119
41 222 -40 211
-69 63 58 -13
-88 80 -162 -173
141 185 -142 -60
-135 14 128 53
-441 -68 -180 4
137 40 -384 -209
-137 -94 180 -41
-44 48 156 -220
-69 273 -243 88
-61 232 309 136
-247 137 5 -254
-38 -121 -131 -76
113 -118 100 72
-156 295 -120 32
164 -259 -277 -249
57 -196 -2 -69
480 171 190 -269
-1 -45 -143 -57
-384 -131 89 -278
-180 -257 277 -309
375 87 -6 0
26 -31 -78 -203
-137 -217 -128 135
154 -18 106 215
45 -17 -185 -496
-416 50 -134 -83
-142 -350 -52 405
117 175 -147 -168
-302 185 -173 443
135 -194 -364 -52
60 -249 -95 166
-124 -193 -81 -13
-106 95 133 24
199 -151 168 -324
53 142 -168 -85
-347 93 288 -434
-244 216 499 115
215 478 329 -352
-131 -47 59 276
174 146 176 -100
-57 -148 98 63
44 77 -166 136
-210 -25 -156 76
183 448 139 22
-44 -213 24 -325
-332 -298 34 -164
-222 426 216 -52
171 85 12 -8
-241 263 19 -295
-255 -236 -260 143
175 -151 -180 -47
-30 -458 -13 -96
42 0 25 -100
178 187 216 578
-142 -130 25 -344
388 -227 -359 -107
-171 -132 118 -118
329 -33 -81 71
418 36 -64 -238
-207 -148 -21 21
34 -115 -356 -230
8 182 -126 127
-239 243 49 -166
39 -138 -9 161
389 174 126 281
-119 -18 -12 37
-35 -232 -342 227
61 505 -50 -241
266 103 303 362
168 41 -368 94
-362 -138 48 -194
-186 -77 95 49
-75 -236 -214 -134
325 69 -74 37
-146 347 81 -20
166 -108 171 -101
418 191 48 -92
12 -34 7 66
-166 -73 179 83
308 -28 66 21
72 227 339 -165
69 11 -354 34
119 112 15 230
-173 133 192 -168
-188 -500 77 -89
-250 177 -227 7
104 -32 -16 -106
-80 -33 28 -314
106 -38 251 -18
-73 -288 113 -267
202 341 38 30
-141 189 -224 -54
-303 -274 -159 303
132 -238 103 68
-101 169 -102 -93
-59 -212 12 -133
202 -159 -77 80
-208 8 153 -16
-299 55 225 -110
-28 38 -185 -194
10 -188 325 148
150 -84 -233 -361
-125 -273 125 -226
47 184 -88 -92
162 372 21 -246
-81 269 -167 88
-17 -127 92 121
169 55 203 -77
95 8 -47 -405
49 18 437 71
-260 126 150 -89
-536 -108 152 282
-13 172 122 -82
-92 46 125 239
-190 550 -142 -457
4 -32 -121 -40
-86 206 -8 -30
-39 62 -46 -186
112 277 -58 -58
35 -137 -202 171
92 96 -52 50
265 -163 231 -20
71 -2 -76 -235
-274 151 186 282
25 -54 -58 -35
347 -39 245 -153
244 -251 50 -178
239 295 189 194
359 189 255 -41
-205 -15 -158 -249
-39 -24 161 114
-107 -61 8 339
194 -45 258 32
99 -526 364 58
81 35 35 14
-77 -56 -23 -475
263 103 -52 -16
-181 421 -151 -143
196 -286 66 -179
-12 -339 75 -30
25 -563 149 -14
-32 113 -149 -328
-8 165 217 -35
-219 24 313 -235
-303 -345 -60 -386
-135 -99 -310 91
-203 98 -197 104
-14 160 119 -263
129 -69 231 -137
135 -96 23 32
-278 -182 116 -157
35 -172 -286 -3
135 -92 -46 57
179 -172 57 -106
-76 -87 70 -184
131 -342 -175 122
-242 -17 133 191
-113 -160 122 155
-101 184 -80 130
-33 234 155 -233
97 129 102 -246
8 162 -522 -255
84 74 177 40
204 -200 47 255
-79 87 -247 -51
117 -175 133 13
-9 49 -6 -4
125 176 184 -203
104 -246 -401 -166
-226 87 -14 -535
285 39 96 173
-71 -111 382 172
21 58 16 -177
48 203 166 -32
232 245 -152 -123
175 -324 -267 -212
272 406 -77 14
155 147 305 -109
-35 62 -174 -172
284 220 -275 -293
-35 154 -137 74
-131 80 101 64
115 -252 -20 141
89 -498 -236 -57
-199 15 -333 175
264 -157 -67 91
402 -100 23 -136
-214 -68 -352 6
62 -368 4 39
-91 -434 177 149
15 54 190 -142
264 14 34 127
-134 -50 14 34
-248 -338 -73 46
190 -404 551 394
741 -272 -103 -337
12 -16 -288 516
68 74 169 -245
-124 -307 -320 24
136 116 153 -62
396 -16 19 -261
128 -372 252 461
-278 13 142 117
-251 113 -170 257
-193 2 26 247
136 -470 -38 -174
-161 210 26 57
-9 -2 -257 -152
-230 360 -26 149
225 169 -346 -236
-34 174 -52 91
-197 71 -296 -118
-56 56 18 266
-164 407 88 159
246 228 -235 288
-41 205 151 -139
-246 -262 -387 69
70 26 26 174
-257 -133 -371 217
-160 286 -4 62
-120 17 220 -5
-62 215 98 -123
173 -16 -39 -142
14 -174 -324 -142
-18 75 231 165
-134 48 -103 500
-308 178 207 -321
-216 -259 -207 67
-95 164 88 -414
-363 -92 16 -347
-88 398 -140 357
-194 162 -174 -157
179 137 175 58
-277 -133 -254 -111
-383 60 -281 234
64 -284 -133 -116
-8 65 128 259
-124 -294 -187 17
-110 67 -130 156
123 -181 -83 -29
356 -317 -168 -34
180 -73 -72 -77
237 182 174 -108
253 -192 -265 -66
-73 -390 50 138
-161 329 24 164
41 250 273 409
135 -29 -223 258
-150 35 258 106
97 -69 -164 0
229 -130 -228 14
-325 -205 142 150
339 -158 283 -89
-97 -117 -215 26
-371 77 -192 -34
-209 290 98 225
423 -262 167 -187
-133 110 421 -98
-249 126 -162 556
224 -16 51 130
-85 -276 -117 -64
159 237 -10 -192
-179 -85 151 -186
-78 114 164 53
-81 114 22 17
-78 -189 -264 170
-71 406 -58 -158
-60 -79 -51 -299
-313 -313 200 357
394 31 -395 -79
-104 30 9 -86
146 131 110 -467
-208 -17 13 -105
-20 -49 28 129
-190 -37 210 -24
-43 -269 -238 237
