-1126 -10117
-3101 3098
-2725 1841
-403 2
6748 -197
-5744 -5632
1519 -1415
-1875 -2863
5518 -1361
-3953 -2548
78 4873
-4036 614
-271 1751
837 6104
7322 -3002
2157 -2159
8081 -8253
3995 -996
-3455 6295
-7938 -5234
-4541 -2679
-3052 2073
-5610 -6286
2661 1138
4601 1667
3657 1431
5703 -3750
3404 2802
2037 514
634 -1567
3213 -9093
-3312 2771
-1395 -2358
4005 5699
4598 10298
-1584 -1850
3483 3917
6046 -4910
2458 -6111
1758 5381
3873 -3218
197 8324
-5323 1330
-5049 -3430
-5269 5224
3933 4985
-2175 3047
1223 3508
-572 2922
-79 1293
-847 -769
2822 -3538
3388 -6520
-588 5539
-10261 -5660
-1846 3737
-712 -2026
1301 -1013
4106 1704
-580 -3031
6 3331
409 -3089
1945 1799
7229 -1293
-3214 -1991
2140 -6489
1769 -2374
2890 6246
643 4134
1799 5501
-2750 8626
2041 1267
-715 3798
-2288 8249
-118 -2539
-1958 -2810
237 -2699
-829 -8757
4948 4716
-8806 -222
5720 3408
-4143 -1220
2566 5618
-6257 4204
1361 -1019
-5305 -541
2200 -2641
-2534 2972
-5071 1840
710 1268
1505 -4674
5068 -5435
-4297 1062
6987 -3543
-4023 7335
4835 303
798 -1740
-2433 3892
-2027 -1639
-3246 -1417
2624 7295
2259 -884
-4535 2271
-534 -2404
-6611 4131
6576 -2745
-2192 -159
2308 1725
-1775 -4347
-2339 1324
1611 202
20 -3586
-903 6909
3041 5978
-10222 3792
-4878 7629
-2404 -2431
-2764 -1833
2865 -5838
-2066 -3029
-934 -7298
-566 -815
-2433 -1033
-752 -5442
-5130 164
1090 -2518
-74 -5086
1110 -277
-1783 -3513
4480 -1346
7739 4414
-3175 2392
2132 2105
4866 -286
406 3499
4046 -4473
3584 -3096
3636 -4828
-2765 8923
-6126 1795
-537 2383
795 -4028
-1740 -1983
-10014 335
4840 5345
1630 341
7928 -3129
-662 3768
-9916 2833
-1045 -4036
1621 5066
3551 2610
907 -4414
1488 -4892
4305 5198
984 -1157
-4459 -1160
-5851 167
-6401 -3041
-2505 -512
2683 2726
-1548 1102
-723 -1600
-803 7339
103 -8056
4367 -6153
-3243 949
4191 -1544
-1709 -991
4293 -1636
-5416 3782
5801 -917
251 -2907
2321 783
2570 -5142
617 928
304 4225
-2191 1618
-243 2416
28 -72
295 648
220 329
1003 -1158
-702 398
-71 274
-124 815
-1230 -71
303 732
-42 182
25 -472
76 -69
-35 113
-398 -64
-29 2
-168 -37
-10 -9
-25 -64
-43 -6
-18 13
-30 16
-18 4
-23 8
-36 17
-26 7
-24 9
-28 4
-15 -8
4 12
-14 20
-21 10
-5 0
-13 7
-20 -5
-13 20
-29 13
-4 -2
6 6
1 0
-5 17
-14 18
-11 17
-3 10
-13 -1
-24 1
-14 5
-2 21
-3 19
-13 11
-23 9
1 -7
-4 6
-22 17
-14 2
-9 5
-12 7
-1 22
-16 12
-3 20
-24 23
-4 3
-5 1
-14 15
-12 2
-12 12
23 10
-4 -3
-9 11
4 14
-2 0
8 15
8 10
-4 1
-4 19
-5 8
8 7
-23 12
14 -3
-7 22
0 19
-17 23
8 15
-8 21
3 17
-11 20
8 40
-13 25
7 17
2 7
1 25
-23 24
-19 22
7 12
0 14
-6 19
0 23
2 19
8 8
3 25
-14 28
0 27
-3 24
-9 24
-18 50
-6 29
-14 9
-4 32
-19 16
-4 16
11 5
-16 27
-8 11
10 24
-26 11
-17 25
2 20
14 20
-11 32
-1 23
-14 26
-32 22
-16 22
-14 37
0 44
-8 17
-6 26
-3 19
2 32
-26 15
-3 27
4 27
-3 24
-15 25
6 27
-1 29
-21 28
10 25
-23 32
-13 19
-8 21
-21 9
-17 30
-9 30
-7 7
5 20
-24 33
-5 25
-23 29
-3 22
-17 33
-21 36
-9 13
4 26
-32 10
-6 6
1 21
-19 43
-7 25
-3 32
-34 36
2 21
-21 28
-11 26
-9 10
-12 13
-21 32
-5 17
-17 13
-13 11
-6 24
3 10
-17 28
-12 33
10 25
-14 28
-21 34
-27 20
0 24
3 16
-10 19
-6 30
0 58
-12 34
-11 18
-19 12
-14 30
0 12
-10 42
-9 25
-17 14
-13 36
-16 31
-18 23
6 28
-8 19
-12 5
-26 38
-25 41
-19 29
-5 16
-22 39
-15 35
-13 17
-8 30
-7 17
-11 40
-6 25
-15 20
-29 29
-3 47
-21 33
-3 28
-1 45
-30 22
-25 39
-19 49
-28 23
-38 39
-11 25
2 25
-15 24
-15 14
-23 33
-15 33
-26 30
-14 35
-14 31
-26 25
-22 35
-25 22
-7 24
-25 42
-19 32
-14 37
-23 25
-9 16
-16 22
-22 23
-28 34
-10 27
-16 24
-25 21
-22 27
-8 42
-32 22
-30 22
-23 -3
-30 14
-22 25
-22 41
-37 31
-4 41
-27 40
-9 20
-21 53
-19 14
-6 26
-17 28
-23 36
-31 35
-25 25
-15 7
-24 25
-27 44
-14 20
-57 37
-17 28
-25 28
-47 55
-19 26
-17 26
-30 18
-20 34
-3 21
-14 -1
-5 29
-22 32
-42 23
-36 27
-25 28
-20 30
-38 16
-42 28
-18 19
-31 28
-16 27
-45 25
-20 18
-21 22
-25 17
-34 20
-41 48
-32 33
-9 9
-21 40
-36 13
-25 24
-42 33
-18 29
-25 11
-25 39
-30 26
-29 30
-34 25
-39 24
-13 19
-10 28
-35 35
-28 8
-19 15
-32 28
-40 34
-20 18
-38 6
-35 32
-28 18
-30 20
-34 21
-35 24
-10 32
-24 19
-23 25
-47 53
-31 33
-27 23
-28 17
-44 33
-41 25
-19 18
-18 25
-9 29
-33 29
-40 34
-26 35
-42 8
-40 23
-27 44
-33 31
-28 23
-44 23
-23 12
-9 21
-17 32
-44 30
-38 27
-45 11
-37 14
-22 14
-54 40
-29 27
-44 17
-23 2
-46 20
-45 16
-22 26
-39 37
-33 46
-47 28
-57 9
-42 38
-38 29
-19 3
-21 31
-50 23
-46 12
-49 18
-26 32
-34 20
-34 32
-33 24
-39 39
-24 19
-48 28
-26 28
-39 45
-41 23
-34 33
-50 34
-46 10
-28 20
-36 31
-44 12
-44 22
-38 18
-43 23
-36 29
-53 32
-53 11
-41 12
-28 25
-38 21
-39 18
-57 23
-57 10
-39 26
-60 25
-28 30
-39 24
-28 27
-60 23
-51 31
-51 17
-53 26
-32 30
-48 33
-32 20
-68 26
-56 20
-55 22
-41 31
-43 15
-52 15
-38 16
-47 16
-48 20
-47 2
-49 25
-43 36
-62 22
-35 27
-51 27
-52 50
-37 22
-53 25
-48 8
-54 25
-66 29
-65 23
-50 25
-49 11
-64 13
-46 27
-55 13
-71 7
-53 27
-51 28
-68 10
-49 29
-51 27
-58 -2
-53 4
-58 13
-59 8
-49 30
-57 26
-34 22
-52 5
-59 7
-71 20
-56 20
-40 13
-42 25
-45 32
-77 9
-58 28
-59 24
-60 22
-54 17
-75 8
-70 51
-66 18
-66 24
-56 16
-63 7
-56 32
-77 13
-53 5
-66 13
-72 14
-70 19
-70 34
-52 11
-46 22
-64 7
-75 19
-49 24
-59 33
-79 14
-69 15
-79 6
-62 12
-83 12
-63 26
-81 15
-83 12
-61 28
-82 -3
-79 -2
-63 8
-49 14
-80 18
-51 5
-92 27
-67 3
-89 18
-74 -14
-78 18
-67 9
-93 20
-74 6
-80 5
-60 21
-83 24
-62 18
-81 13
-77 16
-71 21
-73 46
-86 2
-79 10
-62 9
-82 28
-84 -2
-88 14
-86 11
-84 21
-78 12
-74 2
-82 4
-100 11
-90 14
-81 20
-98 -6
-88 21
-85 -11
-72 0
-79 5
-86 9
-98 2
-100 9
-108 11
-99 14
-88 3
-76 10
-82 16
-101 14
-100 -19
-102 9
-97 7
-103 13
-99 13
-98 8
-104 -10
-101 -5
-91 23
-109 11
-95 12
-97 11
-112 -3
-94 -7
-102 4
-111 2
-100 20
-103 11
-104 -3
-112 4
-97 -14
-94 8
-119 4
-112 11
-109 -2
-118 -4
-127 -1
-122 21
-119 -4
-127 -11
-118 16
-104 -2
-120 -4
-125 -4
-119 -9
-123 -15
-124 -2
-116 16
-140 -17
-120 0
-141 -13
-130 -7
-146 9
-134 -1
-147 -1
-132 19
-132 1
-138 -5
-160 -2
-132 -5
-141 8
-153 -5
-137 -13
-132 -14
-151 -13
-149 -24
-136 -16
-149 7
-159 -29
-169 -12
-171 8
-170 -6
-156 6
-152 -7
-176 2
-180 -10
-172 -5
-186 -8
-181 -9
-189 -18
-196 -11
-188 -6
-197 -22
-228 -11
-189 -8
-205 -16
-209 -11
-203 -17
-221 4
-216 1
-206 -13
-234 -11
-214 -13
-228 -14
-219 -5
-263 -12
-237 9
-250 0
-255 -7
-262 -4
-277 -8
-268 -2
-292 -27
-284 -12
-288 -16
-304 4
-304 -6
-349 23
-421 12
-333 -38
-198 -77
-280 -43
-551 272
-447 -62
-665 660
-683 -530
-614 457
-434 -1633
-905 781
-337 186
937 355
-1159 -1031
-2110 1011
-866 -883
-2587 -2541
-559 1586
-920 1261
1863 -1551
-3553 -4620
-3439 -2535
834 70
-1196 -1782
3520 420
873 -675
984 1895
4215 5879
1284 -9767
-1610 2950
-1703 -1428
-4193 1096
-3191 -1758
4235 -5806
-1296 1436
-651 5370
-1760 3148
5863 -2671
-2783 -4241
-5536 374
794 1039
-3491 -1302
278 -7000
-4956 -4917
-2695 404
-939 -912
1623 975
7908 -3578
4593 -636
3632 -2687
5573 -4537
-1190 1574
-275 4467
947 -1935
-457 6461
-2250 -5448
-110 -229
-249 -2312
5379 -458
-2809 6232
-5056 1221
-2996 -3983
9918 1293
-4354 -10476
-3622 4615
671 4396
66 216
2231 -4389
-3511 -1948
345 -306
9518 -1598
4847 4933
-1705 -682
-3300 10543
-2026 -8659
545 -3238
-5453 -4099
-2945 4266
1610 -6951
-2059 -4619
1277 -5150
994 2578
2299 628
-7868 -4510
4579 -3107
2653 4169
6022 1188
-2260 -731
10622 -628
-658 -1639
2047 1987
3619 -542
2735 -7990
-1309 3313
4810 2395
-1942 -9451
-2756 4926
-2088 -3485
6259 3094
4631 -5430
1349 1999
1431 3548
-3317 4872
-2588 4889
2024 6900
9379 3534
5565 -4674
1040 -4633
-303 3281
1364 8971
-2983 116
-3975 235
-4086 3063
-6782 -10022
-803 1124
774 560
1971 4344
-126 -3558
-2844 -4373
-162 2425
383 5203
1430 -3259
-2988 1307
5039 -3144
1644 -2867
901 -482
-3446 2461
-301 -1356
4269 3880
-209 -1481
-2094 -158
-759 -5683
-679 201
2095 -3724
1131 7359
6329 -4407
-7676 1666
1141 -2746
2906 3180
5149 2126
-3631 -9887
6220 8784
-718 -2263
-2587 -2821
-3488 -5524
-809 3585
186 -397
266 8375
5899 -1886
5287 3478
-3088 -6173
3560 850
870 -5689
5772 5523
9444 3739
2778 -5503
-5485 4544
3380 -328
-9161 -1709
-7919 4029
4737 5398
2167 2760
-520 443
5117 -341
1099 5254
1942 429
265 6646
-7790 -2295
-1921 3970
-2517 2717
3574 -1894
-2780 -4174
4296 -2572
-3353 4577
-1638 926
1177 -1333
-6482 4875
-4389 -7113
-206 -1329
-2271 -2855
-2267 -1359
-4117 -2190
6680 3946
3046 -9180
-537 2392
6128 5394
-1290 124
5700 4389
4894 628
-4134 -1583
-919 -4598
1101 6055
-574 3981
-7629 -2647
-557 4709
9283 7155
-3544 -1629
-4932 -1759
1643 -322
-1656 -4723
6467 4941
-5657 -1954
-1923 587
817 -1335
-1252 8665
2823 -464
-2339 -1771
-9945 4057
-1644 1390
-1317 5730
6093 2954
2089 4740
-7097 -2568
1706 -478
1329 -1167
2021 -3110
-1571 -7739
-3644 3292
5715 4312
-6027 2335
-3797 3624
6438 -164
3400 7133
-6984 -7509
4046 -388
-3690 -1087
3230 -1385
-273 1169
3194 2062
-6283 -2682
8219 1172
-1597 -1417
2435 1555
1965 -6242
229 -1250
-7871 -977
-1465 -8636
4062 525
-3903 2094
6901 3074
-5753 -1633
-2618 13907
-3750 -5504
-522 6773
-6266 -1357
-2378 -458
-1739 -2046
1261 -4908
-1190 -4953
2898 -1589
7832 6950
-270 1481
2213 -227
-403 1918
3076 -4722
-984 -4522
4092 -3395
3079 -7470
4615 645
-2790 -2726
-1388 1195
500 5058
-10575 2993
-7657 2718
189 -6359
-2562 4573
1925 -9362
-1428 -3633
-5026 132
-9483 -4215
499 365
296 -6517
-1169 3567
-2538 -6300
2456 -1028
-4467 -3604
866 -3110
-4325 1287
3838 2437
-4686 3444
-1459 6143
-855 2546
-3472 -1103
-1550 -8259
2404 8527
-903 -3201
4508 5633
2604 342
6524 -4749
-3255 320
4172 3345
140 4246
4897 -9
7165 -5515
-440 -4892
-2195 1388
-411 -4079
-7452 3131
581 -4264
-4971 -5315
2743 974
-5952 3727
1484 -1129
-184 -5139
-2122 5466
6602 -1093
1792 8610
6623 -2225
-5320 -6173
-4139 3688
5024 -10961
2140 -314
-2510 -833
-3017 -6024
-2926 5573
-441 3900
-6633 -13369
-1610 152
247 -2083
-507 -4265
-7996 -5698
7493 -6931
1704 -1098
-1347 2397
-219 3353
-1497 3105
-285 2208
-3266 429
5847 8186
120 -3514
-4012 -2124
-3880 -7709
-2120 4510
718 -866
1493 -3443
1491 1611
-4942 2449
-1313 8739
-7029 -1270
155 626
-266 176
633 1923
631 288
1515 -2334
-329 5669
2567 1275
263 -1911
-2909 -881
-4655 2323
-4475 1796
-4888 93
-2365 -7821
-1111 6957
-2348 -4424
-3870 1682
1034 -5407
-704 7828
-4109 -1637
-1012 -1908
-3066 2395
1080 2122
-1482 -3933
-1312 3561
263 -5165
862 -3475
5049 -235
3170 4030
3189 -3023
1549 428
-3299 -4748
1820 1304
-167 862
403 -4811
349 -2631
2415 1394
1017 -80
-496 2638
910 -1737
108 263
403 -1276
362 -1072
325 -1309
947 -716
752 -1144
886 -229
182 -60
667 -179
605 -319
347 -387
359 -247
462 -307
392 -254
394 -332
357 -297
378 -244
347 -272
355 -270
334 -259
330 -238
327 -218
307 -238
321 -215
299 -226
300 -224
286 -219
287 -214
298 -193
284 -228
304 -194
248 -189
291 -211
275 -192
268 -192
272 -228
270 -199
275 -195
265 -161
268 -187
235 -182
243 -188
248 -183
235 -166
250 -159
236 -156
257 -174
225 -172
238 -164
236 -147
240 -159
211 -156
229 -145
215 -150
230 -136
213 -152
222 -139
212 -150
211 -134
216 -148
220 -139
204 -123
229 -138
188 -147
218 -131
218 -130
223 -149
202 -114
199 -129
206 -130
214 -112
199 -116
195 -113
205 -116
197 -135
202 -118
199 -121
189 -117
192 -107
200 -117
173 -122
201 -129
202 -118
193 -112
191 -104
202 -115
179 -102
192 -109
181 -91
188 -103
200 -99
184 -106
185 -100
198 -108
183 -100
180 -103
170 -95
180 -93
177 -91
182 -85
171 -80
189 -95
181 -105
190 -83
177 -101
158 -94
179 -99
166 -87
173 -103
182 -78
166 -93
167 -85
180 -89
177 -84
161 -85
174 -67
177 -69
161 -64
181 -86
174 -89
172 -87
170 -71
168 -78
167 -90
165 -73
182 -77
160 -73
180 -90
168 -81
176 -48
158 -63
171 -62
167 -54
167 -77
154 -79
164 -75
167 -56
166 -65
160 -66
161 -88
153 -70
174 -55
153 -100
154 -76
171 -57
170 -65
145 -61
168 -71
167 -57
169 -68
149 -47
170 -62
163 -68
154 -58
168 -54
160 -54
154 -57
154 -61
174 -57
155 -70
160 -62
145 -61
159 -34
164 -68
175 -37
148 -60
174 -46
156 -51
163 -61
153 -40
140 -31
164 -49
148 -44
168 -68
164 -32
171 -67
142 -52
151 -46
152 -49
151 -41
157 -21
152 -38
152 -39
171 -42
147 -15
169 -55
160 -54
168 -52
167 -39
147 -32
161 -40
169 -41
164 -34
161 -39
160 -28
147 -24
135 -41
148 -50
163 -34
156 -38
148 -44
152 -47
146 -51
141 -32
139 -34
150 -17
146 -58
138 -14
136 -45
151 -19
156 -35
149 -40
131 -20
142 -59
138 -20
144 -44
150 -21
149 -38
142 -20
146 -29
152 -46
140 -12
154 -35
144 -35
150 -29
150 -34
155 -34
141 -21
139 -24
145 -36
139 -29
140 -8
153 -14
147 -8
135 -24
154 -16
148 -22
151 -27
147 -24
141 -11
150 -22
144 -14
150 -11
144 -27
143 -24
140 -23
145 -14
133 -13
131 -19
143 -4
149 -26
154 -23
148 -27
134 -5
141 -28
137 -2
156 -3
134 -14
150 6
140 -16
149 -17
139 -5
153 -16
147 1
165 -7
141 -9
152 -6
154 -9
129 7
134 -11
133 10
153 -13
139 1
139 -2
172 -12
146 5
125 -8
148 -12
133 -7
147 -3
154 -9
140 -8
134 -8
159 13
154 -10
147 -20
153 0
137 3
144 -13
137 3
166 17
146 2
133 13
141 12
141 3
137 1
141 11
139 -7
153 18
130 12
132 -6
137 18
142 -12
142 9
146 10
149 -8
165 13
145 24
142 13
143 11
121 13
122 12
150 19
143 18
145 17
140 -5
143 3
133 7
147 0
142 4
135 -1
143 5
149 14
150 19
124 10
146 25
136 20
141 8
122 -13
129 17
132 12
161 42
140 13
151 17
140 2
137 14
136 17
153 18
147 15
149 16
155 12
141 36
121 28
130 36
152 -1
139 11
146 23
146 22
136 9
134 29
163 22
144 11
132 22
129 31
131 25
133 20
141 25
131 37
137 27
139 30
134 21
119 47
127 24
144 41
144 27
145 14
142 30
144 21
132 32
142 39
130 28
132 28
132 36
129 42
139 35
132 29
155 29
138 33
154 29
147 30
139 43
152 38
135 37
143 40
131 35
120 34
147 24
140 30
144 45
141 34
137 41
154 41
131 33
140 51
146 47
152 31
136 35
146 37
130 53
138 30
141 38
143 66
149 45
124 53
128 42
148 46
142 38
135 58
144 34
144 51
156 57
149 57
140 51
148 48
159 52
145 18
154 42
146 64
159 46
157 43
144 43
147 42
142 52
146 61
148 54
151 69
145 43
148 57
154 56
134 53
134 52
140 41
135 39
141 63
148 50
139 46
139 59
150 54
148 59
157 52
153 62
165 62
134 64
145 60
133 64
163 65
151 63
161 67
157 56
143 73
146 79
171 49
145 52
144 55
143 51
134 84
169 67
138 49
145 61
164 56
138 82
149 73
144 49
137 69
154 61
149 82
159 74
145 75
156 61
143 62
162 71
153 63
157 55
165 67
156 74
153 76
153 92
149 79
142 71
136 76
154 74
146 63
160 78
149 103
143 77
132 67
145 100
152 101
171 99
169 81
160 92
153 99
149 76
159 73
159 94
167 84
151 89
157 92
147 90
155 95
153 105
159 98
138 97
174 87
159 97
173 100
169 100
155 97
165 97
156 104
155 82
160 97
152 96
165 93
157 89
179 85
155 114
158 102
163 90
157 105
176 97
157 112
166 99
178 117
178 97
169 112
174 111
159 105
167 103
170 102
152 110
169 126
169 117
164 112
170 120
166 117
169 100
175 108
167 120
186 104
171 108
185 131
187 128
174 125
184 128
179 112
167 138
181 136
161 114
184 114
180 128
165 124
195 122
176 139
180 148
189 132
192 137
195 130
199 123
183 130
181 140
198 142
201 155
198 128
188 136
182 145
187 140
210 139
196 152
204 142
207 132
204 132
191 153
204 138
198 155
195 132
206 165
201 182
215 154
222 156
226 155
213 143
207 149
200 155
230 156
209 151
238 166
207 148
240 149
244 169
224 191
258 167
236 189
246 157
243 174
258 174
229 180
234 150
256 173
240 181
254 172
274 189
262 185
288 173
259 191
263 211
259 173
280 181
275 184
284 186
277 188
298 191
295 195
286 204
304 213
314 203
303 196
329 208
317 216
328 191
340 197
323 212
347 211
368 215
367 213
380 201
387 240
391 190
431 194
430 271
489 302
560 362
456 244
708 96
723 254
307 235
1055 218
331 169
695 -85
240 -957
828 310
626 -71
-498 1364
327 -398
-253 539
-1486 1141
910 -1399
-2226 3664
-1510 -487
692 1129
-325 740
3464 1809
-3236 619
-2245 -2150
-1304 6760
2302 534
2678 1653
1148 856
1321 -3336
-3568 -4302
5982 1267
4208 3021
2386 -3243
-3573 -2746
4896 -210
5859 -2357
-4051 -1397
-1366 1510
4208 -5242
1846 -4962
5598 -2103
-4550 511
642 4090
3183 -3978
1817 -4186
1402 -1331
-45 -2194
1924 -2486
-5000 -1873
-3395 1903
-852 13585
4811 -1960
-3460 -1246
799 -8331
-3032 3224
308 9036
1413 -1694
3713 -2656
2038 -2138
-1071 2803
-2655 -717
-2296 3200
-1442 560
-2159 -778
1933 -1227
-407 -6127
3292 -1566
-2253 775
-6515 907
315 1688
827 3791
1748 -5120
-11705 2038
-2077 -1804
7504 197
5454 4479
88 -3611
-8239 1954
-3407 10147
-1416 6869
-7094 5739
1100 2152
665 5879
1965 2123
-10322 -278
-2909 2940
-1180 1860
-7806 -7493
-819 3378
1850 -7094
4503 9819
1081 -3206
-1191 680
6854 -5569
488 -5339
-2192 1290
-9110 5290
3382 -1085
305 -7284
5198 1788
38 -6302
1371 -2827
4941 4257
-1997 -2168
1449 -2213
1004 1046
-6000 -5211
5643 2222
928 -3278
-12612 3284
-1027 5014
3401 2619
-5772 -1645
-2679 407
4359 -2188
200 -32
-3414 -9094
3300 2347
2711 -3997
526 2565
3220 3691
-8937 -5691
-155 -8132
301 1318
2081 342
-8190 -6339
-3878 3891
5798 -6079
-1991 -1844
-469 -2726
-5128 -8713
474 6118
-3719 -238
9642 2036
4367 2924
3511 -1497
2043 3909
-585 -6007
1535 100
-1539 -31
-937 1427
-5036 1473
6469 2429
-1634 -4065
162 3665
-5577 -1829
557 1312
-5531 1008
-1685 702
-4266 -3299
-7107 -237
3774 7914
-2891 -6348
-5847 -1765
4494 3989
-1348 -2244
-1487 1014
6031 411
-774 1189
6415 -3480
7172 2332
6505 -3683
888 1769
2107 -2727
-230 7116
-3356 -1884
-340 5801
-5715 3684
-2919 -2810
-2873 1105
2496 -3986
-3571 1957
-1501 1636
7176 6972
-1353 8232
4279 -7606
2326 -5717
1498 -11781
4192 2926
-1371 -3868
-1790 -4421
10363 -1278
4606 4282
5179 177
831 174
3292 -7264
-2285 6583
-765 -2936
-2201 -591
-5434 4221
-1337 4356
-1755 -6175
4667 -1267
-8496 -3334
2299 -6115
-3951 4114
3988 -15
3974 -2240
3008 8962
-5 2464
4231 -3426
3688 5048
2366 6149
-4345 7200
800 1192
4394 207
3869 -330
6160 -4804
-1229 -7749
-6819 -570
3857 1480
9226 -2179
-9911 -9462
-3373 -749
3983 1150
-4906 1593
2115 2004
570 322
-4553 -9208
2528 -1220
583 6625
2074 -7432
-811 2710
-2813 44
57 1660
-3360 2081
1475 4695
5409 606
-3491 -3344
-1036 -4463
-3129 2142
1743 -2722
577 -10772
1935 -2402
6708 -6184
-3369 -496
-4364 8269
4278 -2469
-5718 -988
2184 2222
-5424 -3454
-1193 1943
3877 2860
-6147 -6185
-5715 -4689
-1995 -8033
-788 -6077
-8621 2425
-5800 -3613
3635 -7211
3432 -2473
4366 -7829
7368 -380
-1068 2688
-2157 6025
-3735 2415
3333 593
-2257 -1642
-2809 -6848
-2870 -2592
-5358 0
-1222 5071
-1522 -4285
-1287 -4353
-4497 -1595
-3071 -2733
2199 1602
-5256 -4264
-3804 -750
717 -612
2280 -1670
-2710 4643
-1546 5725
-3358 3591
-2375 8252
347 2957
685 842
-9125 368
-2490 -1299
1242 -4353
-747 2953
-3937 -3278
3701 1596
-5615 1460
3196 3220
30 459
-2026 1585
-360 -2919
-2080 -3737
-1273 -3166
1298 3356
5832 -1042
-7901 5723
10482 -2300
-7049 2396
549 525
-5645 -3970
-2365 73
-3327 411
-1748 695
-66 -3107
-1885 -1110
-2844 5087
-1736 -2831
-3824 3414
4067 2552
-7357 2967
-3164 2086
-2611 2719
4628 8304
1374 -33
-2017 420
3697 4308
-5871 -1160
-548 780
-4363 -866
1788 -1806
513 -2899
3640 2228
-3983 -600
4909 -2623
5495 -1883
-4831 3964
-3846 -1245
9785 -4802
1693 -3213
4547 -6102
-2172 -4128
1357 124
-9592 4103
1815 -11815
-4092 4734
3201 -576
-997 4055
1315 -1321
4011 4951
-409 -4717
839 -809
7151 -751
3462 -3849
-8237 498
-3709 166
5179 -1786
-3913 2439
-2589 1016
2517 1332
393 6995
1851 -1746
4243 -10456
3369 1473
3697 3295
-3583 -3436
1086 -3890
-1838 -4702
3120 -5450
-415 -1209
1645 -333
-2152 -2220
-4243 4207
-2194 292
-112 364
-3760 353
-4178 -2627
5272 -2051
7233 3420
-2870 3783
-2648 5436
-87 816
-2396 4442
1584 569
-2120 329
-5046 2387
1839 -1104
729 1409
-4083 642
-2537 1834
-123 -203
4 1603
491 105
207 -320
-264 1700
-945 -230
-533 95
-708 1018
-1330 758
-849 140
-684 27
-805 299
-586 184
-537 396
-493 281
-468 370
-432 299
-419 358
-417 296
-410 313
-401 303
-394 288
-399 290
-383 273
-382 270
-372 270
-362 250
-348 262
-336 243
-338 259
-330 249
-341 243
-317 260
-309 229
-308 220
-305 228
-303 211
-306 225
-294 219
-307 208
-291 213
-320 208
-284 182
-274 192
-270 182
-276 179
-275 196
-291 183
-251 183
-258 169
-261 173
-259 164
-263 178
-254 163
-268 158
-260 144
-272 153
-248 151
-251 149
-261 129
-255 134
-243 138
-240 151
-239 151
-244 123
-217 132
-224 131
-235 138
-236 110
-229 142
-222 118
-214 139
-227 134
-247 111
-218 134
-232 117
-215 123
-225 104
-211 106
-222 89
-215 95
-222 101
-213 94
-228 98
-206 74
-206 90
-199 85
-215 102
-220 101
-197 100
-206 91
-214 75
-201 81
-185 72
-207 80
-182 96
-194 69
-181 99
-193 87
-193 92
-175 83
-206 78
-197 88
-183 68
-199 80
-204 72
-192 55
-188 61
-178 69
-193 58
-175 69
-183 58
-161 62
-194 48
-182 75
-184 68
-167 57
-185 46
-197 53
-150 54
-173 54
-160 53
-184 45
-190 56
-175 48
-168 53
-153 55
-176 53
-169 49
-179 14
-178 40
-158 48
-159 38
-158 34
-172 38
-170 40
-160 32
-153 36
-145 35
-171 35
-172 66
-164 21
-165 26
-152 26
-171 25
-164 41
-152 38
-159 26
-162 35
-160 24
-147 44
-145 17
-147 14
-148 26
-166 32
-149 20
-154 19
-146 23
-146 11
-161 24
-159 28
-148 36
-162 29
-170 11
-163 24
-133 24
-151 18
-149 7
-157 11
-131 17
-146 25
-152 22
-132 35
-153 23
-149 0
-145 40
-159 11
-152 27
-150 19
-145 22
-144 15
-155 10
-143 -4
-132 -4
-152 18
-128 0
-140 7
-136 15
-148 19
-143 2
-126 -7
-126 9
-142 5
-150 -6
-144 -16
-137 -10
-142 14
-152 5
-141 10
-129 10
-130 1
-136 3
-126 4
-129 7
-144 -1
-119 1
-161 0
-117 -21
-128 -7
-124 -9
-139 7
-134 -4
-130 -21
-128 -7
-121 -5
-134 -13
-143 -1
-124 -7
-104 -1
-130 2
-128 3
-125 -20
-110 -21
-112 -17
-119 -30
-123 -11
-144 -15
-138 -3
-120 -21
-135 -23
-135 -9
-116 -10
-133 2
-120 -25
-124 -23
-111 -5
-117 -15
-109 -13
-114 -32
-126 -33
-116 -18
-124 -24
-127 -10
-117 -20
-96 -3
-113 -9
-121 -13
-116 -17
-104 -16
-135 -3
-112 -31
-101 -26
-121 -16
-102 -50
-124 -32
-122 -3
-123 -15
-112 -20
-101 -24
-94 -30
-113 -21
-107 -44
-99 -21
-108 -30
-94 -20
-101 -4
-105 -13
-102 -22
-108 -27
-119 -36
-127 -34
-107 -28
-89 -11
-112 -49
-108 -56
-88 -48
-107 -39
-105 -53
-106 -37
-121 -39
-95 -29
-109 -45
-91 -41
-103 -11
-100 -42
-114 -12
-92 -28
-118 -19
-109 -16
-114 -46
-89 -37
-77 -34
-125 -33
-108 -35
-83 -22
-92 -24
-95 -24
-116 -41
-99 -42
-100 -28
-112 -33
-103 -32
-93 -24
-97 -46
-94 -45
-84 -18
-98 -12
-86 -30
-113 -43
-101 -43
-111 -45
-124 -14
-94 -33
-90 -48
-92 -44
-93 -27
-96 -36
-113 -61
-110 -43
-86 -47
-81 -38
-115 -55
-99 -41
-95 -40
-73 -43
-100 -41
-92 -32
-65 -46
-107 -54
-86 -44
-85 -48
-91 -44
-77 -25
-94 -41
-86 -39
-88 -48
-101 -48
-89 -36
-75 -43
-90 -41
-99 -47
-75 -41
-90 -38
-96 -57
-79 -46
-84 -58
-98 -38
-96 -52
-95 -48
-80 -42
-83 -38
-85 -40
-96 -59
-80 -41
-81 -51
-83 -62
-85 -68
-87 -47
-77 -55
-73 -52
-86 -60
-83 -48
-61 -43
-83 -58
-94 -62
-86 -53
-86 -35
-98 -56
-93 -57
-99 -53
-86 -63
-83 -71
-70 -62
-66 -71
-83 -40
-77 -61
-82 -45
-87 -75
-75 -62
-70 -65
-76 -87
-68 -52
-69 -71
-83 -55
-77 -52
-96 -52
-85 -57
-82 -56
-80 -69
-70 -53
-83 -70
-101 -55
-77 -54
-81 -71
-65 -53
-76 -64
-67 -53
-59 -70
-68 -70
-54 -59
-61 -64
-70 -61
-73 -83
-79 -61
-74 -54
-84 -52
-71 -70
-84 -45
-50 -57
-73 -76
-62 -61
-71 -64
-70 -67
-60 -65
-60 -52
-80 -79
-64 -62
-65 -66
-68 -61
-80 -60
-77 -58
-70 -60
-59 -68
-67 -69
-62 -70
-81 -65
-74 -73
-76 -79
-72 -72
-67 -64
-58 -70
-58 -63
-70 -88
-65 -78
-58 -69
-56 -74
-65 -77
-62 -80
-61 -79
-65 -74
-55 -66
-47 -82
-61 -65
-75 -72
-72 -74
-57 -69
-70 -51
-61 -62
-67 -50
-65 -75
-45 -76
-50 -75
-73 -71
-51 -73
-41 -66
-46 -72
-50 -77
-68 -67
-34 -81
-44 -84
-71 -87
-61 -77
-61 -80
-63 -81
-56 -81
-45 -73
-48 -77
-62 -73
-62 -73
-61 -86
-60 -87
-55 -89
-52 -62
-45 -68
-50 -75
-53 -84
-41 -82
-61 -71
-56 -84
-33 -80
-60 -84
-54 -88
-44 -67
-37 -77
-53 -80
-52 -84
-49 -77
-38 -86
-61 -80
-58 -93
-23 -74
-66 -69
-50 -90
-48 -77
-47 -74
-45 -70
-53 -100
-44 -71
-58 -83
-60 -87
-46 -81
-37 -91
-52 -81
-41 -90
-53 -87
-50 -83
-31 -97
-41 -90
-36 -77
-35 -84
-44 -73
-36 -78
-43 -90
-37 -98
-40 -85
-55 -77
-29 -71
-39 -84
-51 -81
-34 -96
-31 -110
-55 -80
-30 -90
-40 -83
-33 -95
-54 -76
-41 -79
-29 -87
-54 -101
-46 -92
-41 -85
-16 -92
-27 -96
-36 -105
-31 -86
-49 -97
-20 -88
-21 -85
-30 -88
-39 -92
-23 -101
-40 -101
-31 -90
-13 -106
-30 -91
-38 -113
-35 -98
-42 -80
-33 -87
-14 -119
-37 -98
-25 -97
-20 -99
-19 -115
-27 -92
-31 -88
-15 -92
-32 -101
-20 -95
-24 -76
-41 -105
-14 -117
-37 -87
-21 -113
-4 -90
-15 -92
-16 -115
-3 -89
-10 -90
-31 -104
-3 -79
-11 -100
-2 -96
-23 -116
-14 -88
-16 -105
-24 -127
-19 -105
-10 -85
-2 -103
-16 -95
-17 -104
-29 -100
-6 -93
-20 -114
-22 -95
-3 -124
-4 -90
-4 -105
2 -120
-7 -79
-1 -86
-13 -104
1 -110
-39 -91
12 -123
-3 -119
15 -108
-15 -105
-10 -112
-14 -122
15 -109
3 -110
-5 -104
2 -120
-10 -102
-18 -96
-7 -124
8 -124
4 -114
7 -118
-2 -107
-9 -114
9 -128
-8 -105
3 -136
4 -129
10 -118
-2 -128
18 -130
8 -134
1 -120
-2 -126
4 -134
2 -135
2 -117
3 -144
0 -132
-10 -130
-4 -119
8 -140
52 -243
-20 -163
-105 -146
9 -147
280 -88
-217 -255
68 -28
-573 3
146 -20
138 -596
-1150 -406
826 -492
639 -1227
-58 791
-2240 -465
291 -27
2848 -170
1742 -189
1282 257
3164 1698
-301 734
-919 4268
-1036 -3966
3138 -1160
1561 623
-2364 -5658
2322 -1570
4127 397
-1249 2514
-9273 6053
-4112 -1249
-3517 2423
-1501 -2132
-3667 -26
4498 606
184 -2866
1554 -1549
1272 4170
1751 1736
6000 1334
525 143
3731 2916
-3856 7767
-1229 -2825
-2094 -3022
438 9608
3 -1515
3794 387
-1623 964
-135 -2248
-6440 -2597
6904 -2288
3847 -5068
-667 -864
-2799 1192
-4723 7514
-2496 1156
-872 2116
-7554 -1376
4007 -1667
2166 4179
218 3716
-5819 1312
1935 1324
-9920 8049
-2235 731
-9830 1206
4146 -2590
-1411 -4372
10604 -5224
4590 1749
1593 2993
1681 322
2506 -3172
-10297 9827
5312 1928
1699 1997
-379 -7330
-2805 243
-612 388
405 2463
758 -1714
-1937 -1165
-1662 -1130
698 -2950
-2060 -3889
-1226 -3595
1502 305
-5206 -3289
-3102 1905
2346 -873
6857 -13174
-1906 -4324
1090 -2918
-691 5187
-2041 -1238
910 2043
953 2336
-8000 -735
-3220 1521
-4310 -3553
-6390 55
-3893 709
1795 2158
-8460 -3824
662 59
-7580 181
968 2937
-2933 -6617
-6813 -4541
-3713 -6447
3467 -4640
-720 -151
-2303 -3340
5338 2358
-141 5004
1237 1690
3329 -5240
-779 3239
-6281 -1745
-2222 7013
323 -1712
571 -4923
2635 3930
1799 610
-610 -5162
2016 -1482
-4855 -252
6576 -6819
2411 -2336
4260 -3690
-91 102
-8982 3618
301 -2264
1937 5182
124 -825
1476 2016
1498 1343
-963 4372
-3771 -2491
168 -1956
5511 3034
2085 2750
347 -1892
-467 -4474
5331 5398
896 3341
-1140 -5911
-1844 9346
-3658 -6414
-4489 -1509
1689 2464
-7495 1081
-205 1783
-5461 -11388
5276 -5857
-3327 4285
86 197
2760 -3284
-3374 844
-722 -3057
-1894 5202
-2660 -5485
-3646 -1208
6037 -1740
-809 3167
-918 -4573
1942 5882
-3272 3648
5882 -359
2290 -331
3611 -4917
3364 -118
-1485 -7047
-9011 3318
4413 -226
-6661 7698
-2288 -1029
6878 -10295
9177 -214
-2542 1742
-3551 -2910
3851 2069
-1693 -865
4482 310
5076 -2262
9216 -2330
2701 -3136
-2201 -2259
4246 -5789
-1947 -2263
277 3447
3736 -2511
1979 -612
-3849 2009
1919 -4961
494 5608
-3225 2998
416 2379
-709 -471
6326 5843
2223 -5876
-11496 1647
-3570 -3668
-4378 6773
2409 -1666
3292 -5058
2535 -1063
-2367 3433
1831 -1933
63 774
1444 -696
-7338 -1028
6656 1953
633 4781
-6843 9326
-6414 3366
-867 1712
-3857 6807
-77 67
-3117 1409
-2175 1617
-2961 -3504
-3164 2721
-1780 977
-2947 -7401
-4452 -3634
-7732 5611
2140 -1794
5067 -1485
896 -1284
-3633 1516
3160 676
-749 3390
495 -780
-5706 3628
2808 -2369
1640 4681
-876 1055
-2954 -2850
-3139 -556
-3448 1557
-2023 -184
-3775 1177
-6747 -4260
-2201 10530
1999 1499
2594 -6977
-2928 -2838
-2726 -1427
2390 3005
3647 -649
5201 -4603
1866 -2840
5620 -6128
2576 6430
3568 437
1991 -5419
5034 911
7142 2088
3487 6197
553 7014
-507 -5040
1649 2147
-4730 2147
-3602 612
-697 379
771 7822
2815 7338
873 2771
-1737 -2802
-5181 3643
-1953 1467
5260 -73
1703 -1136
239 -591
315 5780
-5327 -3997
3167 -2521
5023 1413
-5867 -2745
6736 407
3293 2116
-9841 3078
-7434 3556
4170 689
3887 -2213
797 3873
-2241 146
-2013 1002
3318 -3515
1875 2718
7021 3232
4319 -3161
-5114 -5462
555 3495
-6643 -4199
7441 -4070
-3369 923
2235 -4274
3908 5784
2920 4152
-8588 6717
-1635 -881
-3329 650
1711 -12686
3983 -7063
555 2755
-1486 -1914
-3156 -4381
-2888 -344
-3241 3720
4052 4556
-125 7826
-1228 -6082
418 9580
-917 1367
845 -1048
-6734 3966
3147 1924
-562 1526
-5329 3816
3091 -1767
-1530 -1988
8779 1282
-716 -197
3008 1426
2901 -5665
8393 -4169
-3578 -4659
-1271 -1486
-7142 980
2268 434
4206 2456
10828 2905
-276 -1326
-690 2126
840 -2089
2397 4173
-1491 -5555
3228 4419
3180 -3180
4293 -7364
-2772 2229
-1726 3887
-6759 4507
8082 5496
1464 -421
-1403 -8863
1885 928
8531 -2452
-606 3432
793 -1340
-6465 6138
-3626 -2304
-3757 2059
4471 980
3036 718
2206 -5699
-933 -5686
2015 2384
660 -7685
5283 2578
-1821 -2761
-4910 -4205
-1925 2432
-216 967
-761 -2341
-4331 -1482
1436 2965
-1039 -414
2578 1710
-290 807
-757 183
1382 1722
3307 476
-640 -1080
1775 -133
-1029 566
1466 -1294
1003 -609
-1015 -504
210 -273
585 -347
360 83
356 21
163 -18
453 -216
344 -76
159 -53
311 -19
257 -21
311 -14
292 -55
256 -34
283 -27
269 -33
255 -30
248 -22
258 -19
238 -21
235 -6
221 -15
226 15
223 -1
237 -3
219 -10
199 -19
204 -1
193 -5
213 1
198 0
212 -12
199 5
186 18
163 18
172 5
193 18
184 22
189 11
187 8
164 17
179 45
173 31
186 32
161 37
164 26
168 42
150 30
176 33
146 44
163 34
150 46
156 31
152 53
155 33
156 37
134 38
140 37
142 47
138 35
147 72
138 56
111 56
113 60
129 45
118 47
113 56
119 51
142 43
123 56
106 56
118 47
127 50
118 56
96 60
113 64
126 46
124 65
118 64
119 55
119 62
109 65
101 71
123 69
100 67
102 68
102 66
92 82
100 82
92 76
105 62
91 63
83 74
108 74
76 84
112 65
104 55
97 79
95 61
78 70
87 58
84 64
82 65
87 81
103 62
76 74
83 72
80 63
91 63
70 97
82 79
87 74
77 71
79 80
89 74
68 77
67 71
71 66
85 110
66 64
64 81
83 72
56 77
54 84
71 85
65 80
71 95
78 91
44 79
51 68
74 83
50 94
88 74
59 75
73 69
52 95
84 67
65 73
48 78
54 81
72 79
56 98
39 66
60 72
56 70
36 91
57 67
36 73
38 75
48 66
50 63
57 79
63 77
47 87
42 83
58 84
21 92
36 88
32 79
34 81
62 91
49 68
49 82
29 72
51 87
55 82
38 92
40 72
52 79
31 82
29 81
25 79
34 74
27 66
31 98
28 95
31 78
12 75
38 86
36 74
41 82
32 81
34 79
23 85
29 83
25 75
13 83
20 86
19 82
41 90
10 90
28 88
27 97
7 74
41 82
24 81
25 88
27 78
23 79
14 108
14 82
14 81
14 76
35 73
9 88
-1 86
20 62
14 92
-2 81
8 64
25 69
28 85
16 89
3 93
11 99
9 68
3 80
9 71
0 72
-8 68
21 84
12 87
5 101
2 69
17 75
-7 85
0 75
5 68
13 85
15 86
17 90
12 87
-14 81
-4 77
3 78
12 69
7 74
-5 88
-1 77
-18 81
-16 70
-10 86
11 78
32 65
8 84
13 73
3 92
3 83
-9 72
-4 85
13 86
8 82
-2 65
-15 79
-17 90
-1 88
-10 79
-5 66
6 80
-20 80
-24 84
-7 88
4 82
-9 82
-8 58
-7 78
-11 85
-16 94
-21 101
-21 74
-16 75
-7 90
-13 89
-5 87
-32 77
-12 76
-18 75
-25 96
-14 84
-11 76
-23 79
-24 89
1 82
-31 67
-6 69
-11 79
-15 102
-13 82
-6 81
-13 91
-27 91
-7 78
-39 78
-12 57
-20 79
-19 83
-31 69
-29 92
-11 90
-24 102
-18 83
-31 79
-18 77
-19 65
-14 83
-24 89
-28 77
-29 62
-23 50
-26 85
-38 78
-36 71
-20 81
-37 73
-20 59
-8 81
-25 64
-43 77
-35 78
-42 74
-21 76
-30 67
-32 82
-32 65
-38 68
-48 87
-26 86
-40 69
-37 82
-42 82
-41 63
-37 67
-55 71
-31 86
-40 80
-46 74
-38 67
-41 77
-32 75
-48 96
-41 75
-35 89
-38 77
-39 71
-31 57
-33 76
-37 78
-64 65
-49 69
-18 72
-38 75
-44 70
-46 60
-38 60
-40 76
-54 72
-52 71
-49 78
-36 61
-44 71
-56 60
-50 73
-39 60
-53 62
-50 69
-65 80
-52 70
-55 70
-49 60
-51 82
-48 66
-48 54
-59 58
-60 67
-58 67
-51 75
-58 76
-44 74
-72 81
-52 73
-54 76
-53 67
-63 67
-61 63
-72 49
-49 56
-62 70
-56 61
-62 66
-47 59
-59 85
-67 74
-36 68
-47 56
-60 62
-59 55
-61 54
-69 82
-54 49
-55 56
-66 73
-41 69
-76 77
-73 69
-46 67
-65 72
-77 66
-70 68
-75 79
-77 45
-78 55
-67 58
-59 65
-58 51
-80 40
-61 66
-57 44
-82 56
-54 66
-53 57
-65 72
-75 79
-89 62
-54 64
-78 53
-92 67
-87 62
-67 58
-81 41
-57 55
-73 67
-76 68
-61 47
-66 50
-70 55
-84 54
-98 51
-88 52
-75 53
-91 55
-71 63
-92 72
-67 64
-84 72
-97 63
-81 47
-75 58
-83 58
-89 51
-75 62
-102 60
-79 73
-85 50
-107 48
-83 27
-94 62
-77 47
-76 39
-75 42
-88 68
-93 50
-93 57
-91 41
-96 51
-116 52
-105 44
-84 44
-90 49
-99 42
-80 42
-95 38
-79 39
-98 52
-113 52
-95 66
-85 44
-115 64
-94 44
-111 32
-101 32
-114 42
-94 41
-97 54
-107 52
-99 29
-113 46
-100 44
-110 43
-114 37
-106 57
-90 48
-109 50
-115 51
-101 34
-119 43
-110 51
-129 64
-106 30
-122 21
-118 72
-102 24
-103 36
-103 25
-111 27
-137 30
-106 43
-115 52
-120 29
-117 35
-105 42
-141 45
-124 28
-137 40
-119 21
-118 28
-117 26
-111 21
-124 41
-118 34
-123 25
-108 28
-130 14
-132 53
-126 21
-127 32
-129 51
-111 30
-141 37
-129 18
-121 32
-129 10
-158 27
-134 46
-127 33
-142 19
-140 18
-132 37
-144 28
-127 28
-134 25
-152 5
-142 22
-161 22
-151 22
-142 19
-157 27
-156 27
-152 0
-155 -4
-166 14
-161 9
-142 2
-165 17
-180 -6
-161 8
-162 0
-170 23
-154 21
-173 13
-144 15
-170 19
-156 1
-162 1
-164 13
-162 1
-172 -8
-151 3
-167 -6
-161 4
-198 5
-167 -9
-163 3
-176 -1
-181 -2
-168 -15
-204 1
-180 -6
-186 6
-188 -7
-183 6
-197 -18
-182 -13
-200 -20
-191 1
-195 -20
-185 3
-193 -11
-199 -3
-202 -4
-214 -2
-211 1
-218 0
-212 -12
-229 -8
-223 -18
-227 -15
-217 -20
-230 -6
-231 -14
-224 -7
-235 -7
-239 -29
-237 -23
-218 -38
-245 -9
-266 -24
-248 -29
-261 -17
-273 -31
-270 -4
-273 -29
-272 -33
-283 -17
-276 -36
-281 -57
-291 -40
-291 -37
-287 -32
-315 -28
-310 -47
-325 -25
-327 -56
-331 -39
-346 -32
-338 -24
-321 -40
-373 -40
-392 -64
-438 -114
-429 5
-311 -310
-566 -305
-401 -17
-241 230
-245 95
40 -250
-781 -34
-371 289
-675 191
-382 -1291
-108 -737
-2401 -1095
-1485 -1454
-1046 1839
-536 882
-876 -1524
418 845
-2664 3494
-403 -2202
506 2095
-510 1059
3932 1799
4971 397
-1954 850
-3093 508
371 -303
2215 -6742
-603 1281
-692 -2711
4482 -1396
-3540 -3624
-1086 9304
-9215 -3823
-7162 -8221
-938 1194
-1749 208
1740 752
4027 -7490
795 -4770
1877 104
-2028 -4198
-1548 -942
-3563 -1653
5321 -3888
1457 -2197
-5823 3573
792 -3044
-3231 6274
-2089 -11803
2992 -1439
2346 7902
150 -1643
3649 -4440
290 2384
5244 3204
-782 3377
3901 -2470
2009 -7659
-8697 -1624
-7736 3023
-4084 773
-1576 -1392
-1881 2835
3597 1300
9581 4558
7386 1366
-2090 8955
-433 -3522
-5493 -4387
2896 9927
-3303 -465
1207 -898
-4139 -454
6044 -640
-6616 5494
-2972 3629
5903 -1863
-11025 5035
921 -7283
-3259 -3754
2703 -2927
2512 -4894
6087 -3510
-1724 -4366
-2302 2128
1336 7713
-5527 5019
6061 195
-336 -5291
-3749 -6368
32 10886
4617 9447
-8765 7751
6702 4724
660 -3388
4582 -8475
-5127 -691
-1058 4059
6003 -6049
307 -5204
8891 -2902
4325 -5616
-4095 1847
-2107 2024
-3223 -3942
-5700 2213
7745 683
742 -10057
-3321 140
2924 -1719
-1984 -1022
1059 476
-989 3380
2218 -89
163 -3466
-3150 4486
-4498 2581
-2164 2621
218 6949
-2617 407
2016 -5229
-1833 -4571
-3344 1620
-1788 -1947
-2760 -153
544 9364
10554 -6055
1699 6431
615 -1163
2777 -12124
-416 -4811
-929 350
6877 -1549
-1836 1140
4865 3869
4515 -2318
-4399 1359
111 -1830
1440 4660
-521 2422
2682 -2460
-4342 -4394
745 -379
-6081 -6882
-1993 -2981
-905 2450
-875 1317
-3995 -887
-4724 1546
-2066 9496
2454 -917
-3625 -5114
-2943 -212
-835 -434
1052 -404
-2354 -1011
-3034 3863
-10441 -3585
-1678 1136
3797 859
4495 -3147
-3769 -2444
1269 -992
8603 881
-261 -6796
619 -5832
4969 3021
3882 -1557
-1980 -13
3045 -8311
2200 -4886
-3473 -4576
3680 16526
-284 5542
2211 -930
-6295 2383
-2447 -1031
-4257 1601
-732 7362
8645 -5727
-2717 -7827
1777 6346
1282 5924
-214 -1447
2422 -2230
-5190 3885
1315 -3722
5267 -477
-2436 -865
4866 11405
2505 4052
-9837 -1637
1369 -2121
-1152 2619
-6151 3225
3483 -6624
-4617 1448
4534 -1744
2243 -3030
3111 -2099
4197 1041
-1759 324
-1371 848
2565 11233
1931 -3770
2413 1976
1951 -7602
3061 -4151
4882 -937
3153 1174
-6049 -865
-709 5814
1100 -3378
2073 370
-1463 924
3310 539
1666 -823
5131 -6648
-4180 -829
-1946 7484
2082 881
-691 -7684
2898 2391
-10186 3407
4718 -2282
-2966 -1923
-1079 -2947
5435 -770
5895 3052
-871 2628
2615 -2652
3180 -2151
3872 -1847
-1123 2731
2449 1880
-3552 2835
2606 2223
136 991
-5721 -5738
1906 2136
748 -7636
-3673 669
-485 1231
10639 -3532
-1137 2514
-9283 -1559
916 -3052
720 -3913
-5802 3905
-3878 3093
-1568 2778
1479 2309
-2146 -1345
-951 -10031
2221 -969
-2492 853
9026 -5969
373 492
4090 2893
2698 -6777
-664 -2249
641 455
1675 -3823
-5232 -1206
467 -2813
4558 -3549
-2058 -2050
3922 -9269
3123 -1841
-540 -5393
-2353 -478
6435 -7
-6076 -3902
4269 -4843
2072 8271
6918 -465
-1384 -6679
-5149 -5044
5488 -7933
-6117 -628
-9311 5329
-4381 6099
-732 -527
-2160 163
4193 -6193
856 -1944
-869 2811
3054 3865
-2421 -3509
2285 723
11566 -1453
-2192 -3346
1219 862
-649 3580
2566 -2084
5956 -2214
-3752 2489
-4760 8422
-5652 -5846
5798 2680
1904 -906
-1859 -307
-1754 -153
-8540 8682
3340 6726
-1661 -2436
-3763 -3445
2549 -867
-1315 5561
-2447 4241
-1852 -8538
-6649 -7459
2102 936
-3352 -2027
-403 -5843
-1521 1535
2854 3934
-3106 -1709
-2538 682
4062 -493
2952 2064
4353 -7474
-2592 -4347
2216 1073
-3343 4365
-34 -4900
-502 -3797
-5058 5919
-5002 -5651
13342 804
-1789 -1237
2826 -2991
1036 -1212
497 1567
-7681 2721
6325 -713
1027 9052
-1500 -1774
878 -4973
-2544 -4743
3451 -6051
-8939 -2738
-1716 4125
-3006 -4056
-3253 4990
-3995 -2721
-657 -2903
2240 -6469
-9720 -1075
6972 -629
-2400 -1245
-3460 -2887
-10663 2006
3109 -2437
1937 4893
3043 -573
213 1761
2695 2066
1458 2882
-4113 -3602
3553 8398
1092 -2034
-2963 9
425 -3704
-2415 2893
4260 6502
-544 257
-1483 5335
-200 -1228
-3785 -2365
1358 -1208
-1855 3391
3407 2429
-413 -1273
-221 -1241
787 1462
-3363 403
-1122 -313
-29 -294
-1924 -323
-1226 281
-890 232
-206 209
-592 -47
29 -356
-207 -369
-340 -20
-421 49
-337 -40
-286 -8
-295 24
-296 -36
-322 -37
-323 -38
-295 -42
-290 -53
-289 -53
-277 -42
-264 -52
-268 -51
-278 -47
-242 -61
-250 -43
-249 -58
-243 -61
-240 -44
-223 -56
-243 -74
-212 -63
-218 -68
-226 -67
-220 -61
-209 -79
-191 -83
-206 -72
-201 -75
-200 -74
-205 -75
-205 -72
-194 -68
-193 -74
-205 -82
-181 -62
-172 -80
-171 -74
-170 -76
-153 -71
-161 -64
-177 -78
-168 -75
-172 -77
-151 -74
-158 -71
-164 -74
-164 -71
-160 -70
-139 -67
-142 -86
-159 -91
-148 -86
-135 -80
-117 -82
-149 -71
-138 -86
-133 -93
-115 -64
-132 -97
-128 -93
-118 -98
-122 -84
-120 -83
-128 -84
-115 -85
-136 -89
-114 -77
-118 -96
-102 -71
-124 -99
-107 -83
-119 -98
-108 -70
-103 -70
-98 -93
-95 -91
-107 -77
-111 -106
-91 -89
-90 -79
-103 -74
-126 -91
-112 -85
-105 -103
-91 -83
-85 -88
-88 -86
-79 -94
-85 -87
-100 -93
-101 -77
-83 -89
-82 -93
-86 -91
-110 -90
-91 -106
-75 -92
-73 -85
-83 -97
-86 -83
-80 -92
-66 -83
-77 -108
-82 -92
-82 -95
-91 -75
-71 -72
-79 -71
-58 -100
-68 -98
-61 -96
-60 -94
-80 -95
-79 -86
-66 -84
-69 -114
-63 -104
-88 -94
-61 -85
-75 -83
-57 -94
-58 -75
-51 -71
-54 -106
-64 -86
-52 -80
-77 -102
-54 -77
-55 -102
-47 -88
-50 -96
-57 -97
-60 -74
-48 -89
-49 -91
-40 -90
-58 -101
-51 -79
-43 -96
-48 -96
-35 -86
-66 -99
-54 -83
-42 -96
-57 -96
-26 -94
-38 -99
-20 -82
-44 -87
-40 -74
-29 -83
-32 -75
-45 -104
-40 -100
-41 -96
-47 -82
-41 -96
-47 -92
-36 -105
-15 -106
-37 -86
-39 -107
-36 -91
-23 -92
-46 -82
-46 -70
-8 -85
-36 -91
-33 -71
-46 -99
-23 -85
-21 -85
-42 -81
-51 -77
-27 -83
-27 -102
-11 -93
-25 -68
-40 -83
-30 -80
-18 -61
-17 -84
-34 -81
-18 -97
-16 -95
-40 -85
-9 -70
-13 -103
-22 -89
0 -98
-33 -74
-52 -76
-18 -86
-33 -89
-37 -76
-14 -97
-15 -77
-16 -96
6 -82
-20 -83
-4 -77
-5 -77
-29 -98
-4 -98
-5 -73
-30 -89
-4 -93
-16 -78
-19 -90
-16 -84
-5 -65
6 -80
-12 -83
-10 -91
-4 -96
-23 -92
-13 -91
-5 -79
-15 -85
-1 -76
-9 -88
12 -67
-13 -75
7 -83
-21 -88
-4 -90
-8 -94
-8 -89
0 -67
8 -94
6 -66
-4 -106
15 -84
3 -79
12 -80
-1 -77
-5 -90
4 -88
7 -68
-8 -88
-6 -71
-4 -81
-6 -81
11 -95
6 -71
8 -88
17 -79
18 -77
11 -83
2 -88
25 -66
19 -93
20 -89
22 -92
14 -70
1 -68
7 -74
24 -91
10 -74
-4 -89
17 -88
17 -66
9 -72
-2 -84
27 -88
-10 -75
-1 -82
19 -69
8 -57
11 -79
9 -76
4 -96
22 -71
-5 -79
24 -74
15 -68
25 -73
5 -85
21 -72
11 -71
11 -75
41 -85
6 -91
23 -70
19 -83
26 -91
27 -70
13 -78
28 -62
30 -72
48 -71
22 -84
16 -73
27 -96
36 -79
20 -65
10 -70
15 -77
12 -81
34 -76
20 -76
19 -81
11 -62
16 -67
38 -65
22 -77
27 -63
24 -72
18 -92
30 -73
42 -64
14 -86
25 -79
26 -80
42 -76
23 -71
27 -70
35 -80
29 -59
35 -76
37 -49
47 -80
32 -77
25 -88
37 -67
59 -52
25 -71
37 -64
24 -76
33 -58
33 -47
36 -73
32 -78
49 -92
28 -78
41 -64
41 -35
51 -70
47 -60
36 -83
62 -65
36 -73
39 -62
27 -68
46 -77
57 -70
54 -56
42 -59
23 -65
55 -51
60 -59
28 -55
58 -66
40 -61
33 -67
45 -72
52 -73
45 -61
32 -70
53 -72
67 -58
43 -55
42 -67
22 -43
64 -65
36 -51
55 -41
67 -73
46 -52
69 -65
51 -55
60 -69
39 -53
45 -74
43 -72
54 -53
51 -56
49 -51
51 -73
60 -46
62 -56
54 -55
50 -60
40 -61
46 -60
42 -59
50 -64
51 -61
53 -64
39 -45
60 -55
48 -67
49 -42
61 -64
77 -65
59 -64
56 -49
63 -55
48 -53
62 -59
59 -39
60 -48
61 -71
72 -43
62 -62
57 -47
55 -38
56 -54
57 -63
61 -50
73 -56
54 -52
74 -42
74 -58
46 -60
70 -52
46 -60
59 -51
70 -44
52 -42
52 -55
75 -50
83 -60
65 -65
69 -24
65 -39
89 -47
61 -47
68 -64
72 -49
58 -56
61 -51
76 -23
68 -61
89 -45
78 -31
56 -52
67 -38
71 -58
64 -61
56 -53
66 -36
65 -66
80 -41
59 -52
68 -48
67 -37
81 -45
80 -49
87 -37
85 -45
80 -43
93 -51
90 -26
79 -24
92 -39
76 -46
79 -42
90 -57
72 -30
75 -41
85 -31
65 -27
88 -37
75 -40
90 -35
84 -36
76 -39
67 -32
89 -33
78 -39
89 -31
73 -26
87 -36
87 -35
90 -46
85 -43
84 -38
82 -43
79 -38
87 -27
82 -20
98 -49
95 -19
89 -26
95 -29
73 -42
98 -27
95 -13
81 -37
101 -29
67 -16
96 -26
84 -23
80 -17
86 -21
91 -24
108 -34
87 -36
120 -21
97 -19
111 -13
98 -27
93 -23
91 -16
96 -14
102 -27
104 -32
96 -19
109 4
98 -13
104 -11
113 -6
93 -4
97 -32
116 -29
99 -13
98 3
114 -14
117 -14
118 -13
100 -18
111 -9
115 -16
95 -34
112 -16
110 -20
114 -5
99 -26
115 -25
120 -20
117 -3
115 -9
127 -11
121 -14
114 -6
108 -4
113 -14
118 -6
115 -20
126 -14
112 -10
145 1
103 -20
113 -8
104 -9
122 -4
121 -4
123 -4
120 4
140 -4
112 14
131 22
142 8
128 -1
140 -6
124 7
127 16
140 17
134 18
132 20
125 2
130 36
142 15
142 30
146 4
151 17
126 15
151 18
136 13
152 7
146 13
158 26
132 7
167 42
137 42
148 18
163 28
154 28
147 17
148 32
165 34
148 39
160 41
158 31
142 23
161 40
183 43
177 41
157 22
162 27
173 62
173 51
174 49
172 46
165 47
165 50
208 53
176 51
173 51
160 60
177 57
177 52
186 47
196 46
190 57
202 53
186 56
198 39
207 59
212 79
207 67
224 52
212 64
224 51
210 86
270 71
225 84
176 -57
203 98
302 -35
310 -10
373 9
255 -109
68 4
944 349
494 231
398 156
317 519
-298 536
1138 230
1914 181
-754 -2770
-993 -1304
-174 478
635 -1665
3507 -985
946 1481
-3541 -3219
170 3717
-1358 1483
2871 2031
367 72
-866 1519
-4753 -2893
426 2999
-719 -7131
-7988 5372
3748 -6495
7396 -3682
4909 -6681
2462 -2122
4171 -1433
-8312 2362
2757 9107
-2410 -1091
3001 -1722
5058 6576
-3233 438
-377 -178
3854 -2627
3755 -618
2884 3309
-2335 -2228
-145 1226
-2647 1839
2078 -3807
-4192 -1752
-6212 3737
-6262 -968
1224 2034
3020 -8125
-2531 -131
-1544 385
-848 -317
-4709 -867
-1812 -963
-3727 -4033
4795 648
-6585 -2268
-1734 3132
2045 -3428
-191 2483
2438 812
-264 2275
5675 3798
179 -1231
-3970 4585
3712 7183
-5820 -7327
3179 2352
-2227 1155
3017 1661
-1180 -1518
7530 2097
-1654 -1658
3984 -2115
-389 489
-3881 -5978
3262 3753
-5312 -3814
-7120 3822
2701 -4010
430 -1113
3132 2019
1579 -6471
-148 1259
-6096 2960
562 -9010
-6110 4161
-1081 -6935
922 -940
-2595 573
-4014 -4076
-2131 -3600
-10742 9686
133 -5554
-2644 -1713
220 -695
6887 -86
4929 6509
-4473 1317
-688 4875
6729 592
-1549 -2114
6078 1485
-2744 1725
-5099 -1033
564 5773
-2316 954
4964 815
1740 5007
2692 4820
-590 -984
6829 3301
-4232 -1266
1888 9153
-1493 2553
172 -2790
439 833
4014 4262
-4004 5858
6005 1338
-934 170
-739 561
682 -1707
5847 1952
3383 -481
-4679 -1078
-4230 -4166
-3470 -3150
-2914 -3419
4655 -2762
6342 -6902
2737 -7007
2569 -1265
-2 1201
-2672 -10490
531 -2243
-11517 10715
5971 -4822
-5646 -2407
6468 1049
-8794 3853
-7300 3166
5431 -6400
-6090 -371
-3014 -1388
3785 2628
350 81
1949 543
3697 2221
1533 -4664
-535 -5483
-1006 -1836
-3032 -562
-4132 313
175 -1305
-1520 4777
1791 2110
-2906 -3098
859 1177
-1394 1872
3921 -6371
4838 -262
-3139 -5465
5038 1014
6896 -5028
-2751 2041
550 -1557
-3287 1958
3833 -4214
-3195 3554
-800 -2530
2003 -1028
6336 700
3883 -4513
3917 156
6866 7379
-918 1071
3369 -3091
7433 2511
4312 -1320
5589 -3719
-4392 -3666
1733 1131
4771 2458
7516 4667
2797 5445
-2804 -2705
-2954 -7831
2008 4828
2999 -12111
5535 7121
-555 -501
4220 -3115
1656 -6890
-4961 2215
-4597 2575
-1333 435
-1245 -2813
4485 4625
2259 4198
-2408 -858
4411 -536
-8353 -3071
-6786 497
1139 3140
5979 8984
-5162 1364
3882 -1323
1019 -4443
-2670 4759
-2099 -4349
-6966 -2712
7444 -5210
3103 1359
1006 -7920
2897 -5761
2424 6061
-334 -4659
6826 -1767
-1767 -4762
1267 -494
-10135 2876
-4875 3720
1379 -3524
-1261 -1804
-1967 -3002
-2513 3293
2948 -1472
-2560 -2444
-2168 -1336
-1890 -3703
6298 2305
-387 4352
43 -504
-6126 -5905
-2370 1431
746 -710
5721 4013
3974 2705
-6992 -603
6917 1252
-351 402
2890 -256
3220 -2674
2685 3768
3279 -4832
-7989 1086
5854 -2516
-3485 -2935
2472 3051
360 -2103
2986 4025
1383 1205
-4163 -1666
-21 5016
-7758 6786
-1814 -181
2905 2283
59 6765
2043 -2406
-3566 1807
-1238 -214
-3413 -19
9174 2661
-5115 5520
3181 4478
1030 -2551
-1591 4784
4160 -7181
-7493 -1592
-7209 -205
1012 2064
-3009 -315
4888 -9342
6155 -835
5852 376
-514 -1136
-364 -1421
2933 2900
-3915 -49
492 1961
-3492 1360
1416 -779
-4880 8004
5773 2000
-1583 -1790
915 -473
5842 2304
-6538 89
-5107 3434
3128 1792
228 1443
-770 929
3287 -3466
-5067 1127
-817 -1521
-4893 -3215
-2490 1594
-8681 -2500
-162 898
3343 -988
-800 -1794
-224 1071
2939 2855
1340 -3372
-4253 364
4776 534
-5903 -1433
-2601 -186
478 -2303
255 -191
-10702 -1046
2073 6677
976 -7736
9253 -3424
-1866 -289
2746 -935
3424 -4223
1922 5489
-2111 1400
5311 4362
2161 2760
1386 699
-3773 7344
-3326 6211
1982 2436
2162 3693
1067 -440
2152 9031
-1287 -1256
464 1104
-298 -2079
171 -2135
-8692 -4808
1999 9193
3606 2077
4597 -8204
-4165 1631
-6396 -3422
-3378 -5671
-1280 2216
-2585 4450
906 -2061
5132 -1927
2224 3435
1037 4775
494 438
7972 1697
856 -5862
-123 4190
9220 -2465
-3334 -1427
1715 9592
-769 2672
1558 -4143
-1910 4046
-2336 3361
1403 2358
816 603
-779 5228
-325 2889
3750 469
1299 428
-5514 710
-2615 1074
-287 4005
-6435 -1097
-498 -3637
-3815 1565
-1614 1396
-2614 543
497 514
-1644 -636
-743 -14
-320 -1214
803 -477
-760 267
-926 -73
-499 -49
36 -137
-450 -299
-501 -262
-84 -145
-292 -150
-342 -193
-244 -136
-280 -163
-303 -204
-289 -185
-268 -177
-270 -192
-258 -182
-248 -187
-246 -195
-248 -168
-254 -160
-228 -180
-237 -176
-232 -170
-227 -177
-234 -172
-234 -180
-220 -141
-209 -161
-184 -157
-189 -157
-194 -155
-209 -150
-183 -152
-195 -157
-185 -148
-180 -152
-212 -141
-163 -139
-182 -147
-170 -149
-161 -135
-167 -133
-175 -144
-158 -142
-180 -144
-164 -139
-159 -147
-165 -125
-155 -121
-154 -132
-151 -138
-134 -133
-153 -131
-150 -131
-136 -131
-147 -119
-137 -144
-118 -119
-148 -132
-130 -141
-129 -129
-137 -130
-127 -113
-118 -116
-123 -158
-122 -146
-132 -120
-117 -122
-131 -125
-145 -130
-123 -117
-136 -132
-116 -113
-133 -111
-108 -114
-116 -134
-114 -131
-112 -117
-95 -125
-133 -116
-114 -120
-122 -116
-91 -119
-94 -105
-109 -115
-100 -128
-89 -113
-105 -123
-112 -104
-103 -91
-101 -111
-94 -112
-88 -111
-105 -121
-102 -105
-76 -112
-102 -98
-100 -114
-97 -132
-98 -115
-102 -120
-84 -114
-106 -108
-92 -120
-73 -85
-114 -129
-83 -110
-86 -116
-96 -100
-89 -100
-60 -109
-95 -111
-83 -107
-83 -113
-77 -118
-92 -102
-81 -108
-99 -101
-87 -123
-84 -111
-63 -111
-77 -114
-68 -123
-64 -109
-70 -94
-69 -94
-69 -110
-82 -115
-76 -112
-71 -94
-65 -102
-71 -119
-73 -105
-82 -116
-71 -93
-77 -107
-71 -108
-72 -104
-68 -98
-63 -106
-57 -102
-73 -94
-70 -105
-72 -93
-75 -87
-67 -126
-77 -111
-50 -104
-64 -101
-56 -99
-76 -100
-61 -89
-67 -110
-70 -105
-67 -122
-49 -121
-57 -109
-53 -102
-48 -95
-70 -101
-35 -99
-49 -118
-44 -104
-50 -104
-52 -99
-38 -97
-62 -102
-51 -98
-32 -116
-74 -100
-33 -101
-44 -104
-52 -120
-41 -95
-52 -119
-50 -94
-62 -87
-54 -101
-42 -99
-44 -98
-39 -93
-31 -120
-50 -98
-39 -104
-43 -97
-45 -103
-46 -92
-36 -101
-33 -99
-41 -101
-45 -102
-45 -133
-41 -109
-47 -116
-52 -101
-48 -122
-47 -105
-57 -118
-24 -137
-47 -117
-52 -100
-55 -100
-42 -103
-35 -88
-45 -122
-25 -98
-44 -102
-34 -89
-49 -94
-38 -88
-44 -100
-28 -108
-42 -130
-11 -94
-22 -120
-38 -99
-44 -103
-45 -108
-35 -98
-11 -100
-37 -99
-33 -106
-35 -113
-27 -89
-17 -99
-19 -105
-49 -102
-10 -93
-27 -102
-23 -101
-31 -90
-30 -105
-27 -105
-19 -106
-19 -106
-22 -101
-44 -105
-16 -88
-13 -108
-30 -99
-30 -98
-31 -127
-20 -92
-40 -89
-18 -102
-30 -102
-26 -107
-15 -102
-37 -113
-27 -104
-19 -103
-26 -101
-10 -88
-22 -96
-11 -109
-29 -113
-26 -96
-39 -98
-9 -90
1 -96
-24 -106
-24 -88
-26 -95
-13 -117
-18 -107
-28 -97
-19 -99
-16 -101
3 -91
0 -107
-14 -102
-29 -97
-19 -106
-17 -101
2 -128
-15 -99
-20 -112
12 -101
-21 -100
-15 -92
-19 -86
-9 -91
-18 -97
-18 -96
-7 -88
-26 -102
-5 -100
0 -82
-26 -83
-1 -102
-9 -102
-4 -97
-17 -105
-22 -84
-37 -90
-10 -78
2 -108
-8 -79
-13 -107
-6 -101
-17 -99
-7 -99
-15 -90
-15 -104
3 -104
-1 -78
8 -93
-8 -104
-7 -105
-11 -112
-5 -81
3 -103
-8 -101
-6 -84
-28 -104
-3 -105
16 -95
2 -89
-17 -89
-3 -115
-6 -109
11 -109
-1 -93
-7 -75
2 -109
-5 -108
29 -97
-16 -100
22 -94
4 -126
5 -101
0 -100
5 -92
1 -104
10 -114
6 -122
13 -95
-1 -112
13 -85
3 -106
-4 -90
-15 -99
22 -90
-1 -109
8 -78
2 -79
8 -105
-5 -100
-10 -90
13 -106
11 -118
-1 -99
1 -88
12 -101
5 -99
7 -106
10 -90
19 -98
-8 -99
21 -98
19 -88
13 -111
-2 -109
22 -110
8 -102
15 -96
20 -87
22 -79
15 -90
17 -98
18 -94
24 -106
7 -98
8 -105
11 -120
15 -99
13 -111
13 -117
-4 -109
36 -85
15 -87
18 -105
23 -100
21 -92
18 -107
21 -96
17 -105
28 -111
12 -99
25 -92
31 -101
24 -96
11 -90
4 -97
28 -117
14 -104
22 -93
24 -91
49 -107
10 -128
23 -95
24 -102
31 -105
37 -85
24 -90
36 -88
15 -110
31 -109
42 -109
31 -88
16 -95
24 -98
35 -118
26 -82
15 -115
34 -84
34 -85
36 -103
46 -110
45 -104
36 -97
33 -96
27 -87
41 -111
31 -103
21 -98
23 -90
24 -109
31 -92
42 -99
24 -105
45 -110
36 -86
55 -97
40 -94
28 -119
53 -100
54 -125
43 -109
41 -98
41 -93
23 -100
31 -118
39 -123
32 -97
47 -102
34 -99
39 -94
27 -92
49 -104
56 -115
49 -91
36 -123
35 -99
30 -119
35 -104
48 -87
37 -108
58 -94
47 -79
37 -103
45 -107
33 -99
57 -105
43 -92
48 -108
38 -116
42 -101
54 -116
55 -101
50 -103
53 -121
44 -97
57 -110
42 -92
41 -99
42 -109
43 -107
44 -87
52 -99
71 -96
52 -88
62 -109
60 -112
46 -111
59 -106
56 -115
58 -117
59 -97
73 -99
47 -88
55 -106
65 -96
62 -112
45 -107
71 -115
67 -107
79 -107
72 -107
81 -85
66 -98
57 -94
58 -110
55 -96
58 -121
62 -112
67 -107
65 -82
60 -93
87 -107
66 -93
59 -109
66 -103
73 -99
78 -97
79 -116
75 -119
73 -96
72 -104
79 -119
66 -97
70 -117
80 -120
87 -128
74 -110
84 -117
78 -108
84 -100
87 -116
74 -104
70 -101
79 -108
94 -123
88 -116
80 -105
73 -112
89 -104
87 -107
97 -102
66 -125
100 -117
74 -106
96 -107
83 -128
87 -119
82 -116
77 -116
108 -100
94 -118
87 -106
89 -111
88 -109
75 -123
101 -96
89 -110
95 -118
95 -129
102 -120
112 -111
80 -127
97 -127
103 -95
100 -122
101 -112
93 -105
95 -113
101 -119
98 -121
115 -124
114 -122
98 -144
107 -114
101 -99
106 -112
101 -117
109 -128
124 -121
111 -123
126 -134
102 -107
116 -109
118 -105
107 -143
123 -138
106 -132
126 -120
143 -147
121 -138
125 -119
115 -119
147 -125
145 -132
120 -112
131 -109
141 -131
130 -126
140 -141
157 -137
152 -131
156 -142
152 -130
154 -137
141 -130
160 -134
162 -108
168 -130
150 -142
162 -134
151 -145
171 -140
173 -152
163 -146
176 -132
162 -124
164 -149
183 -138
169 -149
174 -140
179 -140
190 -136
209 -154
201 -143
215 -143
211 -112
203 -151
269 -169
198 -147
155 -196
226 -168
268 -128
441 -34
400 -170
606 30
548 -591
395 386
460 164
-471 41
-459 -1334
-341 321
-271 -1196
1609 460
-931 -129
1574 -78
-1591 -1043
1177 -664
1137 -1527
276 1081
-2051 1365
3441 977
3097 -35
2757 -813
-2215 -551
2406 -2949
2776 -772
466 -1180
-5349 -878
-5926 700
2794 -638
-2841 -4628
-4355 -3018
723 8661
3491 2774
184 -2391
-6254 -4514
1967 -2583
1454 -2674
-142 -6076
-970 -996
4404 -333
6441 2186
-976 5380
-4058 -4257
4898 -3412
-3943 -2490
1761 425
3472 2500
5749 -182
2598 1271
1706 -291
-3896 4888
-2492 583
-1507 3490
-8674 2937
4089 4661
-6129 1683
2649 -2299
-1358 -790
3178 1088
-3077 2247
-639 -3253
692 2016
-6639 -226
-2561 -1257
8398 -6838
-3567 -5168
1140 -79
3795 -7203
-2744 8525
-3488 207
-6717 7319
1413 -3309
-1042 -778
-5318 29
3835 -2508
4306 2268
-2063 -2581
-366 9057
1689 1452
6429 -3134
422 -3098
-3910 1680
-1595 -1557
-2299 -4852
-8063 1556
-5140 538
3052 12800
4014 -542
708 -7230
1780 2926
3914 -1069
5153 407
-8325 5891
-4957 -4950
-558 208
3629 -1451
-3329 7229
1647 2275
-422 3876
-1813 -3621
-4532 -3010
-527 -1530
2869 3767
1041 2134
-644 1276
1283 -3806
-3132 -1221
5781 -6049
-1735 478
5003 266
4511 70
1726 4001
3869 3606
507 780
1573 5878
604 10080
-6600 -3461
2054 -2548
683 1229
1177 6708
-2654 7569
-4312 135
989 -4922
-2785 -5505
-1142 -2428
-5403 -8481
301 -4574
-2992 -2358
-2053 3265
315 5
-3349 -8195
6548 -1224
1105 4767
-2473 -408
6961 -1668
-4564 2330
4127 -1242
1516 215
-5907 -5911
6188 2107
-673 387
4497 -3949
-1628 642
7187 3939
828 556
-1934 5182
2357 8589
77 -3647
-2258 2738
1036 -1118
-10522 2156
6462 -12556
5396 1630
-2201 3066
284 -6131
-4955 8606
-3809 -7163
-2860 9833
-10247 -1793
-6659 4616
-5102 -1534
-791 3502
-6605 63
-5398 5453
-2831 7035
3679 -4032
6968 1074
-2453 -3089
-3658 -1163
5235 -226
3580 3632
1484 -2201
-1047 2832
1095 4689
-917 4735
-907 12703
169 -1153
-6591 2090
2221 5730
4891 -4808
4685 -3139
-424 -2141
-1224 -978
-1729 -591
-2711 -739
1793 -4833
-3958 -4908
4372 10719
560 -4297
2526 8412
1660 -2658
-4240 38
3370 -6371
-9854 4336
-1057 7310
635 -5763
1600 3838
-5439 -3255
-1964 101
1175 -6468
-15239 -848
-1736 2193
-11028 3368
-4343 3338
4371 -2944
-1034 3906
-2517 -49
1969 -1597
-3423 -433
2256 -3036
7123 -900
-1221 -2000
490 3994
528 -74
-7689 1862
3344 3015
-2399 4892
-2273 1737
-3594 769
7807 -169
-2664 -2088
3275 -2308
-1220 -6973
4908 -4937
919 1061
4727 8254
8900 -307
3030 -397
435 2949
25 -215
125 -1998
-4313 3115
4444 3551
2467 513
2720 -2853
3308 -3266
926 4061
-4319 1211
-1826 1262
3672 2911
-1483 3832
-342 -12453
6558 -1918
2602 10736
6793 -4275
1783 -2301
2938 -2797
-2287 3000
-1608 -3118
-4859 -1881
-4158 -2504
4529 3857
1694 4903
-3761 -3417
4132 3350
5433 -1321
-2940 -1404
949 -981
3440 -3284
4396 7875
6545 -4755
-3885 -158
1825 947
2431 1380
-5088 1630
2756 -3729
5702 4002
967 8319
-169 -4015
253 -956
4087 7181
5950 3619
1859 2737
-5155 -4080
973 -2631
7918 -2722
5092 -2983
-7299 867
11276 6547
-3464 4798
-334 -873
-9007 6342
4223 -3511
-5219 -3457
-7564 -2618
-991 4147
-7505 -3716
-2497 -2260
4110 2583
-2742 2904
3654 -1100
-3631 2024
-6158 2812
-8595 -4473
2034 -3345
2033 1739
-3443 -1026
-5021 2859
-2624 -7945
-194 -838
-3898 -977
3962 -2697
6580 6143
1802 197
451 4926
-2553 1437
5633 -3771
6744 -921
-2209 -2685
-9439 2467
-951 2658
960 -2503
2796 -2433
-2984 2780
-1306 3095
6108 3319
12088 13
1813 5157
1643 -7522
-1522 -9667
561 -4062
178 -2857
519 -2346
2351 -1614
-2989 -615
-5038 2063
6060 -7332
1325 3070
1208 -3485
-163 5106
-7182 1929
-2271 -948
-2393 5454
295 6260
-9535 1283
1629 -2601
7932 1358
-2042 2907
-2247 233
2996 -973
-1388 -5898
1543 5765
547 -2997
3497 13103
6283 4650
-1882 4363
-9881 -1050
2368 1615
3055 7385
-3981 -4161
1338 -7630
-1607 3462
2566 -498
-8480 -23
-4830 -3783
-11068 -3535
-1516 1924
-3153 7629
1235 1192
4407 2414
-4810 4565
-3795 2463
-1638 1392
-3713 2366
3716 137
4606 4672
3015 2665
1795 80
-136 171
1128 1763
2253 470
225 2095
-2306 -1855
3 -1196
798 -2314
1807 958
1023 -1324
2264 1605
1027 1361
934 431
1004 232
-424 -204
403 -315
798 -350
290 227
543 7
562 218
469 166
482 126
472 120
463 175
413 141
420 106
405 118
394 107
379 106
370 90
357 111
333 95
348 94
343 91
326 104
299 102
330 84
313 100
291 105
304 103
283 90
278 92
282 79
278 77
269 91
258 83
255 95
251 92
270 77
242 100
242 94
231 101
244 100
236 95
214 100
230 99
231 87
232 96
226 94
221 85
220 98
215 66
204 107
200 85
195 82
191 90
211 88
188 88
188 94
203 96
193 94
190 92
189 76
170 95
173 93
177 92
183 77
181 78
162 88
168 100
167 101
157 98
160 92
179 95
155 89
148 67
169 84
160 76
155 67
155 87
136 92
141 81
140 84
154 80
137 103
136 78
145 80
148 101
141 91
128 74
134 92
145 95
126 74
130 87
131 83
115 81
108 77
126 84
127 97
139 83
119 84
121 72
123 95
107 67
114 80
117 79
119 89
121 83
129 97
121 69
94 79
95 98
97 77
129 90
116 85
100 81
99 78
107 79
107 88
86 80
128 82
108 81
106 100
109 76
82 86
98 61
109 76
105 84
84 60
88 98
86 90
107 56
92 76
90 70
90 80
91 91
92 67
97 92
98 76
86 76
107 72
95 84
83 63
87 76
85 82
81 75
71 85
108 72
87 74
82 94
73 77
95 80
87 63
74 89
55 88
82 73
72 87
66 68
74 85
88 72
76 80
71 77
70 72
78 78
80 78
75 96
86 77
67 72
70 70
80 74
70 87
71 80
71 93
58 75
72 89
72 75
72 65
77 61
61 77
60 83
58 80
46 73
59 85
83 87
57 101
66 61
62 83
64 76
72 80
49 97
47 85
56 78
56 88
57 78
51 82
59 80
62 71
62 90
59 91
43 65
41 74
71 60
62 80
62 84
57 52
47 77
61 75
56 80
44 63
46 70
68 92
59 78
53 76
49 73
49 78
36 65
60 80
44 78
46 69
48 63
47 90
52 77
70 97
42 91
46 72
39 78
60 80
36 77
44 83
18 81
36 73
38 74
48 82
50 68
52 78
30 101
38 80
43 83
36 85
31 86
42 88
32 82
46 71
43 75
46 79
18 77
37 69
48 65
39 84
35 72
45 80
49 75
57 80
42 81
33 81
36 68
42 70
32 90
31 90
35 60
30 86
45 76
21 90
26 70
52 84
35 80
23 84
45 66
18 81
33 60
19 88
18 80
26 74
28 98
35 77
17 90
14 58
31 71
34 67
38 68
42 82
22 64
17 76
19 72
47 72
35 73
9 69
17 84
20 94
20 78
23 84
24 78
27 57
35 68
49 58
28 72
16 74
43 93
31 72
11 69
43 85
17 64
10 81
18 64
42 73
12 83
8 71
5 75
10 83
17 89
14 70
8 74
12 95
26 73
10 80
24 54
21 79
12 80
20 61
11 81
12 70
1 77
15 67
-7 82
25 75
23 87
13 64
15 81
4 83
15 54
19 88
-3 84
24 72
17 76
2 73
8 77
-12 66
26 78
13 72
27 60
12 68
-6 89
2 77
0 72
17 85
6 81
5 81
13 69
21 72
11 75
22 82
2 67
-7 64
23 69
4 73
13 75
5 67
3 74
-7 87
3 78
-7 63
-12 71
6 82
10 75
19 77
2 66
24 77
-1 75
0 83
-26 77
12 68
-10 68
7 77
-1 73
-1 86
8 64
13 69
2 83
7 79
-15 67
15 73
19 78
-3 63
-3 75
-5 55
15 66
10 73
-11 83
3 72
-12 93
9 64
-2 72
-10 71
6 81
-5 79
-3 75
-3 72
-12 56
4 77
-3 53
-7 68
-4 63
-2 62
-12 79
13 71
-10 62
-4 68
-18 76
-15 64
-8 68
-3 71
-3 90
-17 83
-8 79
-15 78
-8 79
-20 62
-11 65
-17 62
-2 83
-9 63
-10 67
-3 99
-17 76
7 75
-2 72
-18 52
-18 70
-12 61
-27 59
-20 75
-22 54
-29 75
-29 64
-26 71
-22 53
-31 67
-20 58
6 73
-30 72
6 66
-23 69
-12 57
-15 62
-25 73
-23 63
-8 65
-19 70
-24 89
-11 72
-7 68
-16 66
-42 61
-37 79
-19 64
-12 76
-33 76
-22 51
-23 90
-18 61
-1 62
-34 57
-29 51
-19 79
-52 83
-21 71
-18 69
-26 64
-21 63
-9 44
-29 63
2 74
-18 73
-30 54
-26 63
-30 60
-31 87
-23 77
-25 68
-42 62
-20 69
-29 88
-14 59
-36 70
-49 75
-37 72
-9 64
-27 70
-45 55
-28 59
-31 66
-49 76
-34 84
-16 53
-42 54
-37 57
-36 55
-23 46
-45 63
-46 48
-59 54
-22 72
-31 68
-27 72
-28 67
-49 68
-46 67
-46 55
-32 72
-43 59
-40 58
-39 79
-37 49
-49 63
-53 58
-48 85
-54 46
-46 62
-39 57
-38 63
-29 58
-42 51
-39 72
-50 55
-53 63
-55 59
-36 80
-42 67
-32 70
-6 69
-58 64
-54 77
-41 47
-54 74
-49 52
-46 56
-50 61
-57 53
-49 50
-57 55
-59 55
-61 68
-32 69
-51 54
-54 60
-50 67
-60 62
-40 64
-48 74
-61 60
-47 65
-56 54
-60 78
-61 72
-58 70
-55 59
-72 55
-64 54
-59 56
-59 56
-69 54
-48 55
-66 52
-59 63
-69 82
-72 60
-49 56
-57 72
-49 39
-63 59
-71 65
-74 50
-64 42
-84 61
-65 55
-69 50
-66 56
-70 50
-87 43
-85 57
-69 44
-74 54
-91 51
-72 60
-82 54
-76 57
-60 40
-70 64
-65 59
-66 53
-97 44
-81 42
-73 51
-82 43
-76 40
-87 41
-62 52
-98 34
-71 45
-76 42
-84 35
-85 50
-81 39
-89 61
-103 50
-96 42
-97 49
-112 38
-108 28
-113 45
-103 53
-81 56
-105 39
-97 25
-96 41
-123 41
-117 59
-120 34
-116 39
-128 44
-145 40
-122 29
-137 20
-137 35
-150 30
-141 34
-162 18
-197 -10
-180 22
-190 -12
-229 44
-196 117
-686 -56
-16 38
148 -4
-464 -491
-1072 54
-114 360
340 916
291 -71
-222 -861
-818 224
1362 -1728
296 -363
-361 2206
437 -2116
3383 -997
-4654 356
97 -5462
-1740 3765
3203 -2057
1460 -858
-977 526
409 -3326
4579 -1741
-2982 312
1591 787
8 3166
-215 -1798
-3833 -1232
-3186 131
2531 2259
-2236 3449
-401 -3107
5656 6466
-250 549
-1634 -138
1807 -516
-3386 6632
806 -1489
286 1029
-3223 2568
3906 -1948
-7188 1160
-4316 3659
-2878 -6306
-829 5733
3768 1134
1516 -671
2959 -1107
-9026 2251
4593 -2039
1673 -417
1127 -3119
-5844 6520
-1142 -5627
-4853 2089
4444 -1783
2981 4205
3822 511
-1396 -7736
-967 -3395
650 -2002
-116 -2120
-4147 2823
-1505 119
5268 6030
1911 2478
543 9064
3332 -3588
64 4781
-2065 4283
3461 2703
1554 -10703
1983 -2070
-2326 2045
-4479 1830
-3154 9710
3903 -2458
5361 -3338
-2739 4923
495 -1520
4322 -11041
-465 9657
3144 -2214
5160 6057
4433 1810
-3485 2283
2901 2090
5986 -9075
-642 -1788
1062 632
-258 5441
-489 -3416
2261 -2694
3520 824
140 2981
-4155 -2421
1446 -4878
2107 -1053
3324 394
220 867
3556 2963
2381 5438
-5398 10355
1414 -6164
-3734 -7018
-5696 -580
-2862 -5556
-453 4616
5154 2090
-7532 -1283
4140 -1549
502 -3047
554 8636
-4159 -489
3332 -2337
9822 -4036
-1242 5807
-764 8563
-4905 -5563
-3679 -362
-1695 -922
-4467 -3058
4499 4534
5339 2958
-2693 -1464
2576 -8347
-1829 1593
2885 513
3174 2010
-5340 -1461
-5489 5702
5602 167
-420 2154
590 -737
-5360 -3970
-3688 5131
-946 -1098
-6296 -8444
-11569 -1878
1061 -2431
-2150 -1601
-117 3362
-2735 -1570
-7643 4610
-318 260
-1481 4088
-5191 1449
6493 6752
-5516 5364
-748 -1610
-2650 -891
-1414 3091
5056 730
448 -3949
-3235 2846
-1167 -2911
-3927 5504
-3352 6153
4343 6245
1787 -186
-5068 1772
-237 -2022
-1153 526
2269 3139
805 -6947
-1387 2708
-117 -500
-7404 -3451
-2102 3376
-3232 -4021
-3675 -80
637 677
983 -3145
-15661 1903
-2527 6871
2230 5379
8278 -4703
-1212 3162
-3808 4935
4090 4503
-6820 -6261
-2878 233
-512 4344
1149 679
-4136 8621
-7417 3599
-7646 832
2764 -73
3251 -2847
-919 6953
-3540 -5247
574 2255
-1867 -3514
5680 -2858
-1666 -602
-97 813
6042 -7826
-3419 5952
-1868 5975
322 -8294
-600 446
-792 882
4283 -1042
-4220 -2884
-6374 304
986 185
-775 -1758
9337 2051
4899 7606
7155 8721
-3333 -2905
1455 1644
-208 1137
-811 -2947
4396 -1172
4175 -1286
-368 -3685
-786 -5932
-1044 8608
1787 6393
-777 -116
4976 3416
-938 4704
5899 -423
7593 -541
-53 3005
-2457 5487
-1944 -2385
-1951 -1148
-2478 896
-1557 -2232
-6608 251
-2533 -2304
-4906 3058
-12242 4536
1285 1045
-1435 -8037
-1869 3026
-11667 664
-3675 4099
5778 4000
-1184 6287
-726 -2178
-1286 1390
3536 -437
-4981 -368
-2463 -215
2927 4377
2120 1178
1712 1094
428 -1314
894 -4089
736 1826
2968 1887
-8859 -1108
-4575 -2601
-3820 3987
5760 -7771
-2145 119
-9845 3971
1687 -1696
-3035 7372
1505 1296
-5337 4087
-3679 -123
-3962 2145
-2939 -4438
113 4360
-903 3723
7022 -883
714 -5633
-2082 -145
-3283 189
2867 3455
-3207 5076
118 -7311
-1302 7751
-1755 -5390
4312 2425
-2116 -2512
-9874 3771
-1023 -5897
-3651 3751
1570 -2256
7511 -3762
3929 6707
7044 -1900
-5284 -451
-1432 -2646
8072 110
-1185 2056
-4382 -4597
90 781
69 3417
-177 7872
1511 7751
-2235 8963
-3318 2565
-4216 2505
7827 -2388
4338 1778
-2925 619
1679 -1416
-1517 -4863
-1710 -5410
3660 5301
4094 -3647
5419 -288
-5263 2695
-2009 2032
-2149 -2694
-4710 -2029
2350 -2687
-503 8642
11747 1534
2063 -158
-6260 -540
5357 -1963
-3176 -6702
-2397 3751
2688 2497
7838 1622
-2310 -2791
-658 -449
4233 -4583
-1603 718
5399 -3196
-3028 3292
-971 -3482
911 -1116
4702 2486
-8827 -1633
-978 2400
-1565 -1469
3538 1770
742 -3983
3482 -4431
2107 -4946
-876 -6159
-2831 891
-2758 5140
-2298 -1935
1213 -267
-2725 6384
-3599 -4353
-2667 5736
416 1560
-1891 -5042
-4779 -2528
2589 -2513
-614 899
-2213 -4540
2077 -3504
31 -10534
4253 306
1135 -3866
1672 4803
2554 7473
-3741 -1986
-1276 1272
-5186 1302
-1589 7196
-1099 688
-730 1120
-2332 -1179
-2517 -4205
681 2236
-2981 -2453
1402 2410
42 178
2109 26
-1243 468
1326 284
-1420 443
1062 1056
981 -311
1299 -1231
-456 -286
-113 -734
600 -505
-460 402
-619 -71
83 -98
-163 -46
-98 -79
54 -24
58 -106
83 -84
78 -14
73 22
75 -9
66 -12
85 -20
78 1
54 -7
43 -7
52 -8
60 14
75 0
39 -11
46 7
48 15
63 13
35 6
51 15
52 20
40 33
52 10
31 16
48 18
21 24
38 1
19 20
11 33
27 18
33 19
38 38
26 2
14 15
45 16
23 37
23 18
32 35
12 12
36 26
9 25
10 21
17 38
24 15
14 29
1 15
5 35
38 33
-5 23
12 34
27 17
15 26
12 18
5 5
-5 12
2 33
13 4
11 25
11 36
-7 12
5 20
12 18
14 34
7 37
3 12
18 29
4 34
0 30
-6 13
8 18
16 17
1 17
4 28
0 36
4 15
-15 16
-6 13
18 16
-13 33
-14 21
-5 35
-15 3
-7 23
-6 27
-6 24
-4 34
-15 26
-2 25
7 35
4 34
-1 19
11 37
-9 41
2 27
-10 17
-11 26
-1 31
-14 14
-14 33
-2 21
-21 17
5 29
-18 18
16 26
-19 10
-30 19
-13 4
2 24
-14 46
-16 25
-17 37
-11 2
-21 28
-14 31
-1 31
-2 42
-10 25
-13 31
-25 5
-35 17
0 30
-16 21
-2 25
9 34
11 31
4 30
-31 14
-18 15
-19 6
-13 20
-22 35
-11 27
-13 18
-4 27
-8 11
-8 18
-8 22
-19 31
-23 19
-14 24
-2 40
-11 20
-18 24
-23 26
-17 29
-3 9
-5 11
-12 23
-32 22
-21 34
-23 26
-13 14
-15 20
10 24
3 25
-16 18
-11 -4
-27 15
-20 11
-24 43
-43 31
-34 28
-21 17
-16 34
-22 21
-37 14
-22 22
-29 21
-24 18
-16 12
-13 18
-11 19
-27 17
-31 15
-20 8
-20 8
-11 34
-7 0
-25 32
-10 29
-21 19
-15 32
-23 -5
-34 16
-15 35
-15 19
-32 11
-26 5
-18 18
-30 8
-21 15
-16 10
-17 17
-36 19
-14 10
-10 11
-26 21
-35 10
-36 8
-24 22
-25 2
-36 22
-36 7
-29 10
-23 11
-16 18
-21 10
-29 17
-5 4
-23 30
-44 23
-37 9
-35 8
-25 -1
-44 23
-37 4
-18 29
-37 8
-41 16
-14 15
-11 18
-30 33
-18 14
-25 10
-3 7
-35 8
-31 11
-33 15
-36 9
-20 9
-33 5
-23 24
-16 26
-24 12
-33 20
-21 11
-29 23
-57 16
-11 29
-31 15
-36 19
-15 14
-28 17
-14 16
-15 23
-28 22
-24 14
-29 1
-20 17
-10 6
-16 14
-29 0
-28 32
-26 18
-22 5
-43 9
-36 17
-29 -1
-40 7
-40 11
-25 13
-29 16
-22 20
-30 26
-33 3
-43 20
-32 27
-14 7
-32 13
-30 15
-16 12
-29 25
-35 -4
-29 25
-32 15
-30 -3
-23 20
-45 16
-33 6
-42 19
-21 15
-19 15
-21 6
-31 17
-50 10
-23 4
-27 17
-37 17
-27 9
-32 23
-23 13
-30 -2
-47 27
-16 21
-43 15
-27 8
-25 2
-9 -2
-30 6
-23 4
-41 14
-43 5
-13 19
-37 -16
-19 3
-39 5
-28 9
-9 8
-39 26
-35 10
-35 6
-31 6
-39 9
-34 24
-23 0
-32 6
-21 11
-22 5
-37 2
-52 -26
-42 2
-49 4
-43 6
-30 -6
-41 16
-33 2
-32 12
-25 -2
-38 10
-31 13
-18 20
-42 7
-31 3
-26 8
-44 7
-46 5
-31 9
-23 -16
-25 17
-23 -12
-29 -17
-18 14
-23 7
-27 11
-32 5
-49 19
-35 8
-27 16
-54 -4
-17 -2
-28 -1
-41 -2
-41 6
-39 12
-27 8
-43 21
-41 4
-49 -8
-32 1
-24 18
-46 8
-42 12
-46 -11
-30 7
-34 7
-32 -5
-31 7
-44 -6
-20 -8
-20 -3
-43 3
-18 14
-40 4
-55 8
-47 -11
-48 9
-19 -7
-37 -1
-27 -1
-39 -4
-41 -17
-47 4
-30 2
-49 -5
-39 -18
-35 -16
-24 -3
-43 5
-30 -6
-32 4
-32 4
-27 -13
-39 12
-33 -15
-39 -19
-44 -9
-47 22
-55 -15
-29 -19
-26 3
-42 -8
-35 -9
-42 -18
-29 -10
-34 0
-28 0
-48 4
-46 8
-28 10
-41 -4
-42 4
-46 -7
-39 2
-27 0
-39 -1
-41 -9
-49 -4
-50 -7
-56 -26
-48 2
-33 1
-39 16
-26 -13
-44 10
-42 -6
-40 1
-49 8
-51 -19
-35 -28
-45 -2
-40 -1
-48 11
-32 -7
-43 -14
-36 -4
-40 -12
-39 19
-36 -4
-42 -19
-26 -5
-55 -23
-40 -12
-38 -25
-51 -5
-41 -26
-29 -6
-35 -21
-41 -10
-40 -12
-32 2
-50 -10
-42 -12
-44 -12
-42 -9
-46 -10
-30 3
-47 -17
-50 -25
-36 -19
-46 -6
-60 -12
-37 -7
-54 4
-49 1
-53 -3
-40 -16
-46 -22
-45 -14
-39 -18
-48 -1
-57 -8
-39 -2
-41 -21
-37 -24
-57 -15
-58 -13
-40 -14
-41 -16
-21 -10
-24 -30
-30 -22
-25 -26
-46 -1
-32 -17
-45 -21
-57 -21
-58 -12
-44 -2
-36 -2
-47 -15
-49 -8
-50 -26
-45 -26
-46 -16
-44 -17
-47 -27
-55 -14
-57 -34
-48 -11
-54 -22
-60 -32
-43 2
-54 -27
-38 -29
-46 -20
-42 -22
-41 -1
-52 -22
-68 -23
-41 -17
-25 -6
-53 -8
-75 -34
-32 -17
-49 -25
-40 -12
-43 -27
-49 -16
-49 -27
-46 -21
-51 13
-63 -17
-35 -14
-37 -25
-47 -19
-50 -13
-31 5
-47 -32
-45 -30
-47 -32
-47 -42
-59 -40
-49 -28
-55 -38
-59 -24
-46 -40
-28 -21
-62 -21
-56 -27
-47 -9
-49 -22
-40 -45
-63 -30
-30 -8
-34 -29
-42 -23
-36 -21
-32 -35
-43 -13
-43 -35
-40 -32
-46 -25
-48 -16
-54 -38
-58 -36
-59 -36
-57 -36
-51 -41
-33 -21
-42 -41
-73 -34
-59 -37
-34 -29
-55 -32
-50 -40
-44 -44
-58 -32
-45 -33
-38 -11
-40 -45
-42 -27
-48 -34
-44 -42
-58 -32
-50 -24
-45 -35
-49 -14
-56 -32
-53 -43
-47 -32
-56 -45
-54 -36
-48 -21
-44 -37
-48 -46
-56 -27
-43 -24
-40 -47
-68 -33
-44 -46
-42 -39
-62 -49
-38 -34
-36 -32
-40 -55
-49 -35
-33 -39
-36 -33
-54 -44
-31 -42
-47 -50
-36 -28
-38 -44
-12 -47
-44 -25
-39 -41
-20 -28
-34 -34
-15 -32
-34 -31
-24 -33
-36 -46
-28 -24
-28 -39
-28 -52
-15 -36
-11 -31
-24 -47
-14 -56
50 -66
74 -64
9 15
38 -47
197 -365
-25 583
354 -20
-364 -218
-125 -142
-592 -29
-142 272
-417 -564
1818 -715
1219 -1153
-885 276
100 1744
779 -1295
179 -2945
1926 2427
-2304 -160
3118 102
-1961 11
-4759 1731
-3576 -2063
1596 -2372
-2158 -878
4491 4426
-769 -3406
7545 692
3223 -857
-11554 1681
-2330 2721
1248 8635
-1587 166
-4065 -2440
-9853 -5123
-221 6834
1868 -4191
478 -772
4649 -7866
-4574 6276
786 -10183
10013 -4003
5696 450
464 -6929
-6539 -4498
1726 2732
-1703 -1132
672 -2524
-3967 8281
-297 -928
2834 6023
1899 -8377
-4925 1966
2144 172
2552 -3030
-2435 -319
-1584 -168
-859 1671
2777 849
-9306 -1856
-3518 3166
3293 -172
3703 9925
-6448 3919
-1040 -2342
1411 -2524
-2712 -5842
5262 0
-1376 1720
-1701 6327
4827 1741
5592 3427
1847 -809
-3544 -5851
-2350 3719
2954 1934
477 -2729
6478 4567
1801 775
7030 3669
-1476 4087
5708 158
-2139 1386
4524 3094
-1830 -773
-2095 1835
1060 -1851
-2279 1722
483 -788
-2558 -3098
624 -4198
1637 -539
2891 640
1235 -776
6420 -4839
-5783 -293
2459 -3017
-7431 -191
-8495 513
-511 3866
-9368 -3381
1699 5478
1960 -5071
4188 5695
-9103 -3194
2010 -1135
-3056 348
1163 -5408
-1895 2893
5261 4317
-5452 -3105
4351 3153
1155 -2604
7824 1673
7841 476
3839 1528
2755 2672
3048 -1512
4320 -6943
-2901 913
-6761 117
2659 -2938
4863 2411
11143 -4677
-2739 6397
1603 2262
-2033 1471
3318 -6678
3197 3197
4918 -2282
-12480 5398
-6121 -3985
-289 -1367
34 -5870
-1471 -5214
1821 2320
7604 -1824
-7550 1990
-8359 984
-3847 3903
1871 4956
5979 -5313
1595 4379
1636 4273
-3266 1676
-1829 767
-9532 4988
2450 -10354
-2736 -1190
-1223 -3336
-770 1807
-4786 2723
328 4903
-810 -71
-316 -3904
-941 1301
3030 1371
8654 -4613
2830 -3009
6202 1499
2809 2644
-1329 -5284
1518 1323
-5766 505
5267 -2149
259 -2211
-5997 -3892
-4177 -1863
5216 2077
-4925 2122
1543 -8021
725 8515
5754 2198
-995 4603
-3954 1877
3312 6664
-1152 -4119
4143 2285
-4405 -7940
-2485 -1444
3834 -3994
4611 -6
-399 -1793
371 -532
-6387 -1829
-4251 3963
4720 1164
-227 582
-823 -7081
649 -1113
3406 4032
-2251 612
1863 4764
-5717 8993
3898 -3840
